# Probe 0 (0.0015 0.0015 0)
# Probe 1 (0.0015 0.0015 0.002)
# Probe 2 (0.0015 0.0015 0.004)
# Probe 3 (0.0015 0.0015 0.006)
# Probe 4 (0.0015 0.0015 0.008)
# Probe 5 (0.0015 0.0015 0.01)
# Probe 6 (0.0015 0.0015 0.012)
# Probe 7 (0.0015 0.0015 0.014)
# Probe 8 (0.0015 0.0015 0.016)
# Probe 9 (0.0015 0.0015 0.018)
# Probe 10 (0.0015 0.0015 0.02)
# Time        0             1             2             3             4             5             6             7             8             9             10           
50            0.000824698   0.000385736   0.000241834   0.000551062   0.000439229   0.0025917     0.000424672   0.000465775   0.000547246   0.000304772   0.000602652  
100           0.000824698   0.000385736   0.000241834   0.000551062   0.000439229   0.0025917     0.000424672   0.000465775   0.000547246   0.000304772   0.000602652  
150           0.000824698   0.000385736   0.000241834   0.000551062   0.000439229   0.0025917     0.000424672   0.000465775   0.000547246   0.000304772   0.000602652  
200           0.000824698   0.000385736   0.000241834   0.000551062   0.000439229   0.0025917     0.000424672   0.000465775   0.000547246   0.000304772   0.000602652  
250           0.000824698   0.000385736   0.000241834   0.000551062   0.000439229   0.0025917     0.000424672   0.000465775   0.000547246   0.000304772   0.000602652  
300           0.000824698   0.000385736   0.000241834   0.000551062   0.000439229   0.0025917     0.000424672   0.000465775   0.000547246   0.000304772   0.000602652  
350           0.000824698   0.000385736   0.000241834   0.000551062   0.000439229   0.0025917     0.000424672   0.000465775   0.000547246   0.000304772   0.000602652  
400           0.000824698   0.000385736   0.000241834   0.000551062   0.000439229   0.0025917     0.000424672   0.000465775   0.000547246   0.000304772   0.000602652  
450           0.000824698   0.000385736   0.000241834   0.000551062   0.000439229   0.0025917     0.000424672   0.000465775   0.000547246   0.000304772   0.000602652  
500           0.000824698   0.000385736   0.000241834   0.000551062   0.000439229   0.0025917     0.000424672   0.000465775   0.000547246   0.000304772   0.000602652  
550           0.000824698   0.000385736   0.000241834   0.000551062   0.000439229   0.0025917     0.000424672   0.000465775   0.000547246   0.000304772   0.000602652  
600           0.000824698   0.000385736   0.000241834   0.000551062   0.000439229   0.0025917     0.000424672   0.000465775   0.000547246   0.000304772   0.000602652  
650           0.000824698   0.000385736   0.000241834   0.000551062   0.000439229   0.0025917     0.000424672   0.000465775   0.000547246   0.000304772   0.000602652  
700           0.000824698   0.000385736   0.000241834   0.000551062   0.000439229   0.0025917     0.000424672   0.000465775   0.000547246   0.000304772   0.000602652  
750           0.000824698   0.000385736   0.000241834   0.000551062   0.000439229   0.0025917     0.000424672   0.000465775   0.000547246   0.000304772   0.000602652  
800           0.000824698   0.000385736   0.000241834   0.000551062   0.000439229   0.0025917     0.000424672   0.000465775   0.000547246   0.000304772   0.000602652  
850           0.000824698   0.000385736   0.000241834   0.000551062   0.000439229   0.0025917     0.000424672   0.000465775   0.000547246   0.000304772   0.000602652  
900           0.000824698   0.000385736   0.000241834   0.000551062   0.000439229   0.0025917     0.000424672   0.000465775   0.000547246   0.000304772   0.000602652  
950           0.000824698   0.000385736   0.000241834   0.000551062   0.000439229   0.0025917     0.000424672   0.000465775   0.000547246   0.000304772   0.000602652  
1000          0.000824698   0.000385736   0.000241834   0.000551062   0.000439229   0.0025917     0.000424672   0.000465775   0.000547246   0.000304772   0.000602652  
1050          0.000824698   0.000385736   0.000241834   0.000551062   0.000439229   0.0025917     0.000424672   0.000465775   0.000547246   0.000304772   0.000602652  
1100          0.000824698   0.000385736   0.000241834   0.000551062   0.000439229   0.0025917     0.000424672   0.000465775   0.000547246   0.000304772   0.000602652  
1150          0.000824698   0.000385736   0.000241834   0.000551062   0.000439229   0.0025917     0.000424672   0.000465775   0.000547246   0.000304772   0.000602652  
1200          0.000824698   0.000385736   0.000241834   0.000551062   0.000439229   0.0025917     0.000424672   0.000465775   0.000547246   0.000304772   0.000602652  
1250          0.000824698   0.000385736   0.000241834   0.000551062   0.000439229   0.0025917     0.000424672   0.000465775   0.000547246   0.000304772   0.000602652  
1300          0.000824698   0.000385736   0.000241834   0.000551062   0.000439229   0.0025917     0.000424672   0.000465775   0.000547246   0.000304772   0.000602652  
1350          0.000824698   0.000385736   0.000241834   0.000551062   0.000439229   0.0025917     0.000424672   0.000465775   0.000547246   0.000304772   0.000602652  
1400          0.000824698   0.000385736   0.000241834   0.000551062   0.000439229   0.0025917     0.000424672   0.000465775   0.000547246   0.000304772   0.000602652  
1450          0.000824698   0.000385736   0.000241834   0.000551062   0.000439229   0.0025917     0.000424672   0.000465775   0.000547246   0.000304772   0.000602652  
1500          0.000824698   0.000385736   0.000241834   0.000551062   0.000439229   0.0025917     0.000424672   0.000465775   0.000547246   0.000304772   0.000602652  
1550          0.000824698   0.000385736   0.000241834   0.000551062   0.000439229   0.0025917     0.000424672   0.000465775   0.000547246   0.000304772   0.000602652  
1600          0.000824698   0.000385736   0.000241834   0.000551062   0.000439229   0.0025917     0.000424672   0.000465775   0.000547246   0.000304772   0.000602652  
1650          0.000824698   0.000385736   0.000241834   0.000551062   0.000439229   0.0025917     0.000424672   0.000465775   0.000547246   0.000304772   0.000602652  
1700          0.000824698   0.000385736   0.000241834   0.000551062   0.000439229   0.0025917     0.000424672   0.000465775   0.000547246   0.000304772   0.000602652  
1750          0.000824698   0.000385736   0.000241834   0.000551062   0.000439229   0.0025917     0.000424672   0.000465775   0.000547246   0.000304772   0.000602652  
1800          0.000824698   0.000385736   0.000241834   0.000551062   0.000439229   0.0025917     0.000424672   0.000465775   0.000547246   0.000304772   0.000602652  
1850          0.000824698   0.000385736   0.000241834   0.000551062   0.000439229   0.0025917     0.000424672   0.000465775   0.000547246   0.000304772   0.000602652  
1900          0.000824698   0.000385736   0.000241834   0.000551062   0.000439229   0.0025917     0.000424672   0.000465775   0.000547246   0.000304772   0.000602652  
1950          0.000824698   0.000385736   0.000241834   0.000551062   0.000439229   0.0025917     0.000424672   0.000465775   0.000547246   0.000304772   0.000602652  
2000          0.000824698   0.000385736   0.000241834   0.000551062   0.000439229   0.0025917     0.000424672   0.000465775   0.000547246   0.000304772   0.000602652  
2050          0.000824698   0.000385736   0.000241834   0.000551062   0.000439229   0.0025917     0.000424672   0.000465775   0.000547246   0.000304772   0.000602652  
2100          0.000824698   0.000385736   0.000241834   0.000551062   0.000439229   0.0025917     0.000424672   0.000465775   0.000547246   0.000304772   0.000602652  
2150          0.000824698   0.000385736   0.000241834   0.000551062   0.000439229   0.0025917     0.000424672   0.000465775   0.000547246   0.000304772   0.000602652  
2200          0.000824698   0.000385736   0.000241834   0.000551062   0.000439229   0.0025917     0.000424672   0.000465775   0.000547246   0.000304772   0.000602652  
2250          0.000824698   0.000385736   0.000241834   0.000551062   0.000439229   0.0025917     0.000424672   0.000465775   0.000547246   0.000304772   0.000602652  
2300          0.000824698   0.000385736   0.000241834   0.000551062   0.000439229   0.0025917     0.000424672   0.000465775   0.000547246   0.000304772   0.000602652  
2350          0.000824698   0.000385736   0.000241834   0.000551062   0.000439229   0.0025917     0.000424672   0.000465775   0.000547246   0.000304772   0.000602652  
2400          0.000824698   0.000385736   0.000241834   0.000551062   0.000439229   0.0025917     0.000424672   0.000465775   0.000547246   0.000304772   0.000602652  
2450          0.000824698   0.000385736   0.000241834   0.000551062   0.000439229   0.0025917     0.000424672   0.000465775   0.000547246   0.000304772   0.000602652  
2500          0.000824698   0.000385736   0.000241834   0.000551062   0.000439229   0.0025917     0.000424672   0.000465775   0.000547246   0.000304772   0.000602652  
2550          0.000824698   0.000385736   0.000241834   0.000551062   0.000439229   0.0025917     0.000424672   0.000465775   0.000547246   0.000304772   0.000602652  
2600          0.000824698   0.000385736   0.000241834   0.000551062   0.000439229   0.0025917     0.000424672   0.000465775   0.000547246   0.000304772   0.000602652  
2650          0.000824698   0.000385736   0.000241834   0.000551062   0.000439229   0.0025917     0.000424672   0.000465775   0.000547246   0.000304772   0.000602652  
2700          0.000824698   0.000385736   0.000241834   0.000551062   0.000439229   0.0025917     0.000424672   0.000465775   0.000547246   0.000304772   0.000602652  
2750          0.000824698   0.000385736   0.000241834   0.000551062   0.000439229   0.0025917     0.000424672   0.000465775   0.000547246   0.000304772   0.000602652  
2800          0.000824698   0.000385736   0.000241834   0.000551062   0.000439229   0.0025917     0.000424672   0.000465775   0.000547246   0.000304772   0.000602652  
2850          0.000824698   0.000385736   0.000241834   0.000551062   0.000439229   0.0025917     0.000424672   0.000465775   0.000547246   0.000304772   0.000602652  
2900          0.000824698   0.000385736   0.000241834   0.000551062   0.000439229   0.0025917     0.000424672   0.000465775   0.000547246   0.000304772   0.000602652  
2950          0.000824698   0.000385736   0.000241834   0.000551062   0.000439229   0.0025917     0.000424672   0.000465775   0.000547246   0.000304772   0.000602652  
3000          0.000824698   0.000385736   0.000241834   0.000551062   0.000439229   0.0025917     0.000424672   0.000465775   0.000547246   0.000304772   0.000602652  
3050          0.000824698   0.000385736   0.000241834   0.000551062   0.000439229   0.0025917     0.000424672   0.000465775   0.000547246   0.000304772   0.000602652  
3100          0.000824698   0.000385736   0.000241834   0.000551062   0.000439229   0.0025917     0.000424672   0.000465775   0.000547246   0.000304772   0.000602652  
3150          0.000824698   0.000385736   0.000241834   0.000551062   0.000439229   0.0025917     0.000424672   0.000465775   0.000547246   0.000304772   0.000602652  
3200          0.000824698   0.000385736   0.000241834   0.000551062   0.000439229   0.0025917     0.000424672   0.000465775   0.000547246   0.000304772   0.000602652  
3250          0.000824698   0.000385736   0.000241834   0.000551062   0.000439229   0.0025917     0.000424672   0.000465775   0.000547246   0.000304772   0.000602652  
3300          0.000824698   0.000385736   0.000241834   0.000551062   0.000439229   0.0025917     0.000424672   0.000465775   0.000547246   0.000304772   0.000602652  
3350          0.000824698   0.000385736   0.000241834   0.000551062   0.000439229   0.0025917     0.000424672   0.000465775   0.000547246   0.000304772   0.000602652  
3400          0.000824698   0.000385736   0.000241834   0.000551062   0.000439229   0.0025917     0.000424672   0.000465775   0.000547246   0.000304772   0.000602652  
3450          0.000824698   0.000385736   0.000241834   0.000551062   0.000439229   0.0025917     0.000424672   0.000465775   0.000547246   0.000304772   0.000602652  
3500          0.000824698   0.000385736   0.000241834   0.000551062   0.000439229   0.0025917     0.000424672   0.000465775   0.000547246   0.000304772   0.000602652  
3550          0.000824698   0.000385736   0.000241834   0.000551062   0.000439229   0.0025917     0.000424672   0.000465775   0.000547246   0.000304772   0.000602652  
3600          0.000824698   0.000385736   0.000241834   0.000551062   0.000439229   0.0025917     0.000424672   0.000465775   0.000547246   0.000304772   0.000602652  
3650          0.000824698   0.000385736   0.000241834   0.000551062   0.000439229   0.0025917     0.000424672   0.000465775   0.000547246   0.000304772   0.000602652  
3700          0.000824698   0.000385736   0.000241834   0.000551062   0.000439229   0.0025917     0.000424672   0.000465775   0.000547246   0.000304772   0.000602652  
3750          0.000824698   0.000385736   0.000241834   0.000551062   0.000439229   0.0025917     0.000424672   0.000465775   0.000547246   0.000304772   0.000602652  
3800          0.000824698   0.000385736   0.000241834   0.000551062   0.000439229   0.0025917     0.000424672   0.000465775   0.000547246   0.000304772   0.000602652  
3850          0.000824698   0.000385736   0.000241834   0.000551062   0.000439229   0.0025917     0.000424672   0.000465775   0.000547246   0.000304772   0.000602652  
3900          0.000824698   0.000385736   0.000241834   0.000551062   0.000439229   0.0025917     0.000424672   0.000465775   0.000547246   0.000304772   0.000602652  
3950          0.000824698   0.000385736   0.000241834   0.000551062   0.000439229   0.0025917     0.000424672   0.000465775   0.000547246   0.000304772   0.000602652  
4000          0.000824698   0.000385736   0.000241834   0.000551062   0.000439229   0.0025917     0.000424672   0.000465775   0.000547246   0.000304772   0.000602652  
4050          0.000824698   0.000385736   0.000241834   0.000551062   0.000439229   0.0025917     0.000424672   0.000465775   0.000547246   0.000304772   0.000602652  
4100          0.000824698   0.000385736   0.000241834   0.000551062   0.000439229   0.0025917     0.000424672   0.000465775   0.000547246   0.000304772   0.000602652  
4150          0.000824698   0.000385736   0.000241834   0.000551062   0.000439229   0.0025917     0.000424672   0.000465775   0.000547246   0.000304772   0.000602652  
4200          0.000824698   0.000385736   0.000241834   0.000551062   0.000439229   0.0025917     0.000424672   0.000465775   0.000547246   0.000304772   0.000602652  
4250          0.000824698   0.000385736   0.000241834   0.000551062   0.000439229   0.0025917     0.000424672   0.000465775   0.000547246   0.000304772   0.000602652  
4300          0.000824698   0.000385736   0.000241834   0.000551062   0.000439229   0.0025917     0.000424672   0.000465775   0.000547246   0.000304772   0.000602652  
4350          0.000824698   0.000385736   0.000241834   0.000551062   0.000439229   0.0025917     0.000424672   0.000465775   0.000547246   0.000304772   0.000602652  
4400          0.000824698   0.000385736   0.000241834   0.000551062   0.000439229   0.0025917     0.000424672   0.000465775   0.000547246   0.000304772   0.000602652  
4450          0.000824698   0.000385736   0.000241834   0.000551062   0.000439229   0.0025917     0.000424672   0.000465775   0.000547246   0.000304772   0.000602652  
4500          0.000824698   0.000385736   0.000241834   0.000551062   0.000439229   0.0025917     0.000424672   0.000465775   0.000547246   0.000304772   0.000602652  
4550          0.000824698   0.000385736   0.000241834   0.000551062   0.000439229   0.0025917     0.000424672   0.000465775   0.000547246   0.000304772   0.000602652  
4600          0.000824698   0.000385736   0.000241834   0.000551062   0.000439229   0.0025917     0.000424672   0.000465775   0.000547246   0.000304772   0.000602652  
4650          0.000824698   0.000385736   0.000241834   0.000551062   0.000439229   0.0025917     0.000424672   0.000465775   0.000547246   0.000304772   0.000602652  
4700          0.000824698   0.000385736   0.000241834   0.000551062   0.000439229   0.0025917     0.000424672   0.000465775   0.000547246   0.000304772   0.000602652  
4750          0.000824698   0.000385736   0.000241834   0.000551062   0.000439229   0.0025917     0.000424672   0.000465775   0.000547246   0.000304772   0.000602652  
4800          0.000824698   0.000385736   0.000241834   0.000551062   0.000439229   0.0025917     0.000424672   0.000465775   0.000547246   0.000304772   0.000602652  
4850          0.000824698   0.000385736   0.000241834   0.000551062   0.000439229   0.0025917     0.000424672   0.000465775   0.000547246   0.000304772   0.000602652  
4900          0.000824698   0.000385736   0.000241834   0.000551062   0.000439229   0.0025917     0.000424672   0.000465775   0.000547246   0.000304772   0.000602652  
4950          0.000824698   0.000385736   0.000241834   0.000551062   0.000439229   0.0025917     0.000424672   0.000465775   0.000547246   0.000304772   0.000602652  
5000          0.000824698   0.000385736   0.000241834   0.000551062   0.000439229   0.0025917     0.000424672   0.000465775   0.000547246   0.000304772   0.000602652  
