# Probe 0 (0.0015 0.0015 0)
# Probe 1 (0.0015 0.0015 0.002)
# Probe 2 (0.0015 0.0015 0.004)
# Probe 3 (0.0015 0.0015 0.006)
# Probe 4 (0.0015 0.0015 0.008)
# Probe 5 (0.0015 0.0015 0.01)
# Probe 6 (0.0015 0.0015 0.012)
# Probe 7 (0.0015 0.0015 0.014)
# Probe 8 (0.0015 0.0015 0.016)
# Probe 9 (0.0015 0.0015 0.018)
# Probe 10 (0.0015 0.0015 0.02)
# Time        0             1             2             3             4             5             6             7             8             9             10           
50            (1.83016e+06 105300 -5.00368e+07) (-3.28195e+06 860867 -3.53675e+07) (-274209 613868 -1.1803e+07) (3273.1 560552 -4.74853e+06) (-100714 -57980.6 -1.23328e+06) (-26849.5 771.31 -357409) (-15134.1 -1310.93 -59284) (991.469 5326.2 91131.9) (12060.2 -3219.48 372498) (-126828 -140981 1.34462e+06) (-146394 42420.6 4.4446e+06)
100           (2.211e+06 90596.1 -3.81321e+07) (-2.66852e+06 1.0182e+06 -3.96926e+07) (-432643 888311 -1.94229e+07) (5932.63 972833 -8.66253e+06) (-190438 -112194 -2.37032e+06) (-51997 394.254 -712171) (-31508.2 -3307.92 -160842) (639.592 10127 77668.9) (13073.5 -3266.11 414265) (-132227 -141050 1.43673e+06) (-132977 47570.2 4.26513e+06)
150           (1.93188e+06 90275.4 -3.12525e+07) (-1.98116e+06 1.08234e+06 -3.6019e+07) (-528378 865100 -2.52835e+07) (-12102.9 1.42124e+06 -1.37693e+07) (-322033 -195824 -4.09904e+06) (-91169.4 -846.773 -1.27569e+06) (-58110.5 -6690.22 -333056) (-109.44 18215.7 41412) (13924.5 -3244.68 454917) (-137729 -140913 1.53507e+06) (-118851 53170.6 4.06139e+06)
200           (1.70594e+06 83537.2 -2.70699e+07) (-1.68089e+06 1.0242e+06 -3.20618e+07) (-449531 661004 -2.69192e+07) (-110206 1.74234e+06 -1.87181e+07) (-486697 -309685 -6.43203e+06) (-146785 -4019.52 -2.10101e+06) (-98064.6 -12004.6 -601291) (-1405.72 30769.3 -27693.1) (14407.3 -3120.03 489283) (-142383 -139995 1.62733e+06) (-106226 57758.7 3.84472e+06)
250           (1.53976e+06 76488.8 -2.41998e+07) (-1.48839e+06 944210 -2.90019e+07) (-355141 530434 -2.61711e+07) (-229145 1.8858e+06 -2.19214e+07) (-653374 -441408 -9.17972e+06) (-219347 -11100.6 -3.23212e+06) (-154993 -20024.4 -998450) (-3451.49 49310.9 -142776) (14291.7 -2858.62 511649) (-145542 -138030 1.70388e+06) (-95988 60318.2 3.62581e+06)
300           (1.41267e+06 70629.4 -2.20705e+07) (-1.34882e+06 874813 -2.66321e+07) (-304125 457280 -2.48521e+07) (-265313 1.91143e+06 -2.30191e+07) (-781264 -562740 -1.18749e+07) (-304417 -25485.2 -4.67182e+06) (-232139 -31764.8 -1.56282e+06) (-6454.76 75750.4 -320387) (13293.9 -2431.42 515306) (-146819 -135011 1.75763e+06) (-87914.4 60752.9 3.41226e+06)
350           (1.312e+06 65852.6 -2.04141e+07) (-1.24234e+06 817246 -2.47466e+07) (-274847 409574 -2.35398e+07) (-260728 1.87634e+06 -2.28735e+07) (-853660 -643117 -1.39745e+07) (-389994 -52048 -6.34149e+06) (-331189 -48455.2 -2.33618e+06) (-10661 112158 -580023) (11101.3 -1812.08 492511) (-146018 -131139 1.78336e+06) (-81394.2 59516.4 3.20744e+06)
400           (1.22981e+06 61878.1 -1.90788e+07) (-1.15764e+06 769128 -2.32036e+07) (-254221 375221 -2.2349e+07) (-253160 1.81662e+06 -2.22777e+07) (-883027 -674831 -1.52237e+07) (-456875 -96978.4 -8.05066e+06) (-449968 -71103.7 -3.3504e+06) (-16233 160609 -943282) (7347.46 -975.913 433668) (-143022 -126736 1.77638e+06) (-75845.6 57130.9 3.0108e+06)
450           (1.16102e+06 58518.1 -1.79718e+07) (-1.08812e+06 728187 -2.19101e+07) (-238055 348606 -2.12889e+07) (-246350 1.75125e+06 -2.15654e+07) (-886654 -676626 -1.57589e+07) (-487248 -164380 -9.54837e+06) (-580381 -99585.9 -4.60673e+06) (-23256.4 222392 -1.43061e+06) (1640.62 66.5355 327692) (-137695 -122152 1.73196e+06) (-70812.3 53957.9 2.81874e+06)
500           (1.10225e+06 55627.6 -1.7033e+07) (-1.02959e+06 692806 -2.08042e+07) (-224741 327090 -2.03454e+07) (-239506 1.68727e+06 -2.08418e+07) (-875733 -667159 -1.58561e+07) (-478076 -245567 -1.0647e+07) (-708570 -131594 -6.0452e+06) (-31621.6 297250 -2.05668e+06) (-6410.31 1265.68 161703) (-129822 -117709 1.64441e+06) (-65950.9 50150 2.62531e+06)
550           (1.05119e+06 53101.7 -1.62221e+07) (-979328 661793 -1.98426e+07) (-213450 309157 -1.9501e+07) (-232615 1.62681e+06 -2.01414e+07) (-857844 -654007 -1.57248e+07) (-444996 -319269 -1.13151e+07) (-819109 -162851 -7.53104e+06) (-41003.8 382145 -2.82224e+06) (-17130.7 2503.17 -78254.2) (-119061 -113635 1.50662e+06) (-60975.8 45688.9 2.42276e+06)
600           (1.00617e+06 50866 -1.55107e+07) (-935432 634270 -1.89944e+07) (-203671 293853 -1.874e+07) (-225848 1.57032e+06 -1.94765e+07) (-837312 -639337 -1.5481e+07) (-407785 -371230 -1.16446e+07) (-901883 -188669 -8.89026e+06) (-50958.5 470412 -3.7045e+06) (-30686 3573.15 -405578) (-104929 -110015 1.30988e+06) (-55617.8 40435.4 2.2017e+06)
650           (966010 48853 -1.48783e+07) (-896539 609562 -1.82372e+07) (-195052 280536 -1.80492e+07) (-219362 1.51768e+06 -1.88503e+07) (-816056 -623978 -1.51822e+07) (-376362 -402275 -1.1755e+07) (-955604 -205719 -9.98372e+06) (-61129.9 552393 -4.65107e+06) (-46978.2 4197.41 -830219) (-86820.6 -106720 1.04422e+06) (-49596.5 34174.3 1.95129e+06)
700           (929783 47044.3 -1.43099e+07) (-861711 587201 -1.75542e+07) (-187372 268786 -1.74172e+07) (-213088 1.46864e+06 -1.82615e+07) (-794902 -608497 -1.48569e+07) (-351939 -418932 -1.17341e+07) (-985306 -213706 -1.07607e+07) (-71341.9 618631 -5.58568e+06) (-65561.5 4123.31 -1.35409e+06) (-64083.2 -103387 699557) (-42622.5 26659.2 1.65969e+06)
750           (896802 45384.7 -1.37941e+07) (-830194 566789 -1.69325e+07) (-180373 258420 -1.68349e+07) (-207108 1.42283e+06 -1.77065e+07) (-774120 -593181 -1.45196e+07) (-332793 -426671 -1.16341e+07) (-997901 -215143 -1.1251e+07) (-81171.9 663897 -6.42769e+06) (-85676.6 3297.22 -1.96647e+06) (-36168.7 -99328.1 267743) (-34418.3 17635.4 1.31471e+06)
800           (866511 43867.3 -1.33216e+07) (-801389 547958 -1.63611e+07) (-174063 248921 -1.62946e+07) (-201340 1.37967e+06 -1.71821e+07) (-753818 -578031 -1.41776e+07) (-317044 -429166 -1.14838e+07) (-998759 -213381 -1.15218e+07) (-89348.3 689102 -7.12021e+06) (-106366 1944.67 -2.63969e+06) (-2732.16 -93483.7 -254218) (-24654.8 6977.31 905149)
850           (838452 42458.8 -1.28849e+07) (-774827 530462 -1.58317e+07) (-168255 240248 -1.57895e+07) (-195796 1.33888e+06 -1.66841e+07) (-734035 -563180 -1.38354e+07) (-303610 -428184 -1.13009e+07) (-992426 -210491 -1.16409e+07) (-94904 699422 -7.64739e+06) (-126680 697.384 -3.33238e+06) (36029.1 -84602 -860532) (-13140.5 -5353.31 423155)
900           (812263 41141.9 -1.24782e+07) (-750138 514092 -1.53376e+07) (-162862 232254 -1.53143e+07) (-190464 1.30017e+06 -1.62097e+07) (-714810 -548684 -1.34967e+07) (-291739 -425000 -1.10984e+07) (-981803 -207347 -1.1663e+07) (-97895 700608 -8.02913e+06) (-145847 249.253 -3.99936e+06) (79355.4 -71500.5 -1.53489e+06) (217.786 -19198.7 -133706)
950           (787673 39904 -1.2097e+07) (-727031 498692 -1.48736e+07) (-157819 224821 -1.48654e+07) (-185346 1.26336e+06 -1.57573e+07) (-696226 -534630 -1.31652e+07) (-280957 -420547 -1.0887e+07) (-968877 -204201 -1.16282e+07) (-99269.2 697011 -8.3017e+06) (-163342 963.455 -4.60566e+06) (125956 -53516 -2.25175e+06) (15349.2 -34223 -760729)
1000          (764497 38736.5 -1.17381e+07) (-705296 484158 -1.44362e+07) (-153080 217857 -1.44407e+07) (-180456 1.22839e+06 -1.53269e+07) (-678398 -521126 -1.2845e+07) (-270996 -415516 -1.06757e+07) (-955051 -201139 -1.15638e+07) (-99978.6 691351 -8.50049e+06) (-178896 2681.37 -5.13495e+06) (174219 -30850.9 -2.98106e+06) (31998.4 -49964.2 -1.44561e+06)
1050          (742624 37634.4 -1.13996e+07) (-684799 470434 -1.40234e+07) (-148614 211301 -1.40392e+07) (-175818 1.19528e+06 -1.49191e+07) (-661451 -508284 -1.25398e+07) (-261719 -410398 -1.04711e+07) (-941300 -198231 -1.14876e+07) (-100536 685159 -8.65249e+06) (-192493 4923.57 -5.58832e+06) (222489 -4584.84 -3.69447e+06) (49740 -65915.5 -2.16957e+06)
1100          (722004 36595.6 -1.10803e+07) (-665469 457498 -1.36342e+07) (-144404 205117 -1.36609e+07) (-171454 1.1641e+06 -1.45351e+07) (-645501 -496200 -1.22524e+07) (-253067 -405514 -1.02782e+07) (-928256 -195543 -1.1411e+07) (-101106 679233 -8.776e+06) (-204314 7231.98 -5.97674e+06) (269315 23673.2 -4.37042e+06) (68031.2 -81606.4 -2.90993e+06)
1150          (702626 35619.6 -1.078e+07) (-647278 445349 -1.32685e+07) (-140446 199287 -1.33062e+07) (-167386 1.13491e+06 -1.4176e+07) (-630634 -484946 -1.19851e+07) (-245018 -401058 -1.01e+07) (-916299 -193123 -1.13405e+07) (-101710 673960 -8.88273e+06) (-214643 9346.78 -6.31364e+06) (313602 52273.7 -4.996e+06) (86290.8 -96655.9 -3.64348e+06)
1200          (684502 34707.3 -1.04988e+07) (-630228 433998 -1.29264e+07) (-136737 193807 -1.29755e+07) (-163626 1.10777e+06 -1.38426e+07) (-616909 -474570 -1.17393e+07) (-237565 -397131 -9.93819e+06) (-905628 -190996 -1.12798e+07) (-102341 669511 -8.9798e+06) (-223766 11186.5 -6.61054e+06) (354654 79890.9 -5.56587e+06) (103983 -110792 -4.34964e+06)
1250          (667647 33859.4 -1.02369e+07) (-614331 423457 -1.26083e+07) (-133282 188680 -1.26693e+07) (-160181 1.08274e+06 -1.35357e+07) (-604355 -465093 -1.15155e+07) (-230707 -393772 -9.79349e+06) (-896314 -189168 -1.12304e+07) (-102990 665931 -9.07122e+06) (-231915 12761 -6.87575e+06) (392125 105655 -6.07975e+06) (120680 -123844 -5.01263e+06)
1300          (652128 33083.2 -9.9949e+06) (-599566 413756 -1.23146e+07) (-130133 183786 -1.23878e+07) (-157075 1.05969e+06 -1.3255e+07) (-592909 -456430 -1.13129e+07) (-224388 -391071 -9.66543e+06) (-888196 -187690 -1.11926e+07) (-103549 663199 -9.15891e+06) (-239293 14064.3 -7.11428e+06) (426039 129128 -6.54038e+06) (136150 -135675 -5.62239e+06)
1350          (637861 32366 -9.77269e+06) (-586056 404858 -1.20454e+07) (-127188 179402 -1.21307e+07) (-154242 1.03885e+06 -1.30003e+07) (-582646 -448712 -1.11318e+07) (-218677 -388780 -9.55346e+06) (-881473 -186410 -1.11654e+07) (-104223 661208 -9.2433e+06) (-245916 15224.2 -7.33022e+06) (456266 150130 -6.95068e+06) (150126 -146374 -6.17378e+06)
1400          (624847 31712.6 -9.5695e+06) (-573681 396758 -1.17999e+07) (-124499 175375 -1.18977e+07) (-151714 1.02007e+06 -1.27713e+07) (-573502 -441852 -1.09715e+07) (-213547 -386949 -9.45672e+06) (-875896 -185363 -1.11474e+07) (-104892 659872 -9.32425e+06) (-251900 16223.4 -7.52531e+06) (483097 168690 -7.3146e+06) (162623 -155907 -6.66586e+06)
1450          (613063 31121.4 -9.38515e+06) (-562438 389437 -1.15775e+07) (-122057 171703 -1.16879e+07) (-149470 1.00324e+06 -1.25665e+07) (-565398 -435784 -1.08302e+07) (-208959 -385522 -9.37371e+06) (-871325 -184523 -1.11371e+07) (-105544 659074 -9.40122e+06) (-257290 17084.6 -7.70099e+06) (506778 184955 -7.63605e+06) (173680 -164333 -7.10069e+06)
1500          (602466 30590.2 -9.21908e+06) (-552297 382864 -1.13776e+07) (-119856 168380 -1.15002e+07) (-147487 988248 -1.23844e+07) (-558253 -430446 -1.07065e+07) (-204878 -384430 -9.30285e+06) (-867612 -183856 -1.1133e+07) (-106168 658697 -9.47356e+06) (-262125 17827 -7.85846e+06) (527577 199124 -7.91885e+06) (183385 -171736 -7.48211e+06)
1550          (592995 30115.8 -9.07041e+06) (-543209 376999 -1.11989e+07) (-117884 165393 -1.13332e+07) (-145745 974968 -1.22235e+07) (-551986 -425771 -1.05985e+07) (-201269 -383609 -9.24259e+06) (-864612 -183331 -1.11333e+07) (-106756 658631 -9.54075e+06) (-266439 18466.5 -7.99886e+06) (545771 211414 -8.16672e+06) (191855 -178206 -7.81486e+06)
1600          (584579 29694.5 -8.93811e+06) (-535113 371795 -1.10402e+07) (-116128 162724 -1.11854e+07) (-144220 963262 -1.20819e+07) (-546510 -421694 -1.05047e+07) (-198092 -383000 -9.19146e+06) (-862198 -182920 -1.11368e+07) (-107302 658785 -9.60243e+06) (-270269 19017 -8.12339e+06) (561633 222042 -8.38324e+06) (199215 -183840 -8.10398e+06)
1650          (577126 29301.9 -8.82102e+06) (-527933 367218 -1.08998e+07) (-114538 160418 -1.10553e+07) (-142886 953049 -1.19579e+07) (-541719 -418109 -1.04233e+07) (-195327 -382479 -9.14824e+06) (-860376 -182570 -1.11423e+07) (-107878 659011 -9.65847e+06) (-273623 19504.4 -8.23338e+06) (575391 231200 -8.57186e+06) (205541 -188769 -8.35444e+06)
1700          (570585 28978.5 -8.71789e+06) (-521615 363172 -1.07764e+07) (-113172 158321 -1.09412e+07) (-141737 944053 -1.18495e+07) (-537578 -415036 -1.0353e+07) (-192891 -382166 -9.11151e+06) (-858801 -182315 -1.1149e+07) (-108322 659415 -9.70888e+06) (-276605 19910.1 -8.32994e+06) (587346 239098 -8.73568e+06) (211066 -192997 -8.57093e+06)
1750          (564849 28693.7 -8.62737e+06) (-516063 359635 -1.06681e+07) (-111973 156472 -1.08414e+07) (-140734 936219 -1.17553e+07) (-533996 -412384 -1.02924e+07) (-190775 -381947 -9.08042e+06) (-857529 -182125 -1.11562e+07) (-108721 659849 -9.75389e+06) (-279212 20258.1 -8.41445e+06) (597698 245896 -8.87765e+06) (215825 -196651 -8.75771e+06)
1800          (559839 28445.2 -8.54824e+06) (-511207 356548 -1.05736e+07) (-110925 154852 -1.07545e+07) (-139867 929411 -1.16734e+07) (-530902 -410095 -1.02402e+07) (-188939 -381795 -9.05409e+06) (-856500 -181978 -1.11635e+07) (-109076 660295 -9.79379e+06) (-281487 20556.9 -8.48815e+06) (606640 251738 -9.00046e+06) (219925 -199804 -8.91864e+06)
1850          (555506 28240.7 -8.47936e+06) (-506973 353847 -1.04914e+07) (-110030 153378 -1.06787e+07) (-139163 923431 -1.16026e+07) (-528232 -408134 -1.01952e+07) (-187338 -381779 -9.03154e+06) (-855588 -181887 -1.11708e+07) (-109356 660715 -9.8288e+06) (-283499 20799 -8.5521e+06) (614395 256785 -9.10663e+06) (223494 -202487 -9.05713e+06)
1900          (551717 28051.5 -8.41949e+06) (-503296 351519 -1.042e+07) (-109234 152157 -1.06134e+07) (-138512 918332 -1.15413e+07) (-525929 -406431 -1.01565e+07) (-185962 -381698 -9.01256e+06) (-854915 -181794 -1.11775e+07) (-109637 661137 -9.85967e+06) (-285212 21020.9 -8.60769e+06) (621037 261089 -9.1981e+06) (226522 -204831 -9.17623e+06)
1950          (548433 27887.5 -8.36755e+06) (-500105 349503 -1.03581e+07) (-108544 151096 -1.05568e+07) (-137950 913931 -1.14884e+07) (-523948 -404968 -1.01234e+07) (-184778 -381644 -8.99649e+06) (-854365 -181719 -1.11837e+07) (-109884 661524 -9.88664e+06) (-286694 21211.5 -8.65582e+06) (626752 264782 -9.27686e+06) (229123 -206846 -9.27856e+06)
2000          (545592 27745.8 -8.3226e+06) (-497342 347760 -1.03045e+07) (-107946 150176 -1.0508e+07) (-137468 910135 -1.14428e+07) (-522246 -403712 -1.00949e+07) (-183759 -381609 -8.98284e+06) (-853914 -181660 -1.11893e+07) (-110099 661878 -9.91013e+06) (-287975 21374.8 -8.6974e+06) (631665 267947 -9.34462e+06) (231356 -208577 -9.36641e+06)
2050          (543140 27623.4 -8.28377e+06) (-494954 346256 -1.02583e+07) (-107430 149381 -1.04659e+07) (-137053 906866 -1.14036e+07) (-520784 -402633 -1.00706e+07) (-182882 -381587 -8.97124e+06) (-853543 -181613 -1.11943e+07) (-110286 662198 -9.93053e+06) (-289081 21514.8 -8.73326e+06) (635886 270661 -9.40287e+06) (233272 -210063 -9.4418e+06)
2100          (541004 27520.7 -8.25029e+06) (-492910 344990 -1.02184e+07) (-106963 148741 -1.04295e+07) (-136607 904159 -1.13699e+07) (-519560 -401729 -1.00496e+07) (-182130 -381462 -8.96112e+06) (-853305 -181590 -1.11988e+07) (-110484 662546 -9.94813e+06) (-289990 21656 -8.7641e+06) (639487 272935 -9.45299e+06) (234875 -211366 -9.50643e+06)
2150          (539187 27429.5 -8.22146e+06) (-491135 343871 -1.01841e+07) (-106583 148144 -1.03983e+07) (-136313 901726 -1.13409e+07) (-518478 -400932 -1.00317e+07) (-181481 -381470 -8.95272e+06) (-853038 -181557 -1.12028e+07) (-110619 662790 -9.9634e+06) (-290815 21755.9 -8.79069e+06) (642601 274935 -9.49594e+06) (236290 -212456 -9.56188e+06)
2200          (537624 27351 -8.19665e+06) (-489606 342907 -1.01546e+07) (-106255 147629 -1.03715e+07) (-136062 899637 -1.1316e+07) (-517551 -400249 -1.00163e+07) (-180925 -381481 -8.94557e+06) (-852816 -181530 -1.12063e+07) (-110736 663005 -9.97659e+06) (-291525 21841.3 -8.81355e+06) (645271 276648 -9.53278e+06) (237502 -213391 -9.60941e+06)
2250          (536280 27283.6 -8.17531e+06) (-488292 342080 -1.01292e+07) (-105973 147186 -1.03485e+07) (-135846 897844 -1.12946e+07) (-516756 -399663 -1.00032e+07) (-180448 -381492 -8.93948e+06) (-852629 -181509 -1.12094e+07) (-110838 663194 -9.98796e+06) (-292135 21914.4 -8.83319e+06) (647560 278115 -9.56437e+06) (238540 -214192 -9.65012e+06)
2300          (535126 27225.7 -8.15698e+06) (-487162 341369 -1.01074e+07) (-105731 146806 -1.03287e+07) (-135661 896305 -1.12763e+07) (-516075 -399162 -9.99194e+06) (-180039 -381504 -8.93429e+06) (-852473 -181491 -1.12121e+07) (-110925 663358 -9.99774e+06) (-292659 21977 -8.85004e+06) (649521 279371 -9.59144e+06) (239430 -214879 -9.685e+06)
2350          (534135 27176 -8.14125e+06) (-486193 340759 -1.00887e+07) (-105524 146479 -1.03118e+07) (-135503 894986 -1.12606e+07) (-515491 -398733 -9.98231e+06) (-179688 -381515 -8.92987e+06) (-852341 -181476 -1.12144e+07) (-111000 663501 -1.00062e+07) (-293108 22030.5 -8.86451e+06) (651202 280446 -9.61464e+06) (240192 -215467 -9.71486e+06)
2400          (533286 27133.3 -8.12775e+06) (-485361 340236 -1.00726e+07) (-105346 146199 -1.02973e+07) (-135368 893855 -1.12471e+07) (-514992 -398365 -9.97406e+06) (-179388 -381526 -8.92609e+06) (-852230 -181463 -1.12164e+07) (-111064 663626 -1.00134e+07) (-293494 22076.4 -8.87691e+06) (652641 281366 -9.63452e+06) (240844 -215971 -9.74043e+06)
2450          (532559 27097 -8.1162e+06) (-484648 339783 -1.00589e+07) (-105197 145947 -1.02848e+07) (-135251 892880 -1.12356e+07) (-514573 -398065 -9.9671e+06) (-179131 -381538 -8.92278e+06) (-852132 -181458 -1.12182e+07) (-111108 663711 -1.00195e+07) (-293834 22110.6 -8.88756e+06) (653878 282156 -9.65149e+06) (241404 -216401 -9.76231e+06)
2500          (531935 27064.4 -8.10631e+06) (-484039 339398 -1.00471e+07) (-105062 145755 -1.02742e+07) (-135143 892065 -1.12256e+07) (-514214 -397803 -9.96111e+06) (-178915 -381532 -8.91999e+06) (-852071 -181449 -1.12197e+07) (-111160 663815 -1.00248e+07) (-294111 22148.5 -8.89665e+06) (654925 282821 -9.66604e+06) (241877 -216774 -9.78102e+06)
2550          (531402 27043 -8.09788e+06) (-483522 339074 -1.0037e+07) (-104951 145577 -1.02652e+07) (-135052 891354 -1.12172e+07) (-513901 -397575 -9.95597e+06) (-178719 -381545 -8.91759e+06) (-851994 -181452 -1.1221e+07) (-111197 663905 -1.00293e+07) (-294352 22176.2 -8.90439e+06) (655831 283394 -9.67847e+06) (242286 -217090 -9.79699e+06)
2600          (530956 27022.2 -8.0907e+06) (-483087 338799 -1.00286e+07) (-104872 145402 -1.02574e+07) (-134981 890717 -1.12101e+07) (-513655 -397372 -9.95157e+06) (-178567 -381577 -8.91554e+06) (-851908 -181441 -1.12222e+07) (-111223 663967 -1.00332e+07) (-294588 22175.9 -8.911e+06) (656610 283895 -9.68901e+06) (242654 -217326 -9.81064e+06)
2650          (530570 26997.8 -8.08467e+06) (-482709 338571 -1.00214e+07) (-104772 145310 -1.02508e+07) (-134921 890261 -1.12042e+07) (-513397 -397190 -9.94767e+06) (-178434 -381545 -8.91405e+06) (-851876 -181425 -1.12228e+07) (-111284 664039 -1.00365e+07) (-294718 22228.4 -8.91645e+06) (657232 284293 -9.69801e+06) (242922 -217582 -9.82206e+06)
2700          (530249 26981.9 -8.07949e+06) (-482389 338366 -1.00152e+07) (-104708 145195 -1.02452e+07) (-134873 889811 -1.11989e+07) (-513207 -397052 -9.94456e+06) (-178306 -381548 -8.91235e+06) (-851846 -181411 -1.12238e+07) (-111281 664066 -1.00391e+07) (-294876 22241.2 -8.92128e+06) (657797 284653 -9.70566e+06) (243174 -217774 -9.83198e+06)
2750          (529968 26967.2 -8.07502e+06) (-482094 338222 -1.00099e+07) (-104647 145099 -1.02404e+07) (-134810 889437 -1.11944e+07) (-513008 -396879 -9.94162e+06) (-178127 -381542 -8.91118e+06) (-851774 -181410 -1.12245e+07) (-111362 664081 -1.00416e+07) (-294962 22263.3 -8.92538e+06) (658259 284984 -9.71234e+06) (243378 -217941 -9.84045e+06)
2800          (529727 26950.5 -8.07129e+06) (-481880 338040 -1.00055e+07) (-104592 145036 -1.02364e+07) (-134808 889119 -1.11907e+07) (-512898 -396824 -9.93955e+06) (-178135 -381561 -8.91019e+06) (-851796 -181408 -1.1225e+07) (-111336 664136 -1.00436e+07) (-295112 22270.5 -8.92886e+06) (658663 285218 -9.71774e+06) (243575 -218088 -9.84756e+06)
2850          (529543 26939.3 -8.06802e+06) (-481640 337952 -1.00016e+07) (-104554 144924 -1.02329e+07) (-134749 888834 -1.11873e+07) (-512772 -396718 -9.93742e+06) (-177993 -381636 -8.90924e+06) (-851676 -181423 -1.12256e+07) (-111370 664039 -1.00453e+07) (-295187 22269.2 -8.93186e+06) (659043 285518 -9.72262e+06) (243721 -218187 -9.85382e+06)
2900          (529355 26933.2 -8.06522e+06) (-481495 337815 -9.99827e+06) (-104522 144884 -1.02298e+07) (-134758 888576 -1.11846e+07) (-512648 -396628 -9.9357e+06) (-177960 -381593 -8.90849e+06) (-851697 -181400 -1.12259e+07) (-111370 664161 -1.00469e+07) (-295278 22286.2 -8.93441e+06) (659323 285660 -9.72675e+06) (243872 -218303 -9.85911e+06)
2950          (529195 26926.3 -8.06284e+06) (-481343 337733 -9.99545e+06) (-104456 144867 -1.02274e+07) (-134700 888436 -1.11822e+07) (-512564 -396576 -9.93424e+06) (-177895 -381565 -8.9078e+06) (-851735 -181399 -1.12263e+07) (-111425 664182 -1.00481e+07) (-295302 22313.7 -8.93664e+06) (659558 285810 -9.73026e+06) (243969 -218419 -9.86362e+06)
3000          (529084 26923.9 -8.06088e+06) (-481248 337657 -9.99311e+06) (-104487 144813 -1.0225e+07) (-134705 888217 -1.11803e+07) (-512523 -396515 -9.93309e+06) (-177899 -381601 -8.9072e+06) (-851621 -181385 -1.12265e+07) (-111405 664259 -1.00492e+07) (-295443 22293.1 -8.93831e+06) (659783 285955 -9.73317e+06) (244097 -218421 -9.86735e+06)
3050          (528961 26937.6 -8.05917e+06) (-481139 337569 -9.99102e+06) (-104406 144782 -1.02233e+07) (-134649 888116 -1.11786e+07) (-512428 -396499 -9.93198e+06) (-177843 -381581 -8.90667e+06) (-851672 -181398 -1.12268e+07) (-111430 664336 -1.005e+07) (-295417 22335.6 -8.93997e+06) (659973 286021 -9.7357e+06) (244180 -218549 -9.8706e+06)
3100          (528898 26913.3 -8.05767e+06) (-481021 337492 -9.98929e+06) (-104440 144698 -1.02217e+07) (-134739 887876 -1.1177e+07) (-512357 -396420 -9.93105e+06) (-177787 -381691 -8.90647e+06) (-851576 -181402 -1.12271e+07) (-111367 664234 -1.00509e+07) (-295532 22299.5 -8.94138e+06) (660144 286211 -9.73785e+06) (244282 -218559 -9.87353e+06)
3150          (528810 26906.4 -8.05649e+06) (-480954 337490 -9.98789e+06) (-104394 144704 -1.02204e+07) (-134663 887842 -1.11759e+07) (-512325 -396375 -9.93032e+06) (-177719 -381593 -8.90596e+06) (-851627 -181399 -1.12274e+07) (-111476 664192 -1.00514e+07) (-295514 22315.1 -8.94249e+06) (660237 286281 -9.73964e+06) (244293 -218625 -9.87572e+06)
3200          (528743 26904.5 -8.05554e+06) (-480902 337442 -9.98674e+06) (-104384 144695 -1.02194e+07) (-134633 887795 -1.1175e+07) (-512307 -396371 -9.92974e+06) (-177752 -381593 -8.90571e+06) (-851628 -181404 -1.12274e+07) (-111428 664271 -1.0052e+07) (-295559 22320 -8.94332e+06) (660352 286314 -9.74106e+06) (244347 -218664 -9.87755e+06)
3250          (528686 26903 -8.05464e+06) (-480848 337411 -9.98568e+06) (-104364 144699 -1.02184e+07) (-134627 887730 -1.1174e+07) (-512274 -396356 -9.92919e+06) (-177739 -381580 -8.90545e+06) (-851639 -181381 -1.12275e+07) (-111444 664300 -1.00525e+07) (-295575 22334.9 -8.94414e+06) (660443 286366 -9.74241e+06) (244389 -218701 -9.8793e+06)
3300          (528635 26899.6 -8.05379e+06) (-480788 337385 -9.98466e+06) (-104353 144670 -1.02175e+07) (-134616 887649 -1.11732e+07) (-512238 -396319 -9.92863e+06) (-177692 -381596 -8.9052e+06) (-851612 -181387 -1.12277e+07) (-111470 664281 -1.00529e+07) (-295597 22334.1 -8.94496e+06) (660533 286445 -9.74368e+06) (244434 -218726 -9.88095e+06)
3350          (528584 26900.5 -8.05314e+06) (-480771 337354 -9.9839e+06) (-104333 144703 -1.02168e+07) (-134597 887645 -1.11726e+07) (-512222 -396322 -9.92828e+06) (-177702 -381517 -8.90498e+06) (-851682 -181380 -1.12276e+07) (-111474 664374 -1.00533e+07) (-295595 22359.1 -8.94552e+06) (660566 286439 -9.7446e+06) (244452 -218777 -9.88213e+06)
3400          (528558 26897.1 -8.05255e+06) (-480723 337344 -9.98319e+06) (-104346 144680 -1.02161e+07) (-134618 887546 -1.1172e+07) (-512187 -396278 -9.92788e+06) (-177681 -381559 -8.90482e+06) (-851627 -181358 -1.12278e+07) (-111489 664359 -1.00536e+07) (-295635 22352.3 -8.94606e+06) (660645 286507 -9.74548e+06) (244491 -218764 -9.88325e+06)
3450          (528514 26905 -8.05212e+06) (-480706 337284 -9.98266e+06) (-104326 144624 -1.02157e+07) (-134568 887542 -1.11715e+07) (-512183 -396313 -9.92766e+06) (-177666 -381569 -8.90466e+06) (-851613 -181416 -1.12277e+07) (-111411 664401 -1.00539e+07) (-295615 22362.3 -8.9464e+06) (660717 286500 -9.74619e+06) (244519 -218826 -9.88408e+06)
3500          (528531 26889.1 -8.05181e+06) (-480640 337322 -9.98235e+06) (-104354 144573 -1.02153e+07) (-134621 887428 -1.11711e+07) (-512173 -396266 -9.92746e+06) (-177643 -381681 -8.90466e+06) (-851518 -181405 -1.1228e+07) (-111417 664167 -1.0054e+07) (-295687 22300 -8.94674e+06) (660788 286650 -9.7466e+06) (244520 -218775 -9.8847e+06)
3550          (528499 26895.5 -8.05147e+06) (-480644 337283 -9.98191e+06) (-104331 144606 -1.0215e+07) (-134611 887429 -1.11708e+07) (-512152 -396262 -9.92721e+06) (-177653 -381618 -8.90452e+06) (-851574 -181368 -1.1228e+07) (-111450 664307 -1.00542e+07) (-295675 22337.6 -8.94706e+06) (660794 286606 -9.74715e+06) (244564 -218804 -9.88544e+06)
3600          (528475 26892.8 -8.05132e+06) (-480643 337276 -9.98171e+06) (-104314 144614 -1.02148e+07) (-134580 887458 -1.11706e+07) (-512148 -396255 -9.92708e+06) (-177633 -381602 -8.90447e+06) (-851591 -181398 -1.12279e+07) (-111470 664271 -1.00542e+07) (-295652 22350.5 -8.94722e+06) (660796 286637 -9.7474e+06) (244549 -218840 -9.88582e+06)
3650          (528466 26894.7 -8.05104e+06) (-480626 337274 -9.98137e+06) (-104316 144612 -1.02145e+07) (-134564 887441 -1.11704e+07) (-512158 -396254 -9.9269e+06) (-177643 -381605 -8.90433e+06) (-851561 -181383 -1.12279e+07) (-111462 664311 -1.00544e+07) (-295657 22351.5 -8.94742e+06) (660824 286660 -9.74784e+06) (244561 -218830 -9.88639e+06)
3700          (528461 26887.5 -8.05097e+06) (-480606 337271 -9.98132e+06) (-104337 144571 -1.02144e+07) (-134638 887344 -1.11703e+07) (-512091 -396220 -9.92684e+06) (-177600 -381597 -8.90436e+06) (-851554 -181369 -1.1228e+07) (-111464 664218 -1.00544e+07) (-295675 22336.7 -8.94756e+06) (660861 286666 -9.74793e+06) (244563 -218839 -9.88649e+06)
3750          (528455 26887.8 -8.05088e+06) (-480603 337267 -9.98121e+06) (-104336 144572 -1.02143e+07) (-134636 887338 -1.11702e+07) (-512090 -396216 -9.92679e+06) (-177599 -381595 -8.90432e+06) (-851555 -181368 -1.1228e+07) (-111464 664227 -1.00544e+07) (-295680 22336.6 -8.94763e+06) (660869 286673 -9.74807e+06) (244570 -218841 -9.88668e+06)
3800          (528452 26890.8 -8.05082e+06) (-480603 337259 -9.98113e+06) (-104308 144599 -1.02143e+07) (-134577 887406 -1.11701e+07) (-512140 -396254 -9.92678e+06) (-177644 -381628 -8.90431e+06) (-851574 -181393 -1.1228e+07) (-111447 664285 -1.00545e+07) (-295683 22340.2 -8.94768e+06) (660870 286670 -9.74817e+06) (244583 -218846 -9.88682e+06)
3850          (528449 26890.4 -8.05078e+06) (-480600 337258 -9.98108e+06) (-104309 144597 -1.02142e+07) (-134578 887400 -1.11701e+07) (-512136 -396252 -9.92675e+06) (-177642 -381625 -8.90429e+06) (-851574 -181392 -1.1228e+07) (-111449 664283 -1.00545e+07) (-295684 22340.6 -8.94771e+06) (660875 286673 -9.74823e+06) (244584 -218848 -9.88691e+06)
3900          (528446 26890.1 -8.05073e+06) (-480598 337257 -9.98103e+06) (-104311 144595 -1.02142e+07) (-134581 887393 -1.117e+07) (-512131 -396248 -9.92672e+06) (-177640 -381620 -8.90428e+06) (-851573 -181389 -1.1228e+07) (-111450 664281 -1.00545e+07) (-295685 22341.4 -8.94775e+06) (660880 286675 -9.7483e+06) (244586 -218850 -9.88701e+06)
3950          (528446 26890.1 -8.05073e+06) (-480598 337257 -9.98103e+06) (-104311 144595 -1.02142e+07) (-134581 887393 -1.117e+07) (-512131 -396248 -9.92672e+06) (-177640 -381620 -8.90428e+06) (-851573 -181389 -1.1228e+07) (-111450 664281 -1.00545e+07) (-295685 22341.4 -8.94775e+06) (660880 286675 -9.7483e+06) (244586 -218850 -9.88701e+06)
4000          (528446 26890.1 -8.05073e+06) (-480598 337257 -9.98103e+06) (-104311 144595 -1.02142e+07) (-134581 887393 -1.117e+07) (-512131 -396248 -9.92672e+06) (-177640 -381620 -8.90428e+06) (-851573 -181389 -1.1228e+07) (-111450 664281 -1.00545e+07) (-295685 22341.4 -8.94775e+06) (660880 286675 -9.7483e+06) (244586 -218850 -9.88701e+06)
4050          (528446 26890.1 -8.05073e+06) (-480598 337257 -9.98103e+06) (-104311 144595 -1.02142e+07) (-134581 887393 -1.117e+07) (-512131 -396248 -9.92672e+06) (-177640 -381620 -8.90428e+06) (-851573 -181389 -1.1228e+07) (-111450 664281 -1.00545e+07) (-295685 22341.4 -8.94775e+06) (660880 286675 -9.7483e+06) (244586 -218850 -9.88701e+06)
4100          (528446 26890.1 -8.05073e+06) (-480598 337257 -9.98103e+06) (-104311 144595 -1.02142e+07) (-134581 887393 -1.117e+07) (-512131 -396248 -9.92672e+06) (-177640 -381620 -8.90428e+06) (-851573 -181389 -1.1228e+07) (-111450 664281 -1.00545e+07) (-295685 22341.4 -8.94775e+06) (660880 286675 -9.7483e+06) (244586 -218850 -9.88701e+06)
4150          (528446 26890.1 -8.05073e+06) (-480598 337257 -9.98103e+06) (-104311 144595 -1.02142e+07) (-134581 887393 -1.117e+07) (-512131 -396248 -9.92672e+06) (-177640 -381620 -8.90428e+06) (-851573 -181389 -1.1228e+07) (-111450 664281 -1.00545e+07) (-295685 22341.4 -8.94775e+06) (660880 286675 -9.7483e+06) (244586 -218850 -9.88701e+06)
4200          (528446 26890.1 -8.05073e+06) (-480598 337257 -9.98103e+06) (-104311 144595 -1.02142e+07) (-134581 887393 -1.117e+07) (-512131 -396248 -9.92672e+06) (-177640 -381620 -8.90428e+06) (-851573 -181389 -1.1228e+07) (-111450 664281 -1.00545e+07) (-295685 22341.4 -8.94775e+06) (660880 286675 -9.7483e+06) (244586 -218850 -9.88701e+06)
4250          (528446 26890.1 -8.05073e+06) (-480598 337257 -9.98103e+06) (-104311 144595 -1.02142e+07) (-134581 887393 -1.117e+07) (-512131 -396248 -9.92672e+06) (-177640 -381620 -8.90428e+06) (-851573 -181389 -1.1228e+07) (-111450 664281 -1.00545e+07) (-295685 22341.4 -8.94775e+06) (660880 286675 -9.7483e+06) (244586 -218850 -9.88701e+06)
4300          (528446 26890.1 -8.05073e+06) (-480598 337257 -9.98103e+06) (-104311 144595 -1.02142e+07) (-134581 887393 -1.117e+07) (-512131 -396248 -9.92672e+06) (-177640 -381620 -8.90428e+06) (-851573 -181389 -1.1228e+07) (-111450 664281 -1.00545e+07) (-295685 22341.4 -8.94775e+06) (660880 286675 -9.7483e+06) (244586 -218850 -9.88701e+06)
4350          (528446 26890.1 -8.05073e+06) (-480598 337257 -9.98103e+06) (-104311 144595 -1.02142e+07) (-134581 887393 -1.117e+07) (-512131 -396248 -9.92672e+06) (-177640 -381620 -8.90428e+06) (-851573 -181389 -1.1228e+07) (-111450 664281 -1.00545e+07) (-295685 22341.4 -8.94775e+06) (660880 286675 -9.7483e+06) (244586 -218850 -9.88701e+06)
4400          (528446 26890.1 -8.05073e+06) (-480598 337257 -9.98103e+06) (-104311 144595 -1.02142e+07) (-134581 887393 -1.117e+07) (-512131 -396248 -9.92672e+06) (-177640 -381620 -8.90428e+06) (-851573 -181389 -1.1228e+07) (-111450 664281 -1.00545e+07) (-295685 22341.4 -8.94775e+06) (660880 286675 -9.7483e+06) (244586 -218850 -9.88701e+06)
4450          (528446 26890.1 -8.05073e+06) (-480598 337257 -9.98103e+06) (-104311 144595 -1.02142e+07) (-134581 887393 -1.117e+07) (-512131 -396248 -9.92672e+06) (-177640 -381620 -8.90428e+06) (-851573 -181389 -1.1228e+07) (-111450 664281 -1.00545e+07) (-295685 22341.4 -8.94775e+06) (660880 286675 -9.7483e+06) (244586 -218850 -9.88701e+06)
4500          (528446 26890.1 -8.05073e+06) (-480598 337257 -9.98103e+06) (-104311 144595 -1.02142e+07) (-134581 887393 -1.117e+07) (-512131 -396248 -9.92672e+06) (-177640 -381620 -8.90428e+06) (-851573 -181389 -1.1228e+07) (-111450 664281 -1.00545e+07) (-295685 22341.4 -8.94775e+06) (660880 286675 -9.7483e+06) (244586 -218850 -9.88701e+06)
4550          (528446 26890.1 -8.05073e+06) (-480598 337257 -9.98103e+06) (-104311 144595 -1.02142e+07) (-134581 887393 -1.117e+07) (-512131 -396248 -9.92672e+06) (-177640 -381620 -8.90428e+06) (-851573 -181389 -1.1228e+07) (-111450 664281 -1.00545e+07) (-295685 22341.4 -8.94775e+06) (660880 286675 -9.7483e+06) (244586 -218850 -9.88701e+06)
4600          (528446 26890.1 -8.05073e+06) (-480598 337257 -9.98103e+06) (-104311 144595 -1.02142e+07) (-134581 887393 -1.117e+07) (-512131 -396248 -9.92672e+06) (-177640 -381620 -8.90428e+06) (-851573 -181389 -1.1228e+07) (-111450 664281 -1.00545e+07) (-295685 22341.4 -8.94775e+06) (660880 286675 -9.7483e+06) (244586 -218850 -9.88701e+06)
4650          (528446 26890.1 -8.05073e+06) (-480598 337257 -9.98103e+06) (-104311 144595 -1.02142e+07) (-134581 887393 -1.117e+07) (-512131 -396248 -9.92672e+06) (-177640 -381620 -8.90428e+06) (-851573 -181389 -1.1228e+07) (-111450 664281 -1.00545e+07) (-295685 22341.4 -8.94775e+06) (660880 286675 -9.7483e+06) (244586 -218850 -9.88701e+06)
4700          (528446 26890.1 -8.05073e+06) (-480598 337257 -9.98103e+06) (-104311 144595 -1.02142e+07) (-134581 887393 -1.117e+07) (-512131 -396248 -9.92672e+06) (-177640 -381620 -8.90428e+06) (-851573 -181389 -1.1228e+07) (-111450 664281 -1.00545e+07) (-295685 22341.4 -8.94775e+06) (660880 286675 -9.7483e+06) (244586 -218850 -9.88701e+06)
4750          (528446 26890.1 -8.05073e+06) (-480598 337257 -9.98103e+06) (-104311 144595 -1.02142e+07) (-134581 887393 -1.117e+07) (-512131 -396248 -9.92672e+06) (-177640 -381620 -8.90428e+06) (-851573 -181389 -1.1228e+07) (-111450 664281 -1.00545e+07) (-295685 22341.4 -8.94775e+06) (660880 286675 -9.7483e+06) (244586 -218850 -9.88701e+06)
4800          (528446 26890.1 -8.05073e+06) (-480598 337257 -9.98103e+06) (-104311 144595 -1.02142e+07) (-134581 887393 -1.117e+07) (-512131 -396248 -9.92672e+06) (-177640 -381620 -8.90428e+06) (-851573 -181389 -1.1228e+07) (-111450 664281 -1.00545e+07) (-295685 22341.4 -8.94775e+06) (660880 286675 -9.7483e+06) (244586 -218850 -9.88701e+06)
4850          (528446 26890.1 -8.05073e+06) (-480598 337257 -9.98103e+06) (-104311 144595 -1.02142e+07) (-134581 887393 -1.117e+07) (-512131 -396248 -9.92672e+06) (-177640 -381620 -8.90428e+06) (-851573 -181389 -1.1228e+07) (-111450 664281 -1.00545e+07) (-295685 22341.4 -8.94775e+06) (660880 286675 -9.7483e+06) (244586 -218850 -9.88701e+06)
4900          (528446 26890.1 -8.05073e+06) (-480598 337257 -9.98103e+06) (-104311 144595 -1.02142e+07) (-134581 887393 -1.117e+07) (-512131 -396248 -9.92672e+06) (-177640 -381620 -8.90428e+06) (-851573 -181389 -1.1228e+07) (-111450 664281 -1.00545e+07) (-295685 22341.4 -8.94775e+06) (660880 286675 -9.7483e+06) (244586 -218850 -9.88701e+06)
4950          (528446 26890.1 -8.05073e+06) (-480598 337257 -9.98103e+06) (-104311 144595 -1.02142e+07) (-134581 887393 -1.117e+07) (-512131 -396248 -9.92672e+06) (-177640 -381620 -8.90428e+06) (-851573 -181389 -1.1228e+07) (-111450 664281 -1.00545e+07) (-295685 22341.4 -8.94775e+06) (660880 286675 -9.7483e+06) (244586 -218850 -9.88701e+06)
5000          (528446 26890.1 -8.05073e+06) (-480598 337257 -9.98103e+06) (-104311 144595 -1.02142e+07) (-134581 887393 -1.117e+07) (-512131 -396248 -9.92672e+06) (-177640 -381620 -8.90428e+06) (-851573 -181389 -1.1228e+07) (-111450 664281 -1.00545e+07) (-295685 22341.4 -8.94775e+06) (660880 286675 -9.7483e+06) (244586 -218850 -9.88701e+06)
