0 	-61787.7 	-187177 	-8.07295e+06 	-2.2206e+09 	5.44285e+08 	6590.05
0.00020202 	522367 	25711.4 	-8.05561e+06 	3.45741e+07 	2.69436e+07 	3.12743e+08
0.00040404 	-72221 	-80807.3 	-8.52746e+06 	3.3537e+09 	1.39738e+09 	3.03354e+10
0.000606061 	-15047.8 	346814 	-8.23408e+06 	1.95932e+07 	-2.93882e+07 	8.94736e+08
0.000808081 	-18909.6 	81516.5 	-8.60388e+06 	6.20464e+08 	-9.30621e+08 	2.83331e+10
0.0010101 	-184174 	147620 	-8.5265e+06 	-5.27256e+07 	-8.58764e+07 	4.23835e+08
0.00121212 	65850.7 	50120.2 	-8.76994e+06 	-9.80697e+08 	-1.5973e+09 	7.88322e+09
0.00141414 	138352 	-153410 	-1.00146e+07 	-78.8323 	80.7804 	7.77894e+08
0.00161616 	2827.77 	126268 	-9.24467e+06 	130.689 	-134.732 	1.01126e+10
0.00181818 	-435247 	323734 	-9.95967e+06 	-3.49204e+07 	-9.29587e+07 	6.86131e+08
0.0020202 	-26372.2 	181643 	-9.59713e+06 	-3.45336e+08 	-9.19256e+08 	6.78494e+09
0.00222222 	-378521 	104174 	-8.52717e+06 	-4.26819e+07 	-1.13616e+08 	1.65189e+09
0.00242424 	7274.93 	-75039.4 	-1.06085e+07 	-3.37576e+08 	-8.98599e+08 	1.30649e+10
0.00262626 	162564 	-384497 	-1.07934e+07 	7.34145e+07 	-9.50775e+07 	1.95224e+09
0.00282828 	-39962.9 	-148131 	-1.03083e+07 	4.80018e+08 	-8.22929e+08 	1.27646e+10
0.0030303 	-116538 	-271980 	-1.03819e+07 	8.47092e+07 	-1.31731e+09 	7.0038e+08
0.00323232 	83819 	-51817.6 	-8.72767e+06 	4.68724e+08 	-6.07034e+08 	3.87523e+09
0.00343434 	75431.9 	-295178 	-8.75257e+06 	-21.0864 	197.474 	3.84578e+09
0.00363636 	77194 	102658 	-8.97567e+06 	-111.857 	-71.9596 	4.41768e+10
0.00383838 	-76063.6 	127064 	-9.97451e+06 	1.25684e+07 	6.64862e+07 	1.18312e+11
0.0040404 	26399.5 	1173.25 	-8.63488e+06 	5.22576e+07 	2.76445e+08 	1.41831e+10
0.00424242 	-28618.4 	-183483 	-7.50146e+06 	1.38909e+07 	7.34857e+07 	1.49623e+09
0.00444444 	146367 	-108078 	-7.70725e+06 	5.09348e+07 	2.69448e+08 	1.8026e+10
0.00464646 	470933 	-117494 	-6.61395e+06 	-264.224 	1609.97 	4.4958e+10
0.00484848 	-46452.1 	-47948.3 	-8.1915e+06 	-138.883 	352.203 	5.34367e+09
0.00505051 	-61244.1 	130538 	-8.8538e+06 	-581.728 	-157.644 	7124.12
0.00525253 	-264223 	114167 	-9.48736e+06 	77.1553 	-149.024 	8005.39
0.00545455 	-521886 	284371 	-1.02374e+07 	398.743 	-270.678 	6806.85
0.00565657 	-167852 	303638 	-1.09213e+07 	114.238 	-210.375 	7274.98
0.00585859 	-119259 	631074 	-1.1071e+07 	1.99361e+08 	-3.9275e+08 	6539.73
0.00606061 	165069 	150794 	-1.09717e+07 	4.74341e+08 	-9.34474e+08 	7170.5
0.00626263 	509479 	330200 	-1.08795e+07 	2.13109e+08 	-4.19837e+08 	6206.62
0.00646465 	-61663.1 	51046.4 	-1.0358e+07 	4.60592e+08 	-9.07388e+08 	7127.66
0.00666667 	-174011 	97219.4 	-1.06094e+07 	703.687 	10.0811 	2.36204e+09
0.00686869 	-189674 	210916 	-9.34647e+06 	13.8753 	-172.389 	4.6525e+09
0.00707071 	-301102 	290707 	-9.03761e+06 	1.70193e+08 	1.74155e+08 	2.5052e+09
0.00727273 	63245 	-10121.7 	-8.54988e+06 	3.06348e+08 	1.76475e+09 	4.50934e+09
0.00747475 	197974 	-14021.5 	-8.28934e+06 	1.79918e+08 	2.68352e+09 	2.27896e+09
0.00767677 	-199919 	-171395 	-9.47068e+06 	2.96623e+08 	3.03529e+08 	3.7572e+09
0.00787879 	-326562 	-232343 	-9.71951e+06 	180.519 	98.0954 	2.40215e+09
0.00808081 	-119403 	66871.6 	-9.28953e+06 	42.6508 	-43.1837 	3.63401e+09
0.00828283 	-166104 	52249.8 	-8.87309e+06 	67.0106 	-19.5629 	6875.08
0.00848485 	111113 	-38025.1 	-7.91094e+06 	-135.059 	16.9872 	6569.61
0.00868687 	233285 	-25189.1 	-7.68008e+06 	-243.45 	-18.4474 	6552.67
0.00888889 	338194 	-53347.4 	-8.9288e+06 	-186.977 	2.92409 	7111.13
0.00909091 	457264 	-14288 	-9.57983e+06 	-177.288 	-50.1417 	7675.04
0.00929293 	236337 	-199820 	-1.0213e+07 	145.213 	211.078 	12947.1
0.00949495 	214468 	-224757 	-1.05969e+07 	207.308 	288.934 	13268
0.00969697 	-8897.98 	-167980 	-9.61954e+06 	94.3227 	42.6461 	6366.33
0.00989899 	-60842.4 	-190063 	-9.44104e+06 	30.2974 	81.5768 	6189.59
0.010101 	74574.4 	-62483.8 	-9.266e+06 	-114.889 	59.2241 	11514.3
0.010303 	46178.2 	-74506.7 	-9.01453e+06 	-117.299 	61.6896 	10615.8
0.0105051 	-12093.3 	-26269.5 	-9.72696e+06 	-67.4365 	162.139 	5398.4
0.0107071 	-60598.4 	-46361.7 	-9.9827e+06 	-30.8821 	163.304 	5605.08
0.0109091 	153094 	290526 	-1.12265e+07 	-127.071 	-205.531 	7348.04
0.0111111 	52992.5 	222782 	-1.1724e+07 	72.5203 	-135.101 	7915.47
0.0113131 	-351238 	129217 	-1.23491e+07 	1413.45 	3.65715 	6212.62
0.0115152 	-256464 	166404 	-1.20999e+07 	1068.2 	31.7999 	6824.23
0.0117172 	-538166 	-71754.8 	-1.12656e+07 	250.032 	192.317 	8165.68
0.0119192 	-276320 	6130.54 	-1.05623e+07 	-81.4149 	62.951 	9.41821e+08
0.0121212 	204981 	-98542.4 	-8.99242e+06 	-344.34 	52.3435 	6.22561e+08
0.0123232 	141817 	-96802.2 	-8.98996e+06 	1.21128e+09 	1.08306e+09 	9.73746e+08
0.0125253 	115552 	74528.5 	-8.42889e+06 	7.34712e+08 	6.56939e+08 	5.90635e+08
0.0127273 	-17802.2 	13911.2 	-8.63551e+06 	1.251e+09 	1.11857e+09 	7.95494e+09
0.0129293 	-287146 	84472.7 	-8.73303e+06 	6.94999e+08 	6.21428e+08 	4.41942e+09
0.0131313 	-235772 	20656.3 	-8.39624e+06 	7.97348e+08 	-643632 	8.20748e+09
0.0133333 	-517953 	-264255 	-8.66986e+06 	4.04808e+08 	3.34809e+09 	4.16688e+09
0.0135354 	-294401 	-95655.8 	-8.72893e+06 	8.21882e+08 	1.62281e+09 	2.27454e+09
0.0137374 	-108428 	467537 	-9.62246e+06 	3.80274e+08 	-307315 	1.0524e+09
0.0139394 	-14819.6 	326068 	-9.50235e+06 	248.384 	-412.131 	5.50218e+09
0.0141414 	151565 	506353 	-8.38416e+06 	93.6491 	-210.469 	2.31252e+09
0.0143434 	143020 	245077 	-8.59576e+06 	-2.89656e+08 	2.66182e+08 	3.25134e+09
0.0145455 	545796 	39190.8 	-8.11739e+06 	-1.10151e+08 	1.01224e+08 	1.23643e+09
0.0147475 	214305 	-54401 	-9.21423e+06 	-2.97815e+08 	2.7368e+08 	3.37629e+09
0.0149495 	225487 	-12968.5 	-1.13684e+07 	-1.01993e+08 	9.37262e+07 	1.15628e+09
0.0151515 	10906.8 	-1684.77 	-1.11863e+07 	-509.289 	84.7425 	3.4688e+09
0.0153535 	-612556 	62859.6 	-1.16573e+07 	388.346 	-10.4038 	1.06377e+09
0.0155556 	-197044 	107925 	-1.05866e+07 	74.7872 	-188.891 	7460.34
0.0157576 	-239772 	41973.8 	-9.21747e+06 	104.456 	-54.5315 	7146.96
0.0159596 	-78532.6 	66591 	-9.41928e+06 	10.7127 	-154.821 	7173.6
0.0161616 	4110.75 	421767 	-8.18921e+06 	-45.4627 	-391.421 	4954.47
0.0163636 	-75486.5 	128075 	-9.56413e+06 	42.5201 	-125.11 	6.6488e+09
0.0165657 	-93005.3 	445730 	-9.82907e+06 	-8.13422 	-290.189 	1.39543e+09
0.0167677 	-48622.7 	88810.7 	-9.72916e+06 	1.22846e+09 	-5.10417e+08 	6.81297e+09
0.0169697 	101896 	-119377 	-1.0524e+07 	8.70496e+09 	-9.22441e+07 	1.23126e+09
0.0171717 	20806.8 	-44488.2 	-9.53567e+06 	2.67188e+09 	-5.22716e+08 	1.20029e+10
0.0173737 	439223 	447444 	-9.60865e+06 	1.92408e+08 	-7.99451e+07 	1.83574e+09
0.0175758 	61894 	24085.3 	-9.58549e+06 	2.9154e+08 	4.39871e+08 	1.22853e+10
0.0177778 	587533 	249908 	-9.72926e+06 	3.6861e+07 	1.62154e+08 	1.55332e+09
0.0179798 	101128 	-45267.1 	-9.14365e+06 	2.98242e+08 	4.6209e+08 	5.57432e+09
0.0181818 	166431 	-382900 	-9.12955e+06 	3.01581e+07 	4.55041e+07 	5.63699e+08
0.0183838 	32280.3 	-61509.7 	-8.22549e+06 	-346.303 	82.5581 	5.69959e+09
0.0185859 	-134462 	40785.5 	-7.49904e+06 	-428.455 	1.14962 	4.38435e+08
0.0187879 	-30238.8 	55548.4 	-8.20709e+06 	-84.9041 	-198.961 	5.96711e+09
0.0189899 	-521115 	-100399 	-7.77051e+06 	1275.24 	-89.2901 	3.20815e+08
0.0191919 	-21260.1 	13323.7 	-8.50303e+06 	-6.08291e+08 	1.21754e+09 	1.28657e+10
0.0193939 	12994.9 	-275846 	-9.69763e+06 	-5.11248e+09 	3.84489e+07 	4.06294e+08
0.019596 	46385.9 	-52950.3 	-7.61384e+06 	1.69424e+09 	1.11019e+09 	1.28664e+10
0.019798 	242590 	-217126 	-9.86361e+06 	1.63092e+10 	1.14455e+07 	1.32647e+08
0.02 	62781.1 	-53077.8 	-6.00956e+06 	7.02665e+09 	-2.03712e+09 	6347.38
