# Probe 0 (0.0015 0.0015 0)
# Probe 1 (0.0015 0.0015 0.002)
# Probe 2 (0.0015 0.0015 0.004)
# Probe 3 (0.0015 0.0015 0.006)
# Probe 4 (0.0015 0.0015 0.008)
# Probe 5 (0.0015 0.0015 0.01)
# Probe 6 (0.0015 0.0015 0.012)
# Probe 7 (0.0015 0.0015 0.014)
# Probe 8 (0.0015 0.0015 0.016)
# Probe 9 (0.0015 0.0015 0.018)
# Probe 10 (0.0015 0.0015 0.02)
# Time        0             1             2             3             4             5             6             7             8             9             10           
50            (-751.804 -1.73454e+10 40035.2) (6310.79 -702.184 45703.2) (616.375 -2445.22 1.13148e+11) (26.4745 -226.803 2579.22) (64.6203 24.1174 2322.29) (12.1189 1.75438 153.718) (5.86107 2.33324 33.6018) (0.0155295 0.81547 -72.3248) (-7.08886 2.00847 -299.145) (63.4375 3.20806e+09 -655.833) (-2.1444e+09 -53.5103 -1973.2)
100           (-768.605 -3.67587e+09 30484.9) (6237.01 -726.414 54179.6) (902.916 -3446.73 2.01665e+11) (46.3112 -392.611 4699.57) (121.796 47.7411 4452.06) (23.4701 3.80134 306.397) (11.9602 5.48374 99.4885) (0.268774 -3.53712 -62.033) (-7.6478 2.03462 -332.622) (68.5128 3.05833e+09 -702.926) (-2.5534e+09 -59.9602 -1886.18)
150           (-662.747 -1.40487e+09 24983.1) (5270.22 -696.294 50881.8) (928.223 -3459.83 2.96522e+11) (72.8678 -571.12 7454.05) (205.242 85.9053 7675.08) (41.1521 7.25812 548.982) (21.8325 10.7644 212.061) (0.687508 -11.6085 -33.9735) (-8.13421 2.02697 -365.586) (73.7803 2.89909e+09 -753.309) (-2.99322e+09 -66.918 -1788.67)
200           (-582.435 -7.77811e+08 21639.1) (4619.91 -637.806 45747) (742.028 -2892.41 3.44119e+11) (109.557 -696.231 10100.1) (308.853 140.983 11981.7) (66.2568 12.7507 904.4) (36.6278 18.9772 388.267) (1.3325 -24.8233 19.7106) (-8.44018 1.96816 -394.051) (78.5771 2.72915e+09 -800.907) (-3.37538e+09 -72.5137 -1687.33)
250           (-524.408 -5.11433e+08 19344.5) (4152.36 -581.318 41528.4) (606.592 -2481.51 3.46777e+11) (139.771 -748.965 11787.9) (411.069 207.898 16952.9) (99.0124 21.0041 1391.85) (57.6775 31.2283 650.21) (2.28879 -45.0132 109.278) (-8.44791 1.84291 -413.673) (82.3853 2.5536e+09 -840.894) (-3.64977e+09 -75.4765 -1587.24)
300           (-480.395 -3.67299e+08 17642.3) (3797.19 -535.474 38206.7) (530.516 -2219.47 3.34304e+11) (145.448 -754.76 12349.2) (483.989 270.21 21652.9) (137.417 32.5103 2013.05) (86.1697 48.9236 1023.85) (3.64655 -74.5035 247.661) (-8.01538 1.64084 -419.396) (84.8282 2.38129e+09 -869.591) (-3.80687e+09 -75.7324 -1491.33)
350           (-445.692 -2.77311e+08 16318.1) (3518.4 -498.436 35544.4) (480.85 -2031.81 3.19182e+11) (140.747 -737.792 12256.9) (518.174 308.302 25110.8) (176.059 47.0527 2734.88) (122.714 73.6638 1538.11) (5.52304 -115.833 450.104) (-6.9885 1.35451 -405.422) (85.6466 2.22312e+09 -884.192) (-3.85695e+09 -73.9106 -1400.45)
400           (-417.46 -2.17687e+08 15250.7) (3292.41 -467.922 33355.8) (444.004 -1887.32 3.04532e+11) (135.361 -712.524 11930.7) (526.285 318.299 27014.5) (206.274 64.1182 3475.71) (166.468 106.607 2216.6) (8.00962 -171.659 733.508) (-5.18938 0.979715 -364.583) (84.6443 2.0906e+09 -882.102) (-3.81608e+09 -70.7048 -1313.89)
450           (-393.886 -1.7606e+08 14365.7) (3104.32 -442.219 31515.5) (414.839 -1770.62 2.9106e+11) (130.329 -685.888 11545.3) (522.124 313.487 27730.8) (220.028 83.8622 4126.76) (214.259 147.231 3064.8) (11.1767 -243.918 1113.9) (-2.42848 0.53463 -288.595) (81.6004 1.99545e+09 -860.686) (-3.69695e+09 -66.5836 -1229.74)
500           (-373.788 -1.45808e+08 13615.3) (2944.34 -420.166 29938.5) (390.858 -1673.37 2.78834e+11) (125.579 -660.227 11155.4) (511.683 305.36 27762.1) (215.941 105.209 4605.78) (260.51 192.047 4049.99) (15.0016 -333.101 1602.88) (1.48066 0.0618857 -167.806) (76.2439 1.94905e+09 -816.809) (-3.50602e+09 -61.7374 -1145.21)
550           (-356.35 -1.23103e+08 12967.1) (2805.8 -400.94 28564.7) (370.6 -1590.39 2.67748e+11) (121.12 -636.163 10778.7) (498.31 297.327 27447.8) (201.061 124.205 4898) (298.924 234.996 5088.95) (19.3325 -436.979 2201.22) (6.68917 -0.355214 8.30718) (68.2196 1.96159e+09 -746.64) (-3.24259e+09 -56.1357 -1056.81)
600           (-340.996 -1.05618e+08 12398.4) (2684.01 -383.948 27351.5) (353.128 -1518.24 2.5766e+11) (116.961 -613.789 10421.6) (484.166 289.581 26967.2) (184.303 137.692 5042.77) (325.588 269.682 6064.74) (23.9034 -549.551 2891.38) (13.2664 -0.584167 249.993) (57.0867 2.04088e+09 -645.561) (-2.89939e+09 -49.5969 -960.377)
650           (-327.31 -9.18225e+07 11892.8) (2575.52 -368.747 26267.2) (337.758 -1454.51 2.48443e+11) (113.097 -593.001 10085.5) (470.208 281.977 26408.4) (170.145 145.754 5091.87) (340.66 291.915 6872.59) (28.4054 -661.172 3632.69) (21.1507 -0.456348 565.148) (42.356 2.18988e+09 -508.358) (-2.46398e+09 -41.8464 -851.157)
700           (-314.977 -8.08097e+07 11438.5) (2477.93 -355.027 25288.3) (324.145 -1397.57 2.3996e+11) (109.483 -573.677 9769.72) (456.786 274.56 25814.8) (159.135 149.905 5083.67) (347.038 301.812 7462.63) (32.4832 -760.784 4365.72) (30.115 0.168474 955.972) (23.5631 2.40531e+09 -329.845) (-1.92045e+09 -32.576 -723.967)
750           (-303.757 -7.11874e+07 11026.2) (2389.26 -342.526 24396.4) (311.84 -1346.18 2.32107e+11) (106.101 -555.663 9472.27) (443.873 267.366 25207.8) (150.5 151.495 5040.93) (348.029 303.035 7845.16) (35.6258 -839.619 5027.31) (39.7951 1.29265 1415.54) (0.438306 2.67207e+09 -105.951) (-1.2534e+09 -21.4662 -573.496)
800           (-293.461 -6.40279e+07 10648.5) (2307.92 -331.025 23576.2) (300.725 -1299.24 2.24791e+11) (102.913 -538.71 9191.24) (431.533 260.316 24598.1) (143.394 151.557 4976.23) (345.75 300.079 8064.11) (37.1288 -894.774 5572.56) (49.7637 2.7342 1924.34) (-27.0318 2.96127e+09 164.589) (-4.51223e+08 -8.36905 -394.857)
850           (-283.928 -5.81571e+07 10299.4) (2232.67 -320.359 22815.7) (290.524 -1256 2.1793e+11) (99.895 -522.706 8924.5) (419.669 253.459 23992.2) (137.331 150.598 4897.3) (341.702 295.66 8168.66) (36.8042 -929.045 5988.51) (59.6344 4.04881 2452.26) (-58.2942 3.23025e+09 478.357) (4.87195e+08 6.76181 -184.635)
900           (-275.036 -5.33053e+07 9974.34) (2162.52 -310.395 22105.5) (281.079 -1215.83 2.11456e+11) (97.0267 -507.531 8670.44) (408.249 246.805 23395.1) (131.971 149.002 4809.8) (336.674 290.917 8199.8) (35.1866 -948.358 6290.32) (69.1152 4.76049 2965.4) (-92.3188 3.43065e+09 826.419) (1.54934e+09 23.7288 58.2234)
950           (-266.691 -4.92154e+07 9669.63) (2096.72 -301.033 21438.3) (272.264 -1178.24 2.05328e+11) (94.2966 -493.112 8428.26) (397.279 240.379 22812.6) (127.102 147.051 4718.41) (331.163 286.19 8187.57) (33.1383 -958.501 6506.19) (77.9865 4.6239 3436.32) (-127.746 3.52249e+09 1195.13) (2.7081e+09 42.118 331.661)
1000          (-258.827 -4.56433e+07 9382.74) (2034.74 -292.206 20809.2) (263.988 -1142.9 1.99522e+11) (91.7013 -479.42 8197.84) (386.792 234.22 22250.8) (122.603 144.956 4626.97) (325.535 281.604 8152.48) (31.2674 -963.621 6663.85) (86.0814 3.75103 3850.91) (-163.177 3.48782e+09 1568.73) (3.925e+09 61.365 630.319)
1050          (-251.407 -4.23753e+07 9112.1) (1976.25 -283.873 20215.4) (256.191 -1109.57 1.94031e+11) (89.2438 -466.458 7979.54) (376.84 228.369 21715.5) (118.413 142.864 4538.47) (320.058 277.257 8107.82) (29.7784 -966.241 6784.52) (93.311 2.47428 4208.2) (-197.442 3.33564e+09 1932.67) (5.15665e+09 80.8563 946.021)
1100          (-244.411 -3.92461e+07 8856.89) (1921.11 -276.017 19655.6) (248.839 -1078.14 1.88858e+11) (86.9299 -454.248 7773.95) (367.473 222.865 21211.7) (114.505 140.874 4455.01) (314.911 273.241 8061.84) (28.64 -967.798 6882.63) (99.686 1.11378 4515.37) (-229.733 3.09535e+09 2276.15) (6.36212e+09 100.027 1268.9)
1150          (-237.835 -3.61461e+07 8616.86) (1869.27 -268.636 19129.6) (241.916 -1048.57 1.8401e+11) (84.7658 -442.817 7581.69) (358.734 217.738 20742.9) (110.869 139.046 4377.92) (310.202 269.618 8019.45) (27.7589 -969.099 6967.4) (105.295 -0.144459 4782.09) (-259.599 2.80401e+09 2593.02) (7.5087e+09 118.421 1588.86)
1200          (-231.682 -3.30163e+07 8392.09) (1820.74 -261.734 18637.7) (235.422 -1020.87 1.79496e+11) (82.7568 -432.19 7403.24) (350.654 213.007 20311.3) (107.503 137.412 4307.94) (305.986 266.424 7983.34) (27.0573 -970.589 7044.46) (110.258 -1.23703 5017.07) (-286.862 2.49508e+09 2881.01) (8.57444e+09 135.713 1896.94)
1250          (-225.959 -2.98381e+07 8182.75) (1775.58 -255.319 18180.5) (229.36 -995.051 1.75322e+11) (80.906 -422.383 7238.88) (343.247 208.682 19917.8) (104.405 135.984 4245.37) (302.279 263.663 7954.71) (26.4853 -972.481 7116.99) (114.684 -2.1651 5226.73) (-311.522 2.19287e+09 3140.33) (9.54766e+09 151.695 2186.24)
1300          (-220.686 -2.6529e+07 7989.28) (1733.79 -249.403 17758.6) (223.769 -970.986 1.71493e+11) (79.2256 -413.34 7088.57) (336.513 204.707 19561.4) (101.551 134.797 4189.99) (299.004 261.402 7933.73) (25.9628 -974.93 7186.5) (118.681 -2.92236 5415.03) (-333.785 1.9124e+09 3372.62) (1.04253e+10 166.19 2452.36)
1350          (-215.838 -2.34405e+07 7811.66) (1695.52 -243.978 17371.9) (218.596 -949.05 1.67999e+11) (77.6872 -405.171 6952.16) (330.427 201.176 19242.3) (98.9722 133.759 4141.59) (296.264 259.437 7919.71) (25.5747 -977.691 7253.35) (122.255 -3.59151 5585.27) (-353.565 1.65935e+09 3579.48) (1.12083e+10 179.317 2693.07)
1400          (-211.413 -2.02926e+07 7649.23) (1660.57 -239.033 17019.4) (213.856 -928.993 1.64838e+11) (76.303 -397.803 6829.46) (324.987 198.035 18959.3) (96.6557 132.897 4099.78) (293.954 257.813 7911.8) (25.2532 -980.778 7317.42) (125.473 -4.16122 5738.87) (-371.143 1.43693e+09 3762.99) (1.19018e+10 191.021 2907.92)
1450          (-207.404 -1.71918e+07 7501.87) (1628.89 -234.558 16700.3) (209.544 -910.786 1.61997e+11) (75.0648 -391.198 6719.75) (320.153 195.253 18709.8) (94.5839 132.189 4063.91) (292.026 256.493 7908.91) (24.9869 -984.075 7378.31) (128.362 -4.64657 5877.02) (-386.691 1.24405e+09 3925.13) (1.25124e+10 201.373 3097.79)
1500          (-203.797 -1.41986e+07 7369.12) (1600.38 -230.535 16413.5) (205.651 -894.376 1.59459e+11) (73.9638 -385.312 6622.22) (315.88 192.801 18490.7) (92.7414 131.613 4033.3) (290.426 255.428 7909.87) (24.7667 -987.46 7435.51) (130.946 -5.06019 6000.7) (-400.385 1.07825e+09 4067.83) (1.30476e+10 210.469 3264.36)
1550          (-200.572 -1.13551e+07 7250.28) (1574.87 -226.942 16157.3) (202.159 -879.679 1.57204e+11) (72.99 -380.097 6535.99) (312.122 190.652 18299.4) (91.1118 131.147 4007.27) (289.104 254.576 7913.59) (24.5849 -990.821 7488.61) (133.244 -5.41274 6110.87) (-412.398 9.36498e+08 4192.96) (1.3515e+10 218.422 3409.68)
1600          (-197.705 -8.69144e+06 7144.52) (1552.18 -223.75 15929.8) (199.045 -866.596 1.55212e+11) (72.1328 -375.498 6460.11) (308.831 188.776 18133) (89.6778 130.772 3985.2) (288.015 253.897 7919.13) (24.4348 -994.07 7537.34) (135.28 -5.7133 6208.51) (-422.901 8.15681e+08 4302.31) (1.39218e+10 225.346 3535.95)
1650          (-195.163 -6.15872e+06 7050.93) (1532.06 -220.935 15728.7) (196.221 -855.068 1.53463e+11) (71.3707 -371.488 6393.64) (305.939 187.125 17988.3) (88.4294 130.433 3966.54) (287.174 253.314 7925.85) (24.3568 -997.099 7581.61) (137.058 -5.97836 6294.68) (-432.03 7.13558e+08 4397.6) (1.42752e+10 231.413 3645.35)
1700          (-192.934 -3.95245e+06 6968.48) (1514.4 -218.452 15551.8) (193.795 -844.86 1.51928e+11) (70.7175 -367.952 6335.56) (303.443 185.705 17863.3) (87.33 130.193 3950.69) (286.428 252.877 7932.96) (24.2483 -999.969 7621.41) (138.637 -6.19602 6370.28) (-439.982 6.25898e+08 4480.39) (1.45811e+10 236.608 3739.9)
1750          (-190.978 -1.91696e+06 6896.13) (1498.92 -216.278 15396.8) (191.662 -835.895 1.50588e+11) (70.1473 -364.871 6285.03) (301.28 184.481 17755.4) (86.3748 130.001 3937.27) (285.81 252.54 7940.14) (24.1579 -1002.58 7656.94) (140.016 -6.38145 6436.42) (-446.883 5.51419e+08 4552.15) (1.48457e+10 241.099 3821.48)
1800          (-189.27 -86688.9 6832.87) (1485.38 -214.38 15261.4) (189.795 -828.057 1.49421e+11) (69.6522 -362.193 6241.16) (299.409 183.424 17662.4) (85.546 129.847 3925.91) (285.299 252.27 7947.12) (24.0825 -1004.95 7688.44) (141.218 -6.53973 6494.07) (-452.855 4.88043e+08 4614.24) (1.50742e+10 244.973 3891.77)
1850          (-187.794 1.51548e+06 6777.81) (1473.65 -212.725 15143.8) (188.196 -821.132 1.48405e+11) (69.2423 -359.839 6203.18) (297.789 182.511 17582.3) (84.8232 129.756 3916.18) (284.833 252.096 7953.89) (23.9961 -1007.06 7716.08) (142.28 -6.66525 6544.09) (-458.045 4.32562e+08 4667.93) (1.52707e+10 248.266 3952.25)
1900          (-186.502 2.95009e+06 6729.95) (1463.42 -211.292 15041.5) (186.779 -815.213 1.47529e+11) (68.8692 -357.833 6170.31) (296.393 181.724 17513.4) (84.2023 129.649 3908) (284.484 251.917 7960) (23.9463 -1008.94 7740.43) (143.183 -6.78196 6587.55) (-462.492 3.86771e+08 4714.2) (1.54404e+10 251.146 4004.27)
1950          (-185.381 4.22535e+06 6688.43) (1454.54 -210.05 14952.9) (185.548 -810.079 1.46771e+11) (68.5469 -356.101 6141.96) (295.193 181.049 17454.2) (83.668 129.562 3901.07) (284.194 251.771 7965.54) (23.9048 -1010.61 7761.72) (143.964 -6.8819 6625.16) (-466.322 3.47748e+08 4754.04) (1.55864e+10 253.623 4048.96)
2000          (-184.411 5.34692e+06 6652.5) (1446.85 -208.976 14876.2) (184.482 -805.635 1.46117e+11) (68.2692 -354.608 6117.52) (294.16 180.468 17403.5) (83.208 129.49 3895.18) (283.951 251.652 7970.54) (23.8699 -1012.07 7780.26) (144.639 -6.96727 6657.65) (-469.618 3.14475e+08 4788.33) (1.57119e+10 255.75 4087.34)
2050          (-183.574 6.32792e+06 6621.46) (1440.22 -208.048 14810.1) (183.561 -801.796 1.45554e+11) (68.0301 -353.321 6096.49) (293.272 179.969 17359.9) (82.8122 129.431 3890.18) (283.748 251.555 7975) (23.8405 -1013.35 7796.35) (145.221 -7.04023 6685.66) (-472.452 2.86087e+08 4817.8) (1.58196e+10 257.577 4120.27)
2100          (-182.844 7.55744e+06 6594.7) (1434.51 -207.258 14753) (182.763 -798.507 1.45065e+11) (67.7985 -352.256 6078.42) (292.516 179.572 17322.5) (82.4727 129.351 3885.82) (283.609 251.486 7978.96) (23.831 -1014.4 7810.23) (145.7 -7.11655 6709.76) (-474.872 2.6455e+08 4843.17) (1.59127e+10 259.179 4148.5)
2150          (-182.224 8.2508e+06 6571.65) (1429.59 -206.569 14703.9) (182.079 -795.655 1.44649e+11) (67.6253 -351.299 6062.87) (291.86 179.2 17290.5) (82.1799 129.314 3882.2) (283.46 251.418 7982.44) (23.8079 -1015.37 7822.28) (146.134 -7.16802 6730.53) (-476.964 2.43478e+08 4864.9) (1.5992e+10 260.519 4172.72)
2200          (-181.69 8.84914e+06 6551.81) (1425.35 -205.976 14661.7) (181.49 -793.199 1.44291e+11) (67.4767 -350.476 6049.52) (291.298 178.881 17263) (81.9288 129.283 3879.12) (283.334 251.362 7985.48) (23.7883 -1016.22 7832.69) (146.507 -7.21192 6748.38) (-478.759 2.25474e+08 4883.54) (1.606e+10 261.668 4193.47)
2250          (-181.231 9.36608e+06 6534.76) (1421.7 -205.466 14625.4) (180.984 -791.087 1.43983e+11) (67.3491 -349.77 6038.06) (290.815 178.608 17239.5) (81.7135 129.258 3876.49) (283.228 251.315 7988.14) (23.7717 -1016.95 7841.66) (146.828 -7.24942 6763.71) (-480.298 2.10092e+08 4899.53) (1.61183e+10 262.652 4211.26)
2300          (-180.837 9.81222e+06 6520.11) (1418.57 -205.028 14594.2) (180.549 -789.273 1.43719e+11) (67.2397 -349.164 6028.24) (290.402 178.374 17219.4) (81.5289 129.237 3874.26) (283.138 251.276 7990.45) (23.7576 -1017.58 7849.38) (147.103 -7.28149 6776.87) (-481.618 1.96949e+08 4913.23) (1.61682e+10 263.496 4226.49)
2350          (-180.499 1.01968e+07 6507.53) (1415.88 -204.653 14567.4) (180.175 -787.716 1.43493e+11) (67.146 -348.645 6019.81) (290.048 178.174 17202.2) (81.3707 129.219 3872.35) (283.061 251.244 7992.46) (23.7455 -1018.13 7856.01) (147.339 -7.3089 6788.16) (-482.749 1.85716e+08 4924.97) (1.6211e+10 264.218 4239.53)
2400          (-180.209 1.05278e+07 6496.74) (1413.58 -204.33 14544.5) (179.855 -786.38 1.43299e+11) (67.0656 -348.2 6012.59) (289.744 178.002 17187.4) (81.2351 129.204 3870.72) (282.996 251.216 7994.19) (23.7353 -1018.59 7861.72) (147.542 -7.33234 6797.84) (-483.717 1.76116e+08 4935.03) (1.62477e+10 264.837 4250.7)
2450          (-179.962 1.08466e+07 6487.5) (1411.61 -204.054 14524.8) (179.585 -785.235 1.43133e+11) (66.9973 -347.816 6006.38) (289.489 177.863 17175) (81.1192 129.193 3869.29) (282.937 251.201 7995.73) (23.7199 -1018.98 7866.53) (147.72 -7.34889 6806.16) (-484.553 1.67792e+08 4943.63) (1.62792e+10 265.364 4260.26)
2500          (-179.748 1.12218e+07 6479.6) (1409.91 -203.816 14507.9) (179.345 -784.274 1.42991e+11) (66.9353 -347.496 6001.07) (289.27 177.743 17164.3) (81.0216 129.177 3868.09) (282.898 251.181 7997.02) (23.7149 -1019.33 7870.71) (147.866 -7.36882 6813.25) (-485.257 1.61068e+08 4950.99) (1.63061e+10 265.824 4268.43)
2550          (-179.566 1.13516e+07 6472.86) (1408.47 -203.616 14493.6) (179.145 -783.438 1.4287e+11) (66.8834 -347.216 5996.55) (289.079 177.637 17155.1) (80.9332 129.17 3867.06) (282.854 251.176 7998.11) (23.7068 -1019.62 7874.28) (147.992 -7.383 6819.29) (-485.87 1.55236e+08 4957.28) (1.63289e+10 266.212 4275.41)
2600          (-179.415 1.1394e+07 6467.12) (1407.27 -203.448 14481.4) (178.995 -782.704 1.42766e+11) (66.8433 -346.964 5992.72) (288.939 177.538 17147.2) (80.8645 129.175 3866.18) (282.811 251.154 7999.07) (23.7007 -1019.89 7877.36) (148.118 -7.3803 6824.44) (-486.399 1.50005e+08 4962.61) (1.63483e+10 266.498 4281.36)
2650          (-179.282 1.16714e+07 6462.31) (1406.23 -203.303 14471.2) (178.832 -782.113 1.42678e+11) (66.8054 -346.785 5989.56) (288.776 177.455 17140.2) (80.8044 129.153 3865.53) (282.788 251.13 7999.71) (23.7084 -1020.08 7879.95) (148.184 -7.41067 6828.72) (-486.808 1.4602e+08 4967.17) (1.63648e+10 266.817 4286.36)
2700          (-179.173 1.19289e+07 6458.16) (1405.35 -203.179 14462.3) (178.715 -781.598 1.42602e+11) (66.7762 -346.608 5986.72) (288.662 177.39 17134.7) (80.7469 129.146 3864.8) (282.766 251.108 8000.49) (23.6893 -1020.25 7882.02) (148.268 -7.41663 6832.49) (-487.19 1.42023e+08 4971.04) (1.63789e+10 267.052 4290.68)
2750          (-179.074 1.24287e+07 6454.59) (1404.53 -203.078 14454.7) (178.59 -781.09 1.42541e+11) (66.7417 -346.458 5984.34) (288.531 177.316 17129.3) (80.6658 129.139 3864.29) (282.736 251.087 8001.09) (23.7172 -1020.32 7883.99) (148.316 -7.43035 6835.68) (-487.485 1.38602e+08 4974.42) (1.63906e+10 267.259 4294.38)
2800          (-178.994 1.18032e+07 6451.6) (1403.92 -202.979 14448.4) (178.5 -780.809 1.42487e+11) (66.7294 -346.337 5982.32) (288.472 177.28 17125.7) (80.6695 129.135 3863.87) (282.736 251.098 8001.52) (23.6942 -1020.56 7885.55) (148.391 -7.43164 6838.4) (-487.77 1.35923e+08 4977.15) (1.64012e+10 267.44 4297.49)
2850          (-178.93 1.2626e+07 6449) (1403.32 -202.917 14442.8) (178.412 -780.372 1.42441e+11) (66.7057 -346.22 5980.53) (288.383 177.24 17121.8) (80.6058 129.161 3863.46) (282.68 251.105 8002.03) (23.6982 -1020.54 7886.89) (148.433 -7.43044 6840.74) (-488.018 1.31631e+08 4979.62) (1.64097e+10 267.561 4300.22)
2900          (-178.867 1.21857e+07 6446.75) (1402.88 -202.838 14438.1) (178.362 -780.15 1.424e+11) (66.6975 -346.121 5979.07) (288.322 177.187 17118.8) (80.5906 129.138 3863.13) (282.686 251.078 8002.32) (23.6912 -1020.74 7888.13) (148.48 -7.43964 6842.73) (-488.21 1.30811e+08 4981.71) (1.64174e+10 267.704 4302.54)
2950          (-178.81 1.22621e+07 6444.85) (1402.44 -202.78 14434.1) (178.254 -779.9 1.42367e+11) (66.6696 -346.067 5977.79) (288.251 177.178 17116.1) (80.5615 129.125 3862.84) (282.705 251.065 8002.69) (23.7131 -1020.77 7889.14) (148.493 -7.45708 6844.47) (-488.356 1.29521e+08 4983.49) (1.64235e+10 267.85 4304.5)
3000          (-178.776 1.21161e+07 6443.28) (1402.18 -202.745 14430.7) (178.313 -779.801 1.42333e+11) (66.6741 -345.979 5976.77) (288.251 177.123 17114.2) (80.5629 129.142 3862.58) (282.644 251.061 8002.83) (23.6914 -1020.92 7889.95) (148.567 -7.44169 6845.78) (-488.521 1.28224e+08 4984.96) (1.64293e+10 267.841 4306.13)
3050          (-178.731 1.22336e+07 6441.92) (1401.87 -202.685 14427.7) (178.192 -779.552 1.42311e+11) (66.6481 -345.939 5975.83) (288.18 177.14 17112.1) (80.5377 129.129 3862.35) (282.669 251.067 8003.09) (23.6976 -1020.98 7890.63) (148.552 -7.46832 6847.08) (-488.646 1.276e+08 4986.24) (1.64338e+10 268.007 4307.55)
3100          (-178.712 1.22069e+07 6440.72) (1401.59 -202.646 14425.3) (178.192 -779.376 1.42292e+11) (66.67 -345.844 5974.99) (288.153 177.079 17110.5) (80.5127 129.16 3862.26) (282.622 251.08 8003.3) (23.6654 -1021.07 7891.35) (148.614 -7.44483 6848.17) (-488.757 1.23397e+08 4987.32) (1.64373e+10 268.015 4308.83)
3150          (-178.678 1.29041e+07 6439.77) (1401.38 -202.631 14423.3) (178.132 -779.213 1.42274e+11) (66.6412 -345.831 5974.39) (288.101 177.076 17109.1) (80.4819 129.128 3862.04) (282.65 251.059 8003.59) (23.7158 -1020.91 7891.74) (148.606 -7.45564 6849.05) (-488.808 1.24104e+08 4988.24) (1.64407e+10 268.099 4309.79)
3200          (-178.657 1.25592e+07 6439.01) (1401.22 -202.607 14421.6) (178.122 -779.191 1.42259e+11) (66.6314 -345.814 5973.89) (288.111 177.073 17108.1) (80.497 129.127 3861.94) (282.645 251.074 8003.59) (23.6898 -1021.07 7892.18) (148.628 -7.45699 6849.69) (-488.901 1.24255e+08 4988.95) (1.64438e+10 268.146 4310.59)
3250          (-178.638 1.25275e+07 6438.29) (1401.07 -202.587 14420.1) (178.096 -779.125 1.42246e+11) (66.6269 -345.788 5973.38) (288.088 177.067 17107.1) (80.4908 129.122 3861.82) (282.649 251.043 8003.66) (23.6937 -1021.11 7892.58) (148.636 -7.46625 6850.33) (-488.958 1.23664e+08 4989.64) (1.64462e+10 268.192 4311.35)
3300          (-178.62 1.27185e+07 6437.61) (1400.91 -202.568 14418.7) (178.066 -779.002 1.42235e+11) (66.6204 -345.756 5972.92) (288.059 177.052 17106.1) (80.4696 129.126 3861.71) (282.639 251.046 8003.83) (23.7046 -1021.1 7892.92) (148.649 -7.46588 6850.97) (-489.014 1.22524e+08 4990.28) (1.64483e+10 268.222 4312.07)
3350          (-178.602 1.2799e+07 6437.1) (1400.84 -202.548 14417.6) (178.06 -778.993 1.42224e+11) (66.6125 -345.755 5972.6) (288.049 177.059 17105.5) (80.4739 129.099 3861.62) (282.669 251.037 8003.82) (23.7027 -1021.15 7893.18) (148.647 -7.4813 6851.41) (-489.033 1.23565e+08 4990.75) (1.64503e+10 268.287 4312.59)
3400          (-178.594 1.28559e+07 6436.63) (1400.72 -202.543 14416.5) (178.066 -778.948 1.42215e+11) (66.6185 -345.715 5972.28) (288.039 177.026 17104.8) (80.4649 129.113 3861.55) (282.642 251.01 8003.94) (23.7077 -1021.18 7893.42) (148.668 -7.47635 6851.83) (-489.086 1.22234e+08 4991.19) (1.64519e+10 268.267 4313.08)
3450          (-178.579 1.21954e+07 6436.28) (1400.66 -202.509 14415.8) (178.033 -778.85 1.4221e+11) (66.6029 -345.715 5972.03) (288.03 177.057 17104.4) (80.4581 129.115 3861.48) (282.634 251.085 8003.89) (23.6674 -1021.25 7893.67) (148.657 -7.4828 6852.09) (-489.147 1.23149e+08 4991.55) (1.64531e+10 268.349 4313.44)
3500          (-178.586 1.27822e+07 6436.03) (1400.57 -202.532 14415.3) (178.045 -778.755 1.42207e+11) (66.6201 -345.667 5971.84) (288.027 177.02 17104) (80.4477 129.156 3861.48) (282.592 251.071 8004.11) (23.6722 -1021.1 7893.75) (148.697 -7.44353 6852.36) (-489.193 1.19371e+08 4991.76) (1.64537e+10 268.28 4313.71)
3550          (-178.575 1.26152e+07 6435.76) (1400.53 -202.509 14414.7) (178.027 -778.777 1.42201e+11) (66.6139 -345.669 5971.65) (288.016 177.02 17103.6) (80.4522 129.131 3861.42) (282.617 251.024 8004.08) (23.686 -1021.21 7893.89) (148.689 -7.4667 6852.61) (-489.191 1.20439e+08 4992.03) (1.64548e+10 268.317 4314.03)
3600          (-178.566 1.26648e+07 6435.64) (1400.5 -202.503 14414.4) (178.003 -778.756 1.42199e+11) (66.6032 -345.681 5971.58) (288.003 177.022 17103.3) (80.4429 129.124 3861.4) (282.626 251.056 8004.08) (23.6948 -1021.15 7893.93) (148.678 -7.47586 6852.74) (-489.181 1.20527e+08 4992.16) (1.64548e+10 268.365 4314.2)
3650          (-178.563 1.27408e+07 6435.42) (1400.46 -202.503 14413.9) (178.016 -778.752 1.42193e+11) (66.6015 -345.673 5971.42) (288.018 177.02 17103) (80.4477 129.13 3861.34) (282.611 251.037 8004.04) (23.6866 -1021.16 7894.04) (148.682 -7.47643 6852.89) (-489.193 1.20691e+08 4992.38) (1.64558e+10 268.348 4314.45)
3700          (-178.561 1.27238e+07 6435.36) (1400.43 -202.5 14413.9) (178.021 -778.687 1.42194e+11) (66.6187 -345.635 5971.38) (287.973 176.994 17102.9) (80.4281 129.12 3861.35) (282.608 251.023 8004.13) (23.6921 -1021.14 7894.08) (148.689 -7.46647 6853) (-489.236 1.19796e+08 4992.42) (1.64562e+10 268.362 4314.49)
3750          (-178.559 1.2718e+07 6435.29) (1400.42 -202.498 14413.7) (178.021 -778.684 1.42193e+11) (66.6179 -345.633 5971.33) (287.973 176.992 17102.8) (80.4277 129.119 3861.34) (282.609 251.022 8004.14) (23.6919 -1021.15 7894.11) (148.692 -7.46641 6853.05) (-489.241 1.19746e+08 4992.5) (1.64564e+10 268.364 4314.57)
3800          (-178.558 1.26719e+07 6435.24) (1400.41 -202.493 14413.6) (177.992 -778.706 1.42192e+11) (66.6015 -345.66 5971.29) (288.003 177.023 17102.8) (80.4482 129.134 3861.33) (282.617 251.054 8004.13) (23.6829 -1021.2 7894.14) (148.694 -7.46858 6853.09) (-489.239 1.19829e+08 4992.55) (1.64565e+10 268.371 4314.63)
3850          (-178.557 1.26722e+07 6435.21) (1400.4 -202.493 14413.5) (177.992 -778.702 1.42191e+11) (66.6018 -345.658 5971.27) (288.001 177.021 17102.7) (80.4473 129.133 3861.32) (282.617 251.052 8004.13) (23.6834 -1021.2 7894.15) (148.694 -7.46881 6853.12) (-489.243 1.19835e+08 4992.58) (1.64567e+10 268.373 4314.68)
3900          (-178.556 1.26655e+07 6435.17) (1400.4 -202.492 14413.5) (177.995 -778.699 1.4219e+11) (66.6026 -345.655 5971.25) (287.998 177.018 17102.7) (80.4461 129.131 3861.32) (282.617 251.049 8004.12) (23.6839 -1021.2 7894.17) (148.695 -7.46926 6853.15) (-489.247 1.19855e+08 4992.62) (1.64568e+10 268.376 4314.72)
3950          (-178.556 1.26655e+07 6435.17) (1400.4 -202.492 14413.5) (177.995 -778.699 1.4219e+11) (66.6026 -345.655 5971.25) (287.998 177.018 17102.7) (80.4461 129.131 3861.32) (282.617 251.049 8004.12) (23.6839 -1021.2 7894.17) (148.695 -7.46926 6853.15) (-489.247 1.19855e+08 4992.62) (1.64568e+10 268.376 4314.72)
4000          (-178.556 1.26655e+07 6435.17) (1400.4 -202.492 14413.5) (177.995 -778.699 1.4219e+11) (66.6026 -345.655 5971.25) (287.998 177.018 17102.7) (80.4461 129.131 3861.32) (282.617 251.049 8004.12) (23.6839 -1021.2 7894.17) (148.695 -7.46926 6853.15) (-489.247 1.19855e+08 4992.62) (1.64568e+10 268.376 4314.72)
4050          (-178.556 1.26655e+07 6435.17) (1400.4 -202.492 14413.5) (177.995 -778.699 1.4219e+11) (66.6026 -345.655 5971.25) (287.998 177.018 17102.7) (80.4461 129.131 3861.32) (282.617 251.049 8004.12) (23.6839 -1021.2 7894.17) (148.695 -7.46926 6853.15) (-489.247 1.19855e+08 4992.62) (1.64568e+10 268.376 4314.72)
4100          (-178.556 1.26655e+07 6435.17) (1400.4 -202.492 14413.5) (177.995 -778.699 1.4219e+11) (66.6026 -345.655 5971.25) (287.998 177.018 17102.7) (80.4461 129.131 3861.32) (282.617 251.049 8004.12) (23.6839 -1021.2 7894.17) (148.695 -7.46926 6853.15) (-489.247 1.19855e+08 4992.62) (1.64568e+10 268.376 4314.72)
4150          (-178.556 1.26655e+07 6435.17) (1400.4 -202.492 14413.5) (177.995 -778.699 1.4219e+11) (66.6026 -345.655 5971.25) (287.998 177.018 17102.7) (80.4461 129.131 3861.32) (282.617 251.049 8004.12) (23.6839 -1021.2 7894.17) (148.695 -7.46926 6853.15) (-489.247 1.19855e+08 4992.62) (1.64568e+10 268.376 4314.72)
4200          (-178.556 1.26655e+07 6435.17) (1400.4 -202.492 14413.5) (177.995 -778.699 1.4219e+11) (66.6026 -345.655 5971.25) (287.998 177.018 17102.7) (80.4461 129.131 3861.32) (282.617 251.049 8004.12) (23.6839 -1021.2 7894.17) (148.695 -7.46926 6853.15) (-489.247 1.19855e+08 4992.62) (1.64568e+10 268.376 4314.72)
4250          (-178.556 1.26655e+07 6435.17) (1400.4 -202.492 14413.5) (177.995 -778.699 1.4219e+11) (66.6026 -345.655 5971.25) (287.998 177.018 17102.7) (80.4461 129.131 3861.32) (282.617 251.049 8004.12) (23.6839 -1021.2 7894.17) (148.695 -7.46926 6853.15) (-489.247 1.19855e+08 4992.62) (1.64568e+10 268.376 4314.72)
4300          (-178.556 1.26655e+07 6435.17) (1400.4 -202.492 14413.5) (177.995 -778.699 1.4219e+11) (66.6026 -345.655 5971.25) (287.998 177.018 17102.7) (80.4461 129.131 3861.32) (282.617 251.049 8004.12) (23.6839 -1021.2 7894.17) (148.695 -7.46926 6853.15) (-489.247 1.19855e+08 4992.62) (1.64568e+10 268.376 4314.72)
4350          (-178.556 1.26655e+07 6435.17) (1400.4 -202.492 14413.5) (177.995 -778.699 1.4219e+11) (66.6026 -345.655 5971.25) (287.998 177.018 17102.7) (80.4461 129.131 3861.32) (282.617 251.049 8004.12) (23.6839 -1021.2 7894.17) (148.695 -7.46926 6853.15) (-489.247 1.19855e+08 4992.62) (1.64568e+10 268.376 4314.72)
4400          (-178.556 1.26655e+07 6435.17) (1400.4 -202.492 14413.5) (177.995 -778.699 1.4219e+11) (66.6026 -345.655 5971.25) (287.998 177.018 17102.7) (80.4461 129.131 3861.32) (282.617 251.049 8004.12) (23.6839 -1021.2 7894.17) (148.695 -7.46926 6853.15) (-489.247 1.19855e+08 4992.62) (1.64568e+10 268.376 4314.72)
4450          (-178.556 1.26655e+07 6435.17) (1400.4 -202.492 14413.5) (177.995 -778.699 1.4219e+11) (66.6026 -345.655 5971.25) (287.998 177.018 17102.7) (80.4461 129.131 3861.32) (282.617 251.049 8004.12) (23.6839 -1021.2 7894.17) (148.695 -7.46926 6853.15) (-489.247 1.19855e+08 4992.62) (1.64568e+10 268.376 4314.72)
4500          (-178.556 1.26655e+07 6435.17) (1400.4 -202.492 14413.5) (177.995 -778.699 1.4219e+11) (66.6026 -345.655 5971.25) (287.998 177.018 17102.7) (80.4461 129.131 3861.32) (282.617 251.049 8004.12) (23.6839 -1021.2 7894.17) (148.695 -7.46926 6853.15) (-489.247 1.19855e+08 4992.62) (1.64568e+10 268.376 4314.72)
4550          (-178.556 1.26655e+07 6435.17) (1400.4 -202.492 14413.5) (177.995 -778.699 1.4219e+11) (66.6026 -345.655 5971.25) (287.998 177.018 17102.7) (80.4461 129.131 3861.32) (282.617 251.049 8004.12) (23.6839 -1021.2 7894.17) (148.695 -7.46926 6853.15) (-489.247 1.19855e+08 4992.62) (1.64568e+10 268.376 4314.72)
4600          (-178.556 1.26655e+07 6435.17) (1400.4 -202.492 14413.5) (177.995 -778.699 1.4219e+11) (66.6026 -345.655 5971.25) (287.998 177.018 17102.7) (80.4461 129.131 3861.32) (282.617 251.049 8004.12) (23.6839 -1021.2 7894.17) (148.695 -7.46926 6853.15) (-489.247 1.19855e+08 4992.62) (1.64568e+10 268.376 4314.72)
4650          (-178.556 1.26655e+07 6435.17) (1400.4 -202.492 14413.5) (177.995 -778.699 1.4219e+11) (66.6026 -345.655 5971.25) (287.998 177.018 17102.7) (80.4461 129.131 3861.32) (282.617 251.049 8004.12) (23.6839 -1021.2 7894.17) (148.695 -7.46926 6853.15) (-489.247 1.19855e+08 4992.62) (1.64568e+10 268.376 4314.72)
4700          (-178.556 1.26655e+07 6435.17) (1400.4 -202.492 14413.5) (177.995 -778.699 1.4219e+11) (66.6026 -345.655 5971.25) (287.998 177.018 17102.7) (80.4461 129.131 3861.32) (282.617 251.049 8004.12) (23.6839 -1021.2 7894.17) (148.695 -7.46926 6853.15) (-489.247 1.19855e+08 4992.62) (1.64568e+10 268.376 4314.72)
4750          (-178.556 1.26655e+07 6435.17) (1400.4 -202.492 14413.5) (177.995 -778.699 1.4219e+11) (66.6026 -345.655 5971.25) (287.998 177.018 17102.7) (80.4461 129.131 3861.32) (282.617 251.049 8004.12) (23.6839 -1021.2 7894.17) (148.695 -7.46926 6853.15) (-489.247 1.19855e+08 4992.62) (1.64568e+10 268.376 4314.72)
4800          (-178.556 1.26655e+07 6435.17) (1400.4 -202.492 14413.5) (177.995 -778.699 1.4219e+11) (66.6026 -345.655 5971.25) (287.998 177.018 17102.7) (80.4461 129.131 3861.32) (282.617 251.049 8004.12) (23.6839 -1021.2 7894.17) (148.695 -7.46926 6853.15) (-489.247 1.19855e+08 4992.62) (1.64568e+10 268.376 4314.72)
4850          (-178.556 1.26655e+07 6435.17) (1400.4 -202.492 14413.5) (177.995 -778.699 1.4219e+11) (66.6026 -345.655 5971.25) (287.998 177.018 17102.7) (80.4461 129.131 3861.32) (282.617 251.049 8004.12) (23.6839 -1021.2 7894.17) (148.695 -7.46926 6853.15) (-489.247 1.19855e+08 4992.62) (1.64568e+10 268.376 4314.72)
4900          (-178.556 1.26655e+07 6435.17) (1400.4 -202.492 14413.5) (177.995 -778.699 1.4219e+11) (66.6026 -345.655 5971.25) (287.998 177.018 17102.7) (80.4461 129.131 3861.32) (282.617 251.049 8004.12) (23.6839 -1021.2 7894.17) (148.695 -7.46926 6853.15) (-489.247 1.19855e+08 4992.62) (1.64568e+10 268.376 4314.72)
4950          (-178.556 1.26655e+07 6435.17) (1400.4 -202.492 14413.5) (177.995 -778.699 1.4219e+11) (66.6026 -345.655 5971.25) (287.998 177.018 17102.7) (80.4461 129.131 3861.32) (282.617 251.049 8004.12) (23.6839 -1021.2 7894.17) (148.695 -7.46926 6853.15) (-489.247 1.19855e+08 4992.62) (1.64568e+10 268.376 4314.72)
5000          (-178.556 1.26655e+07 6435.17) (1400.4 -202.492 14413.5) (177.995 -778.699 1.4219e+11) (66.6026 -345.655 5971.25) (287.998 177.018 17102.7) (80.4461 129.131 3861.32) (282.617 251.049 8004.12) (23.6839 -1021.2 7894.17) (148.695 -7.46926 6853.15) (-489.247 1.19855e+08 4992.62) (1.64568e+10 268.376 4314.72)
