# Probe 0 (0.0015 0.0015 0)
# Probe 1 (0.0015 0.0015 0.002)
# Probe 2 (0.0015 0.0015 0.004)
# Probe 3 (0.0015 0.0015 0.006)
# Probe 4 (0.0015 0.0015 0.008)
# Probe 5 (0.0015 0.0015 0.01)
# Probe 6 (0.0015 0.0015 0.012)
# Probe 7 (0.0015 0.0015 0.014)
# Probe 8 (0.0015 0.0015 0.016)
# Probe 9 (0.0015 0.0015 0.018)
# Probe 10 (0.0015 0.0015 0.02)
# Time        0             1             2             3             4             5             6             7             8             9             10           
50            139858        55739.8       20076.7       7645.27       3533.46       1838.02       1349.44       1378.04       1856.27       3346.05       8343.66      
100           160717        86363.7       35377.3       13645.8       5922.6        2604.4        1585.34       1511.46       2024.07       3667.19       8663.71      
150           172219        109221        54365         22598.5       9714.92       3855.71       1968.86       1706.02       2226.82       4030.03       9014.6       
200           179463        124444        72321.1       34142.3       15217.9       5764.55       2560.75       1984.88       2469.29       4421.07       9364.86      
250           184536        135242        86929.3       46868.6       22517.8       8519.87       3440.25       2380.37       2760.55       4831.77       9696.41      
300           188333        143368        98521.1       59131.1       31285.6       12304         4709.68       2936.91       3115.75       5259.36       10003.5      
350           191316        149775        107897        70029.5       40720.9       17208         6488.31       3711.81       3556.78       5706.69       10288.5      
400           193744        155004        115662        79455.4       49976.9       23139.2       8900.08       4775.67       4113.98       6182.4        10558.8      
450           195773        159380        122222        87611.7       58581         29788.5       12041.1       6209.37       4826.99       6701.31       10824.7      
500           197502        163114        127857        94728.4       66397.9       36728.2       15941.2       8098.69       5746.14       7285.24       11099.1      
550           198998        166349        132765        100994        73452.2       43587.1       20527.1       10521.8       6932.22       7963.4        11396.8      
600           200310        169187        137088        106560        79824.5       50150.1       25627.7       13531.2       8453.63       8772.54       11735        
650           201473        171705        140937        111550        85610         56342.6       31031.8       17132.5       10378.4       9755.29       12132.8      
700           202515        173963        144399        116065        90903         62170.5       36556.3       21272         12759.8       10956         12609.8      
750           203460        176011        147548        120195        95789.3       67670.1       42075         25836.3       15614.9       12413.1       13183.9      
800           204325        177888        150442        124010        100339        72880.2       47507.6       30673.5       18908.3       14147.7       13867.2      
850           205126        179626        153128        127566        104606        77827         52795         35619.4       22545.1       16153.2       14662.1      
900           205872        181246        155638        130898        108621        82520.5       57886         40527.1       26389.4       18389.4       15558        
950           206571        182765        157992        134028        112402        86957.7       62734.9       45280.8       30291.8       20784.9       16531.6      
1000          207227        184190        160201        136966        115952        91128.3       67303.9       49798.6       34119.3       23250.1       17549.9      
1050          207841        185524        162268        139713        119268        95019.7       71563.8       54024.7       37768.6       25692.2       18575        
1100          208414        186766        164192        142266        122346        98621.1       75494.9       57924.5       41169.5       28031.2       19571.3      
1150          208944        187918        165971        144624        125180        101925        79086.6       61479.1       44280.4       30208.4       20509.9      
1200          209432        188976        167605        146783        127769        104931        82336.9       64684.3       47084.4       32189.2       21371.3      
1250          209877        189941        169093        148745        130114        107641        85252         67545.9       49580.3       33958.9       22145.5      
1300          210279        190814        170437        150513        132220        110065        87844.6       70078.6       51779.9       35518.5       22829.9      
1350          210641        191598        171641        152093        134098        112215        90132.9       72303.2       53702.7       36878.7       23427.9      
1400          210963        192296        172712        153495        135760        114111        92139.3       74244.6       55372.4       38056.2       23945.7      
1450          211248        192913        173656        154730        137221        115770        93888.4       75930.1       56815         39069.9       24391.3      
1500          211498        193454        174486        155812        138496        117216        95405.1       77385.9       58055.9       39938.7       24773        
1550          211717        193928        175210        156755        139606        118468        96714.5       78638.6       59119.8       40680.9       25098.9      
1600          211907        194340        175838        157572        140566        119549        97840.9       79712.9       60029         41313.5       25376.3      
1650          212072        194696        176381        158277        141394        120479        98806.9       80631.8       60804.3       41851.7       25612.2      
1700          212214        195003        176849        158884        142105        121276        99633         81416         61464.6       42308.9       25812.3      
1750          212336        195266        177251        159405        142714        121957        100338        82084.3       62026.2       42696.8       25982.2      
1800          212440        195492        177594        159850        143234        122539        100939        82652.6       62502.8       43025.7       26126.1      
1850          212529        195684        177888        160229        143677        123034        101450        83135.3       62906.9       43304.5       26247.9      
1900          212605        195849        178138        160553        144055        123455        101884        83544.8       63249.6       43540.4       26351        
1950          212670        195989        178350        160827        144376        123813        102252        83891.9       63539.9       43740.1       26438.2      
2000          212725        196108        178531        161061        144648        124116        102564        84185.9       63785.3       43908.8       26511.9      
2050          212772        196208        178685        161259        144879        124373        102827        84434.5       63992.9       44051.5       26574.2      
2100          212812        196294        178815        161427        145075        124590        103051        84645         64168.4       44172         26626.8      
2150          212845        196366        178925        161569        145240        124774        103240        84822.8       64316.7       44273.7       26671.2      
2200          212873        196428        179018        161689        145380        124930        103399        84973.2       64442         44359.6       26708.8      
2250          212898        196480        179097        161791        145499        125061        103534        85100         64547.7       44432.2       26740.4      
2300          212918        196523        179163        161876        145598        125172        103648        85206.9       64637         44493.4       26767.1      
2350          212935        196560        179219        161949        145683        125266        103744        85297.3       64712.1       44545         26789.6      
2400          212949        196591        179266        162010        145754        125345        103826        85373.6       64775.6       44588.6       26808.6      
2450          212961        196617        179305        162060        145813        125410        103892        85436.4       64828.4       44624.6       26824.3      
2500          212971        196639        179338        162103        145862        125465        103949        85489.8       64872.7       44655.2       26837.7      
2550          212980        196657        179366        162139        145904        125512        103997        85535.2       64910.5       44681.1       26849        
2600          212987        196673        179390        162170        145941        125552        104038        85573.9       64942.6       44703.2       26858.6      
2650          212993        196686        179410        162196        145970        125586        104072        85605.9       64969.3       44721.4       26866.6      
2700          212998        196697        179426        162216        145994        125612        104100        85631.8       64991.1       44736.4       26873.1      
2750          213002        196706        179440        162235        146016        125636        104125        85654.9       65010.3       44749.5       26878.9      
2800          213006        196714        179452        162251        146034        125657        104145        85674.4       65026.5       44760.6       26883.7      
2850          213009        196720        179462        162263        146049        125673        104162        85690         65039.6       44769.6       26887.6      
2900          213011        196726        179470        162273        146060        125686        104175        85702.8       65050.3       44777         26890.8      
2950          213014        196730        179477        162283        146072        125698        104188        85714.6       65060         44783.7       26893.8      
3000          213015        196734        179483        162290        146080        125707        104198        85723.3       65067.4       44788.7       26896        
3050          213017        196737        179488        162296        146088        125716        104206        85731.9       65074.3       44793.6       26898.1      
3100          213018        196740        179492        162301        146094        125723        104213        85738.4       65079.6       44797.2       26899.7      
3150          213019        196742        179495        162306        146098        125728        104219        85743.4       65084.2       44800.2       26901        
3200          213020        196744        179497        162309        146102        125732        104223        85747.7       65087.4       44802.7       26902.1      
3250          213020        196745        179500        162312        146106        125736        104227        85751.7       65091.1       44805         26903.1      
3300          213021        196746        179502        162314        146108        125739        104230        85754.7       65093.5       44806.6       26903.9      
3350          213021        196748        179504        162317        146111        125742        104234        85757.8       65096.2       44808.5       26904.7      
3400          213022        196748        179504        162318        146113        125744        104235        85759.5       65097.7       44809.6       26905.1      
3450          213022        196749        179505        162319        146114        125745        104237        85760.8       65098.8       44810.3       26905.5      
3500          213022        196749        179506        162320        146115        125747        104238        85762         65099.8       44811.2       26905.7      
3550          213022        196750        179507        162321        146116        125748        104239        85763.2       65100.9       44811.7       26906.1      
3600          213023        196750        179507        162322        146117        125749        104240        85764.1       65101.6       44812.4       26906.2      
3650          213023        196750        179507        162322        146117        125749        104240        85764.1       65101.6       44812.4       26906.2      
3700          213023        196750        179507        162322        146117        125749        104240        85764.1       65101.6       44812.4       26906.2      
3750          213023        196750        179507        162322        146117        125749        104240        85764.1       65101.6       44812.4       26906.2      
3800          213023        196750        179507        162322        146117        125749        104240        85764.1       65101.6       44812.4       26906.2      
3850          213023        196750        179507        162322        146117        125749        104240        85764.1       65101.6       44812.4       26906.2      
3900          213023        196750        179507        162322        146117        125749        104240        85764.1       65101.6       44812.4       26906.2      
3950          213023        196750        179507        162322        146117        125749        104240        85764.1       65101.6       44812.4       26906.2      
4000          213023        196750        179507        162322        146117        125749        104240        85764.1       65101.6       44812.4       26906.2      
4050          213023        196750        179507        162322        146117        125749        104240        85764.1       65101.6       44812.4       26906.2      
4100          213023        196750        179507        162322        146117        125749        104240        85764.1       65101.6       44812.4       26906.2      
4150          213023        196750        179507        162322        146117        125749        104240        85764.1       65101.6       44812.4       26906.2      
4200          213023        196750        179507        162322        146117        125749        104240        85764.1       65101.6       44812.4       26906.2      
4250          213023        196750        179507        162322        146117        125749        104240        85764.1       65101.6       44812.4       26906.2      
4300          213023        196750        179507        162322        146117        125749        104240        85764.1       65101.6       44812.4       26906.2      
4350          213023        196750        179507        162322        146117        125749        104240        85764.1       65101.6       44812.4       26906.2      
4400          213023        196750        179507        162322        146117        125749        104240        85764.1       65101.6       44812.4       26906.2      
4450          213023        196750        179507        162322        146117        125749        104240        85764.1       65101.6       44812.4       26906.2      
4500          213023        196750        179507        162322        146117        125749        104240        85764.1       65101.6       44812.4       26906.2      
4550          213023        196750        179507        162322        146117        125749        104240        85764.1       65101.6       44812.4       26906.2      
4600          213023        196750        179507        162322        146117        125749        104240        85764.1       65101.6       44812.4       26906.2      
4650          213023        196750        179507        162322        146117        125749        104240        85764.1       65101.6       44812.4       26906.2      
4700          213023        196750        179507        162322        146117        125749        104240        85764.1       65101.6       44812.4       26906.2      
4750          213023        196750        179507        162322        146117        125749        104240        85764.1       65101.6       44812.4       26906.2      
4800          213023        196750        179507        162322        146117        125749        104240        85764.1       65101.6       44812.4       26906.2      
4850          213023        196750        179507        162322        146117        125749        104240        85764.1       65101.6       44812.4       26906.2      
4900          213023        196750        179507        162322        146117        125749        104240        85764.1       65101.6       44812.4       26906.2      
4950          213023        196750        179507        162322        146117        125749        104240        85764.1       65101.6       44812.4       26906.2      
5000          213023        196750        179507        162322        146117        125749        104240        85764.1       65101.6       44812.4       26906.2      
