# Probe 0 (0.0015 0.0015 0)
# Probe 1 (0.0015 0.0015 0.002)
# Probe 2 (0.0015 0.0015 0.004)
# Probe 3 (0.0015 0.0015 0.006)
# Probe 4 (0.0015 0.0015 0.008)
# Probe 5 (0.0015 0.0015 0.01)
# Probe 6 (0.0015 0.0015 0.012)
# Probe 7 (0.0015 0.0015 0.014)
# Probe 8 (0.0015 0.0015 0.016)
# Probe 9 (0.0015 0.0015 0.018)
# Probe 10 (0.0015 0.0015 0.02)
# Time        0             1             2             3             4             5             6             7             8             9             10           
50            (-7098.58 23189.3 37398.1) (-4.2471e+10 -803.824 1.17386e+12) (-2.45658e+08 2541.22 1.71066e+11) (-135.327 -45.1716 1170.83) (271.886 3.34088e+09 3.71995e+10) (-333.772 -11.0401 149.622) (9.67708 3.10769 1.9219e+09) (3.13256 2.49827e+08 -207.384) (9.37208 -1.04867 -541.43) (235.191 5.00798e+09 -773.016) (-1.19213e+10 -105.946 -2047.67)
100           (-5704.19 17953.4 28759.4) (-8.01884e+10 -1187.75 1.33884e+12) (2.97008e+09 4541.64 3.03214e+11) (-236.353 -66.0951 2150.72) (526.042 6.44691e+09 7.09972e+10) (-679.946 -21.471 299.561) (17.9612 7.98296 4.87165e+09) (3.06663 1.83727e+08 -179.176) (10.3213 -1.1546 -599.263) (241.927 4.89097e+09 -866.05) (-1.16545e+10 -108.309 -1934.69)
150           (-4754.3 14749.6 23793.2) (-8.51312e+10 -1215.34 1.22879e+12) (1.17189e+10 6731.36 4.4358e+11) (-344.906 -63.312 3449.44) (916.791 1.12028e+10 1.21501e+11) (-1241.26 -37.8484 540.704) (31.1158 16.3523 9.888e+09) (2.5375 2.82259e+07 -100.042) (11.4176 -1.24173 -652.327) (248.631 4.7499e+09 -966.134) (-1.13685e+10 -110.991 -1809.78)
200           (-4138.99 12789.1 20647.2) (-7.89651e+10 -1118.79 1.0969e+12) (1.6758e+10 7726.78 5.04857e+11) (-424.97 -18.0398 4720.51) (1450.33 1.7621e+10 1.86466e+11) (-2086.01 -61.1342 898.409) (50.6864 29.7428 1.77903e+10) (1.27944 -2.59511e+08 55.918) (12.6161 -1.27503 -690.285) (253.589 4.57371e+09 -1062.9) (-1.10429e+10 -112.438 -1683.94)
250           (-3703.42 11422.8 18440.3) (-7.2652e+10 -1024.65 9.9218e+11) (1.75965e+10 7715.79 5.02383e+11) (-476.226 45.384 5511.39) (2080.88 2.4919e+10 2.54942e+11) (-3276.43 -91.0068 1390.98) (77.7307 50.0757 2.9577e+10) (-1.01759 -7.33009e+08 320.966) (13.9054 -1.22137 -701.66) (255.727 4.3615e+09 -1146.65) (-1.06623e+10 -111.538 -1564.16)
300           (-3375.31 10396.1 16787.4) (-6.72886e+10 -946.367 9.10105e+11) (1.7307e+10 7401.26 4.8123e+11) (-497.581 86.6471 5740.44) (2695.52 3.12999e+10 3.103e+11) (-4836.19 -124.456 2014.15) (112.819 79.9795 4.63819e+10) (-4.77183 -1.46094e+09 737.073) (15.298 -1.0314 -672.176) (254.521 4.12644e+09 -1208.65) (-1.02255e+10 -108.286 -1453.27)
350           (-3116.81 9590.92 15488.1) (-6.27755e+10 -881.308 8.43867e+11) (1.67195e+10 7037.16 4.57243e+11) (-494.779 103.922 5669.57) (3157.57 3.50533e+10 3.42462e+11) (-6685.27 -154.775 2714.33) (154.334 122.515 6.92063e+10) (-10.4734 -2.52163e+09 1353.43) (16.8298 -0.64916 -584.86) (249.762 3.88645e+09 -1240.61) (-9.73656e+09 -103.277 -1350.92)
400           (-2905.63 8935.85 14429.9) (-5.89435e+10 -826.478 7.89001e+11) (1.60595e+10 6688.16 4.34386e+11) (-480.782 109.966 5500.29) (3409.88 3.62596e+10 3.54634e+11) (-8606.35 -172.828 3382.89) (195.797 179.726 9.85264e+10) (-18.6588 -3.99327e+09 2221.99) (18.5521 -0.00126294 -418.857) (241.333 3.65933e+09 -1234.08) (-9.19644e+09 -97.1098 -1254.75)
450           (-2728.62 8386.19 13545.8) (-5.56533e+10 -779.62 7.42624e+11) (1.54061e+10 6368.52 4.1351e+11) (-463.565 111.524 5306.47) (3500.2 3.61386e+10 3.55128e+11) (-10293.6 -173.507 3904.63) (227.991 250.622 1.33337e+11) (-29.8156 -5.93384e+09 3387.38) (20.5128 0.99789 -149.967) (228.994 3.46906e+09 -1179.96) (-8.59742e+09 -90.111 -1161.09)
500           (-2577.24 7920.11 12792.1) (-5.27927e+10 -739.022 7.02759e+11) (1.47874e+10 6079.28 3.94649e+11) (-446.153 111.065 5112.07) (3500.83 3.55249e+10 3.50037e+11) (-11515.6 -161.922 4231.16) (242.219 327.564 1.70656e+11) (-44.298 -8.35324e+09 4871.74) (22.7366 2.44266 248.568) (212.283 3.33028e+09 -1067.92) (-7.9206e+09 -82.3031 -1065.37)
550           (-2447.19 7517.48 12139.7) (-5.02799e+10 -703.446 6.68024e+11) (1.42119e+10 5818.06 3.77631e+11) (-429.515 109.604 4925.81) (3458.08 3.47305e+10 3.42519e+11) (-12250.3 -147.684 4393.12) (237.365 396.966 2.05882e+11) (-62.1059 -1.11761e+10 6650.41) (25.1882 4.42697 803.501) (190.419 3.2506e+09 -886.25) (-7.1368e+09 -73.4727 -962.284)
600           (-2332.52 7163.52 11567.6) (-4.80511e+10 -671.951 6.37414e+11) (1.36798e+10 5581.58 3.62238e+11) (-413.914 107.62 4750.48) (3394.49 3.3863e+10 3.34018e+11) (-12616.9 -135.908 4448.15) (221.155 447.437 2.34628e+11) (-82.7166 -1.42213e+10 8630.52) (27.7301 7.0192 1535.58) (162.267 3.23474e+09 -622.161) (-6.20628e+09 -63.2271 -845.8)
650           (-2230.62 6849.77 11060.4) (-4.60551e+10 -643.793 6.10152e+11) (1.31875e+10 5366.34 3.48234e+11) (-399.349 105.346 4586.18) (3320.4 3.29677e+10 3.25165e+11) (-12740.6 -127.075 4440.64) (202.573 477.151 2.5479e+11) (-104.94 -1.72256e+10 10648.7) (30.0644 10.2185 2449.83) (126.44 3.27499e+09 -263.405) (-5.08155e+09 -51.0699 -709.28)
700           (-2139.74 6569.23 10605.9) (-4.42511e+10 -618.377 5.85619e+11) (1.27292e+10 5168.76 3.35386e+11) (-385.713 102.922 4431.85) (3240.75 3.20658e+10 3.1623e+11) (-12708.5 -120.257 4395.8) (185.92 491.299 2.66896e+11) (-126.958 -1.99214e+10 12510.1) (31.6922 13.9066 3524.02) (81.4899 3.34959e+09 198.51) (-3.71337e+09 -36.4876 -545.906)
750           (-2056.33 6311.86 10193.7) (-4.25987e+10 -595.143 5.63293e+11) (1.22999e+10 4985.96 3.23504e+11) (-372.87 100.343 4285.98) (3157.87 3.11657e+10 3.07318e+11) (-12578 -114.703 4327.81) (171.843 495.896 2.72887e+11) (-146.745 -2.21295e+10 14061) (31.9546 17.7813 4697.77) (26.3107 3.4154e+09 763.468) (-2.05657e+09 -19.0343 -349.391)
800           (-1980.75 6079.95 9816.32) (-4.10738e+10 -573.725 5.42764e+11) (1.18943e+10 4815.09 3.12402e+11) (-360.702 97.7298 4147.45) (3073.76 3.02762e+10 2.98514e+11) (-12384.6 -109.89 4245.16) (160.016 495.041 2.74824e+11) (-162.872 -2.38038e+10 15244.8) (30.1898 21.4629 5884.35) (-39.4571 3.4159e+09 1417.85) (-8.87796e+07 1.48501 -115.523)
850           (-1910.35 5866.26 9467.07) (-3.96529e+10 -553.79 5.23707e+11) (1.15097e+10 4654.4 3.01964e+11) (-349.136 95.1081 4015.51) (2989.91 2.94047e+10 2.89894e+11) (-12155.9 -105.567 4154.54) (149.861 491.227 2.74343e+11) (-175.084 -2.50079e+10 16098.8) (26.0985 24.5917 6992.28) (-114.922 3.28579e+09 2133.19) (2.18407e+09 24.9536 156.671)
900           (-1844.89 5662.12 9141.51) (-3.83226e+10 -535.133 5.05896e+11) (1.11449e+10 4502.79 2.92118e+11) (-338.147 92.5505 3890.03) (2907.98 2.85615e+10 2.81551e+11) (-11911.9 -101.588 4061.24) (140.925 485.957 2.72578e+11) (-184.061 -2.58563e+10 16705.6) (20.0087 27.0303 7961.43) (-197.834 2.979e+09 2870.97) (4.71799e+09 50.8778 463.81)
950           (-1783.33 5472.89 8836.28) (-3.70701e+10 -517.588 4.89181e+11) (1.08001e+10 4359.95 2.82843e+11) (-327.746 90.0551 3771.16) (2829.18 2.77553e+10 2.73579e+11) (-11669.5 -97.8948 3969.75) (132.834 480.21 2.70268e+11) (-190.806 -2.64662e+10 17149.2) (12.7698 28.8496 8774.98) (-284.874 2.47895e+09 3592.08) (7.43596e+09 78.455 798.039)
1000          (-1725.39 5295.27 8550.04) (-3.58959e+10 -501.135 4.73502e+11) (1.0476e+10 4225.76 2.7413e+11) (-317.969 87.7166 3659.45) (2754.94 2.69964e+10 2.66071e+11) (-11437.6 -94.4554 3882.82) (125.526 474.543 2.67845e+11) (-196.086 -2.69267e+10 17490.5) (5.34598 30.2498 9452.21) (-372.269 1.82564e+09 4266.46) (1.02364e+10 106.704 1148.07)
1050          (-1672.18 5135.66 8282.12) (-3.47983e+10 -485.752 4.58833e+11) (1.0174e+10 4100.5 2.65996e+11) (-308.853 85.5541 3555.35) (2686.06 2.62916e+10 2.59095e+11) (-11223.6 -91.2637 3802.45) (118.873 469.348 2.65572e+11) (-200.483 -2.7301e+10 17772) (-1.59036 31.3951 10023.5) (-456.638 1.07615e+09 4877.75) (1.30164e+10 134.653 1500.99)
1100          (-1621.58 4975.05 8032.43) (-3.37791e+10 -471.457 4.45182e+11) (9.89487e+09 3984.39 2.58456e+11) (-300.429 83.5955 3459.26) (2623.09 2.56454e+10 2.52694e+11) (-11030.3 -88.3243 3729.67) (112.87 464.785 2.63579e+11) (-204.305 -2.76267e+10 18018.2) (-7.74174 32.3891 10516.4) (-535.475 3.00495e+08 5421.8) (1.5683e+10 161.451 1844.45)
1150          (-1573.98 4829.23 7800.98) (-3.28367e+10 -458.238 4.32555e+11) (9.6394e+09 3877.75 2.5153e+11) (-292.715 81.8128 3371.32) (2566.12 2.5059e+10 2.46885e+11) (-10860.3 -85.6406 3665.1) (107.406 460.966 2.61936e+11) (-207.789 -2.79273e+10 18244.9) (-13.0778 33.2771 10950.1) (-607.381 -4.55737e+08 5901.88) (1.81692e+10 186.469 2168.33)
1200          (-1531.86 4699.94 7588.21) (-3.19757e+10 -446.146 4.20971e+11) (9.40751e+09 3780.51 2.45213e+11) (-285.719 80.2567 3291.69) (2515.36 2.45338e+10 2.41676e+11) (-10712.2 -83.2039 3608.45) (102.537 457.859 2.60644e+11) (-210.992 -2.82115e+10 18457.7) (-17.6621 34.0946 11337.3) (-671.793 -1.14966e+09 6324.22) (2.04319e+10 209.305 2465.85)
1250          (-1493.01 4579.07 7394) (-3.11935e+10 -435.153 4.10425e+11) (9.19904e+09 3692.68 2.39507e+11) (-279.429 78.8892 3220.19) (2470.46 2.40671e+10 2.37044e+11) (-10585.6 -81.0123 3559.49) (98.1376 455.441 2.59686e+11) (-213.988 -2.84845e+10 18660.3) (-21.5957 34.8387 11684.3) (-728.766 -1.77554e+09 6695.13) (2.24549e+10 229.777 2733.38)
1300          (-1455.95 4469.58 7218.31) (-3.04885e+10 -425.24 4.00903e+11) (9.01317e+09 3614.01 2.34394e+11) (-273.819 77.6971 3156.49) (2431.14 2.36563e+10 2.32966e+11) (-10479 -79.0675 3517.63) (94.2864 453.59 2.5901e+11) (-216.765 -2.87447e+10 18851.9) (-24.9734 35.5231 11995.7) (-778.71 -2.32013e+09 7020.18) (2.42365e+10 247.855 2970.01)
1350          (-1427.85 4373.61 7060.54) (-2.98583e+10 -416.374 3.92372e+11) (8.8487e+09 3544.07 2.29849e+11) (-268.857 76.6581 3100.2) (2396.96 2.32973e+10 2.294e+11) (-10389.2 -77.3471 3482.13) (90.8933 452.24 2.58571e+11) (-219.352 -2.89916e+10 19032.2) (-27.8677 36.1499 12274.1) (-822.197 -2.78902e+09 7304.16) (2.57915e+10 263.659 3176.77)
1400          (-1398.66 4286 6919.98) (-2.92998e+10 -408.508 3.84791e+11) (8.7042e+09 3482.36 2.25837e+11) (-264.498 75.7788 3050.81) (2367.46 2.2986e+10 2.26304e+11) (-10314.8 -75.8382 3452.2) (87.9388 451.273 2.58313e+11) (-221.702 -2.92213e+10 19198.9) (-30.3446 36.7126 12521.3) (-859.818 -3.19346e+09 7551.48) (2.7136e+10 277.342 3355.82)
1450          (-1374.17 4209.62 6795.97) (-2.88076e+10 -401.573 3.78097e+11) (8.57819e+09 3428.28 2.22322e+11) (-260.692 75.0347 3007.74) (2342.06 2.27167e+10 2.23626e+11) (-10254.8 -74.5219 3427.03) (85.3291 450.589 2.58192e+11) (-223.85 -2.94337e+10 19352.2) (-32.4552 37.2133 12739.5) (-892.254 -3.53494e+09 7766.05) (2.8294e+10 289.133 3509.92)
1500          (-1351.23 4140.82 6686.7) (-2.83775e+10 -395.507 3.72228e+11) (8.46869e+09 3381.11 2.19254e+11) (-257.388 74.3971 2970.4) (2320.35 2.24853e+10 2.21322e+11) (-10200.9 -73.3823 3405.96) (83.1271 450.15 2.58159e+11) (-225.758 -2.96258e+10 19490.4) (-34.2589 37.6606 12931.1) (-920.064 -3.82896e+09 7951.37) (2.92858e+10 299.235 3641.91)
1550          (-1331.83 4082.26 6591.46) (-2.80016e+10 -390.206 3.67103e+11) (8.37425e+09 3340.26 2.16598e+11) (-254.53 73.85 2938.12) (2301.81 2.22872e+10 2.1935e+11) (-10160.3 -72.4023 3388.42) (81.2273 449.897 2.58192e+11) (-227.474 -2.97991e+10 19614.5) (-35.7914 38.0603 13098.5) (-943.912 -4.07481e+09 8110.93) (3.01339e+10 307.87 3754.56)
1600          (-1315.24 4030.56 6508.37) (-2.76768e+10 -385.622 3.6266e+11) (8.29266e+09 3304.9 2.14298e+11) (-252.072 73.3924 2910.37) (2286.09 2.21185e+10 2.1767e+11) (-10124.9 -71.5533 3373.75) (79.5876 449.756 2.58274e+11) (-228.973 -2.99524e+10 19724) (-37.0937 38.4044 13243.5) (-964.262 -4.28261e+09 8247.86) (3.08559e+10 315.223 3850.48)
1650          (-1300.77 3986.1 6436.55) (-2.73967e+10 -381.665 3.5882e+11) (8.22249e+09 3274.43 2.12316e+11) (-249.964 73.0105 2886.6) (2272.77 2.1975e+10 2.16238e+11) (-10096.3 -70.8208 3361.47) (78.1623 449.677 2.58387e+11) (-230.282 -3.00874e+10 19820.2) (-38.1983 38.6981 13368.4) (-981.594 -4.45763e+09 8365.04) (3.14698e+10 321.475 3932.02)
1700          (-1288.47 3947.75 6374.59) (-2.7155e+10 -378.254 3.55514e+11) (8.16274e+09 3248.38 2.10621e+11) (-248.157 72.6863 2866.22) (2261.45 2.18529e+10 2.15022e+11) (-10072.7 -70.2068 3351.29) (76.9957 449.664 2.58495e+11) (-231.418 -3.02054e+10 19904.1) (-39.1361 38.9588 13476.3) (-996.345 -4.60643e+09 8465.17) (3.19909e+10 326.781 4001.22)
1750          (-1277.79 3914.97 6321.52) (-2.69488e+10 -375.337 3.52675e+11) (8.11155e+09 3226.03 2.09168e+11) (-246.618 72.4093 2848.89) (2251.85 2.1749e+10 2.13985e+11) (-10052.7 -69.6621 3342.68) (75.9708 449.698 2.58611e+11) (-232.417 -3.03085e+10 19977.3) (-39.9303 39.1852 13569) (-1008.88 -4.73253e+09 8550.48) (3.24349e+10 331.296 4059.94)
1800          (-1268.64 3886.89 6276.01) (-2.6772e+10 -372.838 3.50247e+11) (8.06796e+09 3206.97 2.07928e+11) (-245.306 72.1805 2834.11) (2243.75 2.16611e+10 2.13108e+11) (-10036.4 -69.2105 3335.5) (75.0993 449.735 2.58723e+11) (-233.265 -3.03972e+10 20040.2) (-40.6025 39.3742 13648) (-1019.5 -4.84146e+09 8623.07) (3.28099e+10 335.112 4109.67)
1850          (-1260.83 3862.85 6237.22) (-2.66214e+10 -370.708 3.48174e+11) (8.03075e+09 3190.68 2.06868e+11) (-244.191 71.9931 2821.57) (2236.9 2.15866e+10 2.12364e+11) (-10022.5 -68.8196 3329.42) (74.3014 449.784 2.58835e+11) (-233.983 -3.04733e+10 20094.2) (-41.1682 39.533 13715.2) (-1028.53 -4.92778e+09 8684.71) (3.31275e+10 338.347 4151.79)
1900          (-1254.19 3842.57 6204.04) (-2.64929e+10 -368.892 3.46409e+11) (7.99928e+09 3176.89 2.05971e+11) (-243.241 71.8283 2810.88) (2231.1 2.15235e+10 2.11735e+11) (-10010.9 -68.497 3324.4) (73.6859 449.836 2.58927e+11) (-234.605 -3.05388e+10 20140.5) (-41.6485 39.6727 13772.7) (-1036.17 -5.00325e+09 8737.05) (3.33964e+10 341.084 4187.42)
1950          (-1248.57 3825.09 6175.83) (-2.63835e+10 -367.346 3.44906e+11) (7.97271e+09 3165.2 2.0521e+11) (-242.435 71.6882 2801.81) (2226.16 2.14699e+10 2.112e+11) (-10001.7 -68.2299 3320.21) (73.2366 449.882 2.58995e+11) (-235.13 -3.05947e+10 20180) (-42.0569 39.7958 13821.8) (-1042.64 -5.06443e+09 8781.43) (3.36236e+10 343.398 4217.56)
2000          (-1243.63 3810.72 6151.93) (-2.62918e+10 -366.044 3.43631e+11) (7.94979e+09 3155.17 2.04558e+11) (-241.756 71.5897 2794.2) (2221.99 2.14245e+10 2.10748e+11) (-9993.96 -68.0062 3316.7) (72.7934 449.932 2.59067e+11) (-235.59 -3.06428e+10 20214.1) (-42.4011 39.8943 13863) (-1048.1 -5.12111e+09 8819.03) (3.38158e+10 345.353 4243.03)
2050          (-1239.59 3795.95 6131.33) (-2.62142e+10 -364.943 3.42553e+11) (7.93036e+09 3146.68 2.04005e+11) (-241.181 71.4981 2787.74) (2218.52 2.13865e+10 2.10367e+11) (-9987.14 -67.8017 3313.69) (72.4223 449.988 2.59135e+11) (-235.96 -3.06826e+10 20242.2) (-42.6914 39.9791 13898.2) (-1052.72 -5.16478e+09 8850.8) (3.39782e+10 347.007 4264.56)
2100          (-1236.16 3787.7 6114.22) (-2.61467e+10 -363.991 3.41632e+11) (7.91438e+09 3139.62 2.03545e+11) (-240.689 71.417 2782.21) (2215.52 2.1354e+10 2.10044e+11) (-9981.93 -67.6495 3311.26) (72.1196 450.026 2.59185e+11) (-236.294 -3.07176e+10 20266.9) (-42.9362 40.052 13928) (-1056.63 -5.20532e+09 8877.72) (3.41158e+10 348.405 4282.74)
2150          (-1233.24 3777.78 6099.49) (-2.60905e+10 -363.197 3.40857e+11) (7.90058e+09 3133.56 2.03151e+11) (-240.276 71.3418 2777.56) (2213.09 2.13272e+10 2.09775e+11) (-9976.99 -67.4948 3309.1) (71.8169 450.069 2.59243e+11) (-236.562 -3.07464e+10 20287.3) (-43.142 40.1126 13953.2) (-1059.93 -5.238e+09 8900.47) (3.42319e+10 349.586 4298.1)
2200          (-1230.72 3770.32 6087.18) (-2.60422e+10 -362.515 3.40197e+11) (7.88927e+09 3128.54 2.02825e+11) (-239.924 71.2688 2773.58) (2210.95 2.13039e+10 2.09544e+11) (-9973.22 -67.3826 3307.37) (71.6058 450.11 2.59281e+11) (-236.808 -3.07717e+10 20305.1) (-43.3137 40.1666 13974.7) (-1062.73 -5.26563e+09 8919.72) (3.43305e+10 350.586 4311.06)
2250          (-1228.58 3763.46 6076.75) (-2.60025e+10 -361.951 3.39643e+11) (7.87925e+09 3124.16 2.0254e+11) (-239.632 71.2318 2770.31) (2209.15 2.12842e+10 2.09347e+11) (-9970.02 -67.2856 3305.9) (71.4304 450.135 2.59313e+11) (-237.001 -3.07925e+10 20319.9) (-43.4647 40.2085 13992.5) (-1065.08 -5.288e+09 8935.93) (3.44125e+10 351.423 4322)
2300          (-1226.81 3758.86 6067.94) (-2.59689e+10 -361.473 3.39174e+11) (7.87089e+09 3120.49 2.02301e+11) (-239.384 71.2026 2767.53) (2207.71 2.12684e+10 2.09188e+11) (-9967.3 -67.1907 3304.61) (71.2117 450.147 2.59353e+11) (-237.17 -3.08102e+10 20332.4) (-43.5925 40.2505 14008) (-1067.07 -5.30757e+09 8949.63) (3.44821e+10 352.131 4331.22)
2350          (-1225.38 3754.36 6060.45) (-2.59396e+10 -361.062 3.38778e+11) (7.86409e+09 3117.47 2.02105e+11) (-239.171 71.1621 2765.14) (2206.42 2.12544e+10 2.09049e+11) (-9965.12 -67.1339 3303.59) (71.1344 450.178 2.59368e+11) (-237.319 -3.08258e+10 20343.4) (-43.6937 40.277 14020.5) (-1068.76 -5.32059e+09 8961.2) (3.4541e+10 352.731 4339)
2400          (-1224.25 3749.41 6054.05) (-2.59144e+10 -360.711 3.38444e+11) (7.85842e+09 3114.96 2.01941e+11) (-238.989 71.1073 2763.07) (2205.48 2.12437e+10 2.0894e+11) (-9962.44 -67.0461 3302.57) (70.9812 450.184 2.59402e+11) (-237.42 -3.08377e+10 20351.7) (-43.78 40.3032 14031.4) (-1070.16 -5.3342e+09 8970.97) (3.45907e+10 353.238 4345.58)
2450          (-1223.11 3746.52 6048.97) (-2.58962e+10 -360.445 3.38171e+11) (7.85351e+09 3112.77 2.01798e+11) (-238.847 71.145 2761.52) (2204.58 2.12339e+10 2.08842e+11) (-9961.63 -67.0057 3301.9) (70.9707 450.253 2.59406e+11) (-237.539 -3.08485e+10 20359.6) (-43.8694 40.3323 14040.8) (-1071.35 -5.34856e+09 8978.95) (3.46313e+10 353.649 4351.01)
2500          (-1222.24 3743.83 6044.6) (-2.58791e+10 -360.203 3.37937e+11) (7.8497e+09 3111.04 2.01686e+11) (-238.721 71.1053 2760.09) (2203.84 2.12256e+10 2.08758e+11) (-9959.28 -66.973 3301.23) (70.8711 450.252 2.59423e+11) (-237.606 -3.08566e+10 20365.3) (-43.9282 40.3425 14047.8) (-1072.34 -5.35658e+09 8985.74) (3.46661e+10 354.004 4355.63)
2550          (-1221.54 3741.38 6040.85) (-2.58633e+10 -359.987 3.37738e+11) (7.84648e+09 3109.59 2.01591e+11) (-238.611 71.055 2758.82) (2203.2 2.12186e+10 2.08688e+11) (-9959.4 -66.9318 3300.7) (70.8087 450.254 2.59435e+11) (-237.67 -3.08639e+10 20370.4) (-43.9774 40.3562 14054.1) (-1073.18 -5.36566e+09 8991.57) (3.46956e+10 354.304 4359.53)
2600          (-1220.81 3739.81 6037.74) (-2.58512e+10 -359.814 3.37567e+11) (7.84291e+09 3108.14 2.01497e+11) (-238.526 71.0634 2757.88) (2202.61 2.12127e+10 2.08633e+11) (-9957.76 -66.9142 3300.31) (70.7043 450.233 2.59446e+11) (-237.75 -3.08716e+10 20375.7) (-44.0166 40.3724 14059.8) (-1073.88 -5.37359e+09 8996.6) (3.47211e+10 354.563 4362.86)
2650          (-1220.4 3737.65 6035) (-2.58399e+10 -359.66 3.37428e+11) (7.84076e+09 3107.15 2.01433e+11) (-238.448 70.9981 2756.94) (2202.19 2.12078e+10 2.08582e+11) (-9956.49 -66.8646 3299.84) (70.6195 450.247 2.59466e+11) (-237.785 -3.08761e+10 20378.9) (-44.0496 40.3825 14064.3) (-1074.47 -5.38044e+09 9000.67) (3.47424e+10 354.778 4365.63)
2700          (-1219.91 3736.61 6032.92) (-2.58336e+10 -359.561 3.37315e+11) (7.83889e+09 3106.26 2.01375e+11) (-238.388 71.0406 2756.35) (2201.84 2.12037e+10 2.0854e+11) (-9956.47 -66.8567 3299.55) (70.3743 450.202 2.59496e+11) (-237.834 -3.08803e+10 20382) (-44.0951 40.3935 14068.1) (-1074.98 -5.38278e+09 9003.9) (3.47586e+10 354.945 4367.87)
2750          (-1219.53 3735.29 6030.97) (-2.58259e+10 -359.454 3.37214e+11) (7.83677e+09 3105.4 2.01319e+11) (-238.336 71.04 2755.75) (2201.56 2.12009e+10 2.08512e+11) (-9957.03 -66.8326 3299.28) (70.5209 450.266 2.59484e+11) (-237.876 -3.08845e+10 20384.9) (-44.1153 40.4018 14071.4) (-1075.4 -5.38902e+09 9006.91) (3.47743e+10 355.102 4369.86)
2800          (-1219.22 3734.41 6029.4) (-2.58183e+10 -359.354 3.37128e+11) (7.83532e+09 3104.78 2.01279e+11) (-238.29 70.9758 2755.18) (2201.15 2.11966e+10 2.08473e+11) (-9955 -66.8218 3299.11) (70.5608 450.26 2.59475e+11) (-237.904 -3.08881e+10 20387.3) (-44.1309 40.4086 14074.2) (-1075.76 -5.38902e+09 9009.47) (3.47869e+10 355.232 4371.54)
2850          (-1218.99 3733.27 6028.06) (-2.58139e+10 -359.29 3.37062e+11) (7.83401e+09 3104.22 2.01242e+11) (-238.254 70.9799 2754.79) (2200.96 2.11945e+10 2.08451e+11) (-9953.63 -66.8043 3298.9) (70.4628 450.241 2.59488e+11) (-237.918 -3.08901e+10 20388.8) (-44.1512 40.4181 14076.6) (-1076.05 -5.38995e+09 9011.46) (3.47968e+10 355.335 4372.88)
2900          (-1218.74 3733.04 6027.1) (-2.58107e+10 -359.239 3.37004e+11) (7.83343e+09 3103.86 2.01218e+11) (-238.222 70.9968 2754.47) (2200.81 2.11924e+10 2.08427e+11) (-9954.22 -66.796 3298.74) (70.6071 450.328 2.59477e+11) (-237.946 -3.08922e+10 20390.4) (-44.1779 40.4179 14078.2) (-1076.29 -5.3983e+09 9012.99) (3.48051e+10 355.416 4374)
2950          (-1218.53 3732.43 6026.11) (-2.5807e+10 -359.186 3.36953e+11) (7.8322e+09 3103.39 2.01188e+11) (-238.197 71.0059 2754.18) (2200.71 2.11915e+10 2.08419e+11) (-9949.63 -66.7865 3298.57) (70.4508 450.27 2.59496e+11) (-237.952 -3.08939e+10 20391.5) (-44.1817 40.4193 14079.7) (-1076.51 -5.39669e+09 9014.56) (3.48129e+10 355.497 4375.02)
3000          (-1218.41 3731.91 6025.38) (-2.58046e+10 -359.151 3.36915e+11) (7.8318e+09 3103.15 2.01172e+11) (-238.175 71.0084 2753.95) (2200.58 2.11898e+10 2.08401e+11) (-9952.82 -66.7823 3298.47) (70.3075 450.247 2.59513e+11) (-237.975 -3.08954e+10 20392.7) (-44.2023 40.4248 14081.1) (-1076.67 -5.40081e+09 9015.61) (3.48183e+10 355.551 4375.77)
3050          (-1218.18 3732.02 6024.83) (-2.58012e+10 -359.105 3.36875e+11) (7.83097e+09 3102.83 2.01151e+11) (-238.157 70.9956 2753.72) (2200.46 2.11887e+10 2.08391e+11) (-9955.25 -66.7804 3298.36) (70.4369 450.277 2.59499e+11) (-237.985 -3.0897e+10 20393.7) (-44.2016 40.4221 14081.9) (-1076.82 -5.40352e+09 9016.76) (3.48245e+10 355.613 4376.52)
3100          (-1218.08 3731.5 6024.22) (-2.57989e+10 -359.074 3.36848e+11) (7.8303e+09 3102.59 2.01136e+11) (-238.142 70.9878 2753.54) (2200.36 2.1188e+10 2.08385e+11) (-9953.17 -66.7713 3298.3) (70.4078 450.27 2.59503e+11) (-237.994 -3.08982e+10 20394.5) (-44.2023 40.4252 14082.9) (-1076.94 -5.40236e+09 9017.64) (3.48288e+10 355.658 4377.06)
3150          (-1218.07 3730.94 6023.74) (-2.57985e+10 -359.064 3.36828e+11) (7.83034e+09 3102.49 2.01129e+11) (-238.129 71.0042 2753.43) (2200.3 2.11867e+10 2.0837e+11) (-9955.78 -66.7681 3298.22) (70.2792 450.255 2.59519e+11) (-238.007 -3.08986e+10 20395) (-44.2272 40.4312 14083.9) (-1077.05 -5.40509e+09 9018.15) (3.48315e+10 355.685 4377.51)
3200          (-1218.02 3730.72 6023.42) (-2.57969e+10 -359.043 3.3681e+11) (7.83009e+09 3102.37 2.01121e+11) (-238.118 70.9933 2753.31) (2200.22 2.11857e+10 2.0836e+11) (-9953.98 -66.773 3298.18) (70.4966 450.324 2.59493e+11) (-238.011 -3.08994e+10 20395.5) (-44.2276 40.421 14083.7) (-1077.13 -5.40671e+09 9018.65) (3.48344e+10 355.714 4377.89)
3250          (-1217.92 3730.74 6023.18) (-2.57952e+10 -359.02 3.36792e+11) (7.82963e+09 3102.2 2.01111e+11) (-238.11 70.982 2753.2) (2200.13 2.11851e+10 2.08355e+11) (-9953.19 -66.7597 3298.13) (70.2606 450.244 2.59519e+11) (-238.023 -3.09002e+10 20396.1) (-44.2291 40.4339 14085) (-1077.2 -5.40596e+09 9019.28) (3.48375e+10 355.745 4378.24)
3300          (-1217.83 3730.81 6023) (-2.57942e+10 -359.006 3.36776e+11) (7.82958e+09 3102.14 2.01107e+11) (-238.102 70.984 2753.12) (2200.08 2.11843e+10 2.08346e+11) (-9954.33 -66.7639 3298.11) (70.3679 450.303 2.59508e+11) (-238.041 -3.09011e+10 20396.8) (-44.2341 40.4308 14085.1) (-1077.27 -5.40942e+09 9019.62) (3.48403e+10 355.769 4378.5)
3350          (-1217.87 3730.03 6022.55) (-2.5793e+10 -358.991 3.36767e+11) (7.82888e+09 3101.95 2.01094e+11) (-238.098 70.9597 2753.03) (2200.01 2.1184e+10 2.08346e+11) (-9952.14 -66.7538 3298.07) (70.4113 450.265 2.59501e+11) (-238.031 -3.09016e+10 20396.9) (-44.229 40.4368 14085.9) (-1077.3 -5.40674e+09 9020.09) (3.48421e+10 355.792 4378.79)
3400          (-1217.89 3729.72 6022.38) (-2.57933e+10 -358.993 3.36762e+11) (7.82895e+09 3101.92 2.01092e+11) (-238.092 70.9951 2753.01) (2200.09 2.11845e+10 2.08347e+11) (-9953.6 -66.7464 3298.01) (70.37 450.274 2.59509e+11) (-238.033 -3.09012e+10 20396.8) (-44.2444 40.4401 14086.3) (-1077.34 -5.40567e+09 9020.27) (3.48416e+10 355.792 4378.92)
3450          (-1217.78 3730.19 6022.41) (-2.5793e+10 -358.987 3.36754e+11) (7.82923e+09 3101.97 2.01096e+11) (-238.087 70.9706 2752.95) (2199.94 2.11828e+10 2.08333e+11) (-9952.84 -66.7675 3298.04) (70.3188 450.258 2.59511e+11) (-238.04 -3.09016e+10 20397.2) (-44.2445 40.4341 14086.1) (-1077.38 -5.4105e+09 9020.37) (3.48443e+10 355.81 4379.06)
3500          (-1217.76 3730.18 6022.34) (-2.57916e+10 -358.972 3.3675e+11) (7.82834e+09 3101.76 2.01082e+11) (-238.089 70.991 2752.95) (2200.06 2.11844e+10 2.08349e+11) (-9953.13 -66.7374 3297.97) (70.4805 450.289 2.59497e+11) (-238.037 -3.09018e+10 20397.1) (-44.245 40.4395 14086.6) (-1077.38 -5.40363e+09 9020.64) (3.4843e+10 355.809 4379.16)
3550          (-1217.82 3729.59 6022.09) (-2.57922e+10 -358.977 3.36745e+11) (7.82897e+09 3101.88 2.01089e+11) (-238.082 70.9672 2752.88) (2199.91 2.11826e+10 2.0833e+11) (-9952.66 -66.7564 3298.02) (70.4176 450.317 2.59499e+11) (-238.034 -3.09016e+10 20397.1) (-44.2464 40.4393 14086.7) (-1077.42 -5.41046e+09 9020.73) (3.48457e+10 355.826 4379.27)
3600          (-1217.75 3729.92 6022.12) (-2.57918e+10 -358.971 3.36741e+11) (7.82871e+09 3101.78 2.01083e+11) (-238.081 70.9963 2752.89) (2200.02 2.11836e+10 2.08338e+11) (-9953.02 -66.7472 3297.96) (70.4493 450.318 2.595e+11) (-238.037 -3.09018e+10 20397.2) (-44.2521 40.4373 14086.7) (-1077.44 -5.40779e+09 9020.81) (3.48448e+10 355.823 4379.33)
3650          (-1217.75 3729.92 6022.12) (-2.57918e+10 -358.971 3.36741e+11) (7.82871e+09 3101.78 2.01083e+11) (-238.081 70.9963 2752.89) (2200.02 2.11836e+10 2.08338e+11) (-9953.02 -66.7472 3297.96) (70.4493 450.318 2.595e+11) (-238.037 -3.09018e+10 20397.2) (-44.2521 40.4373 14086.7) (-1077.44 -5.40779e+09 9020.81) (3.48448e+10 355.823 4379.33)
3700          (-1217.75 3729.92 6022.12) (-2.57918e+10 -358.971 3.36741e+11) (7.82871e+09 3101.78 2.01083e+11) (-238.081 70.9963 2752.89) (2200.02 2.11836e+10 2.08338e+11) (-9953.02 -66.7472 3297.96) (70.4493 450.318 2.595e+11) (-238.037 -3.09018e+10 20397.2) (-44.2521 40.4373 14086.7) (-1077.44 -5.40779e+09 9020.81) (3.48448e+10 355.823 4379.33)
3750          (-1217.75 3729.92 6022.12) (-2.57918e+10 -358.971 3.36741e+11) (7.82871e+09 3101.78 2.01083e+11) (-238.081 70.9963 2752.89) (2200.02 2.11836e+10 2.08338e+11) (-9953.02 -66.7472 3297.96) (70.4493 450.318 2.595e+11) (-238.037 -3.09018e+10 20397.2) (-44.2521 40.4373 14086.7) (-1077.44 -5.40779e+09 9020.81) (3.48448e+10 355.823 4379.33)
3800          (-1217.75 3729.92 6022.12) (-2.57918e+10 -358.971 3.36741e+11) (7.82871e+09 3101.78 2.01083e+11) (-238.081 70.9963 2752.89) (2200.02 2.11836e+10 2.08338e+11) (-9953.02 -66.7472 3297.96) (70.4493 450.318 2.595e+11) (-238.037 -3.09018e+10 20397.2) (-44.2521 40.4373 14086.7) (-1077.44 -5.40779e+09 9020.81) (3.48448e+10 355.823 4379.33)
3850          (-1217.75 3729.92 6022.12) (-2.57918e+10 -358.971 3.36741e+11) (7.82871e+09 3101.78 2.01083e+11) (-238.081 70.9963 2752.89) (2200.02 2.11836e+10 2.08338e+11) (-9953.02 -66.7472 3297.96) (70.4493 450.318 2.595e+11) (-238.037 -3.09018e+10 20397.2) (-44.2521 40.4373 14086.7) (-1077.44 -5.40779e+09 9020.81) (3.48448e+10 355.823 4379.33)
3900          (-1217.75 3729.92 6022.12) (-2.57918e+10 -358.971 3.36741e+11) (7.82871e+09 3101.78 2.01083e+11) (-238.081 70.9963 2752.89) (2200.02 2.11836e+10 2.08338e+11) (-9953.02 -66.7472 3297.96) (70.4493 450.318 2.595e+11) (-238.037 -3.09018e+10 20397.2) (-44.2521 40.4373 14086.7) (-1077.44 -5.40779e+09 9020.81) (3.48448e+10 355.823 4379.33)
3950          (-1217.75 3729.92 6022.12) (-2.57918e+10 -358.971 3.36741e+11) (7.82871e+09 3101.78 2.01083e+11) (-238.081 70.9963 2752.89) (2200.02 2.11836e+10 2.08338e+11) (-9953.02 -66.7472 3297.96) (70.4493 450.318 2.595e+11) (-238.037 -3.09018e+10 20397.2) (-44.2521 40.4373 14086.7) (-1077.44 -5.40779e+09 9020.81) (3.48448e+10 355.823 4379.33)
4000          (-1217.75 3729.92 6022.12) (-2.57918e+10 -358.971 3.36741e+11) (7.82871e+09 3101.78 2.01083e+11) (-238.081 70.9963 2752.89) (2200.02 2.11836e+10 2.08338e+11) (-9953.02 -66.7472 3297.96) (70.4493 450.318 2.595e+11) (-238.037 -3.09018e+10 20397.2) (-44.2521 40.4373 14086.7) (-1077.44 -5.40779e+09 9020.81) (3.48448e+10 355.823 4379.33)
4050          (-1217.75 3729.92 6022.12) (-2.57918e+10 -358.971 3.36741e+11) (7.82871e+09 3101.78 2.01083e+11) (-238.081 70.9963 2752.89) (2200.02 2.11836e+10 2.08338e+11) (-9953.02 -66.7472 3297.96) (70.4493 450.318 2.595e+11) (-238.037 -3.09018e+10 20397.2) (-44.2521 40.4373 14086.7) (-1077.44 -5.40779e+09 9020.81) (3.48448e+10 355.823 4379.33)
4100          (-1217.75 3729.92 6022.12) (-2.57918e+10 -358.971 3.36741e+11) (7.82871e+09 3101.78 2.01083e+11) (-238.081 70.9963 2752.89) (2200.02 2.11836e+10 2.08338e+11) (-9953.02 -66.7472 3297.96) (70.4493 450.318 2.595e+11) (-238.037 -3.09018e+10 20397.2) (-44.2521 40.4373 14086.7) (-1077.44 -5.40779e+09 9020.81) (3.48448e+10 355.823 4379.33)
4150          (-1217.75 3729.92 6022.12) (-2.57918e+10 -358.971 3.36741e+11) (7.82871e+09 3101.78 2.01083e+11) (-238.081 70.9963 2752.89) (2200.02 2.11836e+10 2.08338e+11) (-9953.02 -66.7472 3297.96) (70.4493 450.318 2.595e+11) (-238.037 -3.09018e+10 20397.2) (-44.2521 40.4373 14086.7) (-1077.44 -5.40779e+09 9020.81) (3.48448e+10 355.823 4379.33)
4200          (-1217.75 3729.92 6022.12) (-2.57918e+10 -358.971 3.36741e+11) (7.82871e+09 3101.78 2.01083e+11) (-238.081 70.9963 2752.89) (2200.02 2.11836e+10 2.08338e+11) (-9953.02 -66.7472 3297.96) (70.4493 450.318 2.595e+11) (-238.037 -3.09018e+10 20397.2) (-44.2521 40.4373 14086.7) (-1077.44 -5.40779e+09 9020.81) (3.48448e+10 355.823 4379.33)
4250          (-1217.75 3729.92 6022.12) (-2.57918e+10 -358.971 3.36741e+11) (7.82871e+09 3101.78 2.01083e+11) (-238.081 70.9963 2752.89) (2200.02 2.11836e+10 2.08338e+11) (-9953.02 -66.7472 3297.96) (70.4493 450.318 2.595e+11) (-238.037 -3.09018e+10 20397.2) (-44.2521 40.4373 14086.7) (-1077.44 -5.40779e+09 9020.81) (3.48448e+10 355.823 4379.33)
4300          (-1217.75 3729.92 6022.12) (-2.57918e+10 -358.971 3.36741e+11) (7.82871e+09 3101.78 2.01083e+11) (-238.081 70.9963 2752.89) (2200.02 2.11836e+10 2.08338e+11) (-9953.02 -66.7472 3297.96) (70.4493 450.318 2.595e+11) (-238.037 -3.09018e+10 20397.2) (-44.2521 40.4373 14086.7) (-1077.44 -5.40779e+09 9020.81) (3.48448e+10 355.823 4379.33)
4350          (-1217.75 3729.92 6022.12) (-2.57918e+10 -358.971 3.36741e+11) (7.82871e+09 3101.78 2.01083e+11) (-238.081 70.9963 2752.89) (2200.02 2.11836e+10 2.08338e+11) (-9953.02 -66.7472 3297.96) (70.4493 450.318 2.595e+11) (-238.037 -3.09018e+10 20397.2) (-44.2521 40.4373 14086.7) (-1077.44 -5.40779e+09 9020.81) (3.48448e+10 355.823 4379.33)
4400          (-1217.75 3729.92 6022.12) (-2.57918e+10 -358.971 3.36741e+11) (7.82871e+09 3101.78 2.01083e+11) (-238.081 70.9963 2752.89) (2200.02 2.11836e+10 2.08338e+11) (-9953.02 -66.7472 3297.96) (70.4493 450.318 2.595e+11) (-238.037 -3.09018e+10 20397.2) (-44.2521 40.4373 14086.7) (-1077.44 -5.40779e+09 9020.81) (3.48448e+10 355.823 4379.33)
4450          (-1217.75 3729.92 6022.12) (-2.57918e+10 -358.971 3.36741e+11) (7.82871e+09 3101.78 2.01083e+11) (-238.081 70.9963 2752.89) (2200.02 2.11836e+10 2.08338e+11) (-9953.02 -66.7472 3297.96) (70.4493 450.318 2.595e+11) (-238.037 -3.09018e+10 20397.2) (-44.2521 40.4373 14086.7) (-1077.44 -5.40779e+09 9020.81) (3.48448e+10 355.823 4379.33)
4500          (-1217.75 3729.92 6022.12) (-2.57918e+10 -358.971 3.36741e+11) (7.82871e+09 3101.78 2.01083e+11) (-238.081 70.9963 2752.89) (2200.02 2.11836e+10 2.08338e+11) (-9953.02 -66.7472 3297.96) (70.4493 450.318 2.595e+11) (-238.037 -3.09018e+10 20397.2) (-44.2521 40.4373 14086.7) (-1077.44 -5.40779e+09 9020.81) (3.48448e+10 355.823 4379.33)
4550          (-1217.75 3729.92 6022.12) (-2.57918e+10 -358.971 3.36741e+11) (7.82871e+09 3101.78 2.01083e+11) (-238.081 70.9963 2752.89) (2200.02 2.11836e+10 2.08338e+11) (-9953.02 -66.7472 3297.96) (70.4493 450.318 2.595e+11) (-238.037 -3.09018e+10 20397.2) (-44.2521 40.4373 14086.7) (-1077.44 -5.40779e+09 9020.81) (3.48448e+10 355.823 4379.33)
4600          (-1217.75 3729.92 6022.12) (-2.57918e+10 -358.971 3.36741e+11) (7.82871e+09 3101.78 2.01083e+11) (-238.081 70.9963 2752.89) (2200.02 2.11836e+10 2.08338e+11) (-9953.02 -66.7472 3297.96) (70.4493 450.318 2.595e+11) (-238.037 -3.09018e+10 20397.2) (-44.2521 40.4373 14086.7) (-1077.44 -5.40779e+09 9020.81) (3.48448e+10 355.823 4379.33)
4650          (-1217.75 3729.92 6022.12) (-2.57918e+10 -358.971 3.36741e+11) (7.82871e+09 3101.78 2.01083e+11) (-238.081 70.9963 2752.89) (2200.02 2.11836e+10 2.08338e+11) (-9953.02 -66.7472 3297.96) (70.4493 450.318 2.595e+11) (-238.037 -3.09018e+10 20397.2) (-44.2521 40.4373 14086.7) (-1077.44 -5.40779e+09 9020.81) (3.48448e+10 355.823 4379.33)
4700          (-1217.75 3729.92 6022.12) (-2.57918e+10 -358.971 3.36741e+11) (7.82871e+09 3101.78 2.01083e+11) (-238.081 70.9963 2752.89) (2200.02 2.11836e+10 2.08338e+11) (-9953.02 -66.7472 3297.96) (70.4493 450.318 2.595e+11) (-238.037 -3.09018e+10 20397.2) (-44.2521 40.4373 14086.7) (-1077.44 -5.40779e+09 9020.81) (3.48448e+10 355.823 4379.33)
4750          (-1217.75 3729.92 6022.12) (-2.57918e+10 -358.971 3.36741e+11) (7.82871e+09 3101.78 2.01083e+11) (-238.081 70.9963 2752.89) (2200.02 2.11836e+10 2.08338e+11) (-9953.02 -66.7472 3297.96) (70.4493 450.318 2.595e+11) (-238.037 -3.09018e+10 20397.2) (-44.2521 40.4373 14086.7) (-1077.44 -5.40779e+09 9020.81) (3.48448e+10 355.823 4379.33)
4800          (-1217.75 3729.92 6022.12) (-2.57918e+10 -358.971 3.36741e+11) (7.82871e+09 3101.78 2.01083e+11) (-238.081 70.9963 2752.89) (2200.02 2.11836e+10 2.08338e+11) (-9953.02 -66.7472 3297.96) (70.4493 450.318 2.595e+11) (-238.037 -3.09018e+10 20397.2) (-44.2521 40.4373 14086.7) (-1077.44 -5.40779e+09 9020.81) (3.48448e+10 355.823 4379.33)
4850          (-1217.75 3729.92 6022.12) (-2.57918e+10 -358.971 3.36741e+11) (7.82871e+09 3101.78 2.01083e+11) (-238.081 70.9963 2752.89) (2200.02 2.11836e+10 2.08338e+11) (-9953.02 -66.7472 3297.96) (70.4493 450.318 2.595e+11) (-238.037 -3.09018e+10 20397.2) (-44.2521 40.4373 14086.7) (-1077.44 -5.40779e+09 9020.81) (3.48448e+10 355.823 4379.33)
4900          (-1217.75 3729.92 6022.12) (-2.57918e+10 -358.971 3.36741e+11) (7.82871e+09 3101.78 2.01083e+11) (-238.081 70.9963 2752.89) (2200.02 2.11836e+10 2.08338e+11) (-9953.02 -66.7472 3297.96) (70.4493 450.318 2.595e+11) (-238.037 -3.09018e+10 20397.2) (-44.2521 40.4373 14086.7) (-1077.44 -5.40779e+09 9020.81) (3.48448e+10 355.823 4379.33)
4950          (-1217.75 3729.92 6022.12) (-2.57918e+10 -358.971 3.36741e+11) (7.82871e+09 3101.78 2.01083e+11) (-238.081 70.9963 2752.89) (2200.02 2.11836e+10 2.08338e+11) (-9953.02 -66.7472 3297.96) (70.4493 450.318 2.595e+11) (-238.037 -3.09018e+10 20397.2) (-44.2521 40.4373 14086.7) (-1077.44 -5.40779e+09 9020.81) (3.48448e+10 355.823 4379.33)
5000          (-1217.75 3729.92 6022.12) (-2.57918e+10 -358.971 3.36741e+11) (7.82871e+09 3101.78 2.01083e+11) (-238.081 70.9963 2752.89) (2200.02 2.11836e+10 2.08338e+11) (-9953.02 -66.7472 3297.96) (70.4493 450.318 2.595e+11) (-238.037 -3.09018e+10 20397.2) (-44.2521 40.4373 14086.7) (-1077.44 -5.40779e+09 9020.81) (3.48448e+10 355.823 4379.33)
