# Probe 0 (0.0015 0.0015 0)
# Probe 1 (0.0015 0.0015 0.002)
# Probe 2 (0.0015 0.0015 0.004)
# Probe 3 (0.0015 0.0015 0.006)
# Probe 4 (0.0015 0.0015 0.008)
# Probe 5 (0.0015 0.0015 0.01)
# Probe 6 (0.0015 0.0015 0.012)
# Probe 7 (0.0015 0.0015 0.014)
# Probe 8 (0.0015 0.0015 0.016)
# Probe 9 (0.0015 0.0015 0.018)
# Probe 10 (0.0015 0.0015 0.02)
# Time        0             1             2             3             4             5             6             7             8             9             10           
50            (-2.04586e-13 1.3557e-17 -1.76558e-13) (-5.55581e-13 -5.71031e-13 8.26425e-13) (-4.17207e-15 -1.25468e-14 8.27431e-13) (-4.22858e-14 -2.27324e-14 1.75899e-12) (3.29544e-14 3.80409e-14 2.95069e-12) (-2.68611e-14 6.34101e-15 3.57521e-12) (3.74063e-14 2.49863e-15 4.42699e-12) (-1.62671e-14 -2.61125e-14 4.56491e-12) (-2.73774e-15 -4.3747e-15 4.7011e-12) (-4.05426e-14 -3.39422e-14 5.26493e-12) (-2.40604e-15 2.4223e-15 4.36394e-12)
100           (1.97377e-12 3.67445e-18 3.76426e-12) (1.22372e-12 1.1332e-12 8.70705e-12) (1.21584e-13 -2.01028e-14 1.50128e-11) (-3.99344e-13 -2.29354e-13 1.62069e-11) (2.10022e-13 2.19872e-13 1.62855e-11) (-1.12096e-13 3.20507e-14 1.42605e-11) (1.21465e-13 1.0564e-14 1.41175e-11) (-3.84806e-14 -6.53373e-14 1.23483e-11) (-5.44981e-15 -1.19157e-14 1.13483e-11) (-9.24602e-14 -7.71347e-14 1.18837e-11) (-5.27206e-15 5.33953e-15 9.62554e-12)
150           (-1.01126e-12 -3.3508e-18 -1.56565e-12) (-3.27568e-13 -5.00642e-13 1.32735e-11) (1.19729e-13 -7.21875e-14 2.0854e-11) (-4.73027e-13 -2.75678e-13 1.94312e-11) (2.36631e-13 2.4622e-13 1.83027e-11) (-1.24281e-13 3.53796e-14 1.59051e-11) (1.3851e-13 1.14492e-14 1.61998e-11) (-4.8767e-14 -8.09678e-14 1.48614e-11) (-7.67612e-15 -1.4219e-14 1.4328e-11) (-1.20079e-13 -1.00367e-13 1.55273e-11) (-6.98829e-15 7.06396e-15 1.27418e-11)
200           (-6.75776e-13 -1.52715e-17 2.89304e-14) (-1.47761e-12 -1.729e-12 1.84151e-11) (1.12171e-13 -1.04555e-13 2.38297e-11) (-5.18919e-13 -3.03043e-13 2.13409e-11) (2.60531e-13 2.71791e-13 2.02198e-11) (-1.38101e-13 3.92283e-14 1.76873e-11) (1.53877e-13 1.28242e-14 1.79682e-11) (-5.29541e-14 -8.83666e-14 1.63253e-11) (-8.11164e-15 -1.56618e-14 1.55638e-11) (-1.29542e-13 -1.08218e-13 1.67256e-11) (-7.51223e-15 7.57899e-15 1.36805e-11)
250           (1.18195e-12 3.94946e-18 1.71631e-12) (1.33124e-12 1.35088e-12 -2.22626e-13) (5.81058e-14 7.61175e-15 4.75461e-12) (-1.95681e-13 -1.09123e-13 7.7364e-12) (1.17431e-13 1.2751e-13 9.52336e-12) (-7.58611e-14 1.96068e-14 9.76637e-12) (9.48637e-14 7.04336e-15 1.11039e-11) (-3.77996e-14 -6.15926e-14 1.09421e-11) (-6.27945e-15 -1.06237e-14 1.10196e-11) (-9.43659e-14 -7.894e-14 1.22213e-11) (-5.51227e-15 5.60391e-15 1.0102e-11)
300           (-6.68181e-13 -5.20325e-18 1.82295e-12) (-3.70732e-12 -4.08094e-12 2.6772e-11) (5.72062e-14 -1.44685e-13 2.37808e-11) (-3.51819e-13 -2.14625e-13 1.50879e-11) (1.45923e-13 1.45212e-13 1.0791e-11) (-5.89233e-14 1.91216e-14 7.52071e-12) (5.43243e-14 5.42797e-15 6.30841e-12) (-1.37202e-14 -2.43346e-14 4.89396e-12) (-1.70125e-15 -4.59583e-15 4.14004e-12) (-3.22782e-14 -2.68657e-14 4.12936e-12) (-1.80946e-15 1.82151e-15 3.29051e-12)
350           (1.97064e-12 -2.2012e-18 5.22236e-12) (-7.72891e-13 -9.53917e-13 1.45469e-11) (7.46963e-14 -5.6565e-14 1.47683e-11) (-3.28748e-13 -1.90406e-13 1.36648e-11) (1.79242e-13 1.92575e-13 1.453e-11) (-1.10547e-13 2.89541e-14 1.44058e-11) (1.38751e-13 1.01772e-14 1.63095e-11) (-5.61153e-14 -9.10874e-14 1.61445e-11) (-9.3598e-15 -1.55493e-14 1.63389e-11) (-1.40186e-13 -1.1732e-13 1.81781e-11) (-8.24587e-15 8.34543e-15 1.50423e-11)
400           (-5.03563e-13 -1.11491e-17 5.5014e-13) (-1.76204e-12 -2.02919e-12 1.86406e-11) (8.78367e-14 -1.03607e-13 2.1359e-11) (-4.23161e-13 -2.49385e-13 1.73459e-11) (2.04122e-13 2.12059e-13 1.57408e-11) (-1.07878e-13 3.03196e-14 1.38023e-11) (1.23319e-13 9.84404e-15 1.44338e-11) (-4.57825e-14 -7.53235e-14 1.36192e-11) (-7.48129e-15 -1.30656e-14 1.34241e-11) (-1.13838e-13 -9.52033e-14 1.47457e-11) (-6.66804e-15 6.74113e-15 1.21575e-11)
450           (-4.25749e-13 -1.14593e-18 -7.60991e-13) (-3.32244e-14 -1.03665e-13 6.19521e-12) (7.00694e-14 -3.06615e-14 1.07574e-11) (-2.94015e-13 -1.67804e-13 1.20986e-11) (1.6723e-13 1.80354e-13 1.3568e-11) (-1.0438e-13 2.73324e-14 1.35294e-11) (1.29789e-13 9.67149e-15 1.52156e-11) (-5.13922e-14 -8.37851e-14 1.49184e-11) (-8.47118e-15 -1.44589e-14 1.49751e-11) (-1.28001e-13 -1.0708e-13 1.65732e-11) (-7.47269e-15 7.59771e-15 1.36878e-11)
500           (-2.37688e-12 8.84422e-18 -4.29171e-12) (-1.02797e-12 -1.07233e-12 1.89879e-12) (2.65525e-15 -4.89087e-14 5.26209e-12) (-1.27125e-13 -7.40414e-14 5.02485e-12) (6.48039e-14 6.84211e-14 5.06356e-12) (-3.76324e-14 1.00713e-14 4.79965e-12) (4.56295e-14 3.40242e-15 5.34606e-12) (-1.85211e-14 -3.0052e-14 5.3014e-12) (-3.2242e-15 -5.11883e-15 5.4178e-12) (-4.6836e-14 -3.91992e-14 6.08403e-12) (-2.75953e-15 2.80048e-15 5.05553e-12)
550           (1.08527e-12 -9.95192e-18 3.4602e-12) (-1.10442e-12 -1.28115e-12 1.34567e-11) (5.62105e-14 -6.51073e-14 1.37854e-11) (-2.63192e-13 -1.5555e-13 1.09718e-11) (1.26254e-13 1.30431e-13 9.70531e-12) (-6.33643e-14 1.85053e-14 8.09756e-12) (6.77624e-14 5.90768e-15 7.89747e-12) (-2.16526e-14 -3.66435e-14 6.90963e-12) (-3.12656e-15 -6.63962e-15 6.38149e-12) (-5.21733e-14 -4.35358e-14 6.71297e-12) (-2.9836e-15 3.02321e-15 5.44787e-12)
600           (1.708e-12 -4.86353e-18 4.21907e-12) (-2.58417e-13 -4.59384e-13 1.68085e-11) (1.18585e-13 -4.88963e-14 1.89451e-11) (-4.06292e-13 -2.36754e-13 1.70216e-11) (2.10147e-13 2.21504e-13 1.66095e-11) (-1.17418e-13 3.23437e-14 1.51783e-11) (1.37841e-13 1.08636e-14 1.61422e-11) (-5.13642e-14 -8.4514e-14 1.52836e-11) (-8.24819e-15 -1.47133e-14 1.50298e-11) (-1.27227e-13 -1.06383e-13 1.64583e-11) (-7.41834e-15 7.51541e-15 1.35479e-11)
650           (2.2167e-12 7.35844e-18 4.74731e-12) (1.55072e-13 1.32189e-13 2.01795e-12) (1.21075e-15 4.95957e-16 4.56455e-14) (-2.73937e-14 -1.35858e-14 9.7107e-13) (2.75514e-14 3.39503e-14 2.64758e-12) (-2.96057e-14 6.10234e-15 3.95449e-12) (4.67048e-14 2.63858e-15 5.55982e-12) (-2.35424e-14 -3.69755e-14 6.23368e-12) (-4.31351e-15 -5.9856e-15 6.77095e-12) (-5.989e-14 -5.02037e-14 7.81238e-12) (-3.59575e-15 3.62711e-15 6.54255e-12)
700           (-2.26845e-12 7.60991e-18 -3.81097e-12) (-1.36831e-12 -1.46289e-12 5.59708e-12) (1.58937e-14 -5.90218e-14 8.12153e-12) (-1.71587e-13 -1.00618e-13 6.9838e-12) (8.54836e-14 8.94942e-14 6.65988e-12) (-4.65342e-14 1.30206e-14 5.95895e-12) (5.27343e-14 4.31551e-15 6.17191e-12) (-1.84727e-14 -3.07075e-14 5.6601e-12) (-2.81957e-15 -5.43647e-15 5.3997e-12) (-4.48259e-14 -3.74444e-14 5.78676e-12) (-2.59413e-15 2.61911e-15 4.72642e-12)
750           (1.38565e-12 -1.28097e-17 6.52263e-13) (3.30835e-12 3.45861e-12 -9.06588e-12) (7.79919e-14 6.12655e-14 3.39827e-14) (-2.00526e-13 -1.0599e-13 7.50801e-12) (1.38455e-13 1.53285e-13 1.14173e-11) (-9.69572e-14 2.43694e-14 1.24528e-11) (1.23484e-13 9.04699e-15 1.44547e-11) (-4.9527e-14 -8.06564e-14 1.43202e-11) (-8.20415e-15 -1.38957e-14 1.44215e-11) (-1.23327e-13 -1.03161e-13 1.59764e-11) (-7.21845e-15 7.32406e-15 1.31995e-11)
800           (2.60358e-12 -8.56073e-20 7.00665e-12) (-1.19255e-12 -1.40863e-12 1.6613e-11) (6.27708e-14 -7.34376e-14 1.54166e-11) (-3.22421e-13 -1.87772e-13 1.32976e-11) (1.71431e-13 1.83794e-13 1.38491e-11) (-1.05581e-13 2.75902e-14 1.37446e-11) (1.32934e-13 9.6571e-15 1.56573e-11) (-5.43963e-14 -8.80852e-14 1.55804e-11) (-9.14632e-15 -1.49481e-14 1.58145e-11) (-1.35755e-13 -1.13616e-13 1.76174e-11) (-8.01027e-15 8.08164e-15 1.45857e-11)
850           (2.44312e-12 7.3199e-18 6.02981e-12) (-1.69421e-13 -4.1346e-13 1.98058e-11) (1.27438e-13 -6.24456e-14 2.15317e-11) (-4.27866e-13 -2.51792e-13 1.77957e-11) (2.0856e-13 2.16983e-13 1.6183e-11) (-1.10599e-13 3.10036e-14 1.42425e-11) (1.27917e-13 1.0071e-14 1.49984e-11) (-4.84608e-14 -7.94258e-14 1.42854e-11) (-8.03444e-15 -1.36876e-14 1.42022e-11) (-1.21051e-13 -1.01262e-13 1.56918e-11) (-7.09895e-15 7.18563e-15 1.29648e-11)
900           (1.88565e-12 1.83297e-18 3.20911e-12) (1.25742e-12 1.24034e-12 3.40125e-12) (8.50028e-14 8.67479e-15 7.84146e-12) (-2.78609e-13 -1.55709e-13 1.13737e-11) (1.71192e-13 1.87013e-13 1.41001e-11) (-1.12251e-13 2.89602e-14 1.45805e-11) (1.41082e-13 1.0509e-14 1.65357e-11) (-5.54024e-14 -9.04944e-14 1.61642e-11) (-9.00664e-15 -1.56513e-14 1.61322e-11) (-1.37349e-13 -1.14868e-13 1.77732e-11) (-8.00772e-15 8.1382e-15 1.46539e-11)
950           (4.37541e-12 -3.28712e-18 1.11832e-11) (-1.45004e-12 -1.78083e-12 2.55072e-11) (9.15364e-14 -8.73186e-14 2.09916e-11) (-3.61708e-13 -2.15181e-13 1.5145e-11) (1.72022e-13 1.79475e-13 1.34534e-11) (-9.32979e-14 2.57279e-14 1.20914e-11) (1.10907e-13 8.45584e-15 1.30565e-11) (-4.34875e-14 -7.08059e-14 1.26532e-11) (-7.24299e-15 -1.20722e-14 1.26882e-11) (-1.08386e-13 -9.06941e-14 1.40638e-11) (-6.39262e-15 6.44232e-15 1.16281e-11)
1000          (8.88125e-13 -3.33306e-18 4.79934e-12) (-3.39614e-12 -3.78738e-12 2.78231e-11) (6.74822e-14 -1.32959e-13 2.35688e-11) (-3.86338e-13 -2.31236e-13 1.63458e-11) (1.82807e-13 1.91093e-13 1.43934e-11) (-9.99628e-14 2.74179e-14 1.30341e-11) (1.20532e-13 9.06541e-15 1.42027e-11) (-4.78875e-14 -7.78203e-14 1.38621e-11) (-7.99792e-15 -1.32132e-14 1.3961e-11) (-1.19497e-13 -9.99956e-14 1.55089e-11) (-7.05854e-15 7.10783e-15 1.28313e-11)
1050          (4.16671e-13 2.8687e-18 7.80888e-14) (1.44649e-12 1.41174e-12 3.77032e-12) (1.09184e-13 -1.01347e-14 1.21053e-11) (-3.7262e-13 -2.11736e-13 1.48964e-11) (2.04944e-13 2.17577e-13 1.61447e-11) (-1.187e-13 3.23943e-14 1.51612e-11) (1.38046e-13 1.10677e-14 1.61089e-11) (-4.9924e-14 -8.26902e-14 1.50677e-11) (-7.83873e-15 -1.45711e-14 1.46282e-11) (-1.22892e-13 -1.02706e-13 1.58756e-11) (-7.1297e-15 7.22886e-15 1.3026e-11)
1100          (2.01484e-12 1.01907e-17 5.04565e-12) (-3.82143e-13 -6.06498e-13 1.79639e-11) (1.21449e-13 -6.48266e-14 2.0715e-11) (-4.61551e-13 -2.68153e-13 1.90002e-11) (2.38446e-13 2.50928e-13 1.87042e-11) (-1.32264e-13 3.67144e-14 1.69612e-11) (1.5175e-13 1.23031e-14 1.77251e-11) (-5.40133e-14 -8.96563e-14 1.64151e-11) (-8.38986e-15 -1.58427e-14 1.58237e-11) (-1.32411e-13 -1.10635e-13 1.70957e-11) (-7.65991e-15 7.77323e-15 1.40045e-11)
1150          (-4.30397e-13 1.33503e-17 -2.2854e-12) (1.4542e-12 1.64489e-12 -1.42033e-11) (-3.27594e-14 5.28586e-14 -1.07175e-11) (1.02387e-13 6.71202e-14 -4.70604e-12) (-2.24361e-14 -1.57569e-14 -1.09697e-12) (-8.52298e-15 -3.79962e-16 1.19716e-12) (2.42649e-14 8.0693e-16 2.8895e-12) (-1.52807e-14 -2.34826e-14 3.77263e-12) (-2.93904e-15 -3.70818e-15 4.35786e-12) (-3.95203e-14 -3.31597e-14 5.16252e-12) (-2.38292e-15 2.41663e-15 4.35587e-12)
1200          (2.15122e-12 -4.76484e-18 6.13776e-12) (-1.24912e-12 -1.53259e-12 2.22761e-11) (1.0634e-13 -8.45989e-14 2.18814e-11) (-4.26305e-13 -2.5073e-13 1.78342e-11) (2.14187e-13 2.25406e-13 1.69008e-11) (-1.19888e-13 3.28042e-14 1.55119e-11) (1.42689e-13 1.10388e-14 1.67251e-11) (-5.44511e-14 -8.92344e-14 1.60385e-11) (-8.86294e-15 -1.54465e-14 1.5907e-11) (-1.35172e-13 -1.13044e-13 1.74975e-11) (-7.89245e-15 8.00093e-15 1.44246e-11)
1250          (2.38963e-12 5.11847e-18 8.23221e-12) (-3.00847e-12 -3.52321e-12 3.89881e-11) (1.67355e-13 -1.68908e-13 3.85583e-11) (-7.11982e-13 -4.21896e-13 2.97735e-11) (3.37442e-13 3.48015e-13 2.59034e-11) (-1.68674e-13 4.91438e-14 2.15891e-11) (1.82337e-13 1.56341e-14 2.12782e-11) (-6.04607e-14 -1.01548e-13 1.89419e-11) (-9.07224e-15 -1.81643e-14 1.78093e-11) (-1.47222e-13 -1.22934e-13 1.89816e-11) (-8.48453e-15 8.58336e-15 1.54815e-11)
1300          (9.76369e-13 -9.38603e-19 2.03813e-12) (3.13015e-13 2.48144e-13 5.62897e-12) (6.91767e-14 -2.22836e-14 9.5122e-12) (-2.93761e-13 -1.65755e-13 1.18669e-11) (1.73117e-13 1.8801e-13 1.41348e-11) (-1.11407e-13 2.89309e-14 1.44306e-11) (1.38692e-13 1.03751e-14 1.62806e-11) (-5.42271e-14 -8.85679e-14 1.58571e-11) (-8.77664e-15 -1.52982e-14 1.57727e-11) (-1.33894e-13 -1.11979e-13 1.73327e-11) (-7.83187e-15 7.91947e-15 1.42781e-11)
1350          (-2.68496e-12 -4.68389e-18 -6.21692e-12) (5.6177e-13 5.86002e-13 -2.50485e-12) (6.14035e-14 -2.81702e-14 8.23437e-12) (-3.19174e-13 -1.79316e-13 1.24976e-11) (1.84001e-13 1.9753e-13 1.4662e-11) (-1.12672e-13 2.9975e-14 1.4406e-11) (1.35134e-13 1.04909e-14 1.57878e-11) (-5.09018e-14 -8.37192e-14 1.50972e-11) (-8.19681e-15 -1.46089e-14 1.48778e-11) (-1.25905e-13 -1.05267e-13 1.62876e-11) (-7.33421e-15 7.43248e-15 1.34052e-11)
1400          (1.65866e-12 8.1713e-18 5.21609e-12) (-1.25317e-12 -1.48535e-12 1.79499e-11) (7.71942e-14 -8.63695e-14 1.83299e-11) (-3.74e-13 -2.19362e-13 1.5334e-11) (1.86267e-13 1.94958e-13 1.44856e-11) (-1.01358e-13 2.82427e-14 1.29552e-11) (1.16024e-13 9.38496e-15 1.35362e-11) (-4.17011e-14 -6.91177e-14 1.26037e-11) (-6.586e-15 -1.21961e-14 1.22296e-11) (-1.02795e-13 -8.58981e-14 1.32785e-11) (-5.95293e-15 6.04873e-15 1.08985e-11)
1450          (-4.85547e-14 -8.45476e-18 1.11931e-12) (-1.3623e-12 -1.5466e-12 1.29697e-11) (6.31793e-14 -7.92332e-14 1.55264e-11) (-3.67573e-13 -2.12111e-13 1.49705e-11) (2.00769e-13 2.15635e-13 1.61844e-11) (-1.23982e-13 3.25285e-14 1.60538e-11) (1.53737e-13 1.14605e-14 1.80463e-11) (-6.07586e-14 -9.90382e-14 1.7666e-11) (-9.96551e-15 -1.70276e-14 1.76859e-11) (-1.50738e-13 -1.2609e-13 1.95269e-11) (-8.83293e-15 8.93979e-15 1.6114e-11)
1500          (3.80053e-12 -3.06085e-18 9.36176e-12) (-8.48355e-13 -1.08038e-12 1.85496e-11) (8.31639e-14 -6.17288e-14 1.64529e-11) (-3.58888e-13 -2.07892e-13 1.48459e-11) (1.94384e-13 2.08185e-13 1.56704e-11) (-1.17467e-13 3.12566e-14 1.52691e-11) (1.43507e-13 1.09448e-14 1.68455e-11) (-5.493e-14 -8.99918e-14 1.62064e-11) (-8.77969e-15 -1.55621e-14 1.59999e-11) (-1.35288e-13 -1.13111e-13 1.75089e-11) (-7.91995e-15 7.99124e-15 1.44022e-11)
1550          (1.56578e-12 -5.45767e-19 5.52778e-12) (-1.98441e-12 -2.31544e-12 2.4667e-11) (9.93069e-14 -1.1698e-13 2.46219e-11) (-4.6109e-13 -2.73051e-13 1.91756e-11) (2.20576e-13 2.28689e-13 1.70604e-11) (-1.14359e-13 3.25387e-14 1.47261e-11) (1.29032e-13 1.04966e-14 1.51187e-11) (-4.63859e-14 -7.67219e-14 1.40122e-11) (-7.36424e-15 -1.33731e-14 1.36122e-11) (-1.14472e-13 -9.56916e-14 1.48151e-11) (-6.68939e-15 6.7457e-15 1.21744e-11)
1600          (2.20447e-12 -7.6921e-18 4.54662e-12) (7.01982e-13 6.5072e-13 5.56472e-12) (6.91997e-14 -1.29138e-14 8.54386e-12) (-2.77066e-13 -1.55541e-13 1.11745e-11) (1.68001e-13 1.84086e-13 1.38766e-11) (-1.1299e-13 2.86473e-14 1.46762e-11) (1.45059e-13 1.04688e-14 1.70516e-11) (-5.92312e-14 -9.60732e-14 1.70037e-11) (-9.85356e-15 -1.64271e-14 1.72033e-11) (-1.47349e-13 -1.23287e-13 1.91e-11) (-8.65143e-15 8.76224e-15 1.57903e-11)
1650          (2.96732e-12 -1.26854e-17 8.71848e-12) (-2.49301e-12 -2.86218e-12 2.7211e-11) (8.17104e-14 -1.12996e-13 2.27402e-11) (-3.98019e-13 -2.36261e-13 1.66503e-11) (1.93513e-13 2.0311e-13 1.524e-11) (-1.0773e-13 2.94126e-14 1.39682e-11) (1.29252e-13 9.8451e-15 1.51881e-11) (-5.03872e-14 -8.22173e-14 1.47084e-11) (-8.32054e-15 -1.40916e-14 1.47009e-11) (-1.2533e-13 -1.0484e-13 1.6248e-11) (-7.36709e-15 7.439e-15 1.34185e-11)
1700          (1.72082e-12 -3.76992e-18 4.15778e-12) (-6.01951e-14 -2.28421e-13 1.38274e-11) (1.00717e-13 -4.70494e-14 1.64011e-11) (-3.69997e-13 -2.14801e-13 1.52666e-11) (1.92784e-13 2.03688e-13 1.52383e-11) (-1.09689e-13 2.9904e-14 1.41617e-11) (1.30435e-13 1.00868e-14 1.5291e-11) (-4.98689e-14 -8.1691e-14 1.46732e-11) (-8.17217e-15 -1.40995e-14 1.45827e-11) (-1.24114e-13 -1.03803e-13 1.60765e-11) (-7.2659e-15 7.35559e-15 1.32667e-11)
1750          (1.1324e-12 1.0889e-18 1.14923e-12) (1.64096e-12 1.68926e-12 -2.48926e-12) (6.3367e-14 2.36183e-14 3.26115e-12) (-2.10752e-13 -1.14685e-13 8.22331e-12) (1.37975e-13 1.52189e-13 1.14058e-11) (-9.48329e-14 2.40174e-14 1.2245e-11) (1.20602e-13 8.86754e-15 1.41283e-11) (-4.79826e-14 -7.82301e-14 1.39279e-11) (-7.85391e-15 -1.35103e-14 1.39589e-11) (-1.19017e-13 -9.95402e-14 1.54078e-11) (-6.95403e-15 7.05036e-15 1.27114e-11)
1800          (-2.82658e-13 1.14982e-17 4.20267e-13) (-1.29071e-12 -1.38924e-12 7.09591e-12) (5.57317e-16 -3.47083e-14 4.58e-12) (-4.69108e-14 -2.95986e-14 2.28579e-12) (2.24253e-14 2.50563e-14 2.03909e-12) (-1.73433e-14 3.79181e-15 2.43078e-12) (2.85379e-14 1.44487e-15 3.44212e-12) (-1.60849e-14 -2.48274e-14 4.07034e-12) (-3.144e-15 -3.87316e-15 4.6313e-12) (-4.20174e-14 -3.52787e-14 5.50014e-12) (-2.55453e-15 2.58263e-15 4.65089e-12)
1850          (-3.95778e-13 -9.91831e-18 -2.07022e-13) (-7.04453e-13 -7.65351e-13 4.5558e-12) (1.59079e-14 -3.39965e-14 5.4891e-12) (-1.24494e-13 -7.22554e-14 5.15785e-12) (6.716e-14 7.16382e-14 5.37686e-12) (-3.94417e-14 1.06941e-14 5.0854e-12) (4.64213e-14 3.72399e-15 5.41593e-12) (-1.64674e-14 -2.73898e-14 5.02475e-12) (-2.48837e-15 -4.89964e-15 4.81112e-12) (-4.00615e-14 -3.34524e-14 5.15877e-12) (-2.28899e-15 2.33828e-15 4.21121e-12)
1900          (-5.27119e-14 6.19902e-19 1.29007e-12) (-1.02558e-12 -1.26955e-12 1.88088e-11) (1.19296e-13 -9.88482e-14 2.40602e-11) (-5.18388e-13 -3.03261e-13 2.13671e-11) (2.59224e-13 2.70399e-13 2.01272e-11) (-1.37582e-13 3.89758e-14 1.76376e-11) (1.54143e-13 1.2782e-14 1.79983e-11) (-5.33454e-14 -8.89504e-14 1.64089e-11) (-8.1575e-15 -1.5771e-14 1.56628e-11) (-1.30393e-13 -1.08926e-13 1.68296e-11) (-7.54283e-15 7.6321e-15 1.37616e-11)
1950          (3.61229e-12 3.58478e-18 1.05835e-11) (-2.73937e-12 -3.2131e-12 3.60121e-11) (1.30457e-13 -1.40536e-13 3.17044e-11) (-5.41893e-13 -3.23345e-13 2.28887e-11) (2.53529e-13 2.62114e-13 1.96165e-11) (-1.29495e-13 3.70221e-14 1.67264e-11) (1.46111e-13 1.18786e-14 1.71284e-11) (-5.25886e-14 -8.69391e-14 1.58742e-11) (-8.33228e-15 -1.5174e-14 1.54166e-11) (-1.29628e-13 -1.08367e-13 1.67689e-11) (-7.56087e-15 7.63631e-15 1.37753e-11)
2000          (-5.27033e-13 -1.41678e-17 1.37198e-13) (-1.37973e-12 -1.61186e-12 1.66515e-11) (9.46078e-14 -9.20754e-14 2.061e-11) (-4.44447e-13 -2.5949e-13 1.82232e-11) (2.24776e-13 2.35743e-13 1.75485e-11) (-1.23321e-13 3.43052e-14 1.58015e-11) (1.41564e-13 1.14175e-14 1.65445e-11) (-5.10098e-14 -8.44636e-14 1.54092e-11) (-8.04084e-15 -1.48659e-14 1.49424e-11) (-1.25467e-13 -1.04852e-13 1.6212e-11) (-7.27198e-15 7.38145e-15 1.33026e-11)
2050          (3.15316e-12 1.09865e-19 6.68796e-12) (5.70717e-13 4.73582e-13 8.36922e-12) (6.91767e-14 -1.82135e-14 9.38457e-12) (-2.62136e-13 -1.48745e-13 1.04951e-11) (1.51946e-13 1.65372e-13 1.24072e-11) (-1.00013e-13 2.5495e-14 1.29454e-11) (1.27696e-13 9.2432e-15 1.49958e-11) (-5.19807e-14 -8.43629e-14 1.49384e-11) (-8.64577e-15 -1.44437e-14 1.51e-11) (-1.29245e-13 -1.08121e-13 1.67508e-11) (-7.5807e-15 7.6786e-15 1.38437e-11)
2100          (6.72754e-13 -2.2337e-18 1.23729e-12) (4.34543e-13 4.27657e-13 7.07611e-13) (3.87081e-14 -1.31613e-14 4.78154e-12) (-2.10711e-13 -1.16507e-13 8.21853e-12) (1.32557e-13 1.45752e-13 1.09209e-11) (-9.01648e-14 2.29002e-14 1.16358e-11) (1.14067e-13 8.42983e-15 1.33736e-11) (-4.50647e-14 -7.35373e-14 1.31283e-11) (-7.30955e-15 -1.27002e-14 1.31036e-11) (-1.11397e-13 -9.31638e-14 1.44211e-11) (-6.51874e-15 6.59139e-15 1.18845e-11)
2150          (3.62885e-12 6.06479e-18 6.93469e-12) (1.70351e-12 1.66524e-12 5.85093e-12) (9.31008e-14 1.6137e-14 8.18533e-12) (-2.61623e-13 -1.47047e-13 1.06401e-11) (1.5578e-13 1.69349e-13 1.27291e-11) (-1.00656e-13 2.60345e-14 1.30343e-11) (1.26201e-13 9.36253e-15 1.47934e-11) (-4.99514e-14 -8.14668e-14 1.45171e-11) (-8.17993e-15 -1.40754e-14 1.45431e-11) (-1.24076e-13 -1.03781e-13 1.60619e-11) (-7.2423e-15 7.35901e-15 1.32547e-11)
2200          (-1.18627e-12 -1.03973e-17 2.03823e-13) (-3.04823e-12 -3.39274e-12 2.41321e-11) (9.00543e-14 -1.52435e-13 2.70673e-11) (-5.35835e-13 -3.15772e-13 2.20752e-11) (2.60297e-13 2.70191e-13 2.00805e-11) (-1.34926e-13 3.86735e-14 1.72457e-11) (1.48403e-13 1.25277e-14 1.73203e-11) (-5.01021e-14 -8.38989e-14 1.55832e-11) (-7.56972e-15 -1.49495e-14 1.47321e-11) (-1.22012e-13 -1.019e-13 1.57408e-11) (-7.04404e-15 7.1172e-15 1.2848e-11)
2250          (4.67044e-12 -3.30592e-18 1.15426e-11) (-1.18799e-12 -1.5088e-12 2.51886e-11) (1.0628e-13 -7.79847e-14 2.14047e-11) (-4.05807e-13 -2.38625e-13 1.69293e-11) (2.03721e-13 2.14461e-13 1.60658e-11) (-1.13939e-13 3.12776e-14 1.47206e-11) (1.34266e-13 1.05382e-14 1.57266e-11) (-4.99321e-14 -8.22043e-14 1.48867e-11) (-7.92742e-15 -1.43277e-14 1.45884e-11) (-1.2308e-13 -1.02899e-13 1.59164e-11) (-7.17284e-15 7.25135e-15 1.30814e-11)
2300          (2.01624e-12 1.85307e-18 3.96624e-12) (9.04373e-13 8.53988e-13 5.00904e-12) (7.86042e-14 -1.48382e-14 9.52023e-12) (-3.03796e-13 -1.71583e-13 1.21242e-11) (1.74363e-13 1.87556e-13 1.40009e-11) (-1.07537e-13 2.84853e-14 1.3839e-11) (1.30429e-13 9.99448e-15 1.52745e-11) (-4.9855e-14 -8.17416e-14 1.46991e-11) (-8.06658e-15 -1.4166e-14 1.45528e-11) (-1.23414e-13 -1.03205e-13 1.5977e-11) (-7.21826e-15 7.30127e-15 1.3162e-11)
2350          (4.6843e-12 1.51764e-18 1.22243e-11) (-1.80924e-12 -2.22623e-12 3.19584e-11) (1.26382e-13 -1.09781e-13 2.75439e-11) (-4.77381e-13 -2.84316e-13 1.99517e-11) (2.21168e-13 2.27668e-13 1.69424e-11) (-1.10882e-13 3.19816e-14 1.42285e-11) (1.23119e-13 1.01233e-14 1.4417e-11) (-4.40177e-14 -7.2844e-14 1.33083e-11) (-7.07728e-15 -1.26951e-14 1.29373e-11) (-1.08959e-13 -9.10934e-14 1.41072e-11) (-6.3765e-15 6.42961e-15 1.16046e-11)
2400          (3.09464e-12 -3.50288e-18 6.41169e-12) (9.86718e-13 8.93576e-13 8.51718e-12) (9.79306e-14 -2.47855e-14 1.28154e-11) (-3.70803e-13 -2.10895e-13 1.48134e-11) (2.07282e-13 2.22019e-13 1.65415e-11) (-1.25751e-13 3.34965e-14 1.61522e-11) (1.51457e-13 1.16967e-14 1.77239e-11) (-5.73252e-14 -9.41623e-14 1.69754e-11) (-9.20731e-15 -1.6375e-14 1.6734e-11) (-1.41525e-13 -1.18331e-13 1.83136e-11) (-8.2584e-15 8.35686e-15 1.50695e-11)
2450          (1.73408e-12 -2.42878e-18 3.37187e-12) (9.94099e-13 9.60268e-13 4.52256e-12) (7.94099e-14 -1.00043e-14 9.1591e-12) (-3.02991e-13 -1.70415e-13 1.22324e-11) (1.80346e-13 1.95924e-13 1.47095e-11) (-1.1584e-13 3.01453e-14 1.49748e-11) (1.43466e-13 1.08303e-14 1.68019e-11) (-5.53257e-14 -9.065e-14 1.62716e-11) (-8.87274e-15 -1.57673e-14 1.61155e-11) (-1.36599e-13 -1.14217e-13 1.76641e-11) (-7.9512e-15 8.06876e-15 1.45365e-11)
2500          (2.49346e-12 -5.89574e-18 7.71455e-12) (-2.18959e-12 -2.56951e-12 2.83981e-11) (9.89039e-14 -1.15804e-13 2.50862e-11) (-4.14055e-13 -2.48353e-13 1.73732e-11) (1.86642e-13 1.91569e-13 1.42838e-11) (-9.32917e-14 2.67011e-14 1.20181e-11) (1.06247e-13 8.38337e-15 1.24909e-11) (-4.06346e-14 -6.63936e-14 1.19151e-11) (-6.84556e-15 -1.13416e-14 1.19061e-11) (-1.01739e-13 -8.51303e-14 1.32082e-11) (-6.0047e-15 6.05307e-15 1.09309e-11)
2550          (2.9983e-12 1.42318e-17 7.08696e-12) (2.46623e-14 -1.64915e-13 1.62744e-11) (1.10344e-13 -5.05005e-14 1.79329e-11) (-4.07071e-13 -2.35874e-13 1.67982e-11) (2.15121e-13 2.28154e-13 1.70871e-11) (-1.24386e-13 3.37471e-14 1.60578e-11) (1.47957e-13 1.15149e-14 1.73424e-11) (-5.56778e-14 -9.14628e-14 1.65182e-11) (-8.93231e-15 -1.58977e-14 1.62562e-11) (-1.37442e-13 -1.14914e-13 1.77839e-11) (-8.02105e-15 8.11602e-15 1.46321e-11)
2600          (-1.35379e-12 7.18253e-18 -3.84433e-12) (1.04472e-12 1.14426e-12 -7.16403e-12) (2.45366e-14 1.61634e-14 -4.20425e-13) (-1.4383e-13 -7.49536e-14 5.4795e-12) (1.11353e-13 1.27166e-13 9.64019e-12) (-8.83019e-14 2.10005e-14 1.15185e-11) (1.20317e-13 8.23639e-15 1.41462e-11) (-5.13788e-14 -8.28279e-14 1.45015e-11) (-8.65403e-15 -1.40842e-14 1.48784e-11) (-1.28242e-13 -1.07331e-13 1.66272e-11) (-7.53504e-15 7.64301e-15 1.37713e-11)
2650          (2.85985e-12 1.40709e-17 7.83265e-12) (-1.4032e-12 -1.73622e-12 2.5158e-11) (1.24549e-13 -1.09545e-13 2.62437e-11) (-5.3559e-13 -3.14237e-13 2.19969e-11) (2.63586e-13 2.74098e-13 2.03398e-11) (-1.37833e-13 3.93664e-14 1.75879e-11) (1.51803e-13 1.28266e-14 1.76928e-11) (-5.09481e-14 -8.5475e-14 1.58935e-11) (-7.64023e-15 -1.52994e-14 1.49858e-11) (-1.23924e-13 -1.03479e-13 1.5976e-11) (-7.14316e-15 7.22375e-15 1.30279e-11)
2700          (-3.70621e-13 -1.45996e-17 -6.51496e-13) (1.02016e-13 3.46047e-14 5.77575e-12) (6.76361e-14 -3.08734e-14 1.04369e-11) (-2.89258e-13 -1.64844e-13 1.17702e-11) (1.64311e-13 1.77526e-13 1.33409e-11) (-1.04076e-13 2.7032e-14 1.34732e-11) (1.30305e-13 9.60379e-15 1.53048e-11) (-5.22346e-14 -8.49382e-14 1.5094e-11) (-8.64004e-15 -1.45893e-14 1.51899e-11) (-1.29852e-13 -1.08632e-13 1.68235e-11) (-7.60542e-15 7.71383e-15 1.38973e-11)
2750          (3.44477e-12 -1.87491e-18 9.1187e-12) (-1.23607e-12 -1.54937e-12 2.45131e-11) (1.08806e-13 -9.55137e-14 2.33598e-11) (-4.45142e-13 -2.6275e-13 1.851e-11) (2.16771e-13 2.25764e-13 1.68545e-11) (-1.1479e-13 3.24066e-14 1.47868e-11) (1.30353e-13 1.06019e-14 1.52644e-11) (-4.63943e-14 -7.69056e-14 1.40972e-11) (-7.22219e-15 -1.34858e-14 1.35907e-11) (-1.1365e-13 -9.49693e-14 1.46912e-11) (-6.61739e-15 6.67127e-15 1.20394e-11)
2800          (2.76695e-12 -2.63464e-18 7.23703e-12) (-8.56356e-13 -1.1487e-12 2.36266e-11) (1.28112e-13 -8.00644e-14 2.38453e-11) (-4.65409e-13 -2.7389e-13 1.94961e-11) (2.29406e-13 2.39235e-13 1.78876e-11) (-1.21831e-13 3.43638e-14 1.57005e-11) (1.38695e-13 1.12445e-14 1.62355e-11) (-4.9864e-14 -8.25204e-14 1.50672e-11) (-7.87589e-15 -1.44577e-14 1.4619e-11) (-1.22878e-13 -1.02705e-13 1.58859e-11) (-7.14318e-15 7.23986e-15 1.30442e-11)
2850          (1.38238e-12 1.95269e-18 3.14291e-12) (3.19868e-13 1.64227e-13 1.29056e-11) (1.15695e-13 -4.59675e-14 1.76713e-11) (-4.13274e-13 -2.39633e-13 1.69221e-11) (2.12797e-13 2.23355e-13 1.66125e-11) (-1.1673e-13 3.25366e-14 1.49426e-11) (1.3335e-13 1.08253e-14 1.55663e-11) (-4.76569e-14 -7.90492e-14 1.44422e-11) (-7.48797e-15 -1.39525e-14 1.39816e-11) (-1.17402e-13 -9.81119e-14 1.51643e-11) (-6.79822e-15 6.90525e-15 1.24416e-11)
2900          (4.99826e-12 -4.46201e-18 1.20176e-11) (-6.39053e-13 -9.74822e-13 2.71517e-11) (1.43344e-13 -8.15193e-14 2.56789e-11) (-5.20882e-13 -3.04751e-13 2.16086e-11) (2.64108e-13 2.77803e-13 2.07757e-11) (-1.46825e-13 4.05408e-14 1.89335e-11) (1.71221e-13 1.35958e-14 2.00522e-11) (-6.27968e-14 -1.03607e-13 1.88368e-11) (-9.92061e-15 -1.81151e-14 1.83593e-11) (-1.5444e-13 -1.29089e-13 1.99678e-11) (-8.99058e-15 9.09362e-15 1.63953e-11)
2950          (-1.90963e-13 4.43613e-18 1.35362e-12) (-2.00822e-12 -2.22895e-12 1.57133e-11) (5.54269e-14 -9.20801e-14 1.64588e-11) (-3.55515e-13 -2.06588e-13 1.46124e-11) (1.89135e-13 2.01769e-13 1.51301e-11) (-1.12357e-13 3.01716e-14 1.45043e-11) (1.3459e-13 1.04726e-14 1.57656e-11) (-5.00453e-14 -8.24316e-14 1.49507e-11) (-7.8428e-15 -1.44238e-14 1.45887e-11) (-1.22611e-13 -1.02479e-13 1.58441e-11) (-7.12317e-15 7.2154e-15 1.29974e-11)
3000          (-6.32411e-13 -3.36651e-18 -1.8554e-12) (4.58849e-13 5.33151e-13 -5.72314e-12) (-6.22562e-15 1.11121e-14 -2.66369e-12) (-2.11121e-14 -7.7168e-15 6.26978e-13) (3.03563e-14 3.72234e-14 2.86989e-12) (-3.08765e-14 6.73109e-15 4.0671e-12) (4.52555e-14 2.86705e-15 5.3529e-12) (-2.06355e-14 -3.29105e-14 5.68551e-12) (-3.55113e-15 -5.49357e-15 5.94519e-12) (-5.16282e-14 -4.32291e-14 6.70723e-12) (-3.0573e-15 3.08999e-15 5.57257e-12)
3050          (-1.09335e-12 4.07572e-18 -2.58289e-12) (4.63973e-13 4.92813e-13 -2.22868e-12) (3.22626e-14 -1.68223e-14 4.31781e-12) (-1.79289e-13 -1.00842e-13 6.99168e-12) (1.00656e-13 1.06271e-13 7.83012e-12) (-5.5687e-14 1.58262e-14 7.04561e-12) (5.97839e-14 5.32307e-15 6.93045e-12) (-1.79231e-14 -3.08048e-14 5.92046e-12) (-2.3901e-15 -5.7037e-15 5.29125e-12) (-4.2284e-14 -3.52282e-14 5.42142e-12) (-2.3876e-15 2.41435e-15 4.35511e-12)
3100          (-9.21009e-13 4.2957e-18 -5.56174e-13) (-1.66811e-12 -1.82939e-12 1.13095e-11) (3.22477e-14 -6.96295e-14 1.16437e-11) (-2.00963e-13 -1.20493e-13 8.48038e-12) (9.02278e-14 9.1241e-14 6.76809e-12) (-3.96336e-14 1.24449e-14 5.04814e-12) (3.78876e-14 3.72882e-15 4.38063e-12) (-9.60144e-15 -1.70782e-14 3.43083e-12) (-1.16143e-15 -3.25453e-15 2.89446e-12) (-2.2502e-14 -1.87173e-14 2.87129e-12) (-1.24648e-15 1.26997e-15 2.28167e-12)
3150          (2.16013e-12 1.28594e-17 6.75583e-12) (-2.23155e-12 -2.54028e-12 2.25829e-11) (5.4614e-14 -9.24558e-14 1.76424e-11) (-2.49001e-13 -1.52238e-13 1.0672e-11) (1.0246e-13 1.02524e-13 7.65792e-12) (-4.37891e-14 1.36254e-14 5.66013e-12) (4.44139e-14 3.94009e-15 5.22819e-12) (-1.42754e-14 -2.39754e-14 4.52654e-12) (-2.13589e-15 -4.20347e-15 4.21146e-12) (-3.45722e-14 -2.88767e-14 4.47238e-12) (-2.03265e-15 2.01015e-15 3.64575e-12)
3200          (-6.77016e-13 -5.00877e-18 -6.98006e-13) (-1.02862e-12 -1.09063e-12 3.8873e-12) (-1.43366e-15 -3.42069e-14 3.71745e-12) (-6.73824e-14 -3.99969e-14 2.83996e-12) (3.40903e-14 3.60609e-14 2.73183e-12) (-1.93187e-14 5.29829e-15 2.53296e-12) (2.29814e-14 1.79163e-15 2.70754e-12) (-8.55709e-15 -1.40693e-14 2.55647e-12) (-1.34937e-15 -2.41486e-15 2.49867e-12) (-2.10125e-14 -1.75655e-14 2.72174e-12) (-1.23645e-15 1.2357e-15 2.23633e-12)
3250          (2.70975e-14 1.3733e-17 -1.25466e-12) (1.75686e-12 1.89835e-12 -9.91054e-12) (1.39739e-15 4.26689e-14 -5.60851e-12) (2.43121e-14 1.92312e-14 -1.48695e-12) (3.05805e-15 6.77147e-15 4.5644e-13) (-1.17988e-14 1.932e-15 1.46269e-12) (1.97865e-14 1.071e-15 2.32147e-12) (-1.03582e-14 -1.62644e-14 2.70104e-12) (-1.96119e-15 -2.69341e-15 2.98379e-12) (-2.6661e-14 -2.23529e-14 3.47208e-12) (-1.57701e-15 1.61839e-15 2.91553e-12)
3300          (-1.10518e-12 1.54143e-17 -1.23443e-12) (-1.63457e-12 -1.71453e-12 4.48265e-12) (-2.17511e-14 -4.24687e-14 2.60797e-12) (-1.93548e-14 -1.29941e-14 8.75482e-13) (7.43986e-15 8.48211e-15 6.85045e-13) (-6.68552e-15 1.31429e-15 9.24352e-13) (1.19845e-14 5.24091e-16 1.44276e-12) (-7.36019e-15 -1.12585e-14 1.80419e-12) (-1.51448e-15 -1.72843e-15 2.12232e-12) (-1.95709e-14 -1.64399e-14 2.56779e-12) (-1.1927e-15 1.2106e-15 2.18568e-12)
3350          (-2.53784e-12 -6.1419e-18 -6.13347e-12) (7.69886e-13 8.96365e-13 -9.67931e-12) (-2.33851e-15 1.01916e-14 -2.71112e-12) (-5.45267e-14 -2.62716e-14 1.83533e-12) (4.73794e-14 5.38082e-14 4.00483e-12) (-3.60056e-14 8.92538e-15 4.60807e-12) (4.54854e-14 3.46068e-15 5.29713e-12) (-1.69923e-14 -2.80694e-14 5.08202e-12) (-2.60911e-15 -4.97382e-15 4.94649e-12) (-4.14685e-14 -3.46391e-14 5.34629e-12) (-2.38811e-15 2.43181e-15 4.37532e-12)
3400          (-1.28392e-12 1.07848e-17 -2.24355e-12) (-6.88837e-13 -6.76804e-13 -1.79976e-12) (-2.49562e-14 -2.40343e-14 -5.0994e-13) (-1.2486e-14 -6.25843e-15 3.59102e-13) (1.23684e-14 1.49838e-14 1.1461e-12) (-1.24249e-14 2.64747e-15 1.64348e-12) (1.90131e-14 1.13345e-15 2.24836e-12) (-9.34895e-15 -1.47601e-14 2.49381e-12) (-1.73072e-15 -2.39268e-15 2.70646e-12) (-2.39971e-14 -2.01077e-14 3.13e-12) (-1.43803e-15 1.45329e-15 2.62471e-12)
3450          (8.45312e-13 7.34094e-18 1.39147e-12) (1.07856e-12 1.07525e-12 1.69439e-12) (7.83128e-14 -1.78693e-14 9.30912e-12) (-3.41495e-13 -1.91604e-13 1.3548e-11) (2.00635e-13 2.16348e-13 1.61278e-11) (-1.24298e-13 3.30531e-14 1.59356e-11) (1.48398e-13 1.17002e-14 1.73264e-11) (-5.40764e-14 -8.95021e-14 1.63033e-11) (-8.37304e-15 -1.58241e-14 1.5789e-11) (-1.32217e-13 -1.10466e-13 1.70634e-11) (-7.63929e-15 7.75299e-15 1.39729e-11)
3500          (3.09524e-12 -7.16039e-18 5.44055e-12) (2.10311e-12 2.09975e-12 2.80475e-12) (9.58041e-14 2.14447e-14 7.50129e-12) (-2.66004e-13 -1.49187e-13 1.06486e-11) (1.5615e-13 1.68578e-13 1.25984e-11) (-9.78969e-14 2.57164e-14 1.26178e-11) (1.19978e-13 9.12141e-15 1.40475e-11) (-4.61408e-14 -7.56105e-14 1.35769e-11) (-7.43946e-15 -1.31155e-14 1.34552e-11) (-1.14096e-13 -9.54084e-14 1.47645e-11) (-6.65901e-15 6.74438e-15 1.21576e-11)
3550          (-1.57255e-12 -1.21876e-17 -1.94848e-12) (-1.82736e-12 -1.95968e-12 8.6414e-12) (1.49566e-14 -7.00328e-14 9.4975e-12) (-1.94369e-13 -1.13588e-13 8.06216e-12) (1.04391e-13 1.12846e-13 8.55288e-12) (-6.72118e-14 1.7077e-14 8.79976e-12) (8.80761e-14 6.0838e-15 1.03993e-11) (-3.82189e-14 -6.13002e-14 1.06787e-11) (-6.63485e-15 -1.02579e-14 1.10911e-11) (-9.63755e-14 -8.07075e-14 1.25268e-11) (-5.72416e-15 5.77711e-15 1.04193e-11)
3600          (1.09287e-13 9.40766e-19 1.16813e-12) (-1.2144e-12 -1.32867e-12 7.72984e-12) (6.50181e-15 -3.99583e-14 5.66598e-12) (-7.47325e-14 -4.57072e-14 3.21757e-12) (3.36587e-14 3.57545e-14 2.73377e-12) (-2.07554e-14 5.20275e-15 2.74677e-12) (2.84856e-14 1.80279e-15 3.39241e-12) (-1.36195e-14 -2.14937e-14 3.65828e-12) (-2.49987e-15 -3.50745e-15 3.93495e-12) (-3.47762e-14 -2.91522e-14 4.53392e-12) (-2.08301e-15 2.10988e-15 3.79658e-12)
3650          (2.42362e-12 2.11687e-18 4.97233e-12) (9.44593e-13 8.88113e-13 6.08445e-12) (6.58135e-14 -5.83648e-15 7.79847e-12) (-1.9037e-13 -1.1009e-13 7.73251e-12) (9.71297e-14 1.0118e-13 7.47435e-12) (-5.09842e-14 1.46125e-14 6.46594e-12) (5.53277e-14 4.78405e-15 6.42293e-12) (-1.79016e-14 -3.02755e-14 5.67781e-12) (-2.62235e-15 -5.50859e-15 5.28036e-12) (-4.33708e-14 -3.61997e-14 5.57915e-12) (-2.47337e-15 2.52031e-15 4.53472e-12)
3700          (1.09328e-12 -4.52736e-18 2.78882e-12) (-4.34255e-14 -1.18364e-13 6.52382e-12) (3.9721e-14 -2.66492e-14 7.32319e-12) (-1.67181e-13 -9.70276e-14 6.86305e-12) (8.83834e-14 9.39544e-14 7.03956e-12) (-5.20455e-14 1.39305e-14 6.73457e-12) (6.34729e-14 4.78289e-15 7.44827e-12) (-2.50979e-14 -4.08729e-14 7.27849e-12) (-4.206e-15 -7.00243e-15 7.3256e-12) (-6.27365e-14 -5.25026e-14 8.13718e-12) (-3.68327e-15 3.73414e-15 6.73345e-12)
3750          (2.98863e-12 -4.90347e-18 6.49634e-12) (4.8155e-13 3.81951e-13 9.06486e-12) (7.20254e-14 -1.97438e-14 1.00194e-11) (-2.63915e-13 -1.50487e-13 1.07168e-11) (1.49925e-13 1.62215e-13 1.21855e-11) (-9.56462e-14 2.47595e-14 1.2387e-11) (1.20264e-13 8.84321e-15 1.41196e-11) (-4.8251e-14 -7.8467e-14 1.39418e-11) (-7.97045e-15 -1.34779e-14 1.40331e-11) (-1.1996e-13 -1.00364e-13 1.55408e-11) (-7.02436e-15 7.12136e-15 1.2837e-11)
3800          (-2.86573e-12 -8.22398e-18 -6.19346e-12) (-2.10878e-13 -1.53252e-13 -5.60408e-12) (-1.32323e-14 -1.01645e-14 -1.16765e-12) (-3.52638e-14 -1.76613e-14 1.17959e-12) (2.95212e-14 3.41898e-14 2.57935e-12) (-2.54356e-14 5.74448e-15 3.32345e-12) (3.70801e-14 2.26831e-15 4.38589e-12) (-1.80791e-14 -2.85419e-14 4.82415e-12) (-3.39365e-15 -4.63805e-15 5.24363e-12) (-4.65977e-14 -3.9072e-14 6.08334e-12) (-2.79508e-15 2.83221e-15 5.10856e-12)
3850          (1.57098e-12 -9.35228e-18 3.80933e-12) (-3.95742e-13 -4.7292e-13 5.56571e-12) (4.0192e-15 -1.53665e-14 2.54564e-12) (-1.8648e-14 -1.25849e-14 7.61936e-13) (4.54845e-15 4.46591e-15 3.23488e-13) (-2.75241e-15 5.21357e-16 3.6653e-13) (5.35379e-15 1.87073e-16 6.40036e-13) (-3.65782e-15 -5.53712e-15 8.64831e-13) (-7.82221e-16 -8.23972e-16 1.0547e-12) (-9.82874e-15 -8.26113e-15 1.29426e-12) (-6.06132e-16 6.10134e-16 1.1062e-12)
3900          (-4.41795e-13 2.78085e-18 1.31937e-13) (-9.00705e-13 -1.03244e-12 1.00331e-11) (5.29388e-14 -6.06794e-14 1.25617e-11) (-2.54582e-13 -1.50228e-13 1.05148e-11) (1.19839e-13 1.22128e-13 9.00674e-12) (-5.51988e-14 1.69729e-14 6.96741e-12) (5.35753e-14 5.20327e-15 6.18762e-12) (-1.39168e-14 -2.46385e-14 4.91504e-12) (-1.69452e-15 -4.71044e-15 4.17887e-12) (-3.25792e-14 -2.71042e-14 4.15823e-12) (-1.81607e-15 1.83552e-15 3.30624e-12)
3950          (-9.56775e-13 1.50705e-19 -7.63063e-13) (-1.72161e-12 -1.8199e-12 6.12007e-12) (-1.57233e-14 -5.13353e-14 4.29163e-12) (-5.89543e-14 -3.5741e-14 2.54909e-12) (3.14475e-14 3.5103e-14 2.73039e-12) (-2.342e-14 5.53092e-15 3.12855e-12) (3.32333e-14 2.14623e-15 3.94347e-12) (-1.49419e-14 -2.38473e-14 4.13964e-12) (-2.52242e-15 -3.98968e-15 4.29403e-12) (-3.70935e-14 -3.10387e-14 4.81307e-12) (-2.19054e-15 2.21309e-15 3.98771e-12)
4000          (-5.12587e-13 4.44259e-18 -1.31914e-12) (1.55237e-13 1.93593e-13 -2.8657e-12) (-6.11363e-15 6.07049e-15 -1.65217e-12) (-4.51343e-15 -2.98297e-17 8.25245e-14) (1.48401e-14 1.94568e-14 1.53664e-12) (-1.8787e-14 3.74417e-15 2.49972e-12) (2.97695e-14 1.71554e-15 3.5347e-12) (-1.46498e-14 -2.31156e-14 3.92117e-12) (-2.60533e-15 -3.81728e-15 4.20626e-12) (-3.69668e-14 -3.09661e-14 4.80807e-12) (-2.19379e-15 2.2282e-15 4.01159e-12)
4050          (1.43845e-12 -4.216e-18 2.61671e-12) (7.76866e-13 7.90418e-13 -3.67529e-13) (1.19725e-14 1.38464e-14 -3.01038e-13) (-1.00464e-14 -4.68156e-15 2.404e-13) (8.9909e-15 1.12512e-14 8.40094e-13) (-1.11568e-14 2.06429e-15 1.43625e-12) (1.88592e-14 9.16527e-16 2.24945e-12) (-1.07413e-14 -1.66012e-14 2.71213e-12) (-2.11057e-15 -2.65949e-15 3.08079e-12) (-2.7857e-14 -2.33796e-14 3.64075e-12) (-1.67259e-15 1.70705e-15 3.07285e-12)
4100          (-8.25072e-13 -4.20533e-19 -2.31518e-12) (1.00483e-12 1.0176e-12 2.33157e-13) (6.47046e-14 -4.71204e-15 6.92531e-12) (-2.19345e-13 -1.24919e-13 8.84584e-12) (1.18533e-13 1.24527e-13 9.21377e-12) (-6.42956e-14 1.82707e-14 8.15662e-12) (6.98913e-14 6.07942e-15 8.10992e-12) (-2.20845e-14 -3.75483e-14 7.09621e-12) (-3.11952e-15 -6.90163e-15 6.50926e-12) (-5.29704e-14 -4.41811e-14 6.80065e-12) (-2.99626e-15 3.05633e-15 5.5024e-12)
4150          (3.13681e-13 6.88185e-19 1.64319e-12) (-1.28271e-12 -1.38762e-12 6.9302e-12) (-8.57696e-15 -3.37212e-14 3.40182e-12) (-1.42238e-14 -1.10747e-14 7.09642e-13) (-5.90882e-16 -1.34171e-15 -7.82719e-14) (1.2142e-15 -4.46039e-16 -1.24753e-13) (4.58076e-16 -2.11571e-16 8.38103e-14) (-2.0671e-15 -2.82768e-15 3.5699e-13) (-5.78329e-16 -3.24061e-16 5.89154e-13) (-6.09621e-15 -5.15178e-15 8.15236e-13) (-3.95613e-16 3.9601e-16 7.21702e-13)
4200          (-1.11869e-12 1.20749e-18 -1.25074e-12) (-1.09104e-12 -1.22836e-12 9.35973e-12) (4.53509e-14 -7.3804e-14 1.29475e-11) (-2.63563e-13 -1.55896e-13 1.07098e-11) (1.21691e-13 1.23591e-13 9.06737e-12) (-5.57538e-14 1.71154e-14 7.00394e-12) (5.41726e-14 5.22363e-15 6.26143e-12) (-1.43571e-14 -2.52838e-14 5.01849e-12) (-1.8019e-15 -4.80472e-15 4.29916e-12) (-3.36047e-14 -2.79707e-14 4.29741e-12) (-1.87414e-15 1.89275e-15 3.4238e-12)
4250          (9.47633e-13 9.54882e-18 2.94005e-12) (-9.32557e-13 -1.08965e-12 1.17806e-11) (3.85624e-14 -4.24658e-14 9.77987e-12) (-1.29935e-13 -8.04341e-14 5.6778e-12) (4.87706e-14 4.70293e-14 3.49501e-12) (-1.60955e-14 5.76344e-15 2.06878e-12) (1.28668e-14 1.4185e-15 1.50626e-12) (-2.80735e-15 -5.07415e-15 1.06787e-12) (-3.40157e-16 -9.35562e-16 8.6904e-13) (-6.67303e-15 -5.56103e-15 8.60236e-13) (-3.89485e-16 3.78409e-16 6.8625e-13)
4300          (3.66575e-12 -6.15213e-18 7.96704e-12) (2.9057e-13 1.41455e-13 1.27034e-11) (8.68003e-14 -2.36552e-14 1.24197e-11) (-2.96491e-13 -1.70193e-13 1.22125e-11) (1.65761e-13 1.78948e-13 1.34795e-11) (-1.04543e-13 2.71624e-14 1.35851e-11) (1.31479e-13 9.65548e-15 1.54504e-11) (-5.28681e-14 -8.59264e-14 1.52606e-11) (-8.75171e-15 -1.47239e-14 1.53755e-11) (-1.31511e-13 -1.10015e-13 1.70419e-11) (-7.71531e-15 7.80826e-15 1.40818e-11)
4350          (4.89884e-12 1.52612e-17 9.76474e-12) (1.61906e-12 1.54883e-12 8.14534e-12) (1.02318e-13 9.19631e-15 9.93553e-12) (-3.08235e-13 -1.73494e-13 1.25124e-11) (1.82462e-13 1.97952e-13 1.48842e-11) (-1.16369e-13 3.04069e-14 1.50857e-11) (1.43713e-13 1.08798e-14 1.68613e-11) (-5.52237e-14 -9.04641e-14 1.62753e-11) (-8.79682e-15 -1.56747e-14 1.60727e-11) (-1.359e-13 -1.13619e-13 1.75815e-11) (-7.93634e-15 8.01976e-15 1.44585e-11)
4400          (2.00674e-12 -8.75635e-19 4.14645e-12) (9.51136e-13 8.39038e-13 1.01934e-11) (1.20453e-13 -3.34458e-14 1.63146e-11) (-4.34036e-13 -2.48922e-13 1.75416e-11) (2.31601e-13 2.44466e-13 1.81639e-11) (-1.3018e-13 3.60746e-14 1.66415e-11) (1.48685e-13 1.21305e-14 1.73634e-11) (-5.25142e-14 -8.72813e-14 1.60169e-11) (-8.13043e-15 -1.5428e-14 1.53959e-11) (-1.28622e-13 -1.07471e-13 1.66103e-11) (-7.45447e-15 7.54712e-15 1.36023e-11)
4450          (2.64516e-12 -6.11342e-18 5.67398e-12) (4.8856e-13 3.72284e-13 9.86658e-12) (8.17781e-14 -2.127e-14 1.12547e-11) (-2.88262e-13 -1.64871e-13 1.16737e-11) (1.59883e-13 1.71766e-13 1.28632e-11) (-9.87466e-14 2.59733e-14 1.27549e-11) (1.21582e-13 9.13521e-15 1.42702e-11) (-4.76096e-14 -7.76979e-14 1.38987e-11) (-7.77217e-15 -1.33849e-14 1.38604e-11) (-1.17879e-13 -9.8586e-14 1.52678e-11) (-6.90975e-15 6.98259e-15 1.259e-11)
4500          (-4.56169e-13 1.18589e-17 6.58067e-13) (-1.50045e-12 -1.78271e-12 2.08153e-11) (1.24979e-13 -1.15364e-13 2.64714e-11) (-5.64856e-13 -3.30773e-13 2.31891e-11) (2.79639e-13 2.90895e-13 2.15972e-11) (-1.46704e-13 4.17644e-14 1.87542e-11) (1.63274e-13 1.35864e-14 1.90516e-11) (-5.64881e-14 -9.41858e-14 1.73621e-11) (-8.7276e-15 -1.66796e-14 1.66062e-11) (-1.38494e-13 -1.1571e-13 1.78848e-11) (-8.02573e-15 8.12185e-15 1.46406e-11)
4550          (1.04805e-12 9.04177e-19 4.12842e-12) (-1.81772e-12 -2.11632e-12 2.19444e-11) (9.28445e-14 -1.08044e-13 2.2707e-11) (-4.4129e-13 -2.60121e-13 1.82488e-11) (2.15772e-13 2.25197e-13 1.68061e-11) (-1.16076e-13 3.24444e-14 1.49447e-11) (1.33718e-13 1.06525e-14 1.56814e-11) (-4.92312e-14 -8.1087e-14 1.47278e-11) (-7.86651e-15 -1.40873e-14 1.44024e-11) (-1.214e-13 -1.01496e-13 1.57157e-11) (-7.10157e-15 7.16042e-15 1.2923e-11)
4600          (3.17506e-12 -3.72136e-18 7.37513e-12) (2.45069e-14 -1.415e-13 1.44567e-11) (8.85214e-14 -4.10215e-14 1.46911e-11) (-3.095e-13 -1.80617e-13 1.28825e-11) (1.59449e-13 1.68425e-13 1.26204e-11) (-9.06999e-14 2.46909e-14 1.17189e-11) (1.08313e-13 8.35424e-15 1.26904e-11) (-4.14893e-14 -6.79695e-14 1.21987e-11) (-6.78759e-15 -1.17861e-14 1.21236e-11) (-1.0318e-13 -8.62973e-14 1.33569e-11) (-6.01773e-15 6.11723e-15 1.10179e-11)
4650          (2.59201e-12 -5.28181e-18 6.87494e-12) (-1.02982e-12 -1.2755e-12 1.97659e-11) (9.92566e-14 -7.36352e-14 1.95965e-11) (-4.19163e-13 -2.43816e-13 1.74689e-11) (2.22252e-13 2.36546e-13 1.77887e-11) (-1.30254e-13 3.51184e-14 1.68904e-11) (1.56655e-13 1.21016e-14 1.83618e-11) (-5.91419e-14 -9.71443e-14 1.75331e-11) (-9.41912e-15 -1.68975e-14 1.7255e-11) (-1.45864e-13 -1.21938e-13 1.88621e-11) (-8.49835e-15 8.60772e-15 1.55107e-11)
4700          (-4.90624e-14 -3.68859e-18 1.59489e-12) (-1.8344e-12 -2.03866e-12 1.46721e-11) (4.12468e-14 -7.86753e-14 1.37447e-11) (-2.5466e-13 -1.50455e-13 1.06334e-11) (1.26863e-13 1.33842e-13 1.00642e-11) (-7.2258e-14 1.9553e-14 9.38763e-12) (8.76362e-14 6.59607e-15 1.03138e-11) (-3.47353e-14 -5.65027e-14 1.00681e-11) (-5.79135e-15 -9.62951e-15 1.01274e-11) (-8.66438e-14 -7.25057e-14 1.12411e-11) (-5.10917e-15 5.15236e-15 9.29793e-12)
4750          (4.73332e-12 4.28196e-18 1.15597e-11) (-9.26684e-13 -1.19518e-12 2.11778e-11) (8.29167e-14 -7.09781e-14 1.76987e-11) (-3.50032e-13 -2.04779e-13 1.44292e-11) (1.80055e-13 1.91151e-13 1.43337e-11) (-1.05549e-13 2.83147e-14 1.36584e-11) (1.27908e-13 9.72292e-15 1.50255e-11) (-4.9519e-14 -8.09227e-14 1.45208e-11) (-8.04291e-15 -1.39491e-14 1.44224e-11) (-1.22401e-13 -1.02364e-13 1.58546e-11) (-7.17667e-15 7.24295e-15 1.30655e-11)
4800          (3.2976e-12 2.07294e-19 7.66234e-12) (-5.91064e-13 -8.01838e-13 1.58948e-11) (7.09643e-14 -3.89372e-14 1.28455e-11) (-2.49746e-13 -1.4584e-13 1.03677e-11) (1.31976e-13 1.41956e-13 1.07192e-11) (-8.33513e-14 2.13228e-14 1.08958e-11) (1.08463e-13 7.54828e-15 1.27981e-11) (-4.66823e-14 -7.49852e-14 1.30887e-11) (-8.08587e-15 -1.2555e-14 1.3553e-11) (-1.1753e-13 -9.84085e-14 1.52776e-11) (-6.97652e-15 7.0396e-15 1.26997e-11)
4850          (9.96636e-15 -3.66471e-18 1.82162e-12) (-1.73145e-12 -2.01616e-12 2.07571e-11) (1.08296e-13 -1.15981e-13 2.47555e-11) (-5.28611e-13 -3.09124e-13 2.16581e-11) (2.64609e-13 2.76412e-13 2.05471e-11) (-1.41827e-13 3.99844e-14 1.81475e-11) (1.59625e-13 1.31714e-14 1.86362e-11) (-5.57801e-14 -9.28438e-14 1.70783e-11) (-8.62167e-15 -1.64212e-14 1.63728e-11) (-1.3666e-13 -1.14169e-13 1.76471e-11) (-7.91686e-15 8.01192e-15 1.44483e-11)
4900          (2.57805e-12 5.94916e-18 5.42712e-12) (5.80373e-13 5.52208e-13 3.58271e-12) (3.5964e-14 3.66092e-17 3.68102e-12) (-1.44748e-13 -7.9876e-14 5.77766e-12) (9.59972e-14 1.07528e-13 8.14826e-12) (-7.096e-14 1.72162e-14 9.27393e-12) (9.58413e-14 6.57164e-15 1.12711e-11) (-4.11529e-14 -6.6276e-14 1.15761e-11) (-7.00527e-15 -1.12207e-14 1.19375e-11) (-1.03251e-13 -8.64242e-14 1.33984e-11) (-6.08206e-15 6.16941e-15 1.11166e-11)
4950          (1.9051e-12 3.22324e-18 3.54349e-12) (1.18336e-12 1.13643e-12 5.64152e-12) (9.89184e-14 -7.86029e-15 1.10778e-11) (-3.44143e-13 -1.94701e-13 1.3953e-11) (1.97255e-13 2.1166e-13 1.58301e-11) (-1.1919e-13 3.19823e-14 1.53453e-11) (1.41823e-13 1.11762e-14 1.65776e-11) (-5.19955e-14 -8.59055e-14 1.56205e-11) (-8.13176e-15 -1.50959e-14 1.51979e-11) (-1.27714e-13 -1.06738e-13 1.6496e-11) (-7.41112e-15 7.51212e-15 1.35315e-11)
5000          (5.05586e-12 9.94504e-18 1.12605e-11) (3.04927e-13 4.15483e-14 2.22535e-11) (1.48341e-13 -4.54205e-14 2.20047e-11) (-4.73386e-13 -2.75242e-13 1.96197e-11) (2.44792e-13 2.58035e-13 1.92877e-11) (-1.37102e-13 3.77984e-14 1.76591e-11) (1.59793e-13 1.27157e-14 1.86989e-11) (-5.85104e-14 -9.65939e-14 1.75577e-11) (-9.27851e-15 -1.6914e-14 1.71204e-11) (-1.44157e-13 -1.20499e-13 1.86359e-11) (-8.37334e-15 8.49357e-15 1.53079e-11)
