# Probe 0 (0.0015 0.0015 0)
# Probe 1 (0.0015 0.0015 0.002)
# Probe 2 (0.0015 0.0015 0.004)
# Probe 3 (0.0015 0.0015 0.006)
# Probe 4 (0.0015 0.0015 0.008)
# Probe 5 (0.0015 0.0015 0.01)
# Probe 6 (0.0015 0.0015 0.012)
# Probe 7 (0.0015 0.0015 0.014)
# Probe 8 (0.0015 0.0015 0.016)
# Probe 9 (0.0015 0.0015 0.018)
# Probe 10 (0.0015 0.0015 0.02)
# Time        0             1             2             3             4             5             6             7             8             9             10           
50            63268.2       63268.2       63268.2       63268.2       63268.2       63268.2       63268.2       63268.2       63268.2       63268.2       63268.2      
100           101734        101734        101734        101734        101734        101734        101734        101734        101734        101734        101734       
150           114430        114430        114430        114430        114430        114430        114430        114430        114430        114430        114430       
200           118026        118026        118026        118026        118026        118026        118026        118026        118026        118026        118026       
250           118953        118953        118953        118953        118953        118953        118953        118953        118953        118953        118953       
300           119191        119191        119191        119191        119191        119191        119191        119191        119191        119191        119191       
350           119254        119254        119254        119254        119254        119254        119254        119254        119254        119254        119254       
400           119271        119271        119271        119271        119271        119271        119271        119271        119271        119271        119271       
450           119276        119276        119276        119276        119276        119276        119276        119276        119276        119276        119276       
500           119277        119277        119277        119277        119277        119277        119277        119277        119277        119277        119277       
550           119277        119277        119277        119277        119277        119277        119277        119277        119277        119277        119277       
600           119277        119277        119277        119277        119277        119277        119277        119277        119277        119277        119277       
650           119277        119277        119277        119277        119277        119277        119277        119277        119277        119277        119277       
700           119277        119277        119277        119277        119277        119277        119277        119277        119277        119277        119277       
750           119277        119277        119277        119277        119277        119277        119277        119277        119277        119277        119277       
800           119277        119277        119277        119277        119277        119277        119277        119277        119277        119277        119277       
850           119277        119277        119277        119277        119277        119277        119277        119277        119277        119277        119277       
900           119277        119277        119277        119277        119277        119277        119277        119277        119277        119277        119277       
950           119277        119277        119277        119277        119277        119277        119277        119277        119277        119277        119277       
1000          119277        119277        119277        119277        119277        119277        119277        119277        119277        119277        119277       
1050          119277        119277        119277        119277        119277        119277        119277        119277        119277        119277        119277       
1100          119277        119277        119277        119277        119277        119277        119277        119277        119277        119277        119277       
1150          119277        119277        119277        119277        119277        119277        119277        119277        119277        119277        119277       
1200          119277        119277        119277        119277        119277        119277        119277        119277        119277        119277        119277       
1250          119277        119277        119277        119277        119277        119277        119277        119277        119277        119277        119277       
1300          119277        119277        119277        119277        119277        119277        119277        119277        119277        119277        119277       
1350          119277        119277        119277        119277        119277        119277        119277        119277        119277        119277        119277       
1400          119277        119277        119277        119277        119277        119277        119277        119277        119277        119277        119277       
1450          119277        119277        119277        119277        119277        119277        119277        119277        119277        119277        119277       
1500          119277        119277        119277        119277        119277        119277        119277        119277        119277        119277        119277       
1550          119277        119277        119277        119277        119277        119277        119277        119277        119277        119277        119277       
1600          119277        119277        119277        119277        119277        119277        119277        119277        119277        119277        119277       
1650          119277        119277        119277        119277        119277        119277        119277        119277        119277        119277        119277       
1700          119277        119277        119277        119277        119277        119277        119277        119277        119277        119277        119277       
1750          119277        119277        119277        119277        119277        119277        119277        119277        119277        119277        119277       
1800          119277        119277        119277        119277        119277        119277        119277        119277        119277        119277        119277       
1850          119277        119277        119277        119277        119277        119277        119277        119277        119277        119277        119277       
1900          119277        119277        119277        119277        119277        119277        119277        119277        119277        119277        119277       
1950          119277        119277        119277        119277        119277        119277        119277        119277        119277        119277        119277       
2000          119277        119277        119277        119277        119277        119277        119277        119277        119277        119277        119277       
2050          119277        119277        119277        119277        119277        119277        119277        119277        119277        119277        119277       
2100          119277        119277        119277        119277        119277        119277        119277        119277        119277        119277        119277       
2150          119277        119277        119277        119277        119277        119277        119277        119277        119277        119277        119277       
2200          119277        119277        119277        119277        119277        119277        119277        119277        119277        119277        119277       
2250          119277        119277        119277        119277        119277        119277        119277        119277        119277        119277        119277       
2300          119277        119277        119277        119277        119277        119277        119277        119277        119277        119277        119277       
2350          119277        119277        119277        119277        119277        119277        119277        119277        119277        119277        119277       
2400          119277        119277        119277        119277        119277        119277        119277        119277        119277        119277        119277       
2450          119277        119277        119277        119277        119277        119277        119277        119277        119277        119277        119277       
2500          119277        119277        119277        119277        119277        119277        119277        119277        119277        119277        119277       
2550          119277        119277        119277        119277        119277        119277        119277        119277        119277        119277        119277       
2600          119277        119277        119277        119277        119277        119277        119277        119277        119277        119277        119277       
2650          119277        119277        119277        119277        119277        119277        119277        119277        119277        119277        119277       
2700          119277        119277        119277        119277        119277        119277        119277        119277        119277        119277        119277       
2750          119277        119277        119277        119277        119277        119277        119277        119277        119277        119277        119277       
2800          119277        119277        119277        119277        119277        119277        119277        119277        119277        119277        119277       
2850          119277        119277        119277        119277        119277        119277        119277        119277        119277        119277        119277       
2900          119277        119277        119277        119277        119277        119277        119277        119277        119277        119277        119277       
2950          119277        119277        119277        119277        119277        119277        119277        119277        119277        119277        119277       
3000          119277        119277        119277        119277        119277        119277        119277        119277        119277        119277        119277       
3050          119277        119277        119277        119277        119277        119277        119277        119277        119277        119277        119277       
3100          119277        119277        119277        119277        119277        119277        119277        119277        119277        119277        119277       
3150          119277        119277        119277        119277        119277        119277        119277        119277        119277        119277        119277       
3200          119277        119277        119277        119277        119277        119277        119277        119277        119277        119277        119277       
3250          119277        119277        119277        119277        119277        119277        119277        119277        119277        119277        119277       
3300          119277        119277        119277        119277        119277        119277        119277        119277        119277        119277        119277       
3350          119277        119277        119277        119277        119277        119277        119277        119277        119277        119277        119277       
3400          119277        119277        119277        119277        119277        119277        119277        119277        119277        119277        119277       
3450          119277        119277        119277        119277        119277        119277        119277        119277        119277        119277        119277       
3500          119277        119277        119277        119277        119277        119277        119277        119277        119277        119277        119277       
3550          119277        119277        119277        119277        119277        119277        119277        119277        119277        119277        119277       
3600          119277        119277        119277        119277        119277        119277        119277        119277        119277        119277        119277       
3650          119277        119277        119277        119277        119277        119277        119277        119277        119277        119277        119277       
3700          119277        119277        119277        119277        119277        119277        119277        119277        119277        119277        119277       
3750          119277        119277        119277        119277        119277        119277        119277        119277        119277        119277        119277       
3800          119277        119277        119277        119277        119277        119277        119277        119277        119277        119277        119277       
3850          119277        119277        119277        119277        119277        119277        119277        119277        119277        119277        119277       
3900          119277        119277        119277        119277        119277        119277        119277        119277        119277        119277        119277       
3950          119277        119277        119277        119277        119277        119277        119277        119277        119277        119277        119277       
4000          119277        119277        119277        119277        119277        119277        119277        119277        119277        119277        119277       
4050          119277        119277        119277        119277        119277        119277        119277        119277        119277        119277        119277       
4100          119277        119277        119277        119277        119277        119277        119277        119277        119277        119277        119277       
4150          119277        119277        119277        119277        119277        119277        119277        119277        119277        119277        119277       
4200          119277        119277        119277        119277        119277        119277        119277        119277        119277        119277        119277       
4250          119277        119277        119277        119277        119277        119277        119277        119277        119277        119277        119277       
4300          119277        119277        119277        119277        119277        119277        119277        119277        119277        119277        119277       
4350          119277        119277        119277        119277        119277        119277        119277        119277        119277        119277        119277       
4400          119277        119277        119277        119277        119277        119277        119277        119277        119277        119277        119277       
4450          119277        119277        119277        119277        119277        119277        119277        119277        119277        119277        119277       
4500          119277        119277        119277        119277        119277        119277        119277        119277        119277        119277        119277       
4550          119277        119277        119277        119277        119277        119277        119277        119277        119277        119277        119277       
4600          119277        119277        119277        119277        119277        119277        119277        119277        119277        119277        119277       
4650          119277        119277        119277        119277        119277        119277        119277        119277        119277        119277        119277       
4700          119277        119277        119277        119277        119277        119277        119277        119277        119277        119277        119277       
4750          119277        119277        119277        119277        119277        119277        119277        119277        119277        119277        119277       
4800          119277        119277        119277        119277        119277        119277        119277        119277        119277        119277        119277       
4850          119277        119277        119277        119277        119277        119277        119277        119277        119277        119277        119277       
4900          119277        119277        119277        119277        119277        119277        119277        119277        119277        119277        119277       
4950          119277        119277        119277        119277        119277        119277        119277        119277        119277        119277        119277       
5000          119277        119277        119277        119277        119277        119277        119277        119277        119277        119277        119277       
