# Probe 0 (0.0015 0.0015 0)
# Probe 1 (0.0015 0.0015 0.002)
# Probe 2 (0.0015 0.0015 0.004)
# Probe 3 (0.0015 0.0015 0.006)
# Probe 4 (0.0015 0.0015 0.008)
# Probe 5 (0.0015 0.0015 0.01)
# Probe 6 (0.0015 0.0015 0.012)
# Probe 7 (0.0015 0.0015 0.014)
# Probe 8 (0.0015 0.0015 0.016)
# Probe 9 (0.0015 0.0015 0.018)
# Probe 10 (0.0015 0.0015 0.02)
# Time        0             1             2             3             4             5             6             7             8             9             10           
50            159701        108152        73967.4       60236.8       55064.3       53098.2       52117.1       50994.1       48581.9       42818.7       29815        
100           177835        133913        93085.7       70508.9       59661.6       54657.5       51972.3       49537         45731.9       38764.8       26638        
150           186493        148896        108980        81899.5       66125.1       57605.9       52651.4       48638.7       43650.2       36110.8       24850.8      
200           191689        158388        120876        92317         73167.3       61387.6       53979.7       48263.6       42192.6       34289         23706.3      
250           195217        164985        129807        101163        80020.5       65610.9       55869.6       48437         41311.8       33064.3       22945.4      
300           197790        169858        136682        108491        86283.3       69930.4       58158.4       49097         40933.2       32296.5       22447        
350           199755        173607        142109        114549        91830         74113.9       60677.8       50144.4       40973.6       31890.9       22143.8      
400           201303        176578        146483        119589        96678.6       78035.2       63288.2       51474.6       41351.1       31775.4       21992        
450           202553        178985        150072        123820        100902        81642.6       65888.6       52992.4       41989.6       31891.9       21960.7      
500           203580        180969        153061        127407        104587        84929.9       68413.6       54619.9       42822.4       32191         22024.7      
550           204437        182630        155583        130478        107816        87913.5       70825.9       56296.7       43791.9       32630.2       22163.5      
600           205162        184039        157736        133132        110660        90617.9       73105.5       57977.9       44850.4       33173.2       22359.8      
650           205783        185247        159593        135445        113179        93070.4       75244.3       59631.3       45959.2       33789.3       22598.6      
700           206320        186293        161210        137476        115421        95297.5       77241.5       61234.6       47087.6       34452.3       22867.4      
750           206789        187208        162630        139273        117427        97323.3       79100.4       62772.9       48211.7       35140.9       23155.2      
800           207201        188013        163885        140872        119230        99169.6       80826.6       64236.6       49313.5       35837.5       23453        
850           207566        188728        165002        142303        120857        100855        82427         65620.8       50380.4       36528.8       23753.6      
900           207891        189365        166002        143590        122331        102396        83909.1       66923         51402.6       37203.8       24050.9      
950           208183        189938        166902        144752        123669        103806        85279.5       68143         52375.2       37856.4       24341.7      
1000          208446        190453        167713        145804        124886        105098        86545.5       69281.8       53293.9       38480.5       24622.2      
1050          208684        190919        168449        146760        125997        106283        87714.2       70341.6       54157         39072.3       24889.9      
1100          208899        191342        169117        147631        127012        107370        88792.2       71325.5       54964         39629.8       25143.4      
1150          209095        191727        169726        148425        127940        108368        89785.8       72237         55716         40152.4       25381.9      
1200          209274        192078        170281        149151        128789        109283        90700.7       73079.4       56413.9       40639.3       25605.1      
1250          209437        192398        170788        149815        129568        110124        91542.8       73857.4       57060.7       41092.3       25813        
1300          209586        192691        171252        150423        130281        110895        92317.1       74574.1       57657.9       41511.5       26005.9      
1350          209722        192959        171676        150979        130935        111603        93028.9       75234.1       58209         41899.1       26184.5      
1400          209847        193204        172065        151489        131534        112253        93682.7       75841.1       58716.6       42256.8       26349.4      
1450          209961        193429        172421        151956        132084        112849        94282.8       76398.8       59183.3       42585.9       26501.3      
1500          210066        193634        172748        152384        132588        113395        94833.4       76910.7       59612.1       42888.4       26641        
1550          210162        193823        173047        152777        133050        113896        95338.4       77380.4       60005.5       43166.2       26769.4      
1600          210250        193996        173321        153136        133473        114356        95801.2       77810.9       60366.4       43421         26887.2      
1650          210330        194154        173572        153466        133861        114777        96225.3       78205.5       60697.1       43654.6       26995.2      
1700          210404        194299        173802        153768        134216        115162        96613.7       78566.8       60999.9       43868.5       27094.1      
1750          210471        194432        174013        154044        134541        115515        96969.4       78897.6       61277.2       44064.4       27184.7      
1800          210533        194554        174206        154297        134839        115838        97294.8       79200.4       61530.9       44243.6       27267.6      
1850          210590        194665        174382        154529        135111        116133        97592.7       79477.3       61763         44407.6       27343.4      
1900          210642        194767        174544        154741        135361        116404        97865.1       79730.6       61975.2       44557.4       27412.7      
1950          210689        194860        174692        154935        135589        116651        98114.2       79962.3       62169.2       44694.5       27476        
2000          210733        194946        174827        155112        135798        116878        98342         80174         62346.6       44819.7       27533.9      
2050          210772        195024        174951        155275        135988        117084        98550.3       80367.5       62508.6       44934.1       27586.8      
2100          210809        195095        175065        155423        136163        117273        98740.6       80544.3       62656.6       45038.6       27635.1      
2150          210842        195160        175168        155559        136322        117446        98914.5       80705.8       62791.9       45134         27679.3      
2200          210872        195220        175263        155683        136468        117604        99073.4       80853.5       62915.4       45221.2       27719.6      
2250          210900        195275        175349        155796        136601        117748        99218.5       80988.2       63028.2       45300.8       27756.4      
2300          210926        195325        175428        155900        136723        117880        99351.1       81111.3       63131.2       45373.5       27789.9      
2350          210949        195370        175500        155995        136834        118001        99472.2       81223.8       63225.3       45439.9       27820.6      
2400          210970        195412        175566        156081        136936        118111        99582.8       81326.4       63311.1       45500.4       27848.6      
2450          210989        195450        175627        156160        137029        118211        99683.7       81420.1       63389.5       45555.7       27874.1      
2500          211007        195485        175682        156232        137113        118303        99775.9       81505.7       63461.1       45606.2       27897.5      
2550          211023        195516        175732        156298        137191        118386        99860         81583.7       63526.4       45652.2       27918.8      
2600          211038        195545        175778        156358        137261        118463        99936.8       81655         63585.9       45694.2       27938.2      
2650          211051        195572        175820        156413        137326        118533        100007        81720         63640.3       45732.6       27955.9      
2700          211064        195596        175858        156463        137384        118596        100071        81779.4       63690         45767.6       27972.1      
2750          211075        195618        175893        156509        137438        118654        100129        81833.6       63735.3       45799.5       27986.8      
2800          211085        195638        175925        156550        137487        118707        100183        81883         63776.6       45828.7       28000.3      
2850          211094        195656        175954        156589        137532        118756        100231        81928.1       63814.3       45855.3       28012.6      
2900          211103        195673        175981        156623        137573        118800        100276        81969.3       63848.7       45879.5       28023.8      
2950          211111        195689        176005        156655        137610        118840        100316        82006.9       63880.1       45901.7       28034        
3000          211118        195702        176027        156684        137644        118877        100353        82041.2       63908.8       45921.8       28043.3      
3050          211124        195715        176047        156711        137675        118911        100387        82072.4       63934.9       45940.3       28051.9      
3100          211130        195727        176066        156735        137703        118941        100418        82101         63958.8       45957.1       28059.6      
3150          211136        195738        176082        156757        137729        118969        100446        82127         63980.5       45972.4       28066.7      
3200          211141        195747        176098        156777        137753        118995        100471        82150.8       64000.4       45986.4       28073.2      
3250          211145        195756        176112        156795        137774        119018        100495        82172.3       64018.4       45999.1       28079        
3300          211149        195764        176125        156812        137794        119039        100516        82192         64034.8       46010.7       28084.4      
3350          211153        195772        176136        156827        137812        119058        100535        82209.9       64049.8       46021.3       28089.3      
3400          211156        195777        176147        156840        137828        119076        100553        82226.1       64063.4       46030.8       28093.7      
3450          211160        195784        176156        156853        137842        119092        100569        82240.9       64075.7       46039.5       28097.7      
3500          211162        195789        176165        156864        137855        119106        100583        82254.3       64086.9       46047.4       28101.4      
3550          211165        195794        176172        156874        137867        119119        100596        82266.2       64096.9       46054.5       28104.6      
3600          211166        195798        176180        156883        137878        119130        100607        82277         64106         46060.9       28107.6      
3650          211169        195803        176185        156892        137888        119141        100618        82287.1       64114.4       46066.9       28110.4      
3700          211170        195806        176192        156899        137896        119150        100628        82295.7       64121.6       46072         28112.8      
3750          211173        195809        176196        156906        137904        119159        100637        82304.1       64128.7       46076.9       28115.1      
3800          211173        195812        176201        156912        137912        119167        100644        82311.4       64134.8       46081.3       28117        
3850          211176        195815        176205        156918        137918        119174        100652        82318.1       64140.4       46085.2       28118.9      
3900          211176        195817        176209        156922        137923        119180        100657        82323.3       64144.7       46088.3       28120.3      
3950          211178        195820        176213        156928        137931        119187        100665        82330.2       64150.5       46092.3       28122.2      
4000          211179        195822        176216        156932        137935        119192        100669        82334.5       64154.1       46094.8       28123.3      
4050          211180        195825        176220        156937        137941        119198        100676        82340.3       64158.9       46098.2       28124.9      
4100          211181        195826        176222        156940        137944        119202        100679        82343.6       64161.6       46100.1       28125.7      
4150          211181        195827        176225        156943        137948        119206        100683        82347.5       64164.9       46102.5       28126.9      
4200          211182        195829        176227        156946        137952        119210        100688        82351.6       64168.3       46104.9       28128        
4250          211183        195830        176228        156948        137954        119212        100690        82353.9       64170.3       46106.4       28128.7      
4300          211183        195830        176230        156949        137956        119214        100692        82355.9       64172         46107.6       28129.2      
4350          211183        195831        176231        156951        137958        119217        100694        82358         64173.9       46108.9       28129.8      
4400          211184        195832        176232        156953        137959        119219        100697        82359.9       64175.5       46110.1       28130.5      
4450          211184        195832        176233        156954        137961        119221        100699        82361.8       64177.1       46111.3       28131        
4500          211184        195833        176234        156955        137963        119222        100700        82363.7       64178.8       46112.5       28131.5      
4550          211185        195834        176235        156957        137964        119224        100702        82365         64179.8       46113.1       28131.8      
4600          211185        195834        176235        156957        137964        119224        100702        82365         64179.8       46113.1       28131.8      
4650          211185        195834        176236        156958        137966        119226        100704        82366.8       64181.4       46114.3       28132.4      
4700          211185        195834        176236        156958        137966        119226        100704        82366.8       64181.4       46114.3       28132.4      
4750          211185        195834        176236        156958        137966        119226        100704        82366.8       64181.4       46114.3       28132.4      
4800          211185        195834        176236        156958        137966        119226        100704        82366.8       64181.4       46114.3       28132.4      
4850          211185        195834        176236        156958        137966        119226        100704        82366.8       64181.4       46114.3       28132.4      
4900          211185        195834        176236        156958        137966        119226        100704        82366.8       64181.4       46114.3       28132.4      
4950          211185        195834        176236        156958        137966        119226        100704        82366.8       64181.4       46114.3       28132.4      
5000          211185        195834        176236        156958        137966        119226        100704        82366.8       64181.4       46114.3       28132.4      
