# Probe 0 (0.0015 0.0015 0)
# Probe 1 (0.0015 0.0015 0.002)
# Probe 2 (0.0015 0.0015 0.004)
# Probe 3 (0.0015 0.0015 0.006)
# Probe 4 (0.0015 0.0015 0.008)
# Probe 5 (0.0015 0.0015 0.01)
# Probe 6 (0.0015 0.0015 0.012)
# Probe 7 (0.0015 0.0015 0.014)
# Probe 8 (0.0015 0.0015 0.016)
# Probe 9 (0.0015 0.0015 0.018)
# Probe 10 (0.0015 0.0015 0.02)
# Time        0             1             2             3             4             5             6             7             8             9             10           
50            (-6.21552e-11 -5.24821e-11 1.45965e-10) (-7.61535e-11 -2.30809e-10 1.05376e-09) (-1.71036e-10 -3.59555e-11 1.2406e-09) (1.02437e-10 1.79689e-10 2.50909e-09) (1.526e-10 -2.29613e-10 2.62868e-09) (1.89123e-10 -2.37297e-10 3.12583e-09) (-4.4317e-11 -1.29019e-10 3.58955e-09) (3.15058e-10 -8.7124e-11 4.04049e-09) (4.15318e-10 -5.52615e-10 4.441e-09) (5.32569e-10 -2.98666e-10 5.47881e-09) (4.8357e-10 -7.0816e-10 6.14919e-09)
100           (-7.48488e-11 4.6318e-11 -5.47177e-11) (-1.43564e-11 -1.53026e-10 1.18162e-10) (-3.27719e-11 -4.30894e-10 9.26956e-10) (1.37535e-10 -2.71175e-10 1.09917e-09) (3.47333e-10 -4.28828e-11 1.0368e-09) (4.77471e-10 -1.62334e-10 2.3511e-09) (3.66376e-10 -4.60906e-10 2.27185e-09) (5.79766e-10 -5.07403e-10 2.54199e-09) (7.27987e-10 -8.75861e-10 4.01871e-09) (8.66675e-10 -8.1017e-10 4.19608e-09) (1.00468e-09 -8.17498e-10 5.5101e-09)
150           (1.1515e-10 -5.08352e-11 -5.55808e-11) (8.29896e-12 6.82551e-12 2.97313e-10) (1.41262e-10 1.22858e-10 1.47701e-09) (4.33325e-10 -1.49209e-10 2.05446e-09) (2.67774e-10 -3.04364e-10 2.83899e-09) (4.26492e-10 -5.78645e-10 3.88569e-09) (5.81105e-10 -6.64858e-10 4.16591e-09) (9.53266e-10 -7.88715e-10 4.91151e-09) (1.14535e-09 -1.09113e-09 5.34819e-09) (1.43511e-09 -1.3851e-09 6.05974e-09) (1.52108e-09 -1.44659e-09 6.97727e-09)
200           (8.14064e-11 -9.929e-11 -9.66349e-11) (6.50426e-11 -2.60776e-10 8.37108e-10) (2.94581e-10 7.58289e-11 1.09528e-09) (3.8546e-10 -2.9624e-10 1.00509e-09) (5.08507e-10 -1.49429e-10 1.67243e-09) (4.56823e-10 -7.56597e-10 2.29606e-09) (6.73345e-10 -8.29165e-10 3.38127e-09) (1.16239e-09 -1.06878e-09 4.0112e-09) (1.40755e-09 -1.46412e-09 5.5391e-09) (1.64487e-09 -1.72276e-09 5.03025e-09) (1.62626e-09 -1.35843e-09 5.51516e-09)
250           (-3.30288e-11 2.24726e-11 -2.86828e-10) (7.7283e-11 -1.92239e-10 5.94882e-10) (3.67484e-10 -2.9933e-10 7.54881e-10) (5.01425e-10 -3.66624e-10 8.36392e-10) (7.08632e-10 -3.60052e-10 1.85922e-09) (1.08072e-09 -8.65704e-10 2.26687e-09) (1.19008e-09 -1.3637e-09 3.13539e-09) (1.45112e-09 -1.15133e-09 3.87528e-09) (1.70376e-09 -1.42791e-09 4.74122e-09) (1.80725e-09 -1.7436e-09 5.17766e-09) (1.51846e-09 -2.11658e-09 6.42605e-09)
300           (-1.05383e-10 1.6697e-10 8.09628e-11) (4.25635e-10 -2.47141e-10 3.46365e-10) (3.32521e-10 -1.20087e-10 1.11621e-09) (4.32317e-10 -4.37681e-10 1.38869e-09) (1.04997e-09 -7.40461e-10 2.0709e-09) (1.25666e-09 -1.08216e-09 2.53814e-09) (1.54693e-09 -1.24681e-09 2.48761e-09) (1.58307e-09 -1.65466e-09 2.99182e-09) (1.74911e-09 -1.90981e-09 3.9979e-09) (1.95778e-09 -2.3215e-09 3.52384e-09) (1.98468e-09 -2.14173e-09 3.10493e-09)
350           (3.85713e-11 -6.55655e-12 -1.86282e-10) (-7.75265e-11 -1.48108e-10 6.52284e-10) (6.03018e-10 -5.18189e-10 1.04182e-09) (6.57773e-10 -7.02947e-10 1.94795e-09) (1.00493e-09 -8.32931e-10 2.58797e-09) (1.34164e-09 -9.52473e-10 2.85359e-09) (1.05471e-09 -1.51566e-09 4.13818e-09) (1.68293e-09 -1.58802e-09 4.15478e-09) (1.93844e-09 -2.10813e-09 4.89995e-09) (2.47558e-09 -2.17851e-09 5.90036e-09) (2.53609e-09 -2.26269e-09 6.05935e-09)
400           (1.06086e-10 2.47606e-11 1.39238e-11) (2.53274e-10 -2.37347e-10 1.11013e-09) (4.13866e-10 -4.46788e-10 1.3704e-09) (7.14351e-10 -7.07591e-10 2.01836e-09) (9.25891e-10 -9.49251e-10 2.45482e-09) (1.52369e-09 -1.34579e-09 3.21418e-09) (1.60508e-09 -1.58868e-09 3.54341e-09) (1.93462e-09 -1.85929e-09 3.86945e-09) (2.25851e-09 -2.03034e-09 3.84498e-09) (2.55237e-09 -2.24979e-09 3.99396e-09) (2.58131e-09 -2.34659e-09 3.85165e-09)
450           (5.08973e-11 2.74576e-11 -1.82785e-10) (5.15673e-10 -3.05775e-10 9.2765e-10) (4.12114e-10 -6.16263e-10 9.98972e-10) (6.58111e-10 -8.18533e-10 1.59471e-09) (1.05188e-09 -1.11537e-09 1.65195e-09) (1.65706e-09 -1.44258e-09 2.07481e-09) (1.94685e-09 -1.80032e-09 2.14787e-09) (2.15288e-09 -2.02124e-09 2.24122e-09) (2.37749e-09 -2.59366e-09 2.98676e-09) (2.7892e-09 -2.62691e-09 3.65747e-09) (2.92624e-09 -2.90126e-09 3.87186e-09)
500           (5.10345e-11 -1.49785e-10 4.47668e-11) (2.5991e-10 -1.77735e-10 5.32783e-10) (6.39915e-10 -4.80763e-10 1.16803e-09) (8.1943e-10 -9.86063e-10 9.4182e-10) (1.07286e-09 -1.42335e-09 1.65826e-09) (1.87497e-09 -1.66347e-09 2.33738e-09) (1.84843e-09 -1.75475e-09 2.02284e-09) (2.21663e-09 -2.03607e-09 3.06722e-09) (2.80535e-09 -2.74651e-09 2.96229e-09) (2.82527e-09 -2.93568e-09 4.48282e-09) (2.89681e-09 -3.11091e-09 4.40334e-09)
550           (1.38904e-10 4.38593e-11 3.67698e-11) (2.67199e-10 -4.21039e-10 2.12639e-10) (7.31626e-10 -8.28127e-10 2.53881e-10) (9.33534e-10 -8.1503e-10 1.10633e-09) (1.43526e-09 -1.31489e-09 1.93844e-09) (1.6739e-09 -1.83744e-09 2.4015e-09) (2.0396e-09 -2.16833e-09 2.07447e-09) (2.39434e-09 -2.46736e-09 2.93119e-09) (2.77012e-09 -2.51224e-09 2.96286e-09) (2.96464e-09 -3.14658e-09 4.13412e-09) (2.96014e-09 -2.81991e-09 5.21513e-09)
600           (4.25306e-11 -9.66591e-11 -1.03349e-10) (5.0659e-10 -6.58461e-10 -2.73527e-12) (8.64529e-10 -7.29901e-10 3.70885e-10) (1.0137e-09 -1.0145e-09 9.71292e-10) (1.16508e-09 -1.32531e-09 5.92154e-10) (1.73668e-09 -1.99407e-09 1.59526e-09) (2.27672e-09 -2.4844e-09 1.92733e-09) (2.48626e-09 -2.48228e-09 2.00441e-09) (3.13096e-09 -2.9513e-09 2.98731e-09) (3.26106e-09 -3.1166e-09 3.49504e-09) (3.23847e-09 -2.99088e-09 3.85535e-09)
650           (-4.15347e-11 -1.01119e-10 1.01061e-11) (5.69308e-10 -3.24437e-10 3.89264e-10) (9.99723e-10 -7.62147e-10 1.07353e-09) (1.29926e-09 -1.01423e-09 2.02921e-09) (1.6023e-09 -1.3635e-09 1.84285e-09) (1.91986e-09 -1.76742e-09 2.38718e-09) (2.3603e-09 -2.24814e-09 2.52373e-09) (2.70018e-09 -2.53635e-09 3.4823e-09) (3.31726e-09 -2.8508e-09 3.19622e-09) (3.2004e-09 -3.27235e-09 4.14493e-09) (3.21243e-09 -3.13781e-09 2.75677e-09)
700           (3.77256e-12 -1.29709e-10 -2.06576e-10) (5.28124e-10 -5.3882e-10 -3.54514e-10) (7.38402e-10 -6.31015e-10 5.78805e-10) (1.13714e-09 -1.26562e-09 8.4173e-10) (1.37291e-09 -1.71183e-09 9.26092e-10) (2.04174e-09 -2.11967e-09 1.83854e-09) (2.54861e-09 -2.28407e-09 1.4646e-09) (2.50075e-09 -3.0415e-09 2.10283e-09) (2.95575e-09 -3.04041e-09 2.89281e-09) (3.42757e-09 -3.31908e-09 3.64061e-09) (2.85536e-09 -3.60138e-09 3.94678e-09)
750           (2.07771e-10 5.27471e-11 -2.45989e-11) (2.22591e-10 -3.36432e-10 8.96087e-10) (6.75449e-10 -7.65847e-10 8.7152e-10) (1.20695e-09 -1.13181e-09 1.68775e-09) (1.59958e-09 -1.77913e-09 2.64606e-09) (2.21477e-09 -2.16416e-09 2.72034e-09) (2.25796e-09 -2.40479e-09 3.86823e-09) (2.84345e-09 -2.99357e-09 4.14009e-09) (3.15314e-09 -3.37188e-09 4.46493e-09) (3.62963e-09 -3.51063e-09 5.15642e-09) (3.9375e-09 -3.54806e-09 5.37916e-09)
800           (9.51941e-11 4.04285e-11 3.93546e-11) (6.16532e-10 -5.01298e-10 -1.74395e-10) (6.81752e-10 -8.69427e-10 1.31942e-09) (1.05031e-09 -1.19851e-09 1.63445e-09) (1.52051e-09 -1.70891e-09 2.79196e-09) (2.18894e-09 -2.35948e-09 3.58514e-09) (2.85126e-09 -2.66739e-09 3.40119e-09) (3.13846e-09 -3.07168e-09 4.55834e-09) (3.45898e-09 -3.44362e-09 4.30548e-09) (3.71363e-09 -3.92673e-09 4.62766e-09) (3.86663e-09 -4.02964e-09 6.96303e-09)
850           (1.46098e-10 7.79269e-11 -4.37853e-10) (4.77941e-10 -3.17617e-10 6.47317e-10) (7.23943e-10 -8.17012e-10 1.97388e-09) (1.01141e-09 -1.18806e-09 2.63244e-09) (1.6132e-09 -1.80008e-09 2.83146e-09) (2.10313e-09 -2.41562e-09 3.17951e-09) (2.87543e-09 -2.68022e-09 3.2831e-09) (3.3005e-09 -3.0004e-09 3.81722e-09) (3.48356e-09 -3.56535e-09 4.58868e-09) (3.83185e-09 -3.74855e-09 4.98147e-09) (3.87471e-09 -3.75996e-09 5.89668e-09)
900           (4.85124e-11 -1.20865e-10 1.01939e-11) (4.54041e-10 -4.07417e-10 2.77898e-10) (6.9922e-10 -7.18632e-10 7.66821e-10) (1.53397e-09 -1.30713e-09 1.57827e-09) (2.03433e-09 -1.94043e-09 1.92242e-09) (2.49989e-09 -2.16885e-09 2.59975e-09) (2.9144e-09 -2.84261e-09 3.45592e-09) (3.01848e-09 -3.29953e-09 3.38508e-09) (3.5475e-09 -3.77829e-09 4.30734e-09) (3.83368e-09 -3.87496e-09 5.16815e-09) (4.10485e-09 -3.72262e-09 5.55921e-09)
950           (-5.22216e-11 -9.94864e-11 -7.45101e-11) (5.74776e-10 -4.16058e-10 2.32086e-10) (8.0759e-10 -9.97677e-10 1.23459e-09) (1.57321e-09 -1.37812e-09 9.48877e-10) (2.09912e-09 -2.22281e-09 9.57579e-10) (2.5041e-09 -2.18947e-09 1.6827e-09) (2.8807e-09 -2.71259e-09 2.68224e-09) (3.11142e-09 -3.48184e-09 3.61448e-09) (3.74228e-09 -3.87847e-09 5.07931e-09) (4.00953e-09 -4.06081e-09 4.76045e-09) (4.27592e-09 -4.19844e-09 5.11531e-09)
1000          (9.65797e-11 -8.03128e-11 -1.20259e-10) (5.94809e-10 -3.39594e-10 1.18958e-09) (6.72918e-10 -5.3335e-10 1.46976e-09) (1.7645e-09 -1.3349e-09 1.00453e-09) (1.73134e-09 -2.0828e-09 1.41753e-09) (2.49095e-09 -2.57723e-09 1.67942e-09) (2.92956e-09 -3.12679e-09 1.70976e-09) (3.3169e-09 -3.6533e-09 2.34603e-09) (3.64883e-09 -3.92312e-09 2.3997e-09) (3.72533e-09 -3.87136e-09 3.30727e-09) (4.0354e-09 -4.12051e-09 3.29959e-09)
1050          (1.56987e-10 1.00332e-10 -3.71998e-10) (5.30155e-10 -2.79011e-10 6.24727e-11) (9.28398e-10 -9.53627e-10 1.06111e-09) (1.43036e-09 -1.44424e-09 1.10782e-09) (2.07609e-09 -2.12339e-09 1.38513e-09) (2.45492e-09 -2.52583e-09 1.99078e-09) (2.99498e-09 -3.27169e-09 2.24216e-09) (3.55253e-09 -3.5401e-09 2.56507e-09) (3.98488e-09 -3.91368e-09 2.22343e-09) (3.99721e-09 -4.00564e-09 2.6135e-09) (4.29676e-09 -4.18366e-09 2.58576e-09)
1100          (-3.87379e-11 -1.07981e-10 -1.8437e-10) (2.68572e-10 -4.67938e-10 -2.46025e-10) (9.86341e-10 -1.22309e-09 6.80942e-10) (1.50902e-09 -1.8386e-09 1.76664e-09) (2.0424e-09 -1.8296e-09 2.37632e-09) (2.53932e-09 -2.60027e-09 2.40282e-09) (3.12981e-09 -2.83923e-09 2.92841e-09) (3.62925e-09 -3.55772e-09 4.29202e-09) (3.94581e-09 -4.18422e-09 4.46508e-09) (4.15729e-09 -4.38663e-09 4.86762e-09) (4.33203e-09 -4.06623e-09 5.34937e-09)
1150          (-8.12819e-12 -6.72953e-11 -1.69306e-10) (3.32704e-10 -6.56583e-10 5.58209e-10) (1.17809e-09 -1.0478e-09 1.41992e-09) (1.73662e-09 -1.41291e-09 2.14728e-09) (2.12185e-09 -2.03972e-09 1.55026e-09) (2.6187e-09 -2.57203e-09 2.84332e-09) (3.21661e-09 -3.26689e-09 2.99048e-09) (3.56678e-09 -3.70243e-09 3.09711e-09) (4.05544e-09 -4.34674e-09 4.07243e-09) (4.26901e-09 -4.28539e-09 3.81322e-09) (4.60464e-09 -4.35481e-09 3.36982e-09)
1200          (-5.56648e-11 -1.25829e-10 1.49119e-10) (6.94496e-10 -4.24635e-10 1.20003e-09) (1.13404e-09 -1.20701e-09 1.41755e-09) (1.70585e-09 -1.7094e-09 2.07251e-09) (2.23591e-09 -2.47173e-09 2.79392e-09) (2.76362e-09 -2.62575e-09 2.88016e-09) (3.0765e-09 -3.16516e-09 3.81997e-09) (3.51537e-09 -3.76625e-09 4.23042e-09) (3.99817e-09 -4.28606e-09 4.32079e-09) (4.57854e-09 -4.67447e-09 4.89354e-09) (4.74984e-09 -4.75627e-09 5.47164e-09)
1250          (1.16271e-10 3.66635e-11 -1.69355e-10) (3.72591e-10 -5.34247e-10 1.14709e-09) (8.90733e-10 -1.02995e-09 1.41376e-09) (1.6644e-09 -1.71036e-09 2.09947e-09) (2.23179e-09 -2.35492e-09 2.72369e-09) (2.93658e-09 -2.81533e-09 3.1551e-09) (3.29363e-09 -3.29926e-09 3.76872e-09) (3.86552e-09 -3.74158e-09 4.21555e-09) (4.35555e-09 -3.87811e-09 5.00841e-09) (4.65208e-09 -4.4773e-09 5.50168e-09) (4.76904e-09 -4.32794e-09 6.13059e-09)
1300          (-8.6384e-12 7.94727e-11 -3.40176e-12) (3.94234e-10 -4.90717e-10 7.02834e-10) (1.12739e-09 -9.89526e-10 1.2938e-09) (1.51798e-09 -1.50034e-09 1.65774e-09) (2.26157e-09 -2.21791e-09 2.17826e-09) (2.95581e-09 -2.8735e-09 2.32945e-09) (3.34494e-09 -3.64359e-09 2.53252e-09) (3.61299e-09 -3.60853e-09 3.22664e-09) (4.34168e-09 -4.33338e-09 2.87362e-09) (4.3608e-09 -4.55483e-09 3.57606e-09) (4.59693e-09 -4.3811e-09 4.57456e-09)
1350          (7.74705e-11 -1.4796e-10 1.34404e-10) (5.62843e-10 -6.7262e-10 4.35258e-10) (1.10769e-09 -1.14256e-09 1.90409e-09) (1.765e-09 -1.51421e-09 2.27451e-09) (2.63164e-09 -2.2415e-09 3.32746e-09) (2.98109e-09 -2.75651e-09 3.62329e-09) (3.1096e-09 -3.34482e-09 4.56699e-09) (3.73432e-09 -3.66861e-09 5.43132e-09) (4.2466e-09 -4.34024e-09 5.27407e-09) (4.35207e-09 -4.24762e-09 5.36982e-09) (4.68226e-09 -4.44403e-09 6.2961e-09)
1400          (-1.09641e-11 -9.45376e-11 9.77907e-11) (7.82387e-10 -6.73327e-10 8.75356e-10) (1.33445e-09 -1.17087e-09 4.50881e-10) (1.8787e-09 -1.71177e-09 1.1061e-09) (2.36717e-09 -2.44953e-09 1.55127e-09) (2.87441e-09 -2.75361e-09 1.973e-09) (3.4251e-09 -3.56722e-09 3.62464e-09) (3.97192e-09 -3.84363e-09 3.2767e-09) (4.29658e-09 -4.33792e-09 3.7391e-09) (4.60218e-09 -4.73304e-09 4.46154e-09) (4.60368e-09 -4.59292e-09 4.53797e-09)
1450          (5.81835e-11 -1.99045e-11 -3.11926e-10) (6.02958e-10 -4.13792e-10 -2.9626e-10) (9.71198e-10 -1.11465e-09 1.0543e-09) (1.82581e-09 -1.53458e-09 6.93646e-10) (2.56244e-09 -2.59918e-09 8.06674e-10) (2.96708e-09 -3.20505e-09 1.9246e-09) (3.37726e-09 -3.63908e-09 2.53544e-09) (4.13302e-09 -3.74632e-09 2.71427e-09) (4.47253e-09 -4.34505e-09 3.79942e-09) (4.43824e-09 -4.76017e-09 4.39099e-09) (4.99817e-09 -4.95659e-09 4.47468e-09)
1500          (-2.70504e-11 -1.28e-10 -1.35794e-10) (6.87831e-10 -5.59427e-10 -1.81881e-10) (1.10926e-09 -1.053e-09 3.02159e-10) (1.91185e-09 -1.43981e-09 9.489e-10) (2.4884e-09 -2.46579e-09 3.82412e-10) (2.85198e-09 -3.42936e-09 1.54939e-09) (3.35758e-09 -3.71678e-09 1.94441e-09) (4.02879e-09 -4.33714e-09 2.26741e-09) (4.41099e-09 -4.44326e-09 2.25451e-09) (4.63253e-09 -4.77327e-09 4.05905e-09) (4.90224e-09 -5.08689e-09 4.00229e-09)
1550          (1.90687e-10 -1.71973e-10 -1.06141e-10) (5.97004e-10 -4.02763e-10 6.92116e-10) (9.67034e-10 -1.53176e-09 6.73982e-10) (1.69515e-09 -1.76982e-09 1.62053e-09) (2.60303e-09 -2.37694e-09 2.11022e-09) (2.92687e-09 -3.17019e-09 3.26334e-09) (3.65412e-09 -3.4627e-09 3.87357e-09) (3.91947e-09 -3.85373e-09 5.07401e-09) (4.47748e-09 -4.21559e-09 5.65178e-09) (4.6621e-09 -4.67637e-09 6.68508e-09) (4.6823e-09 -4.90206e-09 7.67462e-09)
1600          (5.53803e-11 -5.76881e-11 -6.5489e-11) (5.53432e-10 -5.37077e-10 1.09329e-09) (1.36496e-09 -1.27435e-09 1.78201e-09) (1.99952e-09 -1.93774e-09 1.92381e-09) (2.74945e-09 -2.24895e-09 3.34172e-09) (2.83612e-09 -3.06845e-09 4.02138e-09) (3.55603e-09 -3.50797e-09 4.86641e-09) (4.13468e-09 -4.27825e-09 4.11106e-09) (4.56587e-09 -4.65803e-09 4.20281e-09) (4.6346e-09 -4.83646e-09 4.83344e-09) (4.96105e-09 -4.68365e-09 6.07429e-09)
1650          (1.13593e-10 -2.13369e-10 -2.10658e-11) (4.87018e-10 -3.64355e-10 3.8334e-10) (1.1327e-09 -1.206e-09 6.71484e-10) (1.78745e-09 -1.79388e-09 1.20218e-09) (2.53761e-09 -2.07131e-09 2.22535e-09) (2.7119e-09 -2.83328e-09 3.25287e-09) (3.57648e-09 -3.66012e-09 3.49042e-09) (4.17721e-09 -4.15019e-09 3.87149e-09) (4.45986e-09 -4.53687e-09 3.73062e-09) (4.80284e-09 -4.89043e-09 4.62756e-09) (4.98152e-09 -5.12046e-09 4.55239e-09)
1700          (3.42488e-10 -1.99074e-11 4.26077e-10) (8.03517e-10 -9.30978e-10 1.20918e-10) (1.10952e-09 -1.23444e-09 8.68342e-10) (1.64516e-09 -2.17159e-09 1.14572e-09) (2.46238e-09 -2.4754e-09 1.5024e-09) (3.15265e-09 -3.04378e-09 2.20679e-09) (3.40024e-09 -3.47448e-09 3.39594e-09) (4.1009e-09 -3.97759e-09 3.39968e-09) (4.63767e-09 -4.64712e-09 3.46909e-09) (4.83404e-09 -5.04458e-09 3.93699e-09) (4.6145e-09 -5.43265e-09 4.13802e-09)
1750          (2.97333e-11 -5.69739e-11 -4.78634e-11) (4.66549e-10 -6.12808e-10 6.91618e-10) (1.22246e-09 -1.11887e-09 1.712e-09) (1.88876e-09 -1.86052e-09 1.96037e-09) (2.35931e-09 -2.61138e-09 1.74271e-09) (3.12346e-09 -2.82201e-09 2.70019e-09) (3.80355e-09 -3.74845e-09 4.06519e-09) (4.22346e-09 -4.00508e-09 4.52445e-09) (4.45124e-09 -4.69416e-09 4.70228e-09) (4.75878e-09 -5.14714e-09 5.16784e-09) (4.93419e-09 -4.8887e-09 4.96923e-09)
1800          (1.45384e-10 -1.50199e-10 -1.17774e-10) (4.73603e-10 -6.58143e-10 6.08307e-10) (1.18654e-09 -1.38406e-09 9.48564e-10) (1.70966e-09 -1.92761e-09 6.38488e-10) (2.34205e-09 -2.53058e-09 1.09925e-09) (3.0498e-09 -2.99615e-09 2.26713e-09) (3.84684e-09 -3.79642e-09 2.33833e-09) (4.4261e-09 -4.15419e-09 2.85188e-09) (4.6397e-09 -4.90675e-09 3.44423e-09) (4.84022e-09 -5.05535e-09 3.40127e-09) (5.15384e-09 -4.97777e-09 5.96183e-09)
1850          (-4.74856e-11 3.47075e-12 9.93765e-12) (4.43865e-10 -4.16271e-10 4.77247e-10) (1.03631e-09 -1.19782e-09 2.2896e-09) (1.80013e-09 -1.98842e-09 1.57017e-09) (2.32307e-09 -2.75208e-09 1.67556e-09) (2.90569e-09 -3.29031e-09 1.68061e-09) (3.5369e-09 -3.6774e-09 2.03537e-09) (4.0927e-09 -4.3616e-09 2.57087e-09) (4.72471e-09 -4.65663e-09 2.64067e-09) (4.67731e-09 -5.08361e-09 2.6765e-09) (5.34431e-09 -5.17671e-09 4.08685e-09)
1900          (2.2213e-10 -9.6834e-11 -1.47806e-10) (4.78524e-10 -5.75668e-10 5.2848e-10) (1.23588e-09 -1.23162e-09 9.5377e-10) (2.09711e-09 -1.79459e-09 8.0721e-10) (2.4148e-09 -2.68387e-09 1.93865e-09) (3.22819e-09 -3.22867e-09 2.33128e-09) (3.74078e-09 -3.57267e-09 2.30076e-09) (4.25581e-09 -4.23762e-09 2.92659e-09) (4.49607e-09 -4.85666e-09 3.4614e-09) (4.91989e-09 -5.19255e-09 4.12089e-09) (5.01836e-09 -5.62849e-09 4.16546e-09)
1950          (1.53153e-10 -4.98576e-12 1.1421e-12) (6.47811e-10 -4.99879e-10 1.34348e-10) (1.3023e-09 -1.21132e-09 1.11292e-09) (1.95411e-09 -1.86886e-09 1.64523e-09) (2.44138e-09 -2.45412e-09 2.03804e-09) (3.11804e-09 -3.10496e-09 2.91211e-09) (3.62646e-09 -3.83797e-09 3.23888e-09) (4.44431e-09 -4.15371e-09 4.11511e-09) (4.92664e-09 -4.5953e-09 5.23851e-09) (4.89717e-09 -5.1956e-09 5.35939e-09) (5.05775e-09 -5.08209e-09 6.0061e-09)
2000          (-4.58017e-12 -1.15632e-10 -1.47544e-10) (4.92642e-10 -7.95239e-10 5.63382e-11) (1.23463e-09 -1.03964e-09 1.59095e-10) (1.67018e-09 -1.75246e-09 3.20994e-11) (2.3711e-09 -2.67349e-09 1.09699e-09) (3.22321e-09 -3.33979e-09 2.04659e-09) (3.98479e-09 -3.76061e-09 2.49858e-09) (4.27478e-09 -4.27675e-09 2.4822e-09) (4.42986e-09 -4.82506e-09 2.88895e-09) (4.77406e-09 -4.99992e-09 3.6715e-09) (5.12325e-09 -5.28236e-09 3.73741e-09)
2050          (2.52567e-11 -8.78844e-11 -1.1178e-10) (7.62304e-10 -6.49018e-10 3.80378e-10) (1.32207e-09 -1.24732e-09 3.37751e-10) (1.7207e-09 -1.91859e-09 1.36972e-09) (2.39023e-09 -2.65705e-09 1.90379e-09) (3.20541e-09 -3.28479e-09 2.17511e-09) (3.63217e-09 -3.86412e-09 2.77096e-09) (4.27007e-09 -4.35577e-09 1.7179e-09) (4.63557e-09 -4.85759e-09 2.59249e-09) (5.30486e-09 -5.08152e-09 2.56097e-09) (5.37705e-09 -5.07204e-09 1.83959e-09)
2100          (6.8074e-11 -1.70142e-10 5.3949e-11) (4.32562e-10 -5.64753e-10 7.02965e-10) (1.28571e-09 -1.31498e-09 1.27307e-09) (1.93901e-09 -1.75902e-09 1.5296e-09) (2.46471e-09 -2.36427e-09 2.80825e-09) (2.70397e-09 -3.27521e-09 2.61257e-09) (3.73044e-09 -3.82187e-09 3.34346e-09) (4.42966e-09 -4.21926e-09 4.15869e-09) (4.77066e-09 -4.63329e-09 4.32513e-09) (5.03666e-09 -5.17263e-09 5.81901e-09) (5.14924e-09 -4.96209e-09 5.99353e-09)
2150          (7.4056e-11 -1.95475e-10 -2.3769e-11) (7.76951e-10 -4.83896e-10 2.7049e-10) (1.37783e-09 -1.37529e-09 1.48714e-09) (1.97648e-09 -1.99348e-09 2.05276e-09) (2.75289e-09 -2.70199e-09 2.39115e-09) (3.47003e-09 -3.43664e-09 4.03864e-09) (3.74381e-09 -3.66174e-09 4.22322e-09) (4.39471e-09 -4.36964e-09 3.92701e-09) (5.05599e-09 -4.6646e-09 4.45355e-09) (5.11906e-09 -5.05486e-09 4.2686e-09) (5.18288e-09 -5.41225e-09 4.18213e-09)
2200          (4.49898e-11 -1.8569e-10 2.56329e-10) (5.30332e-10 -6.91232e-10 7.62022e-10) (1.18263e-09 -1.27726e-09 1.66127e-09) (1.96453e-09 -1.9766e-09 2.24502e-09) (2.58948e-09 -2.54734e-09 2.71871e-09) (3.14977e-09 -3.37487e-09 2.8366e-09) (3.9476e-09 -3.79479e-09 3.46689e-09) (4.27239e-09 -4.32709e-09 3.74887e-09) (4.83791e-09 -4.96114e-09 4.50233e-09) (5.1615e-09 -5.22407e-09 5.62868e-09) (5.09873e-09 -5.12692e-09 5.34372e-09)
2250          (-7.75129e-11 -9.70011e-11 1.80415e-10) (6.99372e-10 -6.64273e-10 1.3359e-10) (1.15503e-09 -1.19861e-09 -3.02078e-10) (1.85737e-09 -1.95064e-09 1.33801e-09) (2.52386e-09 -2.45158e-09 1.88255e-09) (3.34529e-09 -3.42459e-09 2.70462e-09) (3.79028e-09 -3.68546e-09 3.85844e-09) (4.38212e-09 -4.28061e-09 4.27283e-09) (5.17388e-09 -4.89494e-09 5.67539e-09) (5.10688e-09 -4.86543e-09 5.94564e-09) (5.34995e-09 -5.41516e-09 7.00159e-09)
2300          (9.23761e-11 -1.98138e-11 -3.64741e-11) (7.69789e-10 -4.29159e-10 1.22398e-09) (1.26861e-09 -1.13071e-09 1.34336e-09) (2.0543e-09 -2.10717e-09 2.11662e-09) (2.67197e-09 -2.40023e-09 2.78123e-09) (3.46339e-09 -3.07611e-09 2.60518e-09) (3.6241e-09 -3.76828e-09 3.0707e-09) (4.36115e-09 -4.28043e-09 3.12887e-09) (5.13745e-09 -4.87724e-09 3.67768e-09) (5.44116e-09 -5.17464e-09 3.74392e-09) (5.49404e-09 -5.14771e-09 4.63535e-09)
2350          (-2.08335e-11 -1.2027e-10 -4.41473e-12) (8.10773e-10 -5.45017e-10 3.56775e-10) (1.33754e-09 -1.24631e-09 7.88939e-10) (1.70723e-09 -1.70597e-09 1.20091e-09) (2.56108e-09 -2.68582e-09 2.37386e-09) (3.31941e-09 -3.30573e-09 2.87817e-09) (4.17304e-09 -3.76332e-09 3.0895e-09) (4.56738e-09 -4.20953e-09 3.73322e-09) (4.8233e-09 -4.81408e-09 5.03815e-09) (5.24608e-09 -5.5381e-09 5.54486e-09) (5.14447e-09 -5.20829e-09 5.88036e-09)
2400          (1.28804e-10 -1.20263e-10 -2.8929e-10) (4.03711e-10 -4.34288e-10 1.1384e-09) (1.23408e-09 -1.34231e-09 1.83569e-09) (2.17783e-09 -1.83398e-09 2.61254e-09) (2.8938e-09 -2.59792e-09 3.36399e-09) (3.31479e-09 -3.17309e-09 3.5936e-09) (3.98974e-09 -3.86092e-09 4.06606e-09) (4.27804e-09 -4.37673e-09 4.20666e-09) (4.81791e-09 -4.95419e-09 4.21495e-09) (5.25438e-09 -5.22971e-09 5.8827e-09) (5.25433e-09 -5.25516e-09 6.25512e-09)
2450          (1.77503e-10 -2.55306e-11 2.26115e-11) (6.10087e-10 -5.13846e-10 6.98789e-10) (1.07236e-09 -1.34643e-09 7.13316e-10) (1.94995e-09 -2.24171e-09 8.54724e-10) (3.00242e-09 -2.80683e-09 1.38442e-09) (3.41135e-09 -3.2904e-09 2.02639e-09) (3.8866e-09 -3.70954e-09 2.65057e-09) (4.32366e-09 -4.48843e-09 2.6411e-09) (4.53096e-09 -5.24421e-09 3.15089e-09) (5.05795e-09 -5.18488e-09 3.3614e-09) (5.34147e-09 -5.13219e-09 4.54097e-09)
2500          (1.01535e-10 -1.62816e-10 2.82445e-11) (7.33798e-10 -6.57193e-10 4.04992e-10) (1.21605e-09 -1.24177e-09 9.74837e-10) (2.00072e-09 -2.07082e-09 1.18162e-09) (2.59265e-09 -2.5417e-09 1.85324e-09) (3.41457e-09 -3.50431e-09 2.78036e-09) (3.83917e-09 -3.98226e-09 2.88358e-09) (4.52909e-09 -4.43926e-09 4.37838e-09) (4.95622e-09 -5.03971e-09 4.46531e-09) (5.1734e-09 -5.69293e-09 4.61566e-09) (5.28177e-09 -5.22297e-09 4.46136e-09)
2550          (1.01721e-10 -1.4379e-10 1.46535e-10) (6.38274e-10 -5.07423e-10 7.41923e-10) (1.30297e-09 -1.28466e-09 1.39649e-09) (1.93237e-09 -2.08263e-09 2.14384e-09) (2.64841e-09 -2.71623e-09 2.47612e-09) (3.4396e-09 -3.40988e-09 2.49824e-09) (3.73066e-09 -3.58189e-09 2.63815e-09) (4.44315e-09 -4.38077e-09 3.20585e-09) (4.87103e-09 -5.06801e-09 3.55723e-09) (5.21412e-09 -5.30637e-09 3.9775e-09) (5.38341e-09 -5.47601e-09 5.34899e-09)
2600          (1.83082e-10 -1.09812e-10 -1.26899e-10) (1.06661e-09 -6.98824e-10 2.56097e-10) (1.44186e-09 -1.32953e-09 2.99367e-10) (2.05052e-09 -2.14096e-09 5.45734e-10) (2.8141e-09 -2.76454e-09 2.22642e-09) (3.33447e-09 -3.51697e-09 2.0627e-09) (3.78652e-09 -3.91069e-09 2.57811e-09) (4.4993e-09 -4.34611e-09 3.50665e-09) (5.17719e-09 -4.79554e-09 3.23105e-09) (5.35799e-09 -5.4597e-09 3.7105e-09) (5.41079e-09 -5.40566e-09 5.2535e-09)
2650          (-1.79006e-11 -1.89224e-10 -1.99525e-10) (6.80064e-10 -5.6534e-10 5.11404e-10) (1.35106e-09 -1.35588e-09 1.12564e-09) (1.66745e-09 -2.03291e-09 1.60305e-09) (2.57125e-09 -2.66867e-09 1.21364e-09) (3.46393e-09 -3.29545e-09 2.76345e-09) (3.90089e-09 -4.04228e-09 2.67628e-09) (4.6226e-09 -4.58405e-09 3.22395e-09) (5.16435e-09 -4.91814e-09 4.39603e-09) (5.21776e-09 -5.25859e-09 4.57864e-09) (5.58134e-09 -5.27076e-09 4.69175e-09)
2700          (2.68895e-10 5.0435e-11 2.73497e-10) (3.83002e-10 -7.04271e-10 3.00608e-10) (1.26599e-09 -1.3473e-09 1.22052e-09) (1.86873e-09 -2.21341e-09 1.98443e-09) (2.66885e-09 -2.64908e-09 1.64247e-09) (3.39825e-09 -3.29472e-09 1.26089e-09) (3.31806e-09 -4.08268e-09 1.32182e-09) (4.35572e-09 -4.5009e-09 1.78346e-09) (5.17141e-09 -4.8822e-09 2.09613e-09) (5.43851e-09 -5.41571e-09 2.13535e-09) (5.2907e-09 -5.19963e-09 2.01588e-09)
2750          (-1.1667e-11 -1.92439e-10 -2.15366e-10) (5.72451e-10 -7.47827e-10 6.5791e-10) (1.23142e-09 -1.60576e-09 5.52409e-10) (1.86072e-09 -1.93995e-09 5.33751e-10) (2.7247e-09 -2.59788e-09 1.5863e-09) (3.2919e-09 -3.49018e-09 2.24595e-09) (3.7035e-09 -4.1114e-09 3.03048e-09) (4.45106e-09 -4.66704e-09 3.29227e-09) (4.74137e-09 -4.81322e-09 3.9061e-09) (5.05685e-09 -5.59767e-09 4.36904e-09) (5.35897e-09 -5.39535e-09 5.34976e-09)
2800          (9.61584e-11 -1.14211e-10 -7.10715e-11) (6.49707e-10 -5.89895e-10 3.41293e-10) (1.21749e-09 -1.54521e-09 5.92127e-10) (2.13231e-09 -2.12108e-09 6.53934e-10) (2.71511e-09 -2.53231e-09 1.09374e-09) (3.20216e-09 -3.40676e-09 1.37826e-09) (3.92395e-09 -4.09964e-09 1.88451e-09) (4.44661e-09 -4.25183e-09 2.16353e-09) (4.69859e-09 -5.03065e-09 2.83758e-09) (5.15506e-09 -5.31041e-09 3.62036e-09) (5.38712e-09 -5.38068e-09 3.66407e-09)
2850          (1.08714e-10 -8.01556e-11 1.9212e-11) (6.95664e-10 -6.83886e-10 6.88266e-10) (1.49349e-09 -1.53523e-09 6.27941e-10) (2.02974e-09 -2.27665e-09 1.17614e-09) (2.69424e-09 -2.564e-09 1.74206e-09) (3.49255e-09 -3.15768e-09 2.96297e-09) (4.01189e-09 -3.79905e-09 3.64491e-09) (4.65668e-09 -4.55762e-09 4.2886e-09) (4.95553e-09 -5.04142e-09 4.58463e-09) (5.42941e-09 -5.47946e-09 5.58489e-09) (5.41563e-09 -5.16905e-09 4.98993e-09)
2900          (1.25038e-10 -1.1418e-10 6.9755e-12) (7.68776e-10 -7.82847e-10 5.0364e-10) (1.41123e-09 -1.48112e-09 1.21704e-09) (2.11392e-09 -2.18274e-09 1.58164e-09) (2.80032e-09 -2.78581e-09 1.79776e-09) (3.47632e-09 -3.22403e-09 1.78753e-09) (3.87336e-09 -3.6644e-09 1.74589e-09) (4.51999e-09 -4.35598e-09 2.27211e-09) (5.18138e-09 -4.79114e-09 2.88428e-09) (5.48986e-09 -5.30396e-09 4.09282e-09) (5.60855e-09 -5.34711e-09 4.78533e-09)
2950          (1.75695e-10 -1.44175e-10 -4.11243e-11) (5.08062e-10 -5.70397e-10 1.16397e-09) (1.32243e-09 -1.33234e-09 1.35665e-09) (1.71048e-09 -2.24593e-09 2.0728e-09) (2.42898e-09 -2.70247e-09 3.12861e-09) (3.53207e-09 -3.58836e-09 4.14921e-09) (3.79004e-09 -3.90195e-09 4.22729e-09) (4.40203e-09 -4.50227e-09 5.09658e-09) (5.01358e-09 -4.94738e-09 5.12088e-09) (5.27338e-09 -5.42407e-09 6.06808e-09) (5.31847e-09 -5.40516e-09 7.58252e-09)
3000          (-2.80652e-10 -1.90307e-10 -1.22922e-11) (7.982e-10 -8.25022e-10 4.79548e-10) (1.57111e-09 -1.46961e-09 1.56399e-09) (2.17906e-09 -1.86456e-09 1.10357e-09) (2.80433e-09 -2.71542e-09 2.19554e-09) (3.17459e-09 -3.39331e-09 2.6294e-09) (3.86243e-09 -4.08781e-09 3.31275e-09) (4.25357e-09 -4.37546e-09 3.08798e-09) (4.97252e-09 -5.05364e-09 3.75355e-09) (5.25377e-09 -5.48904e-09 5.15608e-09) (5.31811e-09 -5.86874e-09 6.27455e-09)
3050          (1.43618e-10 -2.34244e-10 -1.11395e-10) (5.74058e-10 -7.25015e-10 3.9009e-10) (1.12982e-09 -1.57569e-09 8.43136e-10) (1.94925e-09 -2.01033e-09 1.57257e-09) (2.65294e-09 -2.76597e-09 2.97711e-09) (3.37396e-09 -3.43517e-09 2.55004e-09) (3.95439e-09 -3.90056e-09 3.41918e-09) (4.63087e-09 -4.51704e-09 3.2969e-09) (5.0709e-09 -5.01719e-09 3.60281e-09) (5.23291e-09 -5.30245e-09 3.61261e-09) (5.32366e-09 -5.66194e-09 3.5979e-09)
3100          (-2.97396e-11 -1.53968e-10 1.19061e-10) (4.43094e-10 -7.29909e-10 2.91236e-10) (1.29134e-09 -1.21366e-09 5.63793e-10) (1.6873e-09 -2.0737e-09 1.66405e-09) (2.63675e-09 -2.39476e-09 1.50249e-09) (3.26298e-09 -3.42238e-09 2.3777e-09) (4.01431e-09 -3.86759e-09 2.43797e-09) (4.58707e-09 -4.54024e-09 3.45424e-09) (4.92449e-09 -5.27974e-09 3.31304e-09) (5.16346e-09 -5.54707e-09 3.76939e-09) (5.10776e-09 -5.50896e-09 5.59171e-09)
3150          (6.94053e-12 9.03974e-12 3.25233e-10) (5.39659e-10 -7.97462e-10 -2.23139e-10) (1.44327e-09 -1.35457e-09 -5.5995e-10) (2.0444e-09 -1.96564e-09 -6.99403e-11) (2.64404e-09 -2.75837e-09 -1.06118e-10) (3.23831e-09 -3.56389e-09 2.79595e-10) (4.11843e-09 -3.9328e-09 9.25902e-10) (4.43457e-09 -4.50319e-09 9.42739e-10) (4.94019e-09 -5.03825e-09 2.25837e-09) (5.30913e-09 -5.37917e-09 2.29472e-09) (5.4369e-09 -5.49528e-09 2.58684e-09)
3200          (1.67187e-11 -3.08603e-11 -1.05214e-10) (6.32144e-10 -7.23061e-10 3.66411e-10) (1.21672e-09 -1.41521e-09 4.2725e-10) (1.80172e-09 -2.16343e-09 1.31036e-09) (2.86123e-09 -2.76521e-09 2.22479e-09) (3.38873e-09 -3.34508e-09 2.07404e-09) (4.18025e-09 -4.02071e-09 2.7059e-09) (4.72193e-09 -4.60121e-09 3.57467e-09) (5.00814e-09 -4.98053e-09 4.76408e-09) (5.44095e-09 -5.31524e-09 5.29062e-09) (5.39698e-09 -5.26901e-09 5.4757e-09)
3250          (4.82545e-11 2.02041e-11 -2.81783e-10) (6.22397e-10 -5.02276e-10 7.04268e-10) (1.51482e-09 -1.33009e-09 1.29465e-09) (2.03424e-09 -2.17786e-09 2.08417e-09) (2.70746e-09 -2.78576e-09 3.35877e-09) (3.18601e-09 -3.53918e-09 3.19932e-09) (3.86168e-09 -3.85346e-09 3.91461e-09) (4.45844e-09 -4.33755e-09 3.42236e-09) (4.98174e-09 -5.03393e-09 3.367e-09) (5.21885e-09 -5.40573e-09 4.00822e-09) (5.66575e-09 -5.0942e-09 3.72964e-09)
3300          (-1.37424e-11 -4.32408e-11 -5.75546e-11) (6.54497e-10 -5.447e-10 5.95952e-10) (1.36886e-09 -1.15645e-09 1.07216e-09) (2.1457e-09 -2.10369e-09 2.50936e-09) (2.79894e-09 -2.83688e-09 2.89746e-09) (3.36117e-09 -3.54755e-09 2.3093e-09) (4.1307e-09 -4.20765e-09 2.50172e-09) (4.32973e-09 -4.57906e-09 2.34005e-09) (4.74557e-09 -4.89055e-09 3.44074e-09) (5.19756e-09 -5.43055e-09 3.97881e-09) (4.92196e-09 -5.75264e-09 5.47385e-09)
3350          (9.95074e-11 -7.2262e-11 -5.67305e-12) (6.77679e-10 -4.18367e-10 7.65662e-10) (1.19048e-09 -1.39335e-09 4.83777e-10) (2.07909e-09 -2.06274e-09 1.88136e-09) (2.9158e-09 -2.73999e-09 2.4025e-09) (3.52923e-09 -3.38252e-09 2.89973e-09) (3.81827e-09 -3.81648e-09 3.93742e-09) (4.39775e-09 -4.40747e-09 4.45134e-09) (4.98379e-09 -5.09922e-09 5.28515e-09) (5.48343e-09 -5.28006e-09 6.32908e-09) (5.46964e-09 -5.79033e-09 5.79737e-09)
3400          (2.07054e-10 -1.05247e-10 -1.40536e-10) (5.12892e-10 -7.96371e-10 7.32495e-10) (1.4655e-09 -1.47714e-09 1.88267e-09) (2.09578e-09 -1.85431e-09 2.06213e-09) (2.93515e-09 -2.75176e-09 3.50776e-09) (3.33008e-09 -3.43975e-09 4.59611e-09) (4.06148e-09 -3.93892e-09 4.56891e-09) (4.56349e-09 -4.54445e-09 4.75133e-09) (5.09286e-09 -5.16465e-09 6.20484e-09) (5.32416e-09 -5.47937e-09 5.83427e-09) (5.67987e-09 -5.79235e-09 5.38014e-09)
3450          (9.26567e-11 -2.18803e-10 1.82007e-10) (6.78808e-10 -6.45979e-10 1.00787e-09) (1.37128e-09 -1.29685e-09 1.66518e-09) (1.57005e-09 -2.16534e-09 1.81963e-09) (2.2732e-09 -2.62201e-09 2.46694e-09) (3.25418e-09 -3.53518e-09 2.30882e-09) (3.76352e-09 -4.22945e-09 3.43027e-09) (4.34697e-09 -4.45187e-09 2.97119e-09) (4.98111e-09 -5.10531e-09 4.35475e-09) (5.35633e-09 -5.47908e-09 4.95401e-09) (5.4058e-09 -5.57533e-09 5.28296e-09)
3500          (-1.24125e-10 -5.39718e-11 -1.34599e-10) (4.40939e-10 -9.54599e-10 3.42972e-10) (1.22237e-09 -1.3092e-09 8.43846e-10) (2.02348e-09 -1.97193e-09 6.73495e-10) (2.64798e-09 -3.0155e-09 1.35141e-09) (3.61435e-09 -3.61991e-09 1.5337e-09) (3.6539e-09 -4.16293e-09 2.17385e-09) (4.362e-09 -4.75233e-09 2.15345e-09) (4.91326e-09 -5.18436e-09 3.27057e-09) (5.39697e-09 -5.65405e-09 3.95588e-09) (5.1201e-09 -5.59244e-09 4.98784e-09)
3550          (1.11523e-10 -1.65348e-10 -1.32017e-10) (5.77829e-10 -5.76639e-10 7.2957e-10) (1.07509e-09 -1.75771e-09 5.78711e-10) (1.87279e-09 -2.11884e-09 1.21006e-09) (2.7999e-09 -2.74548e-09 6.60142e-10) (3.66255e-09 -3.52407e-09 8.77292e-10) (3.97958e-09 -3.93584e-09 1.69633e-09) (4.559e-09 -4.63969e-09 1.80008e-09) (4.81586e-09 -5.00427e-09 2.577e-09) (5.49652e-09 -5.60887e-09 2.31753e-09) (5.42418e-09 -5.51416e-09 2.08146e-09)
3600          (7.0772e-11 1.14899e-10 -1.52353e-10) (7.05999e-10 -6.4735e-10 -2.83619e-10) (1.40678e-09 -1.43112e-09 1.22543e-09) (2.00102e-09 -2.06947e-09 2.26443e-09) (2.96021e-09 -2.60997e-09 2.11007e-09) (3.31963e-09 -3.58475e-09 2.25732e-09) (4.10157e-09 -4.09479e-09 3.29729e-09) (4.46564e-09 -4.43173e-09 3.38813e-09) (5.08936e-09 -4.9155e-09 4.30359e-09) (5.37044e-09 -5.32776e-09 4.97477e-09) (5.46562e-09 -5.42273e-09 4.34736e-09)
3650          (1.14538e-10 -1.46496e-10 1.98378e-10) (6.91575e-10 -5.06159e-10 5.13649e-10) (1.46609e-09 -1.38944e-09 8.8821e-10) (1.95518e-09 -2.0596e-09 1.62022e-09) (2.64653e-09 -2.59263e-09 7.64783e-10) (3.56582e-09 -3.29718e-09 1.53419e-09) (4.16336e-09 -4.00074e-09 2.43125e-09) (4.71462e-09 -4.52181e-09 2.80685e-09) (5.23783e-09 -4.69391e-09 3.71304e-09) (5.4956e-09 -5.36964e-09 3.85082e-09) (5.61121e-09 -5.44561e-09 5.48675e-09)
3700          (1.39894e-10 -2.22343e-11 -1.57604e-10) (7.00336e-10 -4.9542e-10 9.03045e-10) (1.59996e-09 -1.46496e-09 1.28934e-09) (1.77469e-09 -2.11344e-09 1.30248e-09) (2.53653e-09 -2.61727e-09 9.87122e-10) (3.19919e-09 -3.39602e-09 1.50567e-09) (3.71354e-09 -4.10205e-09 1.69227e-09) (4.54296e-09 -4.15192e-09 2.02356e-09) (5.00428e-09 -4.91857e-09 2.72624e-09) (5.3151e-09 -5.26061e-09 2.62645e-09) (5.26462e-09 -5.68987e-09 3.42756e-09)
3750          (2.47179e-11 -2.00919e-10 1.08601e-10) (5.68863e-10 -5.64154e-10 5.46742e-10) (1.20833e-09 -1.48309e-09 9.29792e-10) (2.04394e-09 -1.97961e-09 1.15943e-09) (2.68837e-09 -2.85913e-09 1.47668e-09) (3.40556e-09 -3.2197e-09 2.85383e-09) (3.8704e-09 -3.89625e-09 3.54658e-09) (4.50983e-09 -4.55517e-09 4.71182e-09) (4.86149e-09 -5.25687e-09 5.08981e-09) (5.39184e-09 -5.5776e-09 5.50515e-09) (5.17826e-09 -5.59539e-09 6.70526e-09)
3800          (1.47962e-10 -9.69476e-11 -2.4011e-10) (7.16581e-10 -7.29812e-10 2.1269e-10) (1.20377e-09 -1.15458e-09 1.69493e-09) (1.82903e-09 -2.26033e-09 2.49433e-09) (2.73924e-09 -2.62716e-09 2.46325e-09) (3.3046e-09 -3.44588e-09 2.48815e-09) (3.92409e-09 -3.87838e-09 2.68653e-09) (4.71199e-09 -4.46863e-09 2.81398e-09) (4.88027e-09 -4.59456e-09 3.6586e-09) (5.25866e-09 -5.18865e-09 4.05101e-09) (5.37228e-09 -5.18289e-09 3.75928e-09)
3850          (1.52838e-11 -1.94144e-10 -9.41598e-12) (8.35296e-10 -6.45922e-10 9.68055e-10) (1.34922e-09 -1.26254e-09 1.54114e-09) (2.04789e-09 -1.99161e-09 2.35992e-09) (2.85606e-09 -2.53774e-09 3.15872e-09) (3.53291e-09 -3.31119e-09 3.09846e-09) (3.76818e-09 -3.93061e-09 4.10553e-09) (4.4813e-09 -4.49295e-09 4.76142e-09) (5.00721e-09 -4.98467e-09 4.58456e-09) (5.40548e-09 -5.45669e-09 4.81913e-09) (5.45044e-09 -5.24252e-09 4.97888e-09)
3900          (6.46928e-11 -1.6554e-10 3.90016e-12) (6.83342e-10 -7.9001e-10 1.12857e-09) (1.226e-09 -1.4991e-09 3.04623e-10) (2.01443e-09 -2.09248e-09 1.64941e-09) (2.68257e-09 -2.76746e-09 2.01517e-09) (3.34777e-09 -3.72336e-09 2.81329e-09) (4.03007e-09 -3.94283e-09 2.29683e-09) (4.31579e-09 -4.52277e-09 2.59877e-09) (4.91069e-09 -5.06511e-09 3.65111e-09) (5.09642e-09 -5.19723e-09 4.77515e-09) (5.22177e-09 -5.76785e-09 6.19538e-09)
3950          (1.33874e-10 4.72483e-11 -1.25802e-11) (4.60542e-10 -8.63539e-10 1.07698e-09) (1.29439e-09 -1.57774e-09 1.56116e-09) (1.95407e-09 -1.98842e-09 2.25197e-09) (2.61294e-09 -2.86055e-09 2.3522e-09) (3.43295e-09 -3.57699e-09 3.09316e-09) (3.97077e-09 -3.67076e-09 2.34804e-09) (4.6645e-09 -4.48798e-09 3.78933e-09) (5.37394e-09 -5.17096e-09 4.25683e-09) (5.37261e-09 -5.20029e-09 4.4671e-09) (5.13697e-09 -5.37165e-09 4.34655e-09)
4000          (8.01357e-11 -9.11388e-11 7.46203e-11) (7.42135e-10 -7.03833e-10 6.98618e-10) (1.31819e-09 -1.51833e-09 6.85992e-10) (2.0541e-09 -2.07977e-09 1.56306e-09) (2.74757e-09 -2.64347e-09 2.40145e-09) (3.52796e-09 -3.41536e-09 1.55706e-09) (3.84139e-09 -3.85998e-09 2.8652e-09) (4.66456e-09 -4.48129e-09 3.46208e-09) (5.0988e-09 -5.10332e-09 3.52727e-09) (5.55975e-09 -5.40385e-09 3.95353e-09) (5.39594e-09 -5.50423e-09 4.11867e-09)
4050          (9.39441e-12 -4.05712e-11 3.55447e-11) (4.71006e-10 -6.54414e-10 6.22696e-10) (1.1904e-09 -1.1578e-09 1.40839e-09) (2.08328e-09 -1.9272e-09 1.28261e-09) (2.69632e-09 -2.53632e-09 8.06663e-10) (3.46783e-09 -3.31515e-09 1.54928e-09) (3.90174e-09 -3.88084e-09 1.16007e-09) (4.34583e-09 -4.27462e-09 1.54032e-09) (4.88755e-09 -4.91256e-09 2.23423e-09) (5.34659e-09 -5.39137e-09 2.33164e-09) (5.79952e-09 -5.40453e-09 3.15222e-09)
4100          (-1.13016e-10 -1.55993e-10 6.12532e-11) (5.48856e-10 -3.75578e-10 1.32982e-09) (1.35195e-09 -1.33369e-09 1.73431e-09) (2.14178e-09 -2.09862e-09 2.89327e-09) (2.72857e-09 -2.80375e-09 3.88707e-09) (3.26306e-09 -3.45034e-09 3.6816e-09) (3.91033e-09 -4.04825e-09 4.95849e-09) (4.75475e-09 -4.63184e-09 4.91168e-09) (5.10971e-09 -5.02238e-09 5.37451e-09) (5.56255e-09 -5.16188e-09 5.98077e-09) (5.66322e-09 -5.10333e-09 6.16514e-09)
4150          (1.45345e-10 2.26868e-11 -3.99147e-11) (5.89065e-10 -5.70624e-10 8.90639e-10) (1.25864e-09 -1.28373e-09 1.98948e-09) (2.28901e-09 -2.06696e-09 1.44468e-09) (2.78513e-09 -2.64176e-09 1.90009e-09) (3.25864e-09 -3.47022e-09 2.59845e-09) (3.74503e-09 -4.28321e-09 2.60474e-09) (4.58351e-09 -4.79168e-09 3.05089e-09) (4.98268e-09 -5.02444e-09 4.22695e-09) (5.53106e-09 -5.42419e-09 4.45135e-09) (5.50145e-09 -5.46927e-09 5.50242e-09)
4200          (3.76545e-11 7.44959e-11 2.43902e-10) (7.31464e-10 -4.5691e-10 7.76327e-10) (1.34128e-09 -1.48106e-09 8.57854e-10) (2.18335e-09 -2.07303e-09 -5.17798e-11) (2.5901e-09 -3.03155e-09 8.19934e-10) (3.10077e-09 -3.59732e-09 1.19324e-09) (3.97295e-09 -3.97493e-09 1.01364e-09) (4.71997e-09 -4.77071e-09 9.31446e-10) (5.07622e-09 -5.31131e-09 9.89168e-10) (5.2467e-09 -5.14564e-09 1.77142e-09) (5.13334e-09 -5.55851e-09 2.34309e-09)
4250          (1.50034e-10 -6.43021e-12 -1.5064e-10) (6.54021e-10 -4.72078e-10 -5.9634e-11) (1.25437e-09 -1.25619e-09 1.59859e-11) (1.77491e-09 -2.07421e-09 3.48785e-10) (2.47391e-09 -2.8405e-09 1.47429e-09) (3.43009e-09 -3.58048e-09 1.74584e-09) (3.82851e-09 -4.03361e-09 2.78244e-09) (4.62104e-09 -4.71599e-09 3.26354e-09) (5.11507e-09 -5.13511e-09 3.66968e-09) (5.29362e-09 -5.15296e-09 4.59969e-09) (5.44361e-09 -5.41175e-09 4.02117e-09)
4300          (1.43995e-10 1.83836e-11 -9.53874e-11) (6.35915e-10 -5.00964e-10 -1.79361e-10) (1.42032e-09 -1.03652e-09 3.11521e-10) (2.08743e-09 -1.84646e-09 3.41146e-10) (2.74136e-09 -2.71917e-09 6.33555e-10) (3.59284e-09 -3.06283e-09 1.4788e-09) (4.13845e-09 -4.08365e-09 7.37063e-10) (4.84768e-09 -4.51012e-09 1.95841e-09) (5.20168e-09 -5.01135e-09 1.83237e-09) (5.29849e-09 -5.43647e-09 1.96894e-09) (5.36329e-09 -5.71619e-09 3.7191e-09)
4350          (8.3312e-11 -1.03865e-10 -9.93898e-12) (7.6057e-10 -6.51956e-10 6.85885e-10) (1.42661e-09 -1.45264e-09 6.24298e-10) (1.91039e-09 -1.97278e-09 1.59796e-09) (2.94207e-09 -2.93537e-09 2.331e-09) (3.65824e-09 -3.25682e-09 2.32617e-09) (3.95626e-09 -3.98521e-09 3.12883e-09) (4.54519e-09 -4.75551e-09 3.59092e-09) (5.09254e-09 -5.11313e-09 4.96665e-09) (5.24541e-09 -5.38714e-09 5.44577e-09) (5.63723e-09 -5.45242e-09 6.18871e-09)
4400          (2.89576e-11 -4.62045e-11 -8.01142e-11) (5.873e-10 -5.97958e-10 1.00275e-10) (1.3728e-09 -1.30375e-09 3.26982e-10) (1.8478e-09 -1.89444e-09 1.00664e-09) (2.69341e-09 -2.53192e-09 1.74718e-09) (3.48671e-09 -3.43484e-09 2.01741e-09) (4.00111e-09 -3.84287e-09 2.37075e-09) (4.42721e-09 -4.48258e-09 2.60932e-09) (5.16072e-09 -5.03176e-09 2.87477e-09) (5.67946e-09 -5.13615e-09 2.50256e-09) (5.82733e-09 -5.33191e-09 2.78435e-09)
4450          (5.14336e-11 -1.07856e-10 2.76826e-11) (5.47727e-10 -6.01633e-10 7.09882e-10) (1.39363e-09 -1.19009e-09 1.00332e-09) (2.20632e-09 -1.88238e-09 2.41346e-09) (2.6614e-09 -2.82495e-09 3.00774e-09) (3.23479e-09 -3.46895e-09 4.21925e-09) (4.08056e-09 -4.09009e-09 4.56959e-09) (4.44542e-09 -4.56814e-09 4.86178e-09) (5.10147e-09 -4.95836e-09 5.30566e-09) (5.22371e-09 -5.25013e-09 5.59423e-09) (5.58422e-09 -5.332e-09 6.06362e-09)
4500          (-1.02015e-10 -3.22698e-11 -6.11218e-11) (8.45194e-10 -3.99459e-10 3.51806e-10) (1.34705e-09 -1.35695e-09 1.35016e-09) (2.21141e-09 -2.01008e-09 1.18818e-09) (2.70513e-09 -2.87209e-09 1.08814e-09) (3.158e-09 -3.52189e-09 1.75862e-09) (3.95687e-09 -4.17971e-09 2.24978e-09) (4.49794e-09 -4.84999e-09 2.83234e-09) (4.99761e-09 -4.82312e-09 2.74498e-09) (5.52515e-09 -5.29648e-09 3.24967e-09) (5.18493e-09 -5.6412e-09 4.14192e-09)
4550          (-5.30664e-11 -1.28903e-10 9.17381e-11) (6.49338e-10 -6.51456e-10 6.3995e-10) (1.38578e-09 -1.27237e-09 9.56006e-10) (1.94502e-09 -2.06793e-09 8.68203e-10) (2.79213e-09 -2.82655e-09 9.98348e-10) (3.64759e-09 -3.42923e-09 9.24547e-10) (4.08251e-09 -4.11696e-09 1.66728e-09) (4.51444e-09 -4.54049e-09 1.83066e-09) (5.35879e-09 -5.1585e-09 2.65944e-09) (5.54668e-09 -5.44768e-09 2.131e-09) (5.26228e-09 -5.45621e-09 3.9538e-09)
4600          (1.09062e-10 -2.73167e-10 -4.48955e-11) (7.88609e-10 -7.18368e-10 1.44602e-09) (1.43868e-09 -1.33788e-09 2.06858e-09) (2.10347e-09 -1.94623e-09 2.50269e-09) (2.98797e-09 -2.74632e-09 2.85656e-09) (3.62694e-09 -3.28096e-09 3.89243e-09) (4.03388e-09 -4.09253e-09 3.87163e-09) (4.60949e-09 -4.73586e-09 5.61803e-09) (5.22661e-09 -5.06661e-09 5.57739e-09) (5.60325e-09 -5.36789e-09 6.67027e-09) (5.07922e-09 -5.54089e-09 6.79992e-09)
4650          (-6.52433e-11 -6.70413e-12 -3.21565e-11) (3.71026e-10 -8.17856e-10 -3.3147e-10) (1.30029e-09 -1.28008e-09 6.05105e-10) (2.17743e-09 -2.31706e-09 6.66392e-10) (2.83219e-09 -2.55536e-09 1.04372e-09) (3.46727e-09 -3.33458e-09 1.04411e-09) (3.92186e-09 -3.9629e-09 1.37386e-09) (4.49382e-09 -4.42479e-09 1.97955e-09) (5.30743e-09 -4.8339e-09 2.4572e-09) (5.49586e-09 -4.90546e-09 3.12537e-09) (5.40282e-09 -5.51558e-09 3.73007e-09)
4700          (5.44472e-11 -5.15215e-11 1.07042e-10) (5.81661e-10 -7.97981e-10 2.18025e-10) (1.51105e-09 -1.13602e-09 2.16677e-10) (1.99659e-09 -2.03044e-09 -6.52015e-11) (2.8864e-09 -2.73369e-09 7.43755e-10) (3.75133e-09 -3.43526e-09 9.60642e-10) (4.00215e-09 -4.09889e-09 1.3909e-09) (4.41275e-09 -4.61387e-09 1.83251e-09) (4.87193e-09 -5.11286e-09 2.38497e-09) (5.21323e-09 -5.51168e-09 3.51405e-09) (5.8417e-09 -5.58523e-09 3.33248e-09)
4750          (6.87003e-11 -1.34459e-11 1.61979e-10) (5.42161e-10 -3.49557e-10 6.78235e-10) (1.3507e-09 -1.38734e-09 1.25597e-09) (2.16269e-09 -2.14496e-09 1.38361e-09) (3.00269e-09 -2.74916e-09 2.31226e-09) (3.57304e-09 -3.42725e-09 2.04549e-09) (4.00954e-09 -3.883e-09 2.39573e-09) (4.62247e-09 -4.52312e-09 3.08733e-09) (5.1689e-09 -4.94752e-09 3.83674e-09) (5.47642e-09 -5.35194e-09 4.23166e-09) (5.61839e-09 -5.48484e-09 4.84235e-09)
4800          (1.31571e-10 -8.5987e-11 4.65529e-11) (6.80741e-10 -6.24874e-10 1.02143e-09) (9.5459e-10 -1.49512e-09 1.46538e-09) (1.77419e-09 -1.8691e-09 2.25837e-09) (2.81717e-09 -2.5107e-09 1.87546e-09) (3.51752e-09 -3.43423e-09 3.11608e-09) (4.02621e-09 -4.06642e-09 3.52922e-09) (4.50141e-09 -4.42414e-09 3.29013e-09) (4.84736e-09 -5.07908e-09 4.3347e-09) (5.36956e-09 -5.48289e-09 4.60739e-09) (5.68881e-09 -5.34593e-09 4.60355e-09)
4850          (1.65413e-10 -1.44582e-10 7.70706e-11) (7.90193e-10 -7.40554e-10 6.4667e-10) (1.40894e-09 -1.28594e-09 7.24977e-10) (1.88835e-09 -2.13136e-09 1.82257e-09) (2.63285e-09 -2.71486e-09 3.22371e-09) (3.35528e-09 -3.4106e-09 3.55666e-09) (3.97397e-09 -4.0972e-09 4.03276e-09) (4.53492e-09 -4.51389e-09 3.85349e-09) (5.2389e-09 -5.12297e-09 4.62891e-09) (5.43888e-09 -5.32959e-09 5.28293e-09) (5.55481e-09 -5.56264e-09 5.65965e-09)
4900          (7.10514e-11 6.92618e-12 -2.12809e-10) (7.8564e-10 -6.97321e-10 3.08613e-10) (1.38386e-09 -1.41049e-09 1.12304e-09) (2.17585e-09 -1.92419e-09 1.80898e-09) (2.73637e-09 -2.77993e-09 2.16445e-09) (3.54556e-09 -3.26755e-09 2.94602e-09) (4.03212e-09 -4.11073e-09 3.30104e-09) (4.67502e-09 -4.80078e-09 3.39036e-09) (4.97159e-09 -5.20695e-09 3.5991e-09) (5.39772e-09 -5.49202e-09 4.15743e-09) (5.23783e-09 -5.25538e-09 5.3744e-09)
4950          (-7.09041e-11 -3.49722e-11 -1.97007e-10) (5.13826e-10 -9.34122e-10 3.80582e-10) (1.15836e-09 -1.31573e-09 6.51116e-10) (2.10669e-09 -1.96689e-09 1.45576e-09) (2.62618e-09 -2.89218e-09 2.44727e-09) (3.63055e-09 -3.28125e-09 3.52017e-09) (3.8391e-09 -4.25169e-09 3.99784e-09) (4.57938e-09 -4.58336e-09 4.06964e-09) (5.11507e-09 -5.04989e-09 4.24895e-09) (5.45653e-09 -5.11496e-09 4.56696e-09) (5.73927e-09 -5.01358e-09 5.21528e-09)
5000          (-4.0415e-11 -1.01145e-10 3.73977e-11) (5.99663e-10 -7.9468e-10 5.94926e-11) (1.57638e-09 -1.46049e-09 5.10329e-10) (2.16176e-09 -2.03832e-09 5.49958e-10) (2.82456e-09 -2.69009e-09 7.75898e-10) (3.68054e-09 -3.2369e-09 7.93234e-10) (3.99619e-09 -3.83448e-09 1.43229e-09) (4.58889e-09 -4.53004e-09 1.69865e-09) (5.02167e-09 -5.04683e-09 2.69712e-09) (5.50719e-09 -5.61271e-09 2.67739e-09) (5.23463e-09 -5.61365e-09 3.00504e-09)
