# Probe 0 (0.0015 0.0015 0)
# Probe 1 (0.0015 0.0015 0.002)
# Probe 2 (0.0015 0.0015 0.004)
# Probe 3 (0.0015 0.0015 0.006)
# Probe 4 (0.0015 0.0015 0.008)
# Probe 5 (0.0015 0.0015 0.01)
# Probe 6 (0.0015 0.0015 0.012)
# Probe 7 (0.0015 0.0015 0.014)
# Probe 8 (0.0015 0.0015 0.016)
# Probe 9 (0.0015 0.0015 0.018)
# Probe 10 (0.0015 0.0015 0.02)
# Time        0             1             2             3             4             5             6             7             8             9             10           
50            (-0.00341061 -0.0017053 20933.5) (0.00113687 0 10262.7) (0.00198952 0.0119371 3626.06) (0.00653699 -0.00312639 1153.26) (0.00540012 -0.00852651 353.84) (-0.00483169 0.000284217 124.343) (-0.00198952 -0.00113687 105.03) (0.00312639 0.00795808 248.536) (0.00483169 0.0049738 715.908) (-0.00696332 -0.00440536 1932.99) (0.000852651 0.00184741 4517.36)
100           (0 -0.00113687 15096.4) (-0.00795808 -0.00113687 11237) (-0.00142109 0 5996.82) (-0.00312639 -0.00227374 2568.21) (-0.000284217 0.00113687 996.125) (0.000284217 0.00198952 409.591) (0.000568434 -0.00113687 289.171) (0.00255795 0.000852651 472.699) (0.00156319 -0.000426326 1016.59) (0.00355271 0.000142109 2062.26) (-0.00099476 -0.000710543 3549.71)
150           (0.0250111 0.0363798 12351.1) (-0.00966338 0.0119371 10378.7) (0.0278533 -0.0289901 7019.22) (-0.00682121 -0.00881073 3810.35) (0.00312639 -0.010516 1796.05) (0.00426326 -0.00568434 849.124) (0.0335376 -0.0355271 563.009) (0.0324007 -0.031406 703.609) (0.0190425 -0.0186162 1207.04) (-0.0017053 0.00198952 2046.27) (-0.457021 -0.518767 3021.64)
200           (0.0807177 0.0829914 10713.5) (-0.0233058 0.0187583 9474.34) (-0.00795808 0.0108002 7220.09) (0.00369482 -0.00198952 4627.05) (0.010516 -0.00511591 2563.19) (0.00881073 -0.00852651 1369.06) (-0.00113687 -0.00142109 897.708) (-0.00540012 0.00810019 932.943) (0.00099476 0.000710543 1335.69) (0.00369482 -0.00298428 1991.43) (-0.022311 0.0364508 2678.79)
250           (0.00568434 0.00341061 9594.27) (0.0113687 0.017053 8729.16) (0.0216005 0.017053 7111.02) (0.0176215 0.0153477 5077.42) (0.0125056 0.0136424 3190.8) (0.00284217 0.0122213 1894.61) (0.00483169 0.00198952 1264.09) (0 -0.00241585 1166.33) (-0.00596856 0.00156319 1443.05) (-0.000568434 -0.00127898 1940.01) (-0.000355271 -0.00049738 2441.44)
300           (-0.0204636 -0.017053 8771.55) (-0.0443379 -0.056275 8126.83) (-0.0727596 -0.0812861 6904.09) (-0.0181899 -0.0153477 5294.82) (-0.0321165 -0.0349587 3655.76) (-0.0017053 0.00369482 2372.25) (0.00767386 0.00682121 1633.21) (-0.00582645 -0.00540012 1403.7) (0.00881073 0.00767386 1548.6) (0.00468958 0.0032685 1906.05) (-0.0024869 -0.00142109 2273.66)
350           (-0.0193268 -0.0159162 8136.74) (0.0181899 0.0159162 7635.74) (-0.0125056 -0.0221689 6677.01) (0.0113687 -0.00625278 5380.64) (0.00341061 0.000852651 3981.62) (0.000284217 0.0162004 2776.44) (0.00397904 0.00312639 1982.41) (0.00383693 0.00554223 1640.46) (0.00454747 -0.00341061 1660.03) (0.00341061 0.00284217 1893.57) (0.00198952 0.00284217 2156.68)
400           (0.0159162 0.0193268 7630.95) (0.0210321 -0.00511591 7229.41) (-0.0414957 0.039222 6457.09) (-0.0255795 0.0375167 5394.46) (0.0412115 -0.0204636 4202.5) (-0.000284217 0.0179057 3102.96) (-0.0252953 0.0360956 2297.27) (-0.00284217 0.00795808 1870.31) (0.017053 -0.0167688 1778.69) (0.0201794 -0.0225953 1902.36) (-0.0495959 -0.0491696 2079.65)
450           (0.00682121 0.00113687 7217.89) (0.0278533 -0.0352429 6888.82) (-0.00738964 0.00682121 6253.64) (0.0488853 -0.00682121 5368.91) (0.00852651 0.010516 4349.09) (0.0369482 0.00341061 3359.65) (0.0017053 -0.00312639 2571.57) (0.0184741 -0.0142109 2087.35) (0.0109424 0.00113687 1902.87) (-0.0066791 -0.0017053 1930.6) (0.0220979 0.0227374 2035.04)
500           (-0.0829914 -0.0795808 6874.36) (0.0125056 -0.0278533 6599.52) (0.0710543 -0.0403588 6068.7) (-0.00738964 -0.000568434 5321.74) (-0.0147793 0.0108002 4443.21) (-0.0184741 0.0204636 3557.63) (0.00937916 -0.010516 2804.74) (0.0159162 -0.0108002 2287.52) (-0.00312639 0.0135003 2029.61) (-0.00582645 0.00468958 1975.44) (0.198099 0.19817 2017.47)
550           (0 -0.00113687 6584.27) (0.100044 -0.171099 6351.87) (-0.135856 0.0119371 5901.35) (-0.00284217 -0.0812861 5263.39) (-0.0835598 -0.101181 4501.01) (-0.0306954 -0.0650857 3708.97) (-0.00198952 -0.00909495 2999.79) (-0.0099476 -0.0187583 2468.7) (0.00440536 -0.026148 2155.97) (0.000142109 -0.00483169 2033.73) (0.00845546 0.0130029 2022.63)
600           (0.0102318 0.0102318 6336.3) (-0.0238742 -0.0250111 6137.31) (-0.10516 -0.104592 5750.52) (-0.0790124 -0.0795808 5200.16) (-0.0932232 -0.0920863 4532.97) (-0.0750333 -0.0753175 3823.31) (-0.0474643 -0.0468958 3161) (-0.0389377 -0.0389377 2630.22) (-0.0137845 -0.0133582 2279.28) (-0.00639488 -0.00639488 2102.45) (-0.014353 -0.00902389 2046.79)
650           (0.0147793 0.0147793 6122.15) (0.0591172 0.0613909 5949.74) (0.0983391 0.0937916 5614.49) (0.102318 0.10175 5134.78) (0.122782 0.121645 4546.88) (0.100329 0.100613 3909.09) (0.0795808 0.079865 3293.55) (0.0548539 0.053717 2772.89) (0.0267164 0.0267164 2397.83) (0.0099476 0.00980549 2178.84) (0.00149214 0.000852651 2086.56)
700           (0.00113687 0 5935.38) (0.00852651 0.000568434 5784.8) (-0.0102318 -0.017053 5491.25) (0 -0.00284217 5069.66) (0.00113687 -0.000568434 4548.19) (0.00369482 -0.00767386 3972.93) (0.00113687 -0.00341061 3402.26) (0.00397904 -0.000284217 2898.19) (-0.00184741 0.000142109 2510.3) (-0.00511591 0.0049738 2260.38) (0.000639488 0.000710543 2138.94)
750           (0.00113687 -0.00113687 5771.02) (-0.00625278 0.0102318 5638.37) (0.0380851 -0.0346745 5379.65) (-0.00625278 0.0125056 5006.23) (0.0108002 -0.00568434 4540.52) (-0.00227374 0.00909495 4019.65) (0.017053 -0.0099476 3491.17) (0.0233058 -0.0164846 3007.67) (-0.0032685 0.00710543 2616.14) (-0.00653699 0.00554223 2345.1) (-0.000213163 -0.000142109 2201.21)
800           (0 0.00113687 5625.48) (0.00966338 -0.00511591 5507.61) (0.00284217 -0.00397904 5277.7) (0.0613909 -0.0625278 4944.58) (0.0358114 -0.0284217 4526.39) (0.0281375 -0.017053 4053.14) (0.0116529 -0.00540012 3563.85) (-0.00397904 0.0116529 3103.33) (-0.00568434 0.00753175 2714.83) (0.00142109 0.000852651 2431.11) (0.000426326 0.00127898 2270.93)
850           (0.00227374 0.00113687 5495.54) (0.0420641 0.0318323 5390.2) (0.0483169 0.0636646 5184.58) (0.069349 0.0767386 4885.63) (0.0682121 0.0869704 4508.02) (0.0804334 0.0787281 4076.5) (0.075886 0.0619593 3623.39) (0.0528644 0.0591172 3186.93) (0.036664 0.0358114 2806.65) (0.0200373 0.024869 2517.09) (0.000355271 0.000426326 2345.96)
900           (0.00341061 0.00227374 5378.9) (-0.026148 0.0198952 5284.21) (-0.00966338 0.0176215 5099.29) (0.00682121 -0.00966338 4829.45) (0.0295586 -0.013074 4487.04) (0.0147793 -0.00341061 4092.24) (-0.0017053 0.00454747 3672.35) (0.0133582 0.00767386 3260.34) (0.00568434 -0.00113687 2891.87) (0.00525802 0.00213163 2601.97) (0.0041922 0.00980549 2424.45)
950           (0.00113687 0.00341061 5273.53) (-0.0324007 0.0233058 5187.94) (0.0841283 0.0181899 5021.16) (0.00738964 -0.0534328 4776.1) (0.0238742 -0.0125056 4464.18) (0 -0.0147793 4102.05) (-0.0270006 -0.00568434 3712.79) (-0.00142109 -0.0198952 3324.94) (-0.0345324 -0.0234479 2970.67) (-0.0108002 0.00866862 2684.92) (-0.00312639 -0.00305533 2504.74)
1000          (-0.00909495 -0.00568434 5177.89) (0.026148 0.0625278 5100.48) (-0.0886757 -0.122782 4948.65) (0.0568434 0.0500222 4725.64) (-0.00966338 -0.0113687 4440.45) (-0.00341061 -0.00511591 4107.44) (-0.0844125 -0.0761702 3746.25) (-0.0477485 -0.0494538 3382.02) (-0.0363798 -0.0395062 3043.72) (0.00397904 0.00227374 2765.1) (-0.000213163 0.000639488 2585.61)
1050          (0.017053 0 5090.82) (0.00341061 0 5020.39) (-0.0238742 0.0409273 4881.81) (0.0119371 0.013074 4677.89) (0.00454747 0.0221689 4416.38) (0.0108002 0.013074 4109.46) (0.0133582 0.00795808 3774.28) (0.00852651 0.0159162 3432.76) (0.00881073 0.0113687 3111.52) (0.00468958 0.000142109 2842.25) (-0.0303402 -0.0216005 2665.92)
1100          (0.0386535 -0.0318323 5011.31) (0 0.0181899 4946.86) (0.00625278 0.0306954 4820.04) (0.0244427 0.017053 4632.94) (0.0278533 0.0255795 4392.46) (0.0181899 0.0324007 4109.05) (0.0207478 0.0281375 3797.74) (0.0193268 0.0218847 3478.04) (0.0181899 0.0187583 3174.12) (0.00937916 0.0066791 2916.14) (0.0110845 -0.00596856 2744.81)
1150          (0.103455 -0.0943601 4938.34) (-0.00568434 -0.00113687 4879.18) (-0.0216005 0.0159162 4762.73) (0.00454747 -0.0119371 4590.61) (0.00795808 -0.0142109 4368.93) (0.00454747 -0.0125056 4106.82) (-0.026148 0.0153477 3817.58) (-0.00881073 -0.000284217 3518.69) (-0.00653699 0.00255795 3232.2) (-0.0102318 0.00312639 2986.62) (0.103739 -0.0972733 2821.54)
1200          (0.0238742 0.0238742 4871.29) (-0.0227374 -0.0250111 4816.64) (-0.0426326 -0.0198952 4709.46) (-0.0159162 -0.0153477 4550.78) (0.00795808 0.00397904 4346.1) (-0.0113687 -0.00909495 4103.38) (-0.0443379 -0.0443379 3834.53) (0.00284217 0.0136424 3555.44) (-0.0284217 -0.0247269 3286.06) (-0.00412115 -0.00312639 3053.65) (-0.0355271 -0.0328271 2895.59)
1250          (0.205773 -0.200089 4809.35) (0.0159162 -0.0386535 4759) (-0.00511591 -0.00909495 4660.07) (-0.030127 0.0102318 4513.45) (-0.0460432 0.017053 4324.07) (-0.0159162 -0.0136424 4099.09) (-0.0508749 0.0218847 3849.2) (-0.0304112 -0.00284217 3588.72) (-0.0252953 0.0113687 3336.24) (-0.00980549 -0.00525802 3116.85) (0.133653 -0.127542 2966.64)
1300          (-0.0295586 -0.0204636 4752.16) (-0.00454747 0.00227374 4705.52) (0.0119371 0.0204636 4614.06) (-0.0113687 0.0272848 4478.41) (-0.00738964 -0.0108002 4302.97) (-0.00738964 -0.00795808 4094.28) (0.00142109 -0.00312639 3861.97) (0.00341061 -0.0119371 3619.13) (0.000284217 -0.000852651 3382.79) (-0.00454747 -0.00582645 3176.67) (-0.00163425 -0.00618172 3034.41)
1350          (0 -0.00682121 4699.13) (0.00568434 0.0136424 4655.97) (-0.0119371 -0.00966338 4571.24) (-0.013074 0.00454747 4445.56) (-0.00284217 -0.00397904 4282.91) (0.0108002 0.0125056 4089.21) (-0.000852651 -0.00738964 3873.2) (-0.0108002 -0.0099476 3646.95) (-0.00426326 -0.00397904 3426.14) (0.00113687 0.000710543 3232.9) (0.000355271 -0.00639488 3098.77)
1400          (0.0227374 -0.0147793 4650.04) (-0.0102318 0.0102318 4609.98) (-0.00454747 0.00227374 4531.39) (-0.00454747 -0.00795808 4414.79) (0.00227374 -0.0108002 4263.88) (-0.0102318 0.00454747 4083.96) (-0.00625278 -0.00454747 3883.14) (-0.00341061 -0.00511591 3672.48) (-0.00284217 0 3466.49) (-0.0109424 0.00312639 3285.57) (-0.110276 0.119798 3159.7)
1450          (-0.385398 0.388809 4604.4) (-0.0125056 0.0147793 4567.24) (-0.0630962 0.0619593 4494.31) (0.0335376 -0.0341061 4386.07) (-0.0238742 0.0272848 4245.94) (-0.0147793 0.0136424 4078.8) (0.0221689 -0.0233058 3892.1) (-0.0335376 0.0309797 3696.06) (0.000568434 -0.000568434 3504.07) (0.00568434 -0.0103739 3335.12) (0.645812 -0.637996 3217.14)
1500          (-0.385398 0.388809 4562.04) (-0.135287 0.13074 4527.49) (-0.0466116 0.0494538 4459.73) (-0.0295586 0.0306954 4359.19) (0.0977707 -0.0960654 4229.02) (-0.00113687 0.00227374 4073.71) (-0.0272848 0.0252953 3900.15) (0.0082423 -0.00852651 3717.79) (0.0082423 -0.00596856 3539.04) (-0.0436273 0.0396483 3381.53) (0.237108 -0.229576 3271.2)
1550          (0.0306954 0.026148 4522.59) (0.00341061 -0.00227374 4490.42) (-0.00113687 0 4427.52) (-0.0414957 -0.0699174 4334.03) (-0.0119371 -0.0136424 4213.11) (-0.00568434 -0.00454747 4068.78) (0.00227374 0.00881073 3907.47) (-0.00682121 0.000568434 3737.89) (-0.00767386 -0.00540012 3571.6) (-0.0179057 -0.0190425 3425.01) (-0.00468958 -0.0132871 3321.92)
1600          (-0.418368 0.39563 4485.92) (-0.00341061 -0.00341061 4456.06) (0 -0.00568434 4397.48) (-0.00625278 -0.00795808 4310.55) (-0.0017053 -0.0017053 4198.14) (-0.00511591 -0.00568434 4063.97) (-0.00341061 -0.00227374 3914.05) (-0.00483169 -0.00596856 3756.45) (-0.00454747 -0.00369482 3601.88) (-0.0116529 -0.0122213 3465.26) (-0.518057 0.570921 3369.64)
1650          (-0.00568434 0 4451.86) (0.0216005 0.00682121 4423.98) (0.0306954 0.0136424 4369.52) (0.0272848 0.0295586 4288.79) (0.026148 0.0346745 4184.25) (0.0414957 0.0267164 4059.54) (0.0372324 0.0270006 3920.2) (0.0349587 0.0258638 3773.77) (0.0213163 0.0241585 3630.13) (0.018332 0.0115108 3503.37) (0.0110134 0.0207478 3413.98)
1700          (-0.491127 0.493401 4420.13) (0.077307 0.0659384 4394.18) (0.0767386 0.0846967 4343.54) (0.0835598 0.129603 4268.37) (0.122782 0.106297 4171.18) (0.127898 0.117097 4055.28) (0.130171 0.118234 3925.83) (0.0881073 0.111129 3789.82) (0.0810019 0.0784439 3656.4) (0.0734701 0.0692069 3538.58) (-0.504841 0.510454 3455.54)
1750          (0.145519 -0.142109 4390.53) (-0.077307 0.0682121 4366.48) (-0.0312639 0.0198952 4319.35) (0.0642331 -0.0778755 4249.47) (0.026148 -0.0454747 4159.12) (0.0306954 -0.0488853 4051.41) (-0.0272848 0.0082423 3931.13) (0.00767386 -0.0281375 3804.81) (-0.0173372 0.00369482 3680.92) (-0.0260059 0.0137845 3571.5) (0.368843 -0.363372 3494.32)
1800          (0.0159162 0.0193268 4363.1) (0.203499 -0.194404 4340.63) (0.192699 -0.12335 4296.74) (-0.0136424 0.0682121 4231.77) (0.246132 -0.146656 4147.77) (0.073328 -0.0414957 4047.7) (0.198384 -0.117097 3935.96) (-0.0548539 0.139551 3818.67) (0.18531 -0.110845 3703.7) (0.0868283 -0.0329692 3602.22) (-0.0360956 -0.0386535 3530.48)
1850          (-0.69349 0.716227 4337.29) (-0.00568434 -0.00909495 4316.66) (-0.00682121 -0.00795808 4275.75) (-0.00397904 -0.00795808 4215.36) (-0.0102318 -0.00454747 4137.24) (-0.00909495 -0.00682121 4044.2) (-0.0102318 -0.00568434 3940.43) (-0.00653699 -0.00653699 3831.54) (-0.00653699 -0.00653699 3724.96) (-0.0100897 -0.00966338 3630.56) (0.527081 -0.57085 3564.34)
1900          (0.017053 0.0181899 4313.72) (0.060254 0.0534328 4294.21) (0.0869704 0.0858336 4256.12) (0.118803 0.104023 4200.05) (0.140403 0.147793 4127.43) (0.144951 0.14893 4041.03) (0.13813 0.146656 3944.66) (0.126477 0.129035 3843.58) (0.105445 0.107434 3744.72) (0.0611067 0.0656541 3657.23) (-0.0221689 -0.0231637 3595.62)
1950          (-0.0875389 -0.100044 4291.24) (0.00454747 -0.0113687 4273.32) (0.00341061 0.0017053 4237.99) (-0.00341061 0.013074 4185.77) (0.0102318 0.00511591 4118.12) (0.00852651 0.00341061 4037.86) (-0.00568434 0.00795808 3948.42) (0.0110845 0.00341061 3854.55) (0.00284217 0.0017053 3762.93) (-0.00511591 -0.0049738 3681.79) (0.08896 0.128182 3624.9)
2000          (-0.0329692 -0.0318323 4271.02) (0.0557066 -0.0545697 4254) (-0.0238742 0.0238742 4221.02) (0.251816 -0.247269 4172.55) (0.0227374 -0.0187583 4109.87) (-0.0380851 0.0414957 4035.26) (0.0142109 -0.0147793 3952.18) (0.0133582 -0.0139266 3865.15) (-0.0216005 0.0230216 3780.06) (-0.0214584 0.0200373 3704.96) (0.0530065 0.0552802 3651.95)
2050          (-0.00227374 -0.00227374 4251.4) (0.00227374 0.0136424 4236.03) (-0.017053 0.0341061 4205.59) (0.0108002 0.013074 4160.35) (0.0113687 0.0187583 4102) (0.0375167 -0.00852651 4032.72) (-0.0198952 0.0449063 3955.62) (0.0289901 -0.00227374 3874.87) (0.00795808 0.0142109 3795.99) (0.00355271 0.00781597 3726.36) (0.00383693 0.00454747 3677.13)
2100          (0.39563 -0.430873 4234.06) (0.00227374 -0.00227374 4219.23) (-0.0017053 -0.00568434 4190.47) (-0.000568434 -0.00341061 4148.76) (-0.00227374 -0.00511591 4094.66) (-0.00397904 -0.00397904 4030.33) (-0.00397904 -0.00284217 3958.74) (-0.00198952 -0.00454747 3883.82) (-0.00397904 -0.00142109 3810.73) (-0.00468958 -0.00753175 3746.05) (0.551665 -0.503917 3700.72)
2150          (0.13074 -0.127329 4216.79) (-0.00682121 -0.00113687 4203.61) (0.0125056 -0.00966338 4177.48) (0.00284217 0.00397904 4138.34) (-0.00568434 -0.00454747 4087.9) (-0.00511591 -0.00738964 4028.14) (-0.00227374 -0.0017053 3961.74) (-0.00682121 0.00255795 3892.25) (0.000852651 -0.00369482 3824.39) (-0.00142109 -0.00625278 3764.59) (-0.102034 0.108287 3722.34)
2200          (0.0102318 -0.428599 4202.15) (-0.00341061 0 4189.09) (-0.000568434 -0.00511591 4164.29) (0.000568434 -0.00795808 4128.17) (-0.00625278 -0.00568434 4081.6) (-0.00568434 -0.00113687 4026.17) (-0.00738964 -0.00511591 3964.52) (-0.00540012 -0.00483169 3900.03) (-0.00198952 -0.00227374 3837.17) (-0.0066791 -0.00781597 3781.68) (0.803198 -0.271285 3742.64)
2250          (-0.613909 0.619593 4186.94) (0.00227374 0.0193268 4175.54) (-0.00284217 0.0352429 4153.02) (0.00852651 0.0210321 4119.27) (0.00227374 0.0380851 4075.8) (0.0267164 0.00682121 4024.26) (0.0272848 0.0113687 3967.06) (0.0167688 0.0133582 3907.34) (0.00568434 0.019611 3849) (0.0137845 0.00198952 3797.65) (0.117666 -0.111839 3761.31)
2300          (0.0409273 0.0409273 4174.53) (0.0397904 -0.106866 4163.21) (-0.214868 0.0756017 4141.73) (-0.11255 -0.0812861 4110.54) (-0.239311 -0.00454747 4070.44) (-0.0579803 -0.192699 4022.7) (-0.0875389 -0.172236 3969.62) (-0.0915179 -0.120224 3914.13) (-0.127329 -0.0275691 3860.04) (-0.0250111 -0.0972022 3812.48) (-0.0417799 -0.0395062 3778.7)
2350          (-0.00227374 -0.00113687 4161.05) (-0.0670752 -0.0807177 4151.51) (-0.0153477 -0.0198952 4132.18) (0.0181899 0.0653699 4103.03) (0.0397904 0.0591172 4065.43) (0.0522959 0.0636646 4021) (0.0591172 0.0778755 3971.77) (0.0534328 0.0585487 3920.36) (0.036664 0.0395062 3870.28) (0.0210321 0.0281375 3826.15) (-0.000852651 -0.000852651 3794.86)
2400          (0 0.0125056 4150.64) (0.00682121 0.0102318 4140.64) (0.017053 0.0142109 4121.91) (0.0346745 0.0159162 4095.01) (0.0250111 0.0324007 4060.43) (0.0358114 0.030127 4019.32) (0.0193268 0.0386535 3973.65) (0.0252953 0.0272848 3925.97) (0.019611 0.0264322 3879.61) (0.00881073 0.0177636 3838.72) (-0.00454747 0.00099476 3809.84)
2450          (-0.701448 0.705995 4138.75) (0.0454747 0.0557066 4130.46) (-0.154614 0.281375 4113.94) (-0.209184 0.337081 4088.8) (-0.159162 0.307523 4056.39) (0.136993 -0.00966338 4018.09) (-0.0204636 0.160298 3975.7) (0.144098 -0.0275691 3931.54) (0.0324007 0.066791 3888.45) (0.0200373 0.037943 3850.66) (0.297291 -0.292317 3823.79)
2500          (-0.601403 0.425189 4130.06) (0 0.00341061 4121.31) (0.00454747 0.00113687 4105.17) (-0.000568434 0.00397904 4081.9) (0.00454747 0.00568434 4052.23) (0.00397904 0.00341061 4016.87) (0.00341061 0.00454747 3977.59) (0.00341061 0.00255795 3936.58) (0.00540012 0.00454747 3896.65) (-0.00142109 -0.000710543 3861.72) (-0.27029 0.338218 3836.77)
2550          (0.500222 -0.554792 4119.38) (0.0136424 -0.0204636 4112.57) (-0.0278533 0.00568434 4098.34) (0.0164846 0.00852651 4076.79) (0.0187583 -0.00625278 4048.74) (-0.00682121 -0.00625278 4015.69) (-0.00511591 -0.00966338 3979.2) (0.00198952 0.00426326 3941.26) (0.00284217 -0.00312639 3904.25) (-0.00284217 -0.00625278 3871.69) (0.314628 -0.340918 3848.74)
2600          (0.0545697 -0.0898126 4112.35) (0.00568434 -0.00341061 4104.59) (-0.0102318 -0.00852651 4090.54) (-0.00397904 -0.0153477 4070.49) (-0.00966338 -0.013074 4044.95) (-0.00795808 -0.0176215 4014.58) (-0.0142109 -0.0136424 3980.79) (-0.0113687 -0.0139266 3945.52) (-0.00625278 -0.0082423 3911.25) (-0.0110845 -0.0083844 3881.18) (-0.0608225 0.00866862 3859.78)
2650          (-0.0329692 0.0375167 4102.96) (-0.0238742 0.0113687 4096.93) (-0.00568434 -0.00227374 4084.83) (0.00625278 -0.00909495 4066.13) (-0.0420641 0.0295586 4042.07) (-0.0147793 0.00113687 4013.66) (0.000568434 -0.00966338 3982.27) (0.00511591 -0.00909495 3949.64) (0 -0.00568434 3917.79) (-0.000710543 -0.00454747 3889.93) (-0.035385 0.0396483 3870.1)
2700          (0.00227374 0.00682121 4096.83) (0.0511591 0.0329692 4090.22) (-0.0318323 0.00284217 4078.12) (-0.04718 -0.0659384 4060.89) (-0.104023 -0.0846967 4038.79) (-0.108571 -0.113118 4012.71) (-0.109708 -0.101181 3983.65) (-0.105729 -0.083844 3953.41) (-0.0690648 -0.0770228 3923.87) (-0.0531486 -0.036664 3898.1) (-0.00440536 0.00611067 3879.61)
2750          (0.00568434 0.00682121 4088.69) (0.017053 0.0318323 4083.53) (0.0454747 0.0267164 4073.19) (0.0488853 0.0147793 4057.12) (0.0414957 0.0289901 4036.35) (0.039222 0.0437694 4011.87) (0.0517275 0.0272848 3984.88) (0.0324007 0.0386535 3956.85) (0.0258638 0.0343903 3929.46) (0.0176215 0.0220268 3905.61) (-0.0149214 -0.0139266 3888.55)
2800          (-0.268301 -0.267164 4083.71) (-0.00454747 0.00454747 4077.84) (0.00738964 -0.00341061 4067.33) (-0.00795808 0.0176215 4052.4) (-0.00454747 0.0159162 4033.61) (0.00852651 0.00738964 4011.13) (0.00341061 0.0119371 3986.15) (0.00426326 0.00966338 3960.15) (-0.00142109 0.00795808 3934.77) (-0.00383693 -0.00468958 3912.47) (-0.287059 -0.286491 3896.73)
2850          (-0.00227374 0 4076.31) (0.017053 -0.00227374 4072.12) (-0.00795808 0.00227374 4063.24) (-0.0193268 0.026148 4049.45) (-0.0102318 0.013074 4031.49) (0.00113687 -0.00397904 4010.44) (0.0221689 -0.0233058 3987.19) (0.00795808 0 3963.1) (0.0142109 -0.0184741 3939.6) (0.00355271 0.00184741 3919.04) (-0.00099476 -0.00156319 3904.44)
2900          (-0.138698 -0.135287 4072.32) (-0.00909495 0.0102318 4067.2) (-0.00454747 0.00113687 4058.07) (-0.0153477 -0.0210321 4045.19) (-0.0142109 -0.0198952 4028.97) (-0.0238742 -0.0250111 4009.67) (-0.0267164 -0.0113687 3988.18) (-0.0082423 -0.0295586 3965.87) (-0.0216005 -0.00369482 3944.09) (-0.0214584 -0.0116529 3925.02) (-0.240448 -0.240306 3911.44)
2950          (0.0784439 0.0363798 4065.67) (-0.0272848 0.0318323 4062.12) (0.0198952 -0.00397904 4054.8) (0.0119371 -0.00738964 4042.81) (-0.0017053 -0.0346745 4027.24) (0.0113687 0.00966338 4009.12) (-0.0108002 0.0216005 3989.17) (-0.00255795 -0.0125056 3968.41) (-0.00397904 -0.00767386 3948.25) (0.00298428 0.00142109 3930.64) (-0.00952127 0.00810019 3918.03)
3000          (-0.00113687 -0.00113687 4062.5) (-0.00113687 0 4058.02) (-0.000568434 0 4050.12) (-0.000568434 -0.00113687 4039.01) (0 -0.00284217 4025.06) (0.00227374 -0.00227374 4008.48) (-0.000568434 -0.00113687 3990.03) (0 -0.00255795 3970.81) (-0.000568434 0 3952.09) (0.000426326 0.000142109 3935.79) (-0.00099476 -0.000142109 3924.1)
3050          (-0.0113687 -0.0113687 4056.64) (-0.017053 -0.0136424 4053.49) (-0.00795808 -0.0198952 4047.15) (-0.0113687 -0.0125056 4036.91) (-0.0102318 -0.013074 4023.61) (-0.0102318 -0.0142109 4007.96) (-0.0102318 -0.00966338 3990.8) (-0.0119371 -0.0108002 3972.93) (-0.00454747 -0.00284217 3955.7) (-0.00468958 -0.00540012 3940.56) (-0.00582645 -0.00540012 3929.72)
3100          (-0.18531 -0.179625 4054.29) (-0.00341061 -0.0341061 4050.11) (0.0306954 -0.00682121 4043.1) (0.0363798 0.0363798 4033.69) (0.0488853 0.0659384 4021.84) (0.0568434 0.0568434 4007.56) (0.0426326 0.0648015 3991.74) (0.0542855 0.0579803 3975.1) (0.0511591 0.0480327 3959.15) (0.0180478 0.0250111 3944.96) (-0.536033 -0.53447 3934.88)
3150          (0.195541 -0.196678 4048.7) (-0.0397904 -0.0409273 4046.17) (-0.0460432 -0.0238742 4041.1) (-0.0238742 -0.0403588 4032.21) (-0.0505906 -0.000568434 4020.63) (-0.0460432 -0.013074 4007.14) (-0.0210321 -0.0329692 3992.35) (-0.04718 -0.00909495 3976.99) (0.00142109 -0.0429168 3962.05) (-0.0173372 -0.0110845 3949.17) (-0.174509 0.172662 3939.78)
3200          (0 0 4046.76) (0.0238742 -0.00113687 4043.38) (-0.00113687 -0.00113687 4037.43) (-0.00682121 -0.0204636 4029.01) (0.00113687 -0.0346745 4018.76) (0.000568434 -0.0386535 4006.48) (-0.026148 -0.0113687 3992.87) (-0.0190425 -0.0119371 3978.74) (-0.00596856 -0.0210321 3964.88) (-0.00810019 -0.0140687 3952.85) (0.000852651 0.000710543 3944.26)
3250          (0 0.00113687 4042.04) (0.0136424 0.0204636 4039.9) (0.0221689 0.0108002 4035.43) (0.0221689 0.00568434 4027.85) (0.017053 0.0142109 4017.95) (0.0159162 0.0147793 4006.32) (0.0102318 0.0176215 3993.6) (0.0133582 0.0113687 3980.46) (0.0119371 0.00881073 3967.59) (0.00554223 0.00355271 3956.47) (0 0.00468958 3948.43)
3300          (-0.00227374 0 4040.61) (0 -0.00113687 4037.44) (0.00113687 -0.0017053 4032.29) (-0.00227374 -0.00227374 4025.17) (0.00227374 0.000568434 4016.36) (0.00341061 0.00568434 4005.88) (0.00113687 0.00341061 3994.16) (0.00142109 0.00284217 3981.9) (0.00284217 0.00227374 3970.07) (0.0017053 0.00113687 3959.67) (0 0.000426326 3952.32)
3350          (0 0.00113687 4036.13) (0 0.0136424 4034.55) (0.0108002 -0.00284217 4030.65) (0.00738964 0.00397904 4024.24) (0.00227374 0.00397904 4015.55) (0.00852651 0.00511591 4005.56) (0.00682121 0 3994.61) (0.00142109 0.00625278 3983.29) (0.00227374 0.00284217 3972.34) (0.00241585 0 3962.67) (-0.000142109 0.00241585 3955.9)
3400          (0.00113687 0 4035.3) (-0.159162 -0.101181 4032.47) (0.0318323 -0.0619593 4027.92) (0.0926548 0.0329692 4021.7) (0.0784439 0.0886757 4014.29) (0.0540012 0.0324007 4005.24) (0.106297 0.0943601 3995.12) (0.123066 0.118234 3984.55) (0.0721911 0.0682121 3974.39) (0.0591172 0.0520117 3965.53) (0.00099476 0.00156319 3959.19)
3450          (-0.00568434 0.00227374 4031.16) (-0.0159162 0.00682121 4029.8) (-0.00966338 0.00454747 4026.77) (0.00227374 -0.00511591 4021.06) (0.0119371 -0.0119371 4013.71) (0.0159162 -0.0210321 4005.05) (-0.00113687 -0.00511591 3995.66) (-0.00483169 -0.00454747 3985.88) (-0.00568434 -0.00227374 3976.47) (-0.00525802 -0.00426326 3968.17) (0.0260059 -0.0295586 3962.24)
3500          (0.00227374 -0.00454747 4030.54) (-0.00682121 0.00113687 4028.27) (0.00113687 -0.00397904 4024.21) (-0.00682121 -0.000568434 4018.87) (-0.00795808 -0.00227374 4012.32) (-0.00341061 -0.00341061 4004.56) (-0.00397904 -0.00738964 3995.9) (-0.00540012 0.000284217 3986.88) (-0.000568434 -0.00511591 3978.1) (-0.0102318 -0.0115108 3970.48) (-0.00241585 -0.000568434 3965.11)
3550          (-0.0147793 -0.0181899 4026.66) (0.0568434 0.060254 4026.17) (0.0505906 0.043201 4023.42) (0.0414957 0.0397904 4018.46) (0.0346745 0.039222 4011.94) (0.0318323 0.0346745 4004.45) (0.0324007 0.0329692 3996.4) (0.030127 0.0309797 3988) (0.0218847 0.0227374 3979.9) (0.0162004 0.0164846 3972.7) (-0.00113687 -0.00213163 3967.76)
3600          (0.0136424 0.0125056 4027.03) (-0.00454747 0.00341061 4024.17) (0.00454747 -0.00852651 4020.55) (-0.0017053 0.00341061 4016.71) (0.00227374 0.00284217 4011.17) (0.00341061 0.00227374 4004.34) (0.00227374 0.00454747 3996.76) (0.00511591 0.00397904 3988.94) (0.00369482 0.00341061 3981.39) (0.00341061 0.00241585 3974.74) (-0.00113687 -0.000426326 3970.11)
3650          (-0.00227374 0 4023.18) (-0.0102318 -0.00682121 4022.57) (-0.00113687 -0.013074 4020.32) (-0.00511591 0 4016.14) (-0.00625278 -0.000568434 4010.46) (-0.00511591 -0.00511591 4004.04) (-0.00511591 -0.00227374 3997.08) (-0.00312639 -0.00341061 3989.83) (-0.00142109 -0.000852651 3982.85) (-0.00213163 -0.00213163 3976.71) (-0.000568434 0.000426326 3972.41)
3700          (0.0102318 0.0125056 4023.57) (0.00227374 0.0216005 4021.04) (0.00454747 -0.0153477 4017.81) (-0.013074 -0.0017053 4014.52) (-0.013074 0.00113687 4009.91) (-0.00227374 -0.00341061 4003.97) (-0.00284217 -0.00625278 3997.41) (-0.00369482 -0.00682121 3990.65) (0.000568434 -0.00795808 3984.14) (-0.0049738 -0.000142109 3978.42) (-0.00142109 -0.000284217 3974.43)
3750          (0.0625278 -0.0648015 4020.19) (0.0136424 -0.0136424 4019.51) (0.0119371 -0.0142109 4017.91) (0.00113687 -0.00454747 4014.22) (-0.00852651 0.00284217 4009.29) (-0.00284217 -0.00397904 4003.71) (0.00284217 -0.00454747 3997.7) (-0.0082423 0.00710543 3991.49) (-0.0082423 0.00795808 3985.46) (-0.000852651 -0.00596856 3980.1) (0.0464695 -0.051017 3976.39)
3800          (0.00682121 0.0102318 4020.51) (0.00113687 -0.00113687 4018.3) (0.00113687 -0.00511591 4015.55) (-0.00284217 -0.00113687 4012.76) (-0.00113687 0.00284217 4008.73) (0.0017053 0.00113687 4003.61) (0.00113687 0 3997.95) (0.0017053 0.00113687 3992.14) (0.0017053 0.00113687 3986.52) (0.0017053 0 3981.58) (-0.00113687 0 3978.15)
3850          (-0.13074 0.126192 4017.38) (-0.0159162 -0.0216005 4017.18) (-0.00966338 -0.0153477 4015.54) (0.00113687 -0.0136424 4012.32) (-0.0136424 0.00966338 4008.17) (-0.0125056 0.00397904 4003.39) (0.00284217 -0.0102318 3998.24) (-0.00511591 -0.00369482 3992.87) (0.000852651 -0.00540012 3987.64) (0.00312639 -0.00525802 3983.06) (0.0243006 -0.0186162 3979.86)
3900          (0.0682121 -0.060254 4017.83) (0.0147793 -0.0136424 4016.01) (-0.0278533 0.0255795 4013.72) (-0.0238742 0.0193268 4011.15) (0.00568434 -0.00966338 4007.64) (0.026148 -0.0295586 4003.35) (-0.0255795 0.017053 3998.46) (-0.00568434 0.000568434 3993.46) (-0.0167688 0.0142109 3988.58) (0.00156319 -0.00355271 3984.35) (0.0298428 -0.0306954 3981.38)
3950          (-0.00113687 0.00454747 4015.38) (-0.0159162 -0.0147793 4014.82) (-0.00341061 -0.0125056 4013.58) (-0.00284217 -0.0017053 4010.94) (-0.00341061 -0.00227374 4007.29) (-0.00511591 -0.00341061 4003.16) (-0.00454747 -0.00397904 3998.67) (-0.00341061 -0.00397904 3994.04) (-0.00369482 -0.00198952 3989.53) (-0.00184741 -0.00213163 3985.59) (-0.00767386 -0.00866862 3982.83)
4000          (-0.00113687 0.00113687 4015.53) (0.00454747 0 4013.95) (-0.00284217 0.00227374 4012.07) (0.00397904 -0.0113687 4009.76) (0.0119371 -0.0119371 4006.8) (0.0017053 -0.00341061 4003.03) (0.00341061 -0.00568434 3998.81) (-0.000568434 -0.00255795 3994.48) (-0.00966338 0.00710543 3990.28) (-0.00142109 0.000426326 3986.65) (-0.00369482 0.0173372 3984.13)
4050          (0.0488853 -0.0329692 4013.36) (-0.0306954 -0.0295586 4012.93) (-0.00454747 -0.0238742 4012.1) (-0.00966338 -0.0108002 4009.59) (-0.013074 -0.00682121 4006.54) (-0.00795808 -0.0108002 4002.98) (-0.0142109 -0.00795808 3999.08) (-0.00710543 -0.00767386 3995.1) (-0.0082423 -0.0082423 3991.15) (-0.00596856 -0.00412115 3987.76) (-0.181331 -0.201794 3985.37)
4100          (-0.00795808 0.00113687 4013.67) (0.33765 0.335376 4011.88) (0.34845 -0.00682121 4010.46) (0.0477485 -0.090381 4008.76) (-0.169393 0.121076 4006.26) (0.0665068 -0.180194 4002.88) (0.0250111 -0.114255 3999.2) (-0.0227374 -0.0397904 3995.54) (-0.0221689 -0.0426326 3991.83) (-0.030127 -0.0126477 3988.7) (-0.00156319 0.00810019 3986.5)
4150          (0.808313 0.807177 4011.64) (-0.0272848 -0.0409273 4011.46) (-0.0210321 -0.0108002 4010.52) (-0.0159162 0.0102318 4008.44) (-0.017053 0.0113687 4005.83) (-0.00852651 -0.0102318 4002.75) (-0.00397904 -0.00795808 3999.31) (-0.00682121 0.00540012 3995.92) (-0.0017053 -0.00227374 3992.57) (-0.00241585 -0.00284217 3989.59) (-0.546407 -0.544276 3987.55)
4200          (0.0682121 -0.077307 4012.03) (-0.0193268 -0.0341061 4010.54) (-0.00795808 0.00852651 4009.31) (0.0102318 0.0136424 4007.94) (0.0557066 -0.0312639 4005.53) (0.0113687 0.017053 4002.61) (0.0363798 -0.00682121 3999.49) (-0.0315481 0.0557066 3996.25) (0.0343903 -0.0102318 3993.13) (0.000568434 0.0154898 3990.4) (-0.0378009 0.0373745 3988.5)
4250          (-0.00113687 -0.00341061 4010.17) (-0.0193268 -0.00909495 4010.33) (-0.0113687 0.00284217 4009.46) (-0.0017053 -0.00227374 4007.56) (-0.00852651 -0.00568434 4005.12) (-0.00511591 -0.00454747 4002.54) (-0.00568434 -0.00397904 3999.67) (-0.00284217 -0.00795808 3996.58) (-0.00198952 -0.00341061 3993.74) (-0.00241585 -0.00298428 3991.19) (0.00866862 0.00568434 3989.42)
4300          (-0.0125056 0.0147793 4010.57) (0.0625278 0.0557066 4009.36) (0.0233058 -0.0454747 4008.26) (-0.069349 0.0221689 4006.99) (-0.0682121 0.0278533 4004.98) (-0.0164846 -0.0324007 4002.49) (-0.0358114 -0.0221689 3999.77) (-0.0306954 -0.017053 3996.97) (-0.017053 -0.0224532 3994.27) (-0.011795 -0.018332 3991.89) (0.0231637 -0.0302691 3990.27)
4350          (0.00795808 0.00682121 4009.11) (-0.00341061 -0.0125056 4008.88) (0.0017053 -0.00284217 4008.33) (-0.00341061 0.00682121 4006.67) (-0.00341061 0.00568434 4004.66) (-0.000568434 -0.0017053 4002.4) (-0.0017053 -0.0017053 3999.84) (0.000568434 0.00142109 3997.26) (0.000568434 0.000852651 3994.79) (-0.000710543 -0.00298428 3992.55) (-0.159162 -0.159019 3991.04)
4400          (0.00909495 0.00795808 4009.29) (0.0147793 0.00909495 4008.26) (0.00284217 -0.00397904 4007.37) (-0.00511591 -0.00454747 4006.29) (-0.00113687 -0.00682121 4004.48) (-0.00568434 -0.00341061 4002.26) (-0.00341061 -0.00795808 4000) (-0.00483169 -0.00767386 3997.55) (-0.00284217 -0.00454747 3995.14) (-0.000426326 -0.000284217 3993.19) (0.00639488 0.00909495 3991.76)
4450          (0.00113687 0.00454747 4008.01) (-0.0295586 0.0250111 4007.96) (-0.00113687 0.0017053 4007.4) (0.00454747 -0.00568434 4005.95) (0.000568434 -0.00284217 4004.24) (0.00738964 -0.00852651 4002.26) (-0.00966338 0.0147793 4000.15) (-0.00454747 0.000568434 3997.88) (-0.00483169 0.00511591 3995.61) (0.000568434 0.00255795 3993.83) (-0.0395062 -0.037943 3992.49)
4500          (-0.00113687 0 4008.19) (0.0250111 0.0181899 4007.33) (-0.00511591 -0.0113687 4006.56) (-0.0216005 0.00113687 4005.67) (-0.00909495 -0.00625278 4004.08) (-0.00795808 -0.0136424 4002.23) (-0.00625278 -0.0159162 4000.19) (-0.00909495 -0.00937916 3998.07) (-0.0099476 -0.00710543 3996.1) (-0.00511591 -0.00895284 3994.27) (0.000284217 0.00142109 3993.04)
4550          (-0.0363798 0.0329692 4007.06) (0.0250111 0.0636646 4007.2) (0.0295586 0.0125056 4006.63) (0.0255795 0.00852651 4005.32) (0.00568434 0.0369482 4003.81) (0.0108002 0.0335376 4002.21) (0.0147793 0.0216005 4000.31) (0.0216005 0.0125056 3998.28) (0.0190425 0.0125056 3996.49) (0.00511591 0.010516 3994.8) (0.0233058 -0.0191847 3993.64)
4600          (0 0.00113687 4007.29) (0.00341061 0.0125056 4006.5) (-0.013074 -0.00397904 4005.89) (0 -0.00454747 4005.13) (0.00284217 -0.0119371 4003.71) (-0.0147793 0.00397904 4002.07) (-0.00909495 -0.00341061 4000.34) (-0.00625278 -0.00426326 3998.53) (-0.00625278 -0.00341061 3996.75) (-0.00142109 -0.00568434 3995.22) (0 -0.000426326 3994.16)
4650          (0.00113687 0 4006.37) (-0.00909495 0.0147793 4006.4) (0 -0.00284217 4005.91) (-0.00284217 0.00284217 4004.75) (0.00568434 -0.000568434 4003.58) (-0.000568434 -0.00397904 4002.06) (0.00568434 -0.00682121 4000.41) (0.00795808 -0.00852651 3998.76) (-0.00767386 0.00540012 3997.11) (-0.00341061 0.00184741 3995.66) (-0.0049738 -0.00582645 3994.69)
4700          (0.211458 -0.213731 4006.28) (-0.00341061 -0.00227374 4005.9) (0.00454747 -0.00397904 4005.61) (0.00227374 -0.00113687 4004.58) (0.000568434 0.0017053 4003.47) (0.00454747 0.00284217 4002.03) (0.00341061 0.00397904 4000.5) (0.00341061 0.00341061 3998.91) (0.00483169 0.00312639 3997.33) (0.00454747 0.00312639 3996) (0.110418 -0.0993339 3995.06)
4750          (-0.0125056 0.0125056 4005.88) (0.00568434 0 4005.65) (0.000568434 -0.00682121 4005.14) (-0.00625278 0 4004.38) (0.000568434 -0.00909495 4003.24) (-0.0017053 -0.00113687 4002) (-0.00454747 -0.00454747 4000.56) (-0.00284217 -0.00341061 3999.06) (0 -0.000852651 3997.63) (-0.0017053 -0.00198952 3996.42) (0.0281375 -0.0250111 3995.53)
4800          (-0.0125056 0.0147793 4005.67) (0.00454747 -0.00341061 4005.48) (-0.0204636 0.00227374 4004.92) (0.039222 -0.0449063 4004.22) (-0.0380851 0.0193268 4003.18) (0.00113687 -0.0159162 4002) (0.00113687 -0.00909495 4000.62) (-0.0255795 0.0162004 3999.23) (-0.0173372 0.0144951 3997.87) (0.00184741 -0.00383693 3996.66) (0.0171951 -0.0116529 3995.85)
4850          (-0.0920863 -0.00909495 4005.33) (-0.00113687 -0.00341061 4005.06) (-0.017053 0.00511591 4004.73) (0.00511591 -0.0119371 4003.9) (-0.013074 0.00909495 4003.19) (-0.00454747 -0.00454747 4001.92) (-0.00511591 -0.00341061 4000.73) (-0.00767386 -0.000568434 3999.45) (-0.00568434 0.00341061 3998.18) (-0.00426326 -0.00468958 3997.08) (0.0555644 -0.0450484 3996.31)
4900          (0.0557066 -0.0613909 4005.12) (0.00341061 -0.00227374 4004.89) (0.0295586 -0.0176215 4004.54) (-0.0159162 0.0250111 4003.79) (0.0250111 -0.00511591 4003.03) (-0.00397904 0.0102318 4001.9) (-0.000568434 0.0113687 4000.77) (0.0201794 -0.0133582 3999.53) (0.0127898 -0.00369482 3998.33) (-0.00142109 0.00142109 3997.33) (-0.0740386 0.0683542 3996.58)
4950          (0.237605 0.211458 4004.82) (0.0477485 -0.0500222 4004.64) (-0.00284217 0.0198952 4004.22) (0.0250111 0.00966338 4003.65) (0.0750333 -0.030127 4002.78) (0.0187583 0.0255795 4001.89) (0.0255795 0.0113687 4000.76) (0.0332534 -0.00653699 3999.66) (-0.00852651 0.0306954 3998.6) (0.0190425 -0.00198952 3997.56) (0.188294 0.168257 3997.02)
5000          (0.0329692 0.00227374 4004.65) (0.0295586 -0.0318323 4004.46) (-0.0341061 0.0153477 4004.06) (-0.00397904 -0.00511591 4003.51) (-0.00227374 -0.0153477 4002.73) (-0.0198952 0.0017053 4001.83) (-0.00511591 -0.026148 4000.84) (-0.00142109 -0.00710543 3999.72) (-0.0378009 0.0281375 3998.76) (-0.00142109 0.00113687 3997.8) (0.0049738 -0.019611 3997.28)
