# Probe 0 (0.0015 0.0015 0)
# Probe 1 (0.0015 0.0015 0.002)
# Probe 2 (0.0015 0.0015 0.004)
# Probe 3 (0.0015 0.0015 0.006)
# Probe 4 (0.0015 0.0015 0.008)
# Probe 5 (0.0015 0.0015 0.01)
# Probe 6 (0.0015 0.0015 0.012)
# Probe 7 (0.0015 0.0015 0.014)
# Probe 8 (0.0015 0.0015 0.016)
# Probe 9 (0.0015 0.0015 0.018)
# Probe 10 (0.0015 0.0015 0.02)
# Time        0             1             2             3             4             5             6             7             8             9             10           
50            (5.88625e-11 -7.55933e-11 -4.99449e-11) (1.22252e-10 -2.0617e-10 -6.06413e-11) (5.76056e-10 -6.22607e-10 1.31937e-10) (8.52406e-10 -8.39554e-10 -5.04213e-10) (1.00971e-09 -8.95107e-10 -8.86258e-10) (1.64342e-09 -1.49386e-09 -9.76086e-10) (1.80358e-09 -1.80163e-09 -3.2135e-10) (2.16841e-09 -2.12341e-09 -1.48402e-10) (2.6155e-09 -2.28091e-09 -2.89457e-10) (2.77266e-09 -2.6883e-09 -2.08842e-10) (2.56068e-09 -3.09262e-09 -4.94781e-10)
100           (1.34093e-10 -2.59065e-10 -3.81503e-11) (4.32346e-10 -5.47409e-10 3.62428e-11) (1.00187e-09 -8.89636e-10 -1.31735e-09) (1.35662e-09 -1.21678e-09 -5.98148e-11) (1.78485e-09 -1.84826e-09 -3.44327e-10) (2.24549e-09 -2.77619e-09 6.63971e-11) (2.70144e-09 -3.31077e-09 -4.51253e-10) (3.21441e-09 -3.22575e-09 -1.28901e-09) (3.58362e-09 -3.6149e-09 -1.67006e-09) (3.96655e-09 -3.97827e-09 -1.53871e-09) (4.15783e-09 -4.30649e-09 -1.60988e-09)
150           (1.36134e-10 9.89777e-11 8.81526e-12) (6.1952e-10 -5.22568e-10 -3.05369e-10) (9.56974e-10 -1.30887e-09 9.79153e-11) (1.87817e-09 -1.83547e-09 5.78579e-10) (2.34396e-09 -2.21321e-09 1.4265e-09) (2.90882e-09 -2.64783e-09 1.32758e-09) (3.21559e-09 -3.19854e-09 1.62436e-09) (3.58571e-09 -4.12239e-09 1.13985e-09) (4.36268e-09 -4.17566e-09 1.17354e-09) (4.45887e-09 -4.96708e-09 6.293e-10) (4.77091e-09 -4.81948e-09 2.54657e-10)
200           (1.08934e-10 5.23771e-11 -1.17675e-10) (6.38154e-10 -6.80483e-10 2.56413e-11) (1.31446e-09 -1.10892e-09 1.11214e-09) (1.94779e-09 -2.2001e-09 5.35044e-10) (2.56633e-09 -2.45333e-09 7.28723e-10) (3.26129e-09 -3.15046e-09 5.86718e-10) (3.65626e-09 -3.39281e-09 3.23268e-10) (4.18703e-09 -3.96731e-09 -9.93358e-10) (4.85586e-09 -4.83582e-09 -1.09918e-09) (5.22982e-09 -5.05436e-09 -1.20377e-09) (4.74067e-09 -4.80535e-09 -1.13024e-09)
250           (1.90338e-10 -2.01399e-12 1.10817e-10) (4.6025e-10 -6.77964e-10 1.45467e-11) (1.63278e-09 -1.09718e-09 4.85936e-10) (1.90252e-09 -1.81559e-09 1.03221e-09) (2.56229e-09 -2.55855e-09 6.15279e-10) (3.19713e-09 -3.66587e-09 1.44773e-09) (3.77834e-09 -4.09869e-09 1.43046e-09) (4.15231e-09 -4.43719e-09 1.40266e-09) (5.10421e-09 -4.75407e-09 1.59895e-09) (5.53057e-09 -5.20273e-09 1.14954e-09) (5.57587e-09 -5.28038e-09 4.58495e-10)
300           (1.27662e-10 -2.22749e-10 -5.29111e-11) (4.76426e-10 -6.64312e-10 4.5377e-10) (1.39278e-09 -1.4436e-09 8.85412e-10) (1.88366e-09 -2.1715e-09 2.46785e-10) (2.76626e-09 -2.50307e-09 3.97251e-10) (3.54312e-09 -3.56054e-09 7.80547e-10) (3.94613e-09 -4.0625e-09 4.50869e-10) (4.36674e-09 -4.44926e-09 8.85169e-11) (4.94539e-09 -5.23667e-09 5.37793e-10) (5.42972e-09 -5.63153e-09 -1.73949e-11) (5.71967e-09 -5.64245e-09 7.69794e-10)
350           (1.10318e-10 -3.1659e-10 1.72625e-10) (6.91059e-10 -6.50797e-10 7.0957e-10) (1.47268e-09 -1.43667e-09 3.83837e-10) (1.95057e-09 -1.97227e-09 8.32885e-10) (2.80137e-09 -2.38989e-09 6.70133e-11) (3.52616e-09 -3.70763e-09 -1.07454e-09) (4.18754e-09 -4.21473e-09 -1.10049e-09) (4.47245e-09 -4.45651e-09 -7.90684e-10) (4.73693e-09 -5.01593e-09 -5.04484e-10) (5.81414e-09 -5.59686e-09 -4.42708e-10) (5.45797e-09 -5.70535e-09 -8.31125e-10)
400           (7.35387e-11 -4.95488e-11 -8.98657e-11) (5.21315e-10 -7.5223e-10 5.80203e-10) (1.47671e-09 -1.33016e-09 -2.16128e-11) (2.18256e-09 -1.97911e-09 -2.94994e-10) (2.68118e-09 -2.54502e-09 1.1029e-09) (3.65741e-09 -3.2802e-09 5.34111e-10) (4.25913e-09 -4.1769e-09 8.01244e-10) (4.33605e-09 -4.70145e-09 3.72162e-10) (5.20072e-09 -5.23769e-09 1.29756e-09) (5.65315e-09 -5.86798e-09 6.97387e-10) (5.87141e-09 -5.55668e-09 -1.69809e-10)
450           (1.96392e-10 -1.47769e-10 -1.99974e-10) (4.19595e-10 -7.1078e-10 1.90987e-10) (1.30979e-09 -1.51269e-09 -5.25655e-11) (2.30781e-09 -2.395e-09 1.08771e-09) (2.8808e-09 -2.84196e-09 5.02576e-10) (3.59964e-09 -3.36612e-09 1.12272e-10) (4.19108e-09 -4.20354e-09 7.97419e-10) (4.5671e-09 -4.63901e-09 9.78806e-10) (5.01141e-09 -5.26926e-09 6.52187e-10) (5.76264e-09 -5.51085e-09 7.27189e-10) (5.66202e-09 -5.39279e-09 -2.66547e-10)
500           (-5.7179e-11 1.48562e-11 -1.38945e-10) (4.70138e-10 -5.61007e-10 4.07346e-10) (1.47524e-09 -1.27914e-09 -3.46743e-10) (2.24177e-09 -2.11626e-09 -8.80953e-10) (2.70167e-09 -2.77138e-09 -2.35982e-10) (3.42559e-09 -3.47411e-09 -6.81629e-10) (3.78691e-09 -4.20679e-09 -1.7694e-10) (4.3454e-09 -4.45467e-09 5.87256e-10) (5.35223e-09 -5.14932e-09 8.46333e-10) (5.64487e-09 -5.5527e-09 5.32251e-10) (5.51298e-09 -5.80884e-09 -3.63571e-10)
550           (5.77302e-11 -1.57077e-10 -8.77153e-12) (4.46736e-10 -9.52094e-10 4.61321e-10) (1.51454e-09 -1.19168e-09 -1.69879e-10) (2.27483e-09 -2.16508e-09 -3.05114e-10) (2.91798e-09 -2.89872e-09 -2.24352e-11) (3.55999e-09 -3.60898e-09 -1.97634e-10) (4.16709e-09 -4.35416e-09 -4.57677e-11) (4.42708e-09 -4.43785e-09 -1.01421e-09) (5.03978e-09 -5.11076e-09 1.36304e-10) (5.57158e-09 -5.30349e-09 -1.13714e-09) (5.55563e-09 -5.51104e-09 -5.13016e-10)
600           (1.21293e-10 5.277e-11 1.25744e-10) (6.51668e-10 -1.07495e-09 4.11947e-10) (1.39212e-09 -1.21352e-09 6.07377e-10) (2.17264e-09 -1.9753e-09 8.45386e-10) (2.81855e-09 -2.83216e-09 1.10781e-09) (3.53387e-09 -3.47775e-09 1.16638e-10) (4.02925e-09 -4.1808e-09 4.77581e-10) (4.57681e-09 -4.53451e-09 8.08785e-10) (5.42993e-09 -5.23856e-09 2.45549e-10) (5.81141e-09 -5.68302e-09 -5.31609e-10) (5.58989e-09 -5.76208e-09 -1.06767e-09)
650           (2.494e-10 -7.76371e-11 -5.13575e-11) (7.3529e-10 -5.37248e-10 5.16904e-11) (1.57376e-09 -1.328e-09 2.66501e-10) (1.9186e-09 -2.0625e-09 -7.51334e-10) (2.65141e-09 -2.61352e-09 1.32823e-10) (3.49583e-09 -3.51711e-09 3.43324e-10) (4.05958e-09 -4.18342e-09 -7.00284e-10) (4.38643e-09 -4.58314e-09 -1.07191e-09) (4.8523e-09 -5.31354e-09 -9.09118e-10) (5.44345e-09 -5.78869e-09 -1.11281e-09) (5.37349e-09 -5.31422e-09 -1.96241e-09)
700           (-4.72124e-11 -1.49817e-10 1.90474e-10) (7.13005e-10 -9.46305e-10 1.18403e-10) (1.41032e-09 -1.41109e-09 -1.30309e-10) (2.03518e-09 -2.00042e-09 -9.32157e-12) (2.67401e-09 -2.55426e-09 -4.4017e-10) (3.35783e-09 -3.49072e-09 5.28519e-11) (3.80865e-09 -4.31945e-09 1.65267e-10) (4.5576e-09 -4.30685e-09 3.70514e-10) (5.00112e-09 -5.04186e-09 7.29034e-10) (5.41095e-09 -5.63338e-09 8.24917e-10) (5.44982e-09 -5.3895e-09 1.23176e-09)
750           (1.03982e-10 -2.28336e-10 2.96067e-10) (6.90587e-10 -9.76089e-10 -7.92583e-11) (1.36938e-09 -1.35248e-09 -1.63156e-10) (1.85449e-09 -2.21556e-09 2.90528e-10) (2.94582e-09 -2.72916e-09 8.32016e-11) (3.58257e-09 -3.58448e-09 2.03323e-10) (4.24668e-09 -4.20823e-09 1.05395e-09) (4.40768e-09 -4.57074e-09 1.2816e-09) (5.11798e-09 -5.2525e-09 1.06903e-09) (5.7393e-09 -5.55656e-09 5.09746e-10) (5.50741e-09 -5.52471e-09 -1.27444e-10)
800           (5.01318e-11 7.0215e-11 -5.89938e-11) (5.79197e-10 -6.3411e-10 7.2029e-11) (1.47214e-09 -1.24368e-09 1.66818e-10) (2.22278e-09 -1.84216e-09 -7.35015e-10) (2.65871e-09 -2.81879e-09 -1.45431e-10) (3.47374e-09 -3.49435e-09 9.3033e-11) (4.10052e-09 -4.10131e-09 -9.75282e-11) (4.77306e-09 -4.43613e-09 -6.02655e-10) (5.20951e-09 -5.31118e-09 -1.9729e-10) (5.66147e-09 -5.54927e-09 -4.58551e-10) (5.51942e-09 -5.75066e-09 1.38644e-10)
850           (1.45073e-10 6.66984e-11 -1.59609e-10) (4.67568e-10 -6.97118e-10 -7.58201e-11) (1.4173e-09 -1.12235e-09 5.99132e-11) (2.17215e-09 -2.0536e-09 7.53217e-10) (2.77794e-09 -2.79316e-09 1.10869e-09) (3.43031e-09 -3.7888e-09 1.63465e-10) (3.98241e-09 -4.5513e-09 2.49079e-10) (4.59717e-09 -4.68146e-09 4.60121e-11) (4.92686e-09 -5.23393e-09 7.35613e-10) (5.68291e-09 -5.50304e-09 -2.82151e-10) (5.66036e-09 -5.85948e-09 -4.9569e-10)
900           (1.43003e-10 -1.73046e-11 -1.24846e-10) (7.46809e-10 -5.91433e-10 -3.57899e-10) (1.15739e-09 -1.53495e-09 -6.03676e-10) (1.88383e-09 -2.03803e-09 -6.75721e-10) (2.69702e-09 -2.60331e-09 -6.51018e-10) (3.34181e-09 -3.54489e-09 -3.05636e-10) (3.97182e-09 -4.17879e-09 -3.20147e-10) (4.61478e-09 -4.3748e-09 -1.45146e-10) (5.19453e-09 -4.94022e-09 8.06085e-11) (5.49897e-09 -5.7065e-09 2.26186e-10) (5.45793e-09 -5.24481e-09 -1.20663e-09)
950           (2.27572e-10 -8.25219e-11 1.1819e-10) (5.33785e-10 -9.14202e-10 -1.69961e-10) (1.47692e-09 -1.20302e-09 6.88796e-10) (1.81492e-09 -2.03919e-09 -2.34714e-11) (2.6422e-09 -2.64755e-09 7.19859e-10) (3.13801e-09 -3.58003e-09 -1.3452e-10) (4.01172e-09 -4.23574e-09 7.59846e-11) (4.45323e-09 -4.46856e-09 -1.99273e-10) (5.12007e-09 -4.99497e-09 4.05532e-10) (5.85942e-09 -5.37883e-09 -1.32396e-10) (5.24224e-09 -5.44657e-09 1.0202e-10)
1000          (1.70362e-10 -1.45119e-11 2.06197e-10) (4.63714e-10 -4.70031e-10 -2.01165e-10) (1.32604e-09 -1.19018e-09 -2.42919e-10) (2.01393e-09 -1.87946e-09 -5.76439e-10) (2.77024e-09 -2.40361e-09 -2.66153e-10) (3.60148e-09 -3.42193e-09 9.91918e-11) (3.86054e-09 -4.02085e-09 -2.797e-10) (4.23624e-09 -4.33658e-09 -1.65474e-10) (4.96725e-09 -5.05516e-09 1.49473e-10) (5.6179e-09 -5.48017e-09 -1.23335e-10) (5.41824e-09 -5.22361e-09 -5.45018e-10)
1050          (3.02177e-13 -1.06961e-11 1.63045e-10) (4.60117e-10 -5.88905e-10 -8.88884e-12) (1.48182e-09 -9.42156e-10 -1.07034e-10) (2.09031e-09 -2.14159e-09 6.88415e-10) (2.64557e-09 -2.33292e-09 2.13831e-10) (3.42598e-09 -3.33195e-09 -3.19594e-10) (3.8744e-09 -3.87559e-09 -1.8928e-10) (4.70455e-09 -4.38942e-09 -7.83501e-10) (5.19699e-09 -5.11391e-09 -3.67165e-11) (5.6607e-09 -5.63144e-09 -9.95405e-10) (5.18877e-09 -5.44109e-09 -1.64388e-09)
1100          (5.96414e-11 1.3964e-10 -1.46949e-10) (8.16773e-10 -6.81533e-10 6.1969e-10) (1.43327e-09 -1.08651e-09 4.93169e-10) (2.06469e-09 -1.87098e-09 1.35764e-09) (2.77838e-09 -2.61948e-09 1.62045e-09) (3.54395e-09 -3.79794e-09 1.48168e-09) (3.91457e-09 -4.34161e-09 3.50919e-10) (4.51186e-09 -4.55586e-09 7.84264e-11) (5.44976e-09 -5.16651e-09 -2.00075e-10) (5.57688e-09 -5.61942e-09 -2.31995e-10) (5.62145e-09 -5.62388e-09 4.49391e-10)
1150          (5.58471e-11 5.62391e-11 3.9453e-10) (5.79475e-10 -6.14199e-10 1.57946e-10) (1.41018e-09 -1.11585e-09 3.36401e-10) (2.00733e-09 -2.03796e-09 7.12179e-10) (2.67035e-09 -2.54779e-09 6.80073e-10) (3.33547e-09 -3.43783e-09 3.15108e-10) (3.88509e-09 -3.89815e-09 -3.08601e-11) (4.38159e-09 -4.38085e-09 1.2265e-09) (4.83791e-09 -4.90371e-09 1.49293e-09) (5.2039e-09 -5.4615e-09 6.01409e-10) (5.37719e-09 -5.68494e-09 1.33406e-09)
1200          (1.3305e-10 2.86264e-11 5.39385e-11) (4.17099e-10 -4.52841e-10 4.17763e-10) (1.36613e-09 -1.13123e-09 1.22694e-09) (2.1218e-09 -2.15324e-09 1.35407e-09) (3.02146e-09 -2.57054e-09 1.76444e-09) (3.41959e-09 -3.69282e-09 1.41352e-09) (3.74818e-09 -3.95579e-09 1.78945e-09) (4.41119e-09 -4.33266e-09 1.79458e-09) (5.04842e-09 -4.79551e-09 1.48442e-09) (5.37796e-09 -5.45081e-09 1.38031e-09) (5.2747e-09 -5.49198e-09 -7.52498e-10)
1250          (1.596e-12 -7.13721e-11 -1.54672e-10) (4.97576e-10 -4.55355e-10 3.70972e-10) (1.44414e-09 -1.43446e-09 3.19657e-10) (2.15489e-09 -2.20071e-09 -5.32264e-10) (2.92333e-09 -2.60864e-09 3.75223e-10) (3.74491e-09 -3.41484e-09 6.23707e-11) (4.24413e-09 -4.1545e-09 -8.71791e-10) (4.36685e-09 -4.6204e-09 -2.65288e-10) (5.24923e-09 -4.74831e-09 6.58804e-10) (5.55142e-09 -5.58367e-09 -2.34889e-10) (5.60491e-09 -5.75057e-09 -7.576e-10)
1300          (1.48822e-10 -1.57368e-10 -1.6241e-10) (6.01548e-10 -4.96242e-10 3.26726e-10) (1.35136e-09 -1.54361e-09 -2.75199e-10) (2.07741e-09 -2.05127e-09 1.89077e-10) (2.88458e-09 -2.61457e-09 2.09994e-10) (3.42394e-09 -3.33768e-09 2.07996e-10) (4.15196e-09 -4.20325e-09 -5.19104e-10) (4.56882e-09 -4.65774e-09 5.61948e-11) (4.98695e-09 -5.15759e-09 8.67404e-10) (5.62936e-09 -5.50224e-09 1.42103e-09) (5.3109e-09 -5.32972e-09 1.09159e-09)
1350          (2.3261e-10 -2.19404e-10 1.65505e-10) (5.06641e-10 -9.6759e-10 -3.67183e-10) (1.53595e-09 -1.71939e-09 3.21635e-10) (1.8735e-09 -1.99366e-09 5.99562e-10) (2.77895e-09 -2.69752e-09 3.22446e-10) (3.29335e-09 -3.34603e-09 4.95841e-10) (3.94872e-09 -4.19547e-09 -1.78605e-10) (4.68659e-09 -4.38884e-09 4.37719e-10) (4.72509e-09 -5.11475e-09 2.66622e-10) (5.52089e-09 -5.3255e-09 -5.48352e-10) (5.09776e-09 -5.63458e-09 -5.43784e-10)
1400          (2.36568e-10 -1.57777e-10 -3.21138e-12) (5.673e-10 -5.23512e-10 1.52197e-10) (1.29465e-09 -1.24964e-09 2.02612e-10) (1.87461e-09 -2.1139e-09 5.29424e-10) (2.83538e-09 -3.01519e-09 2.90067e-10) (3.50738e-09 -3.8119e-09 5.22507e-11) (3.90332e-09 -4.2653e-09 1.64809e-10) (4.51604e-09 -4.5733e-09 8.88288e-10) (5.03311e-09 -5.24561e-09 7.76343e-10) (5.45686e-09 -5.53577e-09 9.10185e-10) (5.70765e-09 -5.67716e-09 2.89993e-10)
1450          (5.75907e-11 -3.23402e-11 2.41242e-10) (6.7429e-10 -7.45871e-10 6.80396e-11) (1.56967e-09 -1.18098e-09 -3.92361e-10) (1.94339e-09 -2.21577e-09 4.19503e-10) (2.70444e-09 -2.7024e-09 5.93024e-10) (3.39961e-09 -3.62316e-09 3.60659e-10) (3.92733e-09 -4.01438e-09 1.25798e-10) (4.3909e-09 -4.51094e-09 2.49405e-10) (4.93732e-09 -5.07353e-09 4.99942e-10) (5.49883e-09 -5.40947e-09 3.28791e-10) (5.80079e-09 -5.41251e-09 -1.308e-10)
1500          (1.53587e-10 -1.87349e-11 8.19092e-12) (7.392e-10 -8.16602e-10 -1.17071e-09) (1.28306e-09 -1.50098e-09 -8.85282e-10) (2.09267e-09 -2.29603e-09 -1.361e-10) (2.75818e-09 -2.79115e-09 1.80282e-10) (3.38386e-09 -3.71903e-09 -2.79848e-10) (3.94014e-09 -4.39544e-09 -5.35796e-11) (4.29076e-09 -4.61214e-09 -5.52245e-10) (5.12821e-09 -4.78862e-09 1.80083e-10) (5.55661e-09 -5.3726e-09 6.11281e-11) (5.54631e-09 -5.45029e-09 -1.06041e-09)
1550          (2.71988e-11 -8.07469e-11 -1.06195e-10) (6.53936e-10 -4.25079e-10 -3.13434e-11) (1.71227e-09 -1.49636e-09 -2.28729e-10) (2.01139e-09 -2.1328e-09 1.0284e-09) (2.88846e-09 -2.52688e-09 7.73823e-10) (3.36739e-09 -3.1676e-09 3.11967e-11) (3.98466e-09 -4.05956e-09 -2.93765e-10) (4.31793e-09 -4.3922e-09 -5.3529e-10) (5.08163e-09 -4.88413e-09 -8.43138e-10) (5.41969e-09 -5.37489e-09 -1.49174e-09) (5.37736e-09 -5.97485e-09 -1.36997e-09)
1600          (-1.53783e-11 -1.6035e-10 3.80907e-11) (5.64477e-10 -7.73777e-10 9.70799e-12) (1.66605e-09 -1.32441e-09 -3.63906e-10) (2.21315e-09 -2.09498e-09 -6.27698e-10) (2.69138e-09 -2.38847e-09 -1.17454e-10) (3.34601e-09 -3.50093e-09 -9.47488e-11) (3.95677e-09 -4.17143e-09 1.4099e-10) (4.49491e-09 -4.55038e-09 -6.84463e-12) (5.2614e-09 -5.12324e-09 5.15575e-10) (5.56111e-09 -5.59977e-09 4.04175e-10) (5.75877e-09 -5.7298e-09 1.0731e-12)
1650          (1.48351e-10 -2.64163e-10 2.42588e-10) (6.51868e-10 -8.83005e-10 1.73345e-10) (1.52183e-09 -1.53707e-09 4.49315e-11) (1.9512e-09 -1.86129e-09 3.94926e-10) (2.92033e-09 -2.61324e-09 6.44472e-11) (3.6504e-09 -3.47286e-09 1.55775e-10) (3.80301e-09 -4.15734e-09 -6.3624e-10) (4.41752e-09 -4.34534e-09 5.1586e-10) (5.29169e-09 -4.99093e-09 7.27388e-10) (5.51499e-09 -5.38951e-09 -1.91477e-10) (5.53405e-09 -5.56083e-09 5.83746e-10)
1700          (1.39218e-10 -1.00723e-10 9.51016e-11) (7.21043e-10 -5.60921e-10 -1.91235e-10) (1.57357e-09 -1.32563e-09 -5.72835e-10) (1.99316e-09 -1.98956e-09 -4.14901e-10) (2.93558e-09 -2.48604e-09 -8.09061e-11) (3.5289e-09 -3.49008e-09 2.34974e-10) (4.0338e-09 -4.01018e-09 -3.74003e-10) (4.49152e-09 -4.37268e-09 3.716e-10) (5.07492e-09 -4.91652e-09 7.59241e-10) (5.37232e-09 -5.47007e-09 -1.91034e-10) (5.59881e-09 -5.87762e-09 -1.10437e-09)
1750          (-4.9648e-11 -1.22433e-10 3.42671e-10) (4.32662e-10 -5.69136e-10 -8.01579e-13) (1.30023e-09 -1.41095e-09 6.97907e-10) (2.01843e-09 -1.87485e-09 4.87967e-10) (2.81708e-09 -2.45381e-09 5.34838e-10) (3.58741e-09 -3.2593e-09 5.20562e-10) (4.09674e-09 -4.12561e-09 1.24181e-09) (4.74582e-09 -4.32725e-09 1.26239e-09) (5.24543e-09 -5.07841e-09 1.66256e-09) (5.44503e-09 -5.52804e-09 1.21567e-09) (5.26544e-09 -5.32252e-09 1.03669e-09)
1800          (9.48998e-11 8.96743e-12 -1.04192e-10) (3.70253e-10 -4.64474e-10 -2.64134e-10) (1.03169e-09 -1.31849e-09 2.45843e-10) (1.92762e-09 -1.90229e-09 2.38171e-10) (2.60847e-09 -2.80531e-09 4.75292e-10) (3.54623e-09 -3.52301e-09 1.95897e-10) (4.0908e-09 -4.04577e-09 6.10342e-10) (4.46392e-09 -4.46748e-09 8.7662e-10) (5.10406e-09 -5.06152e-09 1.09084e-09) (5.40479e-09 -5.50102e-09 5.72724e-11) (5.52459e-09 -5.61814e-09 6.24933e-10)
1850          (9.57721e-11 -8.10505e-11 2.87596e-10) (3.29982e-10 -6.16197e-10 8.64466e-10) (1.5626e-09 -1.2265e-09 5.22564e-10) (2.18818e-09 -2.25822e-09 6.82466e-10) (3.05817e-09 -2.68004e-09 8.49852e-11) (3.63893e-09 -3.2818e-09 -7.45886e-11) (3.92738e-09 -4.2276e-09 6.11187e-10) (4.42607e-09 -4.42127e-09 7.99722e-10) (5.12449e-09 -4.98008e-09 1.09754e-09) (5.45391e-09 -5.4696e-09 8.89342e-10) (5.68436e-09 -5.61796e-09 4.36515e-10)
1900          (9.26616e-11 -1.51543e-10 -3.88561e-10) (4.37673e-10 -7.64364e-10 -4.17139e-10) (1.566e-09 -1.52504e-09 -6.51493e-10) (1.94464e-09 -2.01585e-09 -7.42336e-10) (2.74072e-09 -2.82072e-09 -1.55272e-10) (3.56513e-09 -3.73196e-09 3.30006e-11) (3.87823e-09 -4.08933e-09 1.73837e-10) (4.44142e-09 -4.63295e-09 2.96222e-10) (5.03154e-09 -5.21888e-09 5.32134e-10) (5.35823e-09 -5.37158e-09 7.63856e-10) (5.75428e-09 -5.54191e-09 -1.74344e-11)
1950          (7.59424e-11 -2.58233e-10 3.31752e-10) (7.46297e-10 -8.74011e-10 3.67729e-10) (1.68758e-09 -1.10215e-09 2.19104e-10) (1.88298e-09 -2.00647e-09 3.72954e-10) (2.69498e-09 -2.91895e-09 4.03807e-10) (3.6339e-09 -3.45433e-09 5.83355e-11) (4.18394e-09 -4.01964e-09 -1.27975e-10) (4.54408e-09 -4.54753e-09 -4.94423e-10) (5.29248e-09 -5.02044e-09 1.00115e-09) (5.90171e-09 -5.27003e-09 5.99306e-10) (5.70644e-09 -5.60508e-09 7.96723e-10)
2000          (2.55756e-10 1.0914e-11 2.84178e-11) (5.53104e-10 -6.42282e-10 7.65132e-10) (1.53394e-09 -1.37411e-09 5.29779e-10) (2.12671e-09 -2.2223e-09 9.3276e-10) (2.72897e-09 -2.55712e-09 6.55703e-10) (3.37173e-09 -3.64067e-09 9.76374e-11) (4.15708e-09 -4.2319e-09 7.80793e-10) (4.47488e-09 -4.62083e-09 9.53244e-10) (5.07454e-09 -5.01967e-09 1.31667e-09) (5.46776e-09 -5.56824e-09 2.22488e-11) (5.51659e-09 -5.37828e-09 2.74681e-10)
2050          (1.37542e-10 -9.33017e-11 5.77195e-11) (6.50058e-10 -5.88874e-10 1.13047e-10) (1.54527e-09 -1.35068e-09 2.96586e-10) (2.05382e-09 -2.46486e-09 1.08271e-09) (2.93751e-09 -2.77778e-09 1.764e-09) (3.58935e-09 -3.76123e-09 1.3711e-09) (4.11676e-09 -4.082e-09 2.1179e-09) (4.82614e-09 -4.53296e-09 1.82408e-09) (4.97982e-09 -5.27381e-09 1.8319e-09) (5.61141e-09 -5.97561e-09 1.26059e-09) (5.33442e-09 -5.68922e-09 1.78074e-09)
2100          (1.87886e-10 -4.88924e-11 1.46058e-10) (4.50482e-10 -8.40386e-10 -6.11676e-10) (1.40248e-09 -1.41114e-09 -1.05647e-09) (1.96195e-09 -2.07999e-09 -4.22393e-10) (2.88865e-09 -2.7225e-09 -7.56911e-10) (3.60458e-09 -3.60855e-09 -1.39894e-10) (3.85368e-09 -4.42215e-09 -7.64498e-11) (4.62306e-09 -4.79073e-09 6.40799e-11) (5.18324e-09 -5.39669e-09 2.83424e-10) (5.6786e-09 -5.83435e-09 -2.93175e-10) (5.75603e-09 -5.67538e-09 -1.46594e-10)
2150          (2.62597e-11 -2.22263e-11 2.38405e-11) (3.52532e-10 -6.24421e-10 1.11164e-10) (1.72172e-09 -1.51928e-09 7.27687e-11) (2.02759e-09 -2.12181e-09 7.86929e-10) (3.14246e-09 -2.81053e-09 7.65747e-10) (3.54311e-09 -3.39537e-09 4.81901e-10) (3.94908e-09 -4.01606e-09 5.53918e-11) (4.67661e-09 -4.53682e-09 2.49931e-10) (5.17949e-09 -5.07575e-09 9.55082e-10) (5.73341e-09 -5.32682e-09 1.27768e-09) (5.55808e-09 -5.61949e-09 3.08867e-10)
2200          (3.9658e-11 2.41746e-11 -4.13264e-11) (5.63826e-10 -5.15917e-10 -4.5441e-10) (1.22506e-09 -1.21788e-09 -2.16687e-10) (2.18282e-09 -2.141e-09 -9.46694e-11) (2.73388e-09 -2.76287e-09 3.60787e-10) (3.41025e-09 -3.75119e-09 -1.21598e-10) (3.8745e-09 -4.16622e-09 -5.65156e-10) (4.65207e-09 -4.569e-09 -3.79922e-10) (4.92971e-09 -5.18206e-09 7.37519e-10) (5.75041e-09 -5.22862e-09 3.622e-10) (5.48546e-09 -5.66098e-09 1.05011e-09)
2250          (4.86211e-11 -1.73989e-11 -4.98299e-11) (4.14174e-10 -7.26889e-10 -9.67167e-11) (1.14459e-09 -1.25229e-09 -2.71409e-11) (1.91101e-09 -2.01313e-09 7.55952e-10) (2.5598e-09 -2.47377e-09 3.24795e-10) (3.48926e-09 -3.47463e-09 -3.67279e-10) (4.10953e-09 -4.08174e-09 -1.76619e-10) (4.81427e-09 -4.56037e-09 1.37273e-10) (5.16288e-09 -5.06688e-09 -1.14747e-10) (5.4511e-09 -5.95711e-09 -4.2775e-10) (5.3579e-09 -5.38325e-09 -6.0892e-10)
2300          (1.11586e-10 6.71827e-12 7.129e-11) (5.05266e-10 -5.04349e-10 1.03077e-10) (1.35343e-09 -1.37369e-09 -2.72296e-10) (2.04104e-09 -2.20357e-09 -1.76942e-10) (2.66198e-09 -2.83616e-09 -4.39938e-10) (3.62102e-09 -3.83746e-09 9.88187e-11) (3.8058e-09 -4.21405e-09 -4.98021e-10) (4.42356e-09 -4.49864e-09 -9.38733e-10) (4.99589e-09 -5.20493e-09 -6.89178e-10) (5.37725e-09 -6.01458e-09 -1.41554e-09) (5.80566e-09 -5.53995e-09 -1.11542e-09)
2350          (-5.32386e-11 -1.36806e-10 -3.13912e-10) (5.74044e-10 -7.23968e-10 3.88634e-10) (1.50672e-09 -1.35965e-09 -5.1781e-10) (1.94194e-09 -2.20704e-09 -8.21099e-10) (2.68145e-09 -2.93973e-09 -1.1286e-10) (3.50574e-09 -3.53697e-09 -1.79873e-10) (3.97228e-09 -4.21381e-09 -1.23668e-09) (4.4224e-09 -4.64286e-09 -5.61037e-10) (4.9076e-09 -5.12488e-09 -2.69665e-10) (5.56888e-09 -5.61597e-09 -1.2146e-09) (5.31087e-09 -5.75041e-09 -6.09206e-10)
2400          (-8.70247e-12 -1.81523e-10 -9.00091e-11) (2.78914e-10 -8.12968e-10 3.53108e-10) (1.27135e-09 -1.45585e-09 -2.48432e-10) (2.27987e-09 -2.22098e-09 -8.09101e-10) (2.90849e-09 -2.71048e-09 -1.02541e-09) (3.84605e-09 -3.57162e-09 -1.7183e-09) (4.02323e-09 -4.11336e-09 -8.71074e-10) (4.67815e-09 -4.47839e-09 -1.01088e-09) (4.77163e-09 -5.14345e-09 -9.69464e-10) (5.75773e-09 -5.53208e-09 -7.69022e-10) (5.80246e-09 -5.75618e-09 -1.0534e-09)
2450          (5.28253e-11 -5.82508e-11 2.77296e-11) (4.23814e-10 -6.36314e-10 2.54991e-10) (1.55126e-09 -1.52039e-09 6.81428e-10) (2.1528e-09 -2.23754e-09 5.36185e-10) (2.65634e-09 -2.65867e-09 9.67011e-10) (3.786e-09 -3.76602e-09 1.0556e-09) (4.03756e-09 -3.78826e-09 8.90695e-10) (4.55792e-09 -4.75265e-09 7.41907e-10) (5.17439e-09 -5.26105e-09 7.71742e-10) (5.6633e-09 -5.6999e-09 3.60155e-10) (5.69825e-09 -5.72904e-09 2.11753e-11)
2500          (1.56327e-10 -6.96331e-11 2.4672e-10) (5.83476e-10 -5.42401e-10 -2.27776e-10) (1.15375e-09 -1.39495e-09 1.5674e-10) (1.96547e-09 -2.37249e-09 5.60056e-10) (2.8783e-09 -2.78326e-09 2.61779e-10) (3.40939e-09 -3.43873e-09 1.02606e-09) (4.07582e-09 -4.12102e-09 9.45889e-11) (4.48499e-09 -4.56284e-09 1.84722e-10) (5.14755e-09 -5.32379e-09 3.4702e-10) (5.55039e-09 -5.87433e-09 2.133e-10) (5.51557e-09 -5.77017e-09 -4.83157e-10)
2550          (2.37947e-10 -2.7239e-11 -8.3313e-11) (7.34829e-10 -7.36873e-10 8.43607e-11) (1.32162e-09 -1.4467e-09 6.90617e-11) (2.2234e-09 -1.82107e-09 -1.20463e-10) (2.83876e-09 -2.88822e-09 1.80899e-10) (3.29406e-09 -3.67393e-09 1.15455e-09) (3.96121e-09 -4.24079e-09 1.599e-09) (4.54366e-09 -4.64207e-09 1.20048e-09) (5.11272e-09 -5.25738e-09 1.57979e-09) (5.60744e-09 -5.65712e-09 5.73419e-10) (5.29055e-09 -5.77789e-09 -9.38902e-10)
2600          (5.99355e-11 -7.25647e-11 7.17895e-12) (6.64973e-10 -7.16209e-10 -4.74808e-10) (1.34194e-09 -1.32089e-09 -5.37228e-10) (2.20144e-09 -1.93573e-09 -8.86133e-10) (2.8115e-09 -2.67891e-09 -7.10324e-10) (3.54884e-09 -3.44406e-09 -7.24816e-10) (3.95432e-09 -4.2131e-09 -7.12807e-10) (4.43163e-09 -4.76122e-09 -6.40928e-10) (4.94052e-09 -5.31987e-09 3.31925e-10) (5.42942e-09 -5.62643e-09 3.30837e-10) (5.34659e-09 -5.63034e-09 -6.22181e-10)
2650          (-2.58537e-11 -1.2323e-10 -2.35214e-10) (4.22734e-10 -6.78165e-10 -2.44579e-10) (1.32304e-09 -1.4641e-09 4.98283e-10) (1.74606e-09 -2.12893e-09 8.53355e-10) (2.57991e-09 -2.69487e-09 1.10872e-09) (3.339e-09 -3.54937e-09 1.09219e-09) (3.98045e-09 -4.17906e-09 1.40608e-09) (4.48572e-09 -4.39829e-09 1.03194e-09) (5.08653e-09 -5.02586e-09 1.25576e-09) (5.25127e-09 -5.43686e-09 8.38575e-10) (5.28062e-09 -5.34018e-09 4.05013e-10)
2700          (2.30663e-10 2.39409e-11 2.69926e-10) (7.58269e-10 -5.95371e-10 3.12973e-10) (1.53319e-09 -1.37745e-09 -5.02381e-11) (1.87647e-09 -2.02131e-09 -7.10358e-10) (2.76836e-09 -2.59779e-09 -2.91903e-10) (3.20723e-09 -3.52038e-09 -2.61923e-10) (4.04335e-09 -3.83549e-09 -1.66947e-10) (4.43722e-09 -4.39021e-09 -1.41149e-10) (4.93687e-09 -5.02174e-09 3.93173e-10) (5.48227e-09 -5.36058e-09 -5.02777e-10) (5.81796e-09 -5.31934e-09 -1.01222e-09)
2750          (-5.94937e-12 -8.95253e-11 9.4038e-11) (5.30249e-10 -5.42712e-10 -2.19547e-10) (1.30892e-09 -1.13456e-09 -2.77345e-10) (2.14544e-09 -2.16242e-09 7.17678e-11) (2.68941e-09 -2.54889e-09 -3.8234e-10) (3.52843e-09 -3.34611e-09 -8.03861e-10) (3.81857e-09 -3.77141e-09 -1.2824e-09) (4.44417e-09 -4.51151e-09 -1.65019e-09) (5.20247e-09 -5.07862e-09 -9.79286e-10) (5.58833e-09 -5.56516e-09 -1.89355e-09) (5.56525e-09 -5.2247e-09 -1.71526e-09)
2800          (1.93073e-10 -1.2326e-10 2.25294e-10) (7.80047e-10 -8.89942e-10 4.85191e-10) (1.49814e-09 -1.3918e-09 6.60082e-11) (2.00117e-09 -2.13317e-09 -3.37479e-10) (2.72639e-09 -2.74105e-09 4.33242e-10) (3.46705e-09 -3.50198e-09 7.75917e-10) (3.92817e-09 -4.16856e-09 1.34474e-09) (4.50502e-09 -4.53744e-09 1.46644e-09) (5.02179e-09 -5.03097e-09 1.82769e-09) (5.52171e-09 -5.63771e-09 1.11501e-09) (5.64839e-09 -5.51136e-09 1.18689e-09)
2850          (-3.22149e-11 -1.74984e-10 3.93024e-10) (5.64731e-10 -6.67727e-10 -4.41541e-10) (1.51619e-09 -1.1952e-09 -6.8799e-10) (2.05681e-09 -2.24371e-09 -9.07188e-10) (2.57298e-09 -2.75673e-09 -7.80936e-10) (3.28514e-09 -3.66417e-09 -6.86962e-10) (4.0226e-09 -4.05431e-09 -8.55972e-10) (4.36991e-09 -4.5455e-09 -7.55522e-10) (5.05781e-09 -4.97371e-09 4.98107e-11) (5.53195e-09 -5.61845e-09 -2.13747e-10) (5.49144e-09 -5.80004e-09 -5.10741e-10)
2900          (4.55291e-11 -1.06918e-10 2.27269e-10) (5.66247e-10 -9.95643e-10 2.62664e-10) (1.30697e-09 -1.38221e-09 7.17115e-10) (2.0772e-09 -2.06422e-09 1.2969e-10) (2.76638e-09 -2.52617e-09 -2.13613e-11) (3.6405e-09 -3.44043e-09 3.22404e-10) (3.98761e-09 -4.13657e-09 6.32095e-10) (4.49553e-09 -4.5722e-09 2.69393e-10) (4.93912e-09 -5.2622e-09 9.1898e-10) (5.50243e-09 -5.49767e-09 2.72257e-10) (5.3844e-09 -5.58949e-09 -9.14774e-10)
2950          (5.88551e-11 2.69483e-11 -2.74877e-10) (6.12813e-10 -5.75857e-10 -2.694e-10) (1.72976e-09 -1.1703e-09 1.63e-11) (2.08726e-09 -2.33363e-09 -1.19508e-10) (2.8693e-09 -2.85065e-09 -5.34405e-10) (3.32962e-09 -3.44657e-09 -9.93252e-10) (3.81622e-09 -4.12753e-09 -6.85477e-10) (4.47045e-09 -4.78783e-09 1.08094e-10) (5.02259e-09 -5.04256e-09 -4.43896e-10) (5.38829e-09 -5.47567e-09 -1.01621e-09) (5.38073e-09 -5.80355e-09 -1.12722e-09)
3000          (-2.63928e-11 -1.38672e-10 -7.61672e-11) (4.50653e-10 -7.40198e-10 3.03478e-10) (1.19429e-09 -1.18821e-09 -2.99166e-10) (2.06118e-09 -1.95523e-09 -2.77124e-10) (2.55734e-09 -2.67169e-09 -6.90861e-10) (3.61392e-09 -3.71178e-09 -1.37651e-09) (3.96897e-09 -4.32319e-09 -1.08456e-09) (4.77521e-09 -4.44458e-09 -6.16566e-10) (4.96059e-09 -4.74686e-09 -8.84647e-10) (5.71248e-09 -5.40683e-09 -1.5657e-09) (5.66976e-09 -5.58644e-09 -2.10688e-09)
3050          (1.43551e-10 -1.30191e-10 -1.51724e-10) (4.67674e-10 -8.31367e-10 5.08995e-10) (1.32289e-09 -1.29798e-09 -4.20397e-10) (2.0297e-09 -2.00942e-09 3.36379e-10) (2.97958e-09 -2.71095e-09 7.67172e-10) (3.52372e-09 -3.43906e-09 6.17081e-10) (3.75987e-09 -4.02278e-09 8.00224e-10) (4.59987e-09 -4.33932e-09 3.16143e-10) (5.16013e-09 -5.18672e-09 5.40948e-10) (5.82068e-09 -5.61665e-09 -8.56186e-11) (5.87633e-09 -5.59911e-09 -3.6081e-10)
3100          (-6.42729e-11 -1.80834e-11 -4.102e-10) (5.59238e-10 -5.02437e-10 6.0961e-11) (1.17616e-09 -1.33429e-09 -2.42697e-10) (1.89992e-09 -2.14939e-09 7.77704e-11) (2.99656e-09 -2.45235e-09 6.5643e-11) (3.31168e-09 -3.57806e-09 -1.60835e-10) (4.06349e-09 -4.42266e-09 8.39049e-10) (4.42194e-09 -4.50637e-09 3.82094e-10) (4.99707e-09 -5.18401e-09 -1.3991e-10) (5.69246e-09 -5.48033e-09 1.74213e-10) (5.51009e-09 -5.63913e-09 2.6905e-10)
3150          (1.4241e-10 5.87335e-11 1.92293e-11) (6.69903e-10 -4.99834e-10 6.24481e-10) (1.18341e-09 -1.14892e-09 6.13868e-10) (1.9943e-09 -2.02496e-09 9.0676e-10) (2.99607e-09 -2.57372e-09 1.49704e-09) (3.76646e-09 -3.63377e-09 8.99415e-10) (3.96387e-09 -4.32865e-09 9.55475e-10) (4.42154e-09 -4.67312e-09 1.92655e-09) (4.9083e-09 -5.27817e-09 1.75234e-09) (5.48504e-09 -5.57911e-09 2.51301e-09) (5.6725e-09 -5.70082e-09 1.7529e-09)
3200          (8.22143e-11 6.93962e-12 3.1985e-11) (3.77883e-10 -6.10827e-10 1.35674e-10) (1.25106e-09 -1.01641e-09 -2.73821e-10) (1.93523e-09 -2.0543e-09 2.83567e-10) (2.61222e-09 -2.67735e-09 -6.64879e-10) (3.39315e-09 -3.43364e-09 -2.6211e-10) (3.94182e-09 -3.79611e-09 -8.10092e-12) (4.61744e-09 -4.4559e-09 -4.73406e-10) (5.26056e-09 -4.9662e-09 -2.82197e-10) (5.53441e-09 -5.52363e-09 -1.42966e-10) (5.29313e-09 -5.40692e-09 -1.21505e-09)
3250          (1.35479e-10 1.51399e-10 -5.43698e-11) (4.93811e-10 -6.93772e-10 6.05623e-10) (1.40663e-09 -1.3061e-09 6.99337e-10) (2.14885e-09 -2.0882e-09 7.19326e-10) (2.85527e-09 -2.56494e-09 1.22763e-09) (3.40683e-09 -3.39919e-09 4.84441e-10) (4.07289e-09 -3.97609e-09 7.71851e-10) (4.29085e-09 -4.56179e-09 1.04766e-09) (5.06468e-09 -5.18737e-09 9.19664e-10) (5.59462e-09 -5.40705e-09 3.21861e-10) (5.68284e-09 -5.76735e-09 -1.3939e-10)
3300          (2.26601e-11 6.2869e-11 -1.58137e-10) (3.85391e-10 -6.10302e-10 1.63722e-10) (1.46472e-09 -1.42394e-09 -2.20494e-10) (1.74225e-09 -1.92909e-09 2.08276e-10) (2.89978e-09 -2.66373e-09 7.94661e-10) (3.40761e-09 -3.66135e-09 7.26379e-10) (4.1335e-09 -4.19728e-09 1.21056e-09) (4.53114e-09 -4.66101e-09 1.77507e-09) (5.03773e-09 -4.8119e-09 1.86419e-09) (5.30077e-09 -5.58744e-09 1.56145e-09) (5.23381e-09 -5.42707e-09 1.96317e-09)
3350          (1.41695e-10 -1.44059e-10 1.0561e-10) (3.84066e-10 -3.72898e-10 7.1576e-10) (1.29759e-09 -1.23614e-09 -3.06669e-10) (2.01448e-09 -2.12661e-09 -5.20007e-10) (2.87228e-09 -2.61721e-09 2.04203e-10) (3.42286e-09 -3.39607e-09 2.49328e-10) (3.76961e-09 -4.2703e-09 -1.87178e-10) (4.61209e-09 -4.57554e-09 3.42456e-10) (5.22702e-09 -5.12193e-09 4.532e-10) (5.58306e-09 -5.34935e-09 -2.47432e-10) (6.09737e-09 -5.46784e-09 -4.92139e-10)
3400          (5.51043e-11 -1.48207e-10 2.79258e-10) (7.73023e-10 -5.86092e-10 -8.78658e-10) (1.46558e-09 -1.30412e-09 1.32872e-10) (2.05041e-09 -1.90446e-09 -9.33626e-10) (2.92307e-09 -2.52375e-09 -6.28905e-10) (3.63452e-09 -3.33401e-09 -9.91723e-10) (3.98924e-09 -4.01035e-09 -3.57553e-10) (4.31686e-09 -4.59746e-09 -1.2012e-11) (5.0051e-09 -5.02323e-09 -5.25225e-10) (5.5738e-09 -5.53789e-09 -8.74555e-10) (5.7382e-09 -5.60958e-09 -9.32284e-10)
3450          (1.64668e-10 -6.66843e-11 -1.61923e-10) (4.28911e-10 -6.22952e-10 4.23938e-10) (1.345e-09 -1.12997e-09 -1.01965e-10) (2.01835e-09 -2.11605e-09 2.69212e-10) (2.792e-09 -2.68194e-09 4.43093e-10) (3.64801e-09 -3.40918e-09 7.13069e-10) (3.9572e-09 -3.88782e-09 1.23933e-09) (4.62537e-09 -4.69388e-09 7.49065e-10) (5.00118e-09 -5.01809e-09 7.06617e-10) (5.62336e-09 -5.5482e-09 8.36371e-10) (5.40764e-09 -5.86348e-09 2.14767e-09)
3500          (9.3642e-11 -7.62982e-11 8.81894e-11) (6.92654e-10 -7.54962e-10 -1.49656e-10) (1.45025e-09 -1.53366e-09 4.15286e-10) (2.06128e-09 -2.1055e-09 5.24768e-11) (2.8544e-09 -2.81601e-09 9.08783e-10) (3.60055e-09 -3.4768e-09 2.14015e-10) (3.92143e-09 -4.28263e-09 4.32551e-10) (4.39014e-09 -4.39968e-09 5.79223e-10) (5.25306e-09 -5.09803e-09 5.77558e-10) (5.46919e-09 -5.63322e-09 8.12434e-10) (5.44293e-09 -5.36451e-09 6.65451e-10)
3550          (-7.227e-11 -1.12904e-10 1.7137e-10) (3.86068e-10 -3.47494e-10 -5.38407e-10) (1.51428e-09 -1.44028e-09 -9.1509e-10) (1.9545e-09 -2.22392e-09 -7.66787e-10) (2.87002e-09 -2.69005e-09 -1.11505e-09) (3.53318e-09 -3.31133e-09 -9.45724e-10) (4.04665e-09 -3.9399e-09 -1.24345e-09) (4.5684e-09 -4.48473e-09 -8.0044e-10) (5.06788e-09 -5.18184e-09 -1.01284e-09) (5.40987e-09 -5.55259e-09 -6.73105e-10) (5.37993e-09 -5.73104e-09 -1.44865e-09)
3600          (1.55258e-10 -1.358e-10 3.11271e-10) (3.77854e-10 -6.44353e-10 3.67897e-10) (1.53402e-09 -1.29832e-09 4.16223e-10) (1.80262e-09 -2.01821e-09 1.70928e-09) (2.64444e-09 -2.70659e-09 1.50698e-09) (3.57982e-09 -3.77509e-09 8.93882e-10) (4.08866e-09 -4.10897e-09 1.50359e-09) (4.59812e-09 -4.72183e-09 1.13093e-09) (5.11634e-09 -5.22633e-09 1.5902e-09) (5.67032e-09 -5.37048e-09 -7.58667e-11) (5.82922e-09 -5.92248e-09 -4.14962e-11)
3650          (3.98457e-11 -1.40417e-10 6.32093e-11) (6.70918e-10 -5.93455e-10 1.63737e-10) (1.39721e-09 -1.53819e-09 3.56678e-10) (1.86502e-09 -2.1609e-09 3.60227e-10) (2.9321e-09 -2.58497e-09 1.16027e-11) (3.60802e-09 -3.2715e-09 3.91843e-10) (3.90046e-09 -4.21581e-09 -1.34891e-10) (4.69949e-09 -4.48017e-09 -1.97226e-10) (5.08903e-09 -4.92039e-09 5.11588e-10) (5.5031e-09 -5.38313e-09 3.47621e-10) (5.31327e-09 -5.54855e-09 -4.19992e-10)
3700          (1.72658e-11 -2.21643e-10 -7.71046e-11) (6.25622e-10 -7.30718e-10 1.74774e-10) (1.37505e-09 -1.71778e-09 7.72752e-12) (2.10624e-09 -2.30854e-09 2.22199e-10) (2.70744e-09 -2.88581e-09 4.61124e-10) (3.46629e-09 -3.52128e-09 1.90003e-10) (4.1463e-09 -4.23799e-09 -1.43805e-10) (4.72662e-09 -4.67278e-09 3.48654e-10) (5.19294e-09 -5.25639e-09 5.29627e-10) (5.55766e-09 -5.46566e-09 -3.34565e-10) (5.83232e-09 -5.37379e-09 -5.33691e-10)
3750          (1.76108e-10 -1.46745e-10 2.58531e-11) (5.94187e-10 -7.14341e-10 4.75824e-10) (1.41328e-09 -1.41219e-09 6.14695e-10) (1.96471e-09 -2.16086e-09 5.69044e-10) (2.7709e-09 -2.56963e-09 1.2848e-09) (3.51065e-09 -3.62537e-09 5.11872e-10) (3.91922e-09 -4.12966e-09 9.99626e-10) (4.72782e-09 -4.31063e-09 1.73717e-09) (5.03106e-09 -4.99293e-09 2.35441e-09) (5.5083e-09 -5.58246e-09 1.44736e-09) (5.60041e-09 -5.66449e-09 1.17492e-09)
3800          (1.09448e-10 -1.36666e-10 -7.93504e-11) (6.94432e-10 -7.29054e-10 5.7447e-10) (1.50693e-09 -1.15899e-09 6.65387e-10) (2.28895e-09 -2.11045e-09 1.5616e-09) (2.72292e-09 -2.59939e-09 1.61901e-09) (3.51322e-09 -3.45449e-09 1.51693e-09) (3.96366e-09 -4.00044e-09 1.34285e-09) (4.89529e-09 -4.55536e-09 1.3457e-09) (5.02589e-09 -5.0644e-09 1.21223e-09) (5.68585e-09 -5.59171e-09 1.74695e-09) (5.44432e-09 -5.73736e-09 1.9401e-09)
3850          (1.86988e-10 2.14899e-11 -2.42477e-11) (5.40884e-10 -9.3732e-10 -1.25645e-10) (1.5043e-09 -1.24642e-09 5.09877e-10) (1.89846e-09 -2.0158e-09 5.81729e-10) (2.6821e-09 -2.67419e-09 -1.53963e-11) (3.35163e-09 -3.49599e-09 5.11734e-10) (4.11354e-09 -4.12928e-09 2.89974e-10) (4.48567e-09 -4.31862e-09 -1.94262e-11) (4.9512e-09 -5.18709e-09 2.11585e-10) (5.5091e-09 -5.50862e-09 3.84846e-10) (5.48572e-09 -5.83076e-09 -2.12062e-10)
3900          (-9.81393e-12 -4.50345e-11 -1.96443e-10) (4.90234e-10 -6.44386e-10 5.28467e-10) (1.27116e-09 -1.39981e-09 6.29033e-10) (2.05205e-09 -2.37951e-09 2.33972e-10) (2.82147e-09 -2.87104e-09 8.59099e-10) (3.57183e-09 -3.50556e-09 7.95533e-10) (4.10531e-09 -3.96074e-09 3.67466e-10) (4.31201e-09 -4.38988e-09 1.37472e-09) (5.054e-09 -5.39472e-09 1.47504e-09) (5.36679e-09 -5.48484e-09 1.37585e-09) (5.63582e-09 -5.49947e-09 1.62819e-09)
3950          (-1.45113e-11 -3.71873e-11 -3.38785e-11) (5.0678e-10 -5.50477e-10 -2.85651e-10) (1.32099e-09 -1.18335e-09 -8.50478e-11) (2.13997e-09 -2.22808e-09 -1.91969e-10) (3.07122e-09 -2.83167e-09 7.26043e-10) (3.53258e-09 -3.55778e-09 1.59444e-10) (4.1384e-09 -4.36121e-09 7.50911e-10) (4.40065e-09 -4.68837e-09 3.49224e-10) (4.9979e-09 -5.03001e-09 7.09994e-10) (5.62834e-09 -5.45391e-09 3.51305e-10) (5.44644e-09 -5.471e-09 -2.86006e-10)
4000          (2.2012e-11 -1.2186e-12 2.21974e-10) (7.41234e-10 -6.57626e-10 -5.99623e-11) (1.49632e-09 -1.38729e-09 -3.877e-10) (2.13549e-09 -2.24341e-09 -7.64017e-10) (2.69829e-09 -2.80255e-09 -4.14423e-10) (3.42776e-09 -3.71451e-09 -4.13285e-10) (3.94884e-09 -4.14568e-09 -5.64121e-10) (4.48635e-09 -4.46898e-09 5.72427e-10) (4.8269e-09 -5.02358e-09 -1.07862e-10) (5.47713e-09 -5.33494e-09 -8.16215e-10) (5.20227e-09 -5.50398e-09 2.74954e-11)
4050          (5.9718e-11 2.4566e-11 -1.76326e-10) (4.42314e-10 -6.2784e-10 2.45577e-10) (1.39512e-09 -1.24871e-09 1.93242e-11) (2.04582e-09 -2.22479e-09 6.02624e-10) (2.82893e-09 -2.70583e-09 1.32588e-09) (3.51096e-09 -3.71191e-09 5.24599e-10) (3.83804e-09 -4.25407e-09 7.6384e-10) (4.47626e-09 -4.93803e-09 6.04843e-11) (4.98184e-09 -5.14503e-09 1.00388e-09) (5.50659e-09 -5.38349e-09 1.04141e-09) (5.54886e-09 -5.84457e-09 2.51252e-10)
4100          (-7.45778e-11 -1.00537e-10 -1.19854e-10) (4.58182e-10 -5.85837e-10 1.30204e-10) (1.45571e-09 -1.28872e-09 -5.06212e-11) (1.95168e-09 -2.16525e-09 3.21967e-10) (2.66405e-09 -2.76359e-09 1.48373e-10) (3.53955e-09 -3.26065e-09 4.16581e-10) (4.06637e-09 -4.04362e-09 5.9436e-10) (4.58868e-09 -4.38176e-09 6.22055e-10) (5.08729e-09 -4.98669e-09 1.66794e-09) (5.49514e-09 -5.37733e-09 4.23853e-10) (5.45261e-09 -5.70346e-09 3.07874e-10)
4150          (4.0438e-11 -1.41674e-10 -1.97639e-10) (6.33796e-10 -6.17918e-10 3.21813e-10) (1.55304e-09 -1.43028e-09 -1.47908e-10) (2.1496e-09 -2.07331e-09 4.64747e-10) (2.65638e-09 -2.4845e-09 4.74629e-10) (3.47995e-09 -3.59801e-09 7.75035e-11) (4.18286e-09 -4.01154e-09 2.18839e-10) (4.47622e-09 -4.44557e-09 -4.41543e-10) (5.34136e-09 -5.16042e-09 2.32983e-10) (5.60463e-09 -5.59725e-09 -9.81841e-10) (5.511e-09 -5.60579e-09 -7.87177e-10)
4200          (3.69206e-11 -1.34881e-10 1.40516e-10) (6.47483e-10 -7.25944e-10 -7.45567e-10) (1.3084e-09 -1.38242e-09 3.31953e-10) (1.91484e-09 -1.91735e-09 9.25081e-10) (2.69207e-09 -2.67653e-09 6.53482e-10) (3.49238e-09 -3.6633e-09 5.77402e-10) (3.81377e-09 -4.26925e-09 6.15453e-10) (4.34362e-09 -4.58364e-09 5.93291e-10) (4.91098e-09 -5.24551e-09 8.09601e-10) (5.34852e-09 -5.23907e-09 1.30396e-10) (5.30639e-09 -5.54372e-09 5.7254e-10)
4250          (1.23201e-10 -9.80176e-11 1.03854e-10) (5.07036e-10 -4.15894e-10 -2.83956e-10) (1.53892e-09 -1.21151e-09 -1.38143e-11) (2.14695e-09 -2.01753e-09 1.78537e-12) (2.80651e-09 -2.5322e-09 -1.22453e-10) (3.58931e-09 -3.30638e-09 -2.23812e-10) (4.14911e-09 -4.00903e-09 -5.71242e-10) (4.34353e-09 -4.67151e-09 -6.51177e-10) (5.08313e-09 -5.24598e-09 -3.47984e-10) (5.55302e-09 -5.6223e-09 -9.17698e-10) (5.68411e-09 -5.93519e-09 -1.25586e-09)
4300          (7.9425e-11 4.14067e-12 2.95399e-10) (5.05708e-10 -6.4593e-10 -1.52999e-10) (1.39187e-09 -1.22387e-09 -5.58616e-10) (1.70392e-09 -1.98538e-09 -8.42548e-10) (2.77429e-09 -2.54007e-09 -6.89762e-10) (3.36664e-09 -3.74357e-09 -1.43899e-09) (3.86201e-09 -4.34691e-09 -1.66907e-09) (4.53761e-09 -4.4532e-09 -2.1524e-09) (5.03021e-09 -5.21774e-09 -1.97861e-09) (5.29341e-09 -5.64749e-09 -2.8177e-09) (5.66914e-09 -5.89735e-09 -1.9245e-09)
4350          (-4.86608e-11 -1.27389e-10 4.67016e-11) (6.7721e-10 -6.19967e-10 -2.67766e-10) (1.37015e-09 -1.11216e-09 -5.31646e-10) (1.9702e-09 -2.17825e-09 -1.20955e-09) (2.66499e-09 -2.45415e-09 -1.12772e-09) (3.4792e-09 -3.63957e-09 -7.42824e-10) (3.87227e-09 -4.03469e-09 -1.54179e-09) (4.40201e-09 -4.51626e-09 -2.49175e-10) (4.86539e-09 -5.04075e-09 -4.69845e-10) (5.58936e-09 -5.42063e-09 -1.18856e-09) (5.34393e-09 -5.50721e-09 -1.29068e-09)
4400          (-1.41297e-10 -8.80513e-11 -1.54003e-11) (6.21026e-10 -6.70746e-10 5.701e-11) (1.47585e-09 -1.51172e-09 -5.07971e-10) (1.87719e-09 -1.92187e-09 -3.53571e-10) (2.8551e-09 -2.42897e-09 -3.55562e-10) (3.49281e-09 -3.43258e-09 -8.01159e-10) (4.02012e-09 -4.12845e-09 -1.053e-09) (4.43518e-09 -4.35514e-09 -1.23802e-09) (5.4316e-09 -5.47926e-09 -2.10065e-09) (5.69214e-09 -5.1838e-09 -2.89217e-09) (5.42863e-09 -5.49122e-09 -2.59109e-09)
4450          (2.65793e-10 -6.7887e-11 -6.82635e-12) (6.04287e-10 -6.62247e-10 -5.15615e-10) (1.44266e-09 -1.51022e-09 -1.4366e-09) (1.93161e-09 -2.187e-09 -1.36689e-09) (2.825e-09 -2.85637e-09 -1.38645e-09) (3.55045e-09 -3.57954e-09 -1.55209e-09) (3.89425e-09 -4.32701e-09 -1.12019e-09) (4.56249e-09 -4.38708e-09 -1.63421e-09) (5.15166e-09 -4.96077e-09 -1.4016e-09) (5.74418e-09 -5.19599e-09 -1.34846e-09) (5.39948e-09 -5.75613e-09 -2.27772e-09)
4500          (2.49218e-10 2.99114e-11 1.99434e-11) (6.64552e-10 -6.1366e-10 -2.74349e-11) (1.43366e-09 -1.17777e-09 -4.38019e-10) (1.68048e-09 -2.2309e-09 -5.19243e-10) (2.77817e-09 -2.76965e-09 -9.07886e-10) (3.37326e-09 -3.40552e-09 -4.80917e-10) (3.95864e-09 -4.4318e-09 -1.22166e-09) (4.47332e-09 -4.50372e-09 -7.95659e-10) (5.17193e-09 -5.02593e-09 -5.21101e-10) (5.67501e-09 -5.18143e-09 -1.20841e-09) (5.91073e-09 -5.50376e-09 -1.90316e-09)
4550          (5.57651e-11 -2.83702e-10 1.88959e-10) (6.15492e-10 -7.13822e-10 -5.20577e-10) (1.51391e-09 -1.39762e-09 -4.64821e-10) (1.99182e-09 -1.9715e-09 -1.55959e-10) (2.91249e-09 -2.59986e-09 -3.80749e-10) (3.37807e-09 -3.58616e-09 -9.77629e-10) (4.14171e-09 -4.1472e-09 -9.41502e-10) (4.53085e-09 -4.7214e-09 -8.84099e-10) (4.97727e-09 -5.03648e-09 -1.21352e-09) (5.55842e-09 -5.56625e-09 -2.28339e-09) (5.61286e-09 -5.61952e-09 -3.38639e-09)
4600          (4.32544e-11 -1.88738e-10 -1.05874e-11) (5.05326e-10 -5.54316e-10 4.91057e-11) (1.14114e-09 -1.03925e-09 2.99439e-10) (2.0033e-09 -1.97715e-09 6.74709e-10) (2.72399e-09 -2.5716e-09 1.0911e-09) (3.72144e-09 -3.54935e-09 3.28149e-10) (3.80163e-09 -3.9291e-09 1.04464e-09) (4.28693e-09 -4.33982e-09 1.23605e-09) (5.04809e-09 -5.04728e-09 1.37469e-09) (5.5993e-09 -5.41167e-09 1.07442e-09) (5.25581e-09 -5.47133e-09 1.44081e-09)
4650          (6.89493e-11 -1.39539e-10 -2.41306e-12) (5.65317e-10 -6.07703e-10 -4.19292e-10) (1.45639e-09 -1.26885e-09 -5.9775e-10) (1.94362e-09 -1.88552e-09 6.2639e-11) (2.50519e-09 -2.87585e-09 3.28221e-10) (3.29418e-09 -3.65865e-09 -3.45629e-11) (3.87286e-09 -4.07495e-09 3.60601e-11) (4.52416e-09 -4.54235e-09 1.33999e-10) (5.12805e-09 -4.94048e-09 2.25282e-10) (5.4271e-09 -5.27566e-09 -6.41627e-10) (5.63025e-09 -5.94204e-09 1.36051e-12)
4700          (-2.53797e-11 2.83196e-11 1.55808e-10) (2.6414e-10 -4.30981e-10 -1.50989e-10) (1.32081e-09 -1.38443e-09 -4.79026e-10) (2.01397e-09 -2.12606e-09 -8.21059e-11) (2.61215e-09 -2.82553e-09 5.73679e-11) (3.38392e-09 -3.38359e-09 -4.05413e-10) (3.71298e-09 -4.11841e-09 3.05868e-10) (4.44471e-09 -4.46814e-09 -3.68897e-10) (5.41584e-09 -4.99159e-09 -9.96543e-11) (5.61808e-09 -5.3091e-09 1.0804e-10) (5.55519e-09 -5.41822e-09 -1.54089e-10)
4750          (-3.53984e-11 -2.28645e-10 1.00437e-10) (4.24203e-10 -7.82174e-10 -1.06453e-09) (1.45045e-09 -1.75267e-09 -6.14269e-11) (2.04355e-09 -2.05303e-09 -6.74871e-10) (2.91206e-09 -2.70319e-09 -3.75358e-10) (3.58064e-09 -3.41458e-09 -3.04735e-10) (3.97349e-09 -4.21775e-09 -3.85746e-10) (4.71722e-09 -4.6349e-09 -9.99867e-11) (5.33639e-09 -5.24241e-09 2.54488e-10) (5.45082e-09 -5.74831e-09 -8.35297e-10) (5.46084e-09 -5.46022e-09 -1.68681e-09)
4800          (1.94343e-10 -1.2639e-10 -1.68984e-10) (5.96334e-10 -8.59512e-10 8.10584e-11) (1.25055e-09 -1.37238e-09 -7.80688e-11) (1.90607e-09 -2.17224e-09 4.08081e-10) (2.52787e-09 -2.85587e-09 1.06999e-09) (3.48929e-09 -3.58737e-09 1.56433e-09) (3.91083e-09 -4.20346e-09 1.32784e-09) (4.41632e-09 -4.66447e-09 1.75746e-09) (4.95087e-09 -5.02658e-09 1.25368e-09) (5.48721e-09 -5.38919e-09 4.54974e-10) (5.36043e-09 -5.31086e-09 4.86067e-11)
4850          (6.0653e-11 -1.30804e-10 -8.5921e-11) (5.41212e-10 -5.75041e-10 4.26035e-10) (1.26209e-09 -1.21979e-09 1.63311e-11) (1.95727e-09 -2.03829e-09 3.75991e-10) (2.56249e-09 -2.54363e-09 -1.05106e-10) (3.44076e-09 -3.66672e-09 1.50678e-10) (3.80838e-09 -4.29074e-09 1.13747e-09) (4.40424e-09 -4.68124e-09 5.68026e-10) (5.07301e-09 -5.05991e-09 8.8552e-10) (5.33222e-09 -5.61387e-09 1.84668e-10) (5.47608e-09 -5.52628e-09 2.56232e-10)
4900          (-5.98778e-11 -1.38939e-10 1.71248e-10) (6.80855e-10 -7.56435e-10 4.60576e-11) (1.36108e-09 -1.089e-09 4.60766e-10) (2.01733e-09 -2.18647e-09 5.95097e-10) (2.70959e-09 -2.80018e-09 1.41623e-09) (3.65276e-09 -3.33692e-09 7.25911e-10) (4.03726e-09 -4.31116e-09 3.31644e-10) (4.51933e-09 -4.57449e-09 9.7123e-10) (5.16125e-09 -5.22903e-09 1.79831e-09) (5.50626e-09 -5.53422e-09 7.70874e-10) (5.90888e-09 -5.09964e-09 6.45616e-10)
4950          (8.15857e-11 -4.3132e-10 1.28618e-10) (7.32853e-10 -5.66828e-10 3.16215e-10) (1.45272e-09 -1.35717e-09 -1.64438e-10) (2.0661e-09 -2.05127e-09 3.02146e-10) (2.7232e-09 -2.75959e-09 7.44849e-10) (3.49324e-09 -3.41381e-09 8.56907e-11) (4.02708e-09 -4.08857e-09 -7.29912e-12) (4.71782e-09 -4.78909e-09 1.4826e-10) (5.23545e-09 -5.24549e-09 9.08455e-10) (5.38092e-09 -5.393e-09 -4.20276e-10) (5.50737e-09 -5.8556e-09 -8.49458e-10)
5000          (1.78986e-10 -2.23112e-11 -5.25303e-11) (4.53598e-10 -4.98453e-10 2.40057e-10) (1.42262e-09 -1.18086e-09 -5.8287e-10) (2.36909e-09 -2.13864e-09 1.50548e-11) (3.03902e-09 -2.73171e-09 3.79005e-10) (3.5623e-09 -3.25335e-09 -3.05661e-10) (4.00949e-09 -4.19172e-09 2.48272e-10) (4.56952e-09 -4.64054e-09 -4.66048e-10) (5.064e-09 -5.06005e-09 5.23087e-10) (5.3171e-09 -5.41701e-09 -1.35632e-09) (5.49335e-09 -5.49237e-09 -1.17171e-09)
