# Probe 0 (0.0015 0.0015 0)
# Probe 1 (0.0015 0.0015 0.002)
# Probe 2 (0.0015 0.0015 0.004)
# Probe 3 (0.0015 0.0015 0.006)
# Probe 4 (0.0015 0.0015 0.008)
# Probe 5 (0.0015 0.0015 0.01)
# Probe 6 (0.0015 0.0015 0.012)
# Probe 7 (0.0015 0.0015 0.014)
# Probe 8 (0.0015 0.0015 0.016)
# Probe 9 (0.0015 0.0015 0.018)
# Probe 10 (0.0015 0.0015 0.02)
# Time        0             1             2             3             4             5             6             7             8             9             10           
50            139739        139739        90471.9       67522.3       57978.8       54141.8       52444.6       51204         49253.7       45053.1       35933.3      
100           161726        161726        115358        84281.4       66944.3       58151.9       53577         50439.9       46839.3       41099.1       31505.1      
150           172991        172991        131824        99476.4       77461.8       64067.6       56092         50591         45315.6       38559         29066.2      
200           179885        179885        142794        111402        87371.6       70647.5       59504.3       51556.2       44614         36993.5       27597        
250           184594        184594        150578        120559        95914.8       77111.4       63419         53217.5       44660.5       36180.9       26733.5      
300           188024        188024        156373        127678        103043        83043.9       67477.6       55366.4       45311.8       35953.2       26294.3      
350           190632        190632        160841        133318        108955        88311.4       71436.9       57796.9       46411.9       36175         26168.5      
400           192677        192677        164379        137873        113885        92927.1       75165.6       60344.5       47817.8       36732.5       26278.8      
450           194319        194319        167242        141612        118033        96959.1       78608.6       62893.7       49411.1       37530.5       26564.5      
500           195664        195664        169601        144730        121558        100488        81754.7       65370.3       51098.9       38489.7       26976.9      
550           196784        196784        171576        147366        124584        103589        84614.2       67730         52812         39545.9       27475.5      
600           197730        197730        173252        149619        127205        106326        87206.4       69948.6       54500.8       40648.3       28027.2      
650           198540        198540        174690        151567        129494        108752        89553.5       72015.1       56131.4       41758         28605.6      
700           199239        199239        175937        153266        131507        110913        91678.9       73927.7       57681.7       42845.7       29188.9      
750           199849        199849        177027        154757        133287        112842        93601.8       75687.8       59138.8       43892.6       29763.1      
800           200385        200385        177987        156075        134869        114569        95341.3       77301.2       60495.8       44884.9       30316.3      
850           200858        200858        178837        157245        136279        116119        96914.9       78775.2       61750.3       45814.5       30841        
900           201279        201279        179592        158288        137541        117512        98337.6       80118         62903.4       46677.1       31332.4      
950           201654        201654        180267        159221        138672        118766        99623.5       81338.4       63958.1       47471.9       31788.3      
1000          201989        201989        180870        160057        139688        119894        100785        82445.1       64919.2       48200         32208        
1050          202289        202289        181412        160807        140601        120910        101833        83447.1       65792.3       48863.8       32592.1      
1100          202559        202559        181897        161481        141422        121825        102779        84352.9       66583.4       49467         32942        
1150          202801        202801        182334        162087        142161        122649        103632        85170.5       67298.7       50013.3       33259.6      
1200          203019        203019        182726        162632        142825        123390        104400        85907.6       67944.4       50507         33546.9      
1250          203215        203215        183079        163122        143423        124058        105091        86571.6       68526.3       50952.4       33806.4      
1300          203391        203391        183397        163562        143960        124658        105713        87169.2       69050.2       51353.5       34040.2      
1350          203549        203549        183682        163958        144443        125197        106272        87706.5       69521.4       51714.5       34250.7      
1400          203691        203691        183938        164314        144877        125682        106775        88189.3       69944.9       52038.9       34439.9      
1450          203819        203819        184169        164634        145268        126118        107226        88623         70325.1       52330.2       34609.8      
1500          203934        203934        184376        164921        145618        126509        107631        89012.2       70666.3       52591.5       34762.2      
1550          204037        204037        184562        165179        145933        126860        107995        89361.4       70972.4       52825.9       34898.9      
1600          204130        204130        184728        165411        146215        127175        108321        89674.5       71246.9       53036         35021.4      
1650          204213        204213        184878        165619        146468        127458        108614        89955.3       71492.8       53224.3       35131.2      
1700          204287        204287        185013        165805        146695        127711        108876        90206.9       71713.2       53393         35229.5      
1750          204354        204354        185133        165972        146899        127938        109111        90432.4       71910.7       53544         35317.6      
1800          204414        204414        185241        166122        147082        128142        109321        90634.3       72087.5       53679.3       35396.4      
1850          204468        204468        185338        166256        147245        128324        109510        90815.2       72245.8       53800.4       35467        
1900          204516        204516        185425        166377        147392        128488        109679        90977.1       72387.5       53908.8       35530.2      
1950          204559        204559        185503        166485        147523        128634        109830        91122.1       72514.4       54005.8       35586.7      
2000          204598        204598        185572        166581        147641        128765        109966        91251.9       72627.9       54092.6       35637.3      
2050          204633        204633        185635        166668        147746        128882        110087        91368         72729.5       54170.2       35682.5      
2100          204664        204664        185690        166745        147840        128987        110195        91471.9       72820.4       54239.7       35723        
2150          204691        204691        185740        166814        147924        129081        110292        91564.9       72901.8       54301.9       35759.2      
2200          204716        204716        185785        166876        148000        129165        110379        91648.2       72974.5       54357.5       35791.6      
2250          204738        204738        185825        166932        148067        129240        110457        91722.6       73039.6       54407.3       35820.6      
2300          204758        204758        185861        166981        148128        129308        110527        91789.2       73097.9       54451.8       35846.5      
2350          204776        204776        185893        167026        148182        129368        110589        91848.8       73150         54491.6       35869.7      
2400          204792        204792        185922        167066        148230        129422        110644        91902.1       73196.5       54527.2       35890.4      
2450          204806        204806        185947        167101        148274        129470        110694        91949.8       73238.2       54559         35908.9      
2500          204819        204819        185970        167133        148312        129513        110739        91992.4       73275.5       54587.5       35925.5      
2550          204830        204830        185991        167161        148347        129552        110779        92030.5       73308.8       54612.9       35940.3      
2600          204841        204841        186009        167187        148378        129586        110814        92064.6       73338.6       54635.7       35953.6      
2650          204850        204850        186026        167210        148406        129617        110846        92095.1       73365.2       54656         35965.4      
2700          204858        204858        186040        167230        148430        129644        110874        92122.4       73389.1       54674.2       35976        
2750          204865        204865        186054        167248        148453        129669        110900        92146.9       73410.5       54690.6       35985.6      
2800          204872        204872        186065        167265        148472        129691        110923        92168.7       73429.5       54705.1       35994        
2850          204878        204878        186076        167279        148490        129711        110943        92188.2       73446.6       54718.2       36001.6      
2900          204883        204883        186085        167292        148506        129728        110961        92205.4       73461.7       54729.7       36008.3      
2950          204887        204887        186093        167304        148520        129744        110977        92220.9       73475.2       54740         36014.3      
3000          204892        204892        186101        167314        148533        129758        110992        92234.9       73487.4       54749.3       36019.8      
3050          204895        204895        186108        167323        148544        129771        111005        92247.2       73498.2       54757.6       36024.5      
3100          204899        204899        186114        167332        148554        129782        111017        92258.5       73508         54765         36028.9      
3150          204902        204902        186119        167339        148563        129792        111027        92268.2       73516.5       54771.5       36032.7      
3200          204904        204904        186124        167346        148571        129801        111036        92277.1       73524.3       54777.5       36036.1      
3250          204907        204907        186128        167351        148578        129809        111044        92284.7       73530.9       54782.6       36039.1      
3300          204908        204908        186131        167356        148584        129816        111051        92291.7       73537         54787.2       36041.8      
3350          204911        204911        186135        167361        148590        129822        111058        92297.7       73542.3       54791.3       36044.2      
3400          204912        204912        186138        167365        148595        129827        111063        92303.2       73547.1       54795         36046.3      
3450          204913        204913        186140        167368        148598        129831        111068        92307.3       73550.7       54797.7       36047.9      
3500          204915        204915        186143        167372        148603        129836        111073        92312.2       73555         54801         36049.9      
3550          204916        204916        186144        167374        148606        129839        111076        92315.2       73557.6       54803         36051        
3600          204917        204917        186147        167377        148609        129844        111080        92319.2       73561.1       54805.7       36052.6      
3650          204918        204918        186148        167379        148612        129846        111083        92321.7       73563.3       54807.3       36053.5      
3700          204918        204918        186149        167381        148614        129849        111085        92324.4       73565.6       54809.1       36054.6      
3750          204919        204919        186151        167383        148616        129851        111088        92327         73568         54810.9       36055.7      
3800          204919        204919        186151        167384        148617        129852        111089        92328.2       73569         54811.8       36056.1      
3850          204920        204920        186152        167384        148618        129854        111091        92329.5       73570.2       54812.7       36056.7      
3900          204920        204920        186152        167385        148619        129855        111092        92330.7       73571.3       54813.5       36057.2      
3950          204920        204920        186153        167386        148620        129856        111093        92332         73572.4       54814.5       36057.8      
4000          204921        204921        186153        167387        148621        129857        111094        92333.2       73573.5       54815.3       36058.3      
4050          204921        204921        186153        167387        148621        129857        111094        92333.2       73573.5       54815.3       36058.3      
4100          204921        204921        186153        167387        148621        129857        111094        92333.2       73573.5       54815.3       36058.3      
4150          204921        204921        186153        167387        148621        129857        111094        92333.2       73573.5       54815.3       36058.3      
4200          204921        204921        186153        167387        148621        129857        111094        92333.2       73573.5       54815.3       36058.3      
4250          204921        204921        186153        167387        148621        129857        111094        92333.2       73573.5       54815.3       36058.3      
4300          204921        204921        186153        167387        148621        129857        111094        92333.2       73573.5       54815.3       36058.3      
4350          204921        204921        186153        167387        148621        129857        111094        92333.2       73573.5       54815.3       36058.3      
4400          204921        204921        186153        167387        148621        129857        111094        92333.2       73573.5       54815.3       36058.3      
4450          204921        204921        186153        167387        148621        129857        111094        92333.2       73573.5       54815.3       36058.3      
4500          204921        204921        186153        167387        148621        129857        111094        92333.2       73573.5       54815.3       36058.3      
4550          204921        204921        186153        167387        148621        129857        111094        92333.2       73573.5       54815.3       36058.3      
4600          204921        204921        186153        167387        148621        129857        111094        92333.2       73573.5       54815.3       36058.3      
4650          204921        204921        186153        167387        148621        129857        111094        92333.2       73573.5       54815.3       36058.3      
4700          204921        204921        186153        167387        148621        129857        111094        92333.2       73573.5       54815.3       36058.3      
4750          204921        204921        186153        167387        148621        129857        111094        92333.2       73573.5       54815.3       36058.3      
4800          204921        204921        186153        167387        148621        129857        111094        92333.2       73573.5       54815.3       36058.3      
4850          204921        204921        186153        167387        148621        129857        111094        92333.2       73573.5       54815.3       36058.3      
4900          204921        204921        186153        167387        148621        129857        111094        92333.2       73573.5       54815.3       36058.3      
4950          204921        204921        186153        167387        148621        129857        111094        92333.2       73573.5       54815.3       36058.3      
5000          204921        204921        186153        167387        148621        129857        111094        92333.2       73573.5       54815.3       36058.3      
