# Probe 0 (0.0015 0.0015 0)
# Probe 1 (0.0015 0.0015 0.002)
# Probe 2 (0.0015 0.0015 0.004)
# Probe 3 (0.0015 0.0015 0.006)
# Probe 4 (0.0015 0.0015 0.008)
# Probe 5 (0.0015 0.0015 0.01)
# Probe 6 (0.0015 0.0015 0.012)
# Probe 7 (0.0015 0.0015 0.014)
# Probe 8 (0.0015 0.0015 0.016)
# Probe 9 (0.0015 0.0015 0.018)
# Probe 10 (0.0015 0.0015 0.02)
# Time        0             1             2             3             4             5             6             7             8             9             10           
50            (64.0942 64.0942 -3.09763e+07) (64.0942 64.0942 -3.09763e+07) (-53.5209 -53.5209 -1.80543e+07) (-51.0803 -51.0803 -8.12326e+06) (-20.1945 -20.1945 -3.34513e+06) (-6.16316 -6.16316 -1.38356e+06) (-2.87797 -2.87797 -734447) (-5.49549 -5.49549 -797718) (-11.641 -11.641 -1.53773e+06) (-19.0264 -19.0264 -3.33009e+06) (-0.244459 -0.244459 -6.94223e+06)
100           (-59.8003 -59.8003 -2.55399e+07) (-59.8003 -59.8003 -2.55399e+07) (-7.32092 -7.32092 -1.9361e+07) (30.4396 30.4396 -1.21035e+07) (29.088 29.088 -6.53239e+06) (18.4737 18.4737 -3.34182e+06) (11.8966 11.8966 -1.928e+06) (8.98714 8.98714 -1.68443e+06) (8.60054 8.60054 -2.3352e+06) (6.94456 6.94456 -3.83354e+06) (-4.36813 -4.36813 -6.11189e+06)
150           (87.7096 87.7096 -2.18257e+07) (87.7096 87.7096 -2.18257e+07) (38.1434 38.1434 -1.83787e+07) (-15.7849 -15.7849 -1.35906e+07) (-41.5629 -41.5629 -8.85218e+06) (-37.2951 -37.2951 -5.34245e+06) (-25.8006 -25.8006 -3.36915e+06) (-19.07 -19.07 -2.69409e+06) (-15.8184 -15.8184 -3.008e+06) (-8.96947 -8.96947 -4.06235e+06) (10.3205 10.3205 -5.56397e+06)
200           (-102.874 -102.874 -1.93294e+07) (-102.874 -102.874 -1.93294e+07) (-63.372 -63.372 -1.71208e+07) (-14.4071 -14.4071 -1.38557e+07) (28.9083 28.9083 -1.01887e+07) (47.3325 47.3325 -6.96683e+06) (45.0874 45.0874 -4.77283e+06) (35.0087 35.0087 -3.72259e+06) (22.9433 22.9433 -3.64068e+06) (9.04724 9.04724 -4.25424e+06) (-11.4506 -11.4506 -5.22505e+06)
250           (60.2173 60.2173 -1.75516e+07) (60.2173 60.2173 -1.75516e+07) (43.0042 43.0042 -1.60088e+07) (20.3817 20.3817 -1.36658e+07) (-7.26254 -7.26254 -1.08618e+07) (-26.1618 -26.1618 -8.12394e+06) (-30.5897 -30.5897 -5.97347e+06) (-25.8284 -25.8284 -4.68962e+06) (-17.8934 -17.8934 -4.25916e+06) (-9.47828 -9.47828 -4.48176e+06) (4.6743 4.6743 -5.05273e+06)
300           (85.0294 85.0294 -1.62253e+07) (85.0294 85.0294 -1.62253e+07) (66.0548 66.0548 -1.50867e+07) (38.8498 38.8498 -1.33327e+07) (3.49085 3.49085 -1.11584e+07) (-27.8049 -27.8049 -8.89125e+06) (-44.4693 -44.4693 -6.91937e+06) (-44.326 -44.326 -5.54147e+06) (-32.2607 -32.2607 -4.85331e+06) (-14.8593 -14.8593 -4.75437e+06) (5.3668 5.3668 -5.0115e+06)
350           (56.328 56.328 -1.52015e+07) (56.328 56.328 -1.52015e+07) (45.9853 45.9853 -1.43285e+07) (30.5111 30.5111 -1.29714e+07) (9.28042 9.28042 -1.12518e+07) (-11.8121 -11.8121 -9.37961e+06) (-26.381 -26.381 -7.62863e+06) (-30.4387 -30.4387 -6.25627e+06) (-24.6014 -24.6014 -5.40548e+06) (-13.1404 -13.1404 -5.06084e+06) (-0.0795591 -0.0795591 -5.07144e+06)
400           (-75.5701 -75.5701 -1.43901e+07) (-75.5701 -75.5701 -1.43901e+07) (-64.1471 -64.1471 -1.37012e+07) (-49.5026 -49.5026 -1.26235e+07) (-25.4549 -25.4549 -1.12364e+07) (2.65141 2.65141 -9.67995e+06) (26.6633 26.6633 -8.14564e+06) (38.6827 38.6827 -6.83694e+06) (37.332 37.332 -5.90299e+06) (26.7399 26.7399 -5.38477e+06) (8.93415 8.93415 -5.2069e+06)
450           (-62.4512 -62.4512 -1.3733e+07) (-62.4512 -62.4512 -1.3733e+07) (-54.3697 -54.3697 -1.31768e+07) (-43.8939 -43.8939 -1.23022e+07) (-26.3068 -26.3068 -1.11633e+07) (-4.96931 -4.96931 -9.85615e+06) (15.2609 15.2609 -8.51636e+06) (28.5832 28.5832 -7.29936e+06) (31.8626 31.8626 -6.3408e+06) (26.0442 26.0442 -5.71166e+06) (13.5075 13.5075 -5.39618e+06)
500           (-48.8867 -48.8867 -1.31912e+07) (-48.8867 -48.8867 -1.31912e+07) (-43.2506 -43.2506 -1.27335e+07) (-36.2133 -36.2133 -1.20107e+07) (-24.0613 -24.0613 -1.10605e+07) (-8.90368 -8.90368 -9.95092e+06) (6.57308 6.57308 -8.77945e+06) (18.7992 18.7992 -7.66395e+06) (24.77 24.77 -6.72015e+06) (23.4073 23.4073 -6.03051e+06) (16.1186 16.1186 -5.62126e+06)
550           (-38.6029 -38.6029 -1.27375e+07) (-38.6029 -38.6029 -1.27375e+07) (-34.6024 -34.6024 -1.23547e+07) (-29.7792 -29.7792 -1.1748e+07) (-21.2173 -21.2173 -1.09442e+07) (-10.3491 -10.3491 -9.99253e+06) (1.26234 1.26234 -8.96471e+06) (11.5517 11.5517 -7.95054e+06) (18.367 18.367 -7.04601e+06) (20.053 20.053 -6.33412e+06) (17.1686 17.1686 -5.8675e+06)
600           (-30.7333 -30.7333 -1.23524e+07) (-30.7333 -30.7333 -1.23524e+07) (-27.8403 -27.8403 -1.20277e+07) (-24.4559 -24.4559 -1.15116e+07) (-18.3016 -18.3016 -1.08234e+07) (-10.3937 -10.3937 -9.99974e+06) (-1.69589 -1.69589 -9.09428e+06) (6.60425 6.60425 -8.1764e+06) (13.1754 13.1754 -7.32509e+06) (16.5865 16.5865 -6.6184e+06) (17.0533 17.0533 -6.12338e+06)
650           (3.71201 3.71201 -1.20217e+07) (3.71201 3.71201 -1.20217e+07) (3.65742 3.65742 -1.17431e+07) (3.33722 3.33722 -1.1299e+07) (2.71508 2.71508 -1.07038e+07) (1.73014 1.73014 -9.98511e+06) (0.533529 0.533529 -9.18418e+06) (-0.504681 -0.504681 -8.35552e+06) (-0.999174 -0.999174 -7.56428e+06) (-1.05617 -1.05617 -6.88145e+06) (-1.58537 -1.58537 -6.38015e+06)
700           (-9.8564 -9.8564 -1.17349e+07) (-9.8564 -9.8564 -1.17349e+07) (-9.1912 -9.1912 -1.14933e+07) (-8.31511 -8.31511 -1.11075e+07) (-6.90705 -6.90705 -1.05883e+07) (-5.37732 -5.37732 -9.95709e+06) (-3.8934 -3.8934 -9.24621e+06) (-2.44776 -2.44776 -8.4993e+06) (-0.588884 -0.588884 -7.77051e+06) (2.46537 2.46537 -7.12322e+06) (7.50833 7.50833 -6.63124e+06)
750           (-10.9319 -10.9319 -1.14841e+07) (-10.9319 -10.9319 -1.14841e+07) (-10.2494 -10.2494 -1.12729e+07) (-9.21646 -9.21646 -1.0935e+07) (-7.47906 -7.47906 -1.04789e+07) (-5.39487 -5.39487 -9.92138e+06) (-3.17223 -3.17223 -9.28846e+06) (-0.977979 -0.977979 -8.61574e+06) (1.28971 1.28971 -7.9488e+06) (3.9654 3.9654 -7.34393e+06) (7.7168 7.7168 -6.87247e+06)
800           (-9.94515 -9.94515 -1.12633e+07) (-9.94515 -9.94515 -1.12633e+07) (-9.40943 -9.40943 -1.10774e+07) (-8.53537 -8.53537 -1.07796e+07) (-6.96605 -6.96605 -1.03765e+07) (-4.97342 -4.97342 -9.88186e+06) (-2.72099 -2.72099 -9.31694e+06) (-0.402025 -0.402025 -8.71139e+06) (1.90354 1.90354 -8.10407e+06) (4.16478 4.16478 -7.54487e+06) (6.81577 6.81577 -7.1008e+06)
850           (-8.59072 -8.59072 -1.10678e+07) (-8.59072 -8.59072 -1.10678e+07) (-8.24473 -8.24473 -1.09033e+07) (-7.5763 -7.5763 -1.06393e+07) (-6.2634 -6.2634 -1.02815e+07) (-4.51336 -4.51336 -9.84113e+06) (-2.44677 -2.44677 -9.33596e+06) (-0.248204 -0.248204 -8.79113e+06) (1.91266 1.91266 -8.24018e+06) (3.76453 3.76453 -7.72734e+06) (5.52336 5.52336 -7.31444e+06)
900           (-7.28889 -7.28889 -1.08939e+07) (-7.28889 -7.28889 -1.08939e+07) (-7.10653 -7.10653 -1.07476e+07) (-6.61979 -6.61979 -1.05128e+07) (-5.5508 -5.5508 -1.01941e+07) (-4.06056 -4.06056 -9.8009e+06) (-2.23668 -2.23668 -9.34854e+06) (-0.245408 -0.245408 -8.85857e+06) (1.70328 1.70328 -8.36021e+06) (3.19403 3.19403 -7.89273e+06) (4.2723 4.2723 -7.51256e+06)
950           (-6.18242 -6.18242 -1.07387e+07) (-6.18242 -6.18242 -1.07387e+07) (-6.12053 -6.12053 -1.06082e+07) (-5.77322 -5.77322 -1.03986e+07) (-4.90431 -4.90431 -1.01139e+07) (-3.64237 -3.64237 -9.76224e+06) (-2.05184 -2.05184 -9.35679e+06) (-0.27989 -0.27989 -8.91636e+06) (1.45043 1.45043 -8.4666e+06) (2.64794 2.64794 -8.04245e+06) (3.23822 3.23822 -7.69498e+06)
1000          (-5.2846 -5.2846 -1.05998e+07) (-5.2846 -5.2846 -1.05998e+07) (-5.30297 -5.30297 -1.0483e+07) (-5.05566 -5.05566 -1.02956e+07) (-4.34185 -4.34185 -1.00408e+07) (-3.26717 -3.26717 -9.7258e+06) (-1.88023 -1.88023 -9.36218e+06) (-0.310794 -0.310794 -8.96644e+06) (1.22003 1.22003 -8.56129e+06) (2.19116 2.19116 -8.1778e+06) (2.45078 2.45078 -7.862e+06)
1050          (-4.56416 -4.56416 -1.04752e+07) (-4.56416 -4.56416 -1.04752e+07) (-4.63149 -4.63149 -1.03706e+07) (-4.45337 -4.45337 -1.02026e+07) (-3.85769 -3.85769 -9.97429e+06) (-2.93344 -2.93344 -9.69191e+06) (-1.7184 -1.7184 -9.36569e+06) (-0.327012 -0.327012 -9.01028e+06) (1.02973 1.02973 -8.64582e+06) (1.83052 1.83052 -8.30005e+06) (1.8781 1.8781 -8.01425e+06)
1100          (-3.9823 -3.9823 -1.03634e+07) (-3.9823 -3.9823 -1.03634e+07) (-4.0763 -4.0763 -1.02695e+07) (-3.94508 -3.94508 -1.01188e+07) (-3.43966 -3.43966 -9.91403e+06) (-2.63646 -2.63646 -9.66072e+06) (-1.56572 -1.56572 -9.368e+06) (-0.328528 -0.328528 -9.04894e+06) (0.878454 0.878454 -8.72148e+06) (1.55193 1.55193 -8.41035e+06) (1.47182 1.47182 -8.15253e+06)
1150          (-3.50533 -3.50533 -1.02629e+07) (-3.50533 -3.50533 -1.02629e+07) (-3.61104 -3.61104 -1.01786e+07) (-3.51131 -3.51131 -1.00434e+07) (-3.07586 -3.07586 -9.85953e+06) (-2.3713 -2.3713 -9.63222e+06) (-1.42246 -1.42246 -9.36957e+06) (-0.318729 -0.318729 -9.08325e+06) (0.759315 0.759315 -8.7893e+06) (1.3369 1.3369 -8.50979e+06) (1.18643 1.18643 -8.27777e+06)
1200          (-3.10732 -3.10732 -1.01726e+07) (-3.10732 -3.10732 -1.01726e+07) (-3.21516 -3.21516 -1.00968e+07) (-3.13656 -3.13656 -9.97536e+06) (-2.75652 -2.75652 -9.81033e+06) (-2.13373 -2.13373 -9.60633e+06) (-1.28898 -1.28898 -9.37067e+06) (-0.301426 -0.301426 -9.11383e+06) (0.664795 0.664795 -8.85016e+06) (1.16878 1.16878 -8.59936e+06) (0.98537 0.98537 -8.39094e+06)
1250          (-2.76925 -2.76925 -1.00913e+07) (-2.76925 -2.76925 -1.00913e+07) (-2.87348 -2.87348 -1.00233e+07) (-2.80917 -2.80917 -9.91417e+06) (-2.47408 -2.47408 -9.76599e+06) (-1.92027 -1.92027 -9.5829e+06) (-1.16548 -1.16548 -9.3715e+06) (-0.27983 -0.27983 -9.14118e+06) (0.588488 0.588488 -8.90481e+06) (1.03447 1.03447 -8.67998e+06) (0.841561 0.841561 -8.49302e+06)
1300          (-2.47753 -2.47753 -1.00183e+07) (-2.47753 -2.47753 -1.00183e+07) (-2.57494 -2.57494 -9.95715e+06) (-2.52048 -2.52048 -9.85913e+06) (-2.22272 -2.22272 -9.72609e+06) (-1.7281 -1.7281 -9.56178e+06) (-1.0519 -1.0519 -9.37217e+06) (-0.256325 -0.256325 -9.16571e+06) (0.525481 0.525481 -8.95391e+06) (0.924324 0.924324 -8.7525e+06) (0.735876 0.735876 -8.58495e+06)
1350          (-17.9956 -17.9956 -9.95266e+06) (-17.9956 -17.9956 -9.95266e+06) (-16.6313 -16.6313 -9.8977e+06) (-15.0213 -15.0213 -9.80965e+06) (-12.249 -12.249 -9.6902e+06) (-8.43137 -8.43137 -9.54276e+06) (-3.68229 -3.68229 -9.37272e+06) (1.77753 1.77753 -9.18769e+06) (7.58327 7.58327 -8.99799e+06) (13.0285 13.0285 -8.81767e+06) (18.1423 18.1423 -8.66768e+06)
1400          (-16.3494 -16.3494 -9.89364e+06) (-16.3494 -16.3494 -9.89364e+06) (-15.1475 -15.1475 -9.84427e+06) (-13.702 -13.702 -9.76519e+06) (-11.1886 -11.1886 -9.65796e+06) (-7.71046 -7.71046 -9.52569e+06) (-3.36851 -3.36851 -9.37324e+06) (1.63794 1.63794 -9.20746e+06) (6.97392 6.97392 -9.03761e+06) (11.9867 11.9867 -8.87624e+06) (16.6567 16.6567 -8.74202e+06)
1450          (-14.6815 -14.6815 -9.84061e+06) (-14.6815 -14.6815 -9.84061e+06) (-13.5998 -13.5998 -9.79625e+06) (-12.2994 -12.2994 -9.72525e+06) (-10.0408 -10.0408 -9.62902e+06) (-6.91678 -6.91678 -9.51038e+06) (-3.0183 -3.0183 -9.37373e+06) (1.47752 1.47752 -9.22524e+06) (6.27579 6.27579 -9.0732e+06) (10.7997 10.7997 -8.92883e+06) (15.0322 15.0322 -8.80877e+06)
1500          (-13.1772 -13.1772 -9.79296e+06) (-13.1772 -13.1772 -9.79296e+06) (-12.2031 -12.2031 -9.75313e+06) (-11.0319 -11.0319 -9.6894e+06) (-9.00094 -9.00094 -9.60306e+06) (-6.19539 -6.19539 -9.49668e+06) (-2.69763 -2.69763 -9.37422e+06) (1.33334 1.33334 -9.24124e+06) (5.63461 5.63461 -9.10517e+06) (9.69313 9.69313 -8.97604e+06) (13.5002 13.5002 -8.86866e+06)
1550          (-11.821 -11.821 -9.75017e+06) (-11.821 -11.821 -9.75017e+06) (-10.9439 -10.9439 -9.71442e+06) (-9.88985 -9.88985 -9.65723e+06) (-8.06497 -8.06497 -9.57979e+06) (-5.5465 -5.5465 -9.48442e+06) (-2.40942 -2.40942 -9.3747e+06) (1.20313 1.20313 -9.25563e+06) (5.05587 5.05587 -9.13387e+06) (8.69071 8.69071 -9.01838e+06) (12.1037 12.1037 -8.92237e+06)
1600          (-10.6002 -10.6002 -9.71175e+06) (-10.6002 -10.6002 -9.71175e+06) (-9.81084 -9.81084 -9.67967e+06) (-8.86237 -8.86237 -9.62837e+06) (-7.22297 -7.22297 -9.55893e+06) (-4.96301 -4.96301 -9.47345e+06) (-2.15058 -2.15058 -9.37517e+06) (1.08554 1.08554 -9.26857e+06) (4.53479 4.53479 -9.15963e+06) (7.7878 7.7878 -9.05636e+06) (10.8429 10.8429 -8.97053e+06)
1650          (-9.50201 -9.50201 -9.67727e+06) (-9.50201 -9.50201 -9.67727e+06) (-8.79197 -8.79197 -9.64849e+06) (-7.93895 -7.93895 -9.60249e+06) (-6.46683 -6.46683 -9.54024e+06) (-4.43956 -4.43956 -9.46365e+06) (-1.91897 -1.91897 -9.37563e+06) (0.97905 0.97905 -9.28021e+06) (4.06606 4.06606 -9.18275e+06) (6.9762 6.9762 -9.09041e+06) (9.70921 9.70921 -9.01368e+06)
1700          (-8.51506 -8.51506 -9.64634e+06) (-8.51506 -8.51506 -9.64634e+06) (-7.87664 -7.87664 -9.62053e+06) (-7.10976 -7.10976 -9.57929e+06) (-5.78831 -5.78831 -9.5235e+06) (-3.97035 -3.97035 -9.45488e+06) (-1.71198 -1.71198 -9.37607e+06) (0.882575 0.882575 -9.29067e+06) (3.64467 3.64467 -9.20349e+06) (6.2474 6.2474 -9.12092e+06) (8.69139 8.69139 -9.05233e+06)
1750          (-7.62858 -7.62858 -9.6186e+06) (-7.62858 -7.62858 -9.6186e+06) (-7.05481 -7.05481 -9.59547e+06) (-6.36571 -6.36571 -9.5585e+06) (-5.17994 -5.17994 -9.50851e+06) (-3.55016 -3.55016 -9.44705e+06) (-1.52723 -1.52723 -9.37649e+06) (0.795147 0.795147 -9.30007e+06) (3.26606 3.26606 -9.22209e+06) (5.59345 5.59345 -9.14826e+06) (7.77854 7.77854 -9.08695e+06)
1800          (-6.83281 -6.83281 -9.59373e+06) (-6.83281 -6.83281 -9.59373e+06) (-6.31737 -6.31738 -9.573e+06) (-5.69842 -5.69842 -9.53987e+06) (-4.63475 -4.63475 -9.49508e+06) (-3.17409 -3.17409 -9.44005e+06) (-1.36244 -1.36244 -9.37688e+06) (0.715951 0.715951 -9.3085e+06) (2.92607 2.92607 -9.23876e+06) (5.00698 5.00698 -9.17275e+06) (6.96036 6.96036 -9.11795e+06)
1850          (-6.11879 -6.11879 -9.57144e+06) (-6.11879 -6.11879 -9.57144e+06) (-5.65596 -5.65596 -9.55286e+06) (-5.10025 -5.10025 -9.52318e+06) (-4.14642 -4.14642 -9.48307e+06) (-2.83764 -2.83764 -9.43379e+06) (-1.21553 -1.21553 -9.37726e+06) (0.644253 0.644253 -9.31608e+06) (2.62089 2.62089 -9.2537e+06) (4.48128 4.48128 -9.19469e+06) (6.22739 6.22739 -9.14571e+06)
1900          (-5.47839 -5.47839 -9.55147e+06) (-5.47839 -5.47839 -9.55147e+06) (-5.06297 -5.06297 -9.53482e+06) (-4.56423 -4.56423 -9.50824e+06) (-3.70915 -3.70915 -9.47232e+06) (-2.53673 -2.53673 -9.4282e+06) (-1.08457 -1.08457 -9.37761e+06) (0.579398 0.579398 -9.32287e+06) (2.34707 2.34707 -9.26709e+06) (4.01022 4.01022 -9.21433e+06) (5.57099 5.57099 -9.17055e+06)
1950          (-4.90423 -4.90423 -9.53357e+06) (-4.90423 -4.90423 -9.53357e+06) (-4.5315 -4.5315 -9.51866e+06) (-4.08407 -4.08407 -9.49486e+06) (-3.31771 -3.31771 -9.4627e+06) (-2.26766 -2.26766 -9.42321e+06) (-0.967835 -0.967835 -9.37793e+06) (0.520781 0.520781 -9.32897e+06) (2.10149 2.10149 -9.27908e+06) (3.58826 3.58826 -9.23192e+06) (4.98333 4.98333 -9.19278e+06)
2000          (-4.38962 -4.38962 -9.51755e+06) (-4.38962 -4.38962 -9.51755e+06) (-4.05531 -4.05531 -9.50419e+06) (-3.65404 -3.65404 -9.48288e+06) (-2.96738 -2.96738 -9.45409e+06) (-2.0271 -2.0271 -9.41875e+06) (-0.863783 -0.863783 -9.37823e+06) (0.467852 0.467852 -9.33444e+06) (1.88131 1.88131 -9.28983e+06) (3.21038 3.21038 -9.24766e+06) (4.45732 4.45732 -9.21268e+06)
2050          (-3.92851 -3.92851 -9.50319e+06) (-3.92851 -3.92851 -9.50319e+06) (-3.62876 -3.62876 -9.49124e+06) (-3.26901 -3.26901 -9.47215e+06) (-2.65389 -2.65389 -9.44638e+06) (-1.81204 -1.81204 -9.41476e+06) (-0.771022 -0.771022 -9.37851e+06) (0.4201 0.4201 -9.33934e+06) (1.68395 1.68395 -9.29945e+06) (2.87204 2.87204 -9.26175e+06) (3.98659 3.98659 -9.23048e+06)
2100          (-0.385084 -0.385084 -9.49036e+06) (-0.385084 -0.385084 -9.49036e+06) (-0.37437 -0.37437 -9.47965e+06) (-0.278389 -0.278389 -9.46256e+06) (-0.203568 -0.203568 -9.4395e+06) (-0.108704 -0.108704 -9.41119e+06) (0.00194599 0.00194597 -9.37876e+06) (0.117541 0.117541 -9.34372e+06) (0.225632 0.225632 -9.30805e+06) (0.335955 0.335955 -9.27435e+06) (0.163092 0.163092 -9.2464e+06)
2150          (-0.792963 -0.792963 -9.47885e+06) (-0.792963 -0.792963 -9.47885e+06) (-0.785639 -0.785639 -9.46927e+06) (-0.661326 -0.661326 -9.45397e+06) (-0.51403 -0.51403 -9.43333e+06) (-0.324479 -0.324479 -9.408e+06) (-0.101101 -0.101101 -9.37899e+06) (0.137362 0.137362 -9.34765e+06) (0.357383 0.357383 -9.31576e+06) (0.522523 0.522523 -9.28563e+06) (0.38675 0.38675 -9.26066e+06)
2200          (-0.524884 -0.524884 -9.46855e+06) (-0.524884 -0.524884 -9.46855e+06) (-0.542673 -0.542673 -9.45997e+06) (-0.523378 -0.523378 -9.44629e+06) (-0.52017 -0.52017 -9.42781e+06) (-0.465251 -0.465251 -9.40516e+06) (-0.333923 -0.333923 -9.37921e+06) (-0.121305 -0.121305 -9.35118e+06) (0.166401 0.166401 -9.32266e+06) (0.504579 0.504579 -9.29573e+06) (0.591553 0.591553 -9.2734e+06)
2250          (-0.58233 -0.58233 -9.45933e+06) (-0.58233 -0.58233 -9.45933e+06) (-0.452728 -0.452728 -9.45166e+06) (-0.143364 -0.143364 -9.43941e+06) (0.198247 0.198247 -9.42288e+06) (0.504094 0.504094 -9.40261e+06) (0.681229 0.681229 -9.3794e+06) (0.659738 0.659738 -9.35433e+06) (0.411766 0.411766 -9.32884e+06) (-0.00316811 -0.00316815 -9.30476e+06) (-0.624777 -0.624777 -9.28481e+06)
2300          (2.46023 2.46023 -9.45108e+06) (2.46023 2.46023 -9.45108e+06) (2.04239 2.04239 -9.44421e+06) (1.52858 1.52858 -9.43326e+06) (0.838855 0.838855 -9.41847e+06) (0.168025 0.168025 -9.40034e+06) (-0.331251 -0.331251 -9.37958e+06) (-0.572396 -0.572396 -9.35716e+06) (-0.573929 -0.573929 -9.33436e+06) (-0.465199 -0.465199 -9.31284e+06) (-0.834273 -0.834273 -9.295e+06)
2350          (1.26382 1.26382 -9.4437e+06) (1.26382 1.26382 -9.4437e+06) (1.56346 1.56346 -9.43756e+06) (2.02252 2.02252 -9.42775e+06) (2.29002 2.29002 -9.41452e+06) (2.26675 2.26675 -9.3983e+06) (1.85193 1.85193 -9.37974e+06) (1.01979 1.01979 -9.35969e+06) (-0.148949 -0.148949 -9.33931e+06) (-1.45192 -1.45192 -9.32007e+06) (-2.94771 -2.94771 -9.30413e+06)
2400          (2.59002 2.59002 -9.4371e+06) (2.59002 2.59002 -9.4371e+06) (2.0983 2.0983 -9.4316e+06) (1.56178 1.56178 -9.42283e+06) (0.936795 0.936795 -9.411e+06) (0.376315 0.376315 -9.39649e+06) (-0.0393942 -0.0393943 -9.37989e+06) (-0.298766 -0.298766 -9.36196e+06) (-0.465463 -0.465463 -9.34374e+06) (-0.641261 -0.641261 -9.32654e+06) (-1.25828 -1.25828 -9.31228e+06)
2450          (0.946227 0.946227 -9.43119e+06) (0.946227 0.946227 -9.43119e+06) (1.27899 1.27899 -9.42627e+06) (1.71177 1.71177 -9.41842e+06) (1.92432 1.92432 -9.40784e+06) (1.84508 1.84508 -9.39486e+06) (1.43373 1.43373 -9.38001e+06) (0.718326 0.718325 -9.36399e+06) (-0.205853 -0.205853 -9.3477e+06) (-1.1851 -1.1851 -9.33232e+06) (-2.31321 -2.31321 -9.31958e+06)
2500          (2.12406 2.12406 -9.4259e+06) (2.12406 2.12406 -9.4259e+06) (1.66583 1.66583 -9.4215e+06) (1.19101 1.19101 -9.41449e+06) (0.692437 0.692437 -9.40502e+06) (0.286136 0.286136 -9.39342e+06) (0.00579214 0.00579213 -9.38014e+06) (-0.173777 -0.173777 -9.36581e+06) (-0.321919 -0.321919 -9.35124e+06) (-0.512205 -0.512205 -9.33749e+06) (-1.061 -1.061 -9.3261e+06)
2550          (0.735865 0.735865 -9.42118e+06) (0.735865 0.735865 -9.42118e+06) (1.04559 1.04559 -9.41724e+06) (1.42124 1.42124 -9.41096e+06) (1.58673 1.58673 -9.40249e+06) (1.49036 1.49036 -9.39212e+06) (1.12234 1.12234 -9.38024e+06) (0.529037 0.529037 -9.36743e+06) (-0.202178 -0.202178 -9.35441e+06) (-0.955688 -0.955688 -9.34212e+06) (-1.82867 -1.82867 -9.33194e+06)
2600          (18.2763 18.2763 -9.41695e+06) (18.2763 18.2763 -9.41695e+06) (18.9155 18.9155 -9.41343e+06) (19.4905 19.4905 -9.40781e+06) (18.3082 18.3082 -9.40024e+06) (15.2171 15.2171 -9.39096e+06) (10.2608 10.2608 -9.38034e+06) (3.74494 3.74494 -9.36888e+06) (-3.82303 -3.82303 -9.35723e+06) (-11.7673 -11.7673 -9.34625e+06) (-20.7326 -20.7326 -9.33715e+06)
2650          (6.33765 6.33765 -9.41317e+06) (6.33765 6.33765 -9.41317e+06) (6.04447 6.04447 -9.41002e+06) (5.89752 5.89752 -9.405e+06) (5.25859 5.25859 -9.39822e+06) (4.26186 4.26186 -9.38992e+06) (2.93991 2.93991 -9.38043e+06) (1.3488 1.3488 -9.37018e+06) (-0.442304 -0.442304 -9.35977e+06) (-2.22395 -2.22395 -9.34995e+06) (-4.79378 -4.79378 -9.34182e+06)
2700          (18.906 18.906 -9.40979e+06) (18.906 18.906 -9.40979e+06) (18.5047 18.5047 -9.40697e+06) (17.7985 17.7985 -9.40248e+06) (15.7937 15.7937 -9.39642e+06) (12.5392 12.5392 -9.38899e+06) (8.09953 8.09953 -9.3805e+06) (2.61573 2.61573 -9.37134e+06) (-3.6893 -3.6893 -9.36203e+06) (-10.4984 -10.4984 -9.35326e+06) (-18.4313 -18.4313 -9.34599e+06)
2750          (0.277757 0.277757 -9.40674e+06) (0.277757 0.277757 -9.40674e+06) (-0.358147 -0.358147 -9.40423e+06) (-0.381493 -0.381493 -9.40021e+06) (-0.390524 -0.390524 -9.3948e+06) (-0.375924 -0.375924 -9.38816e+06) (-0.370288 -0.370288 -9.38057e+06) (-0.388954 -0.388954 -9.37239e+06) (-0.447208 -0.447208 -9.36407e+06) (-0.509239 -0.509239 -9.35623e+06) (-1.28685 -1.28685 -9.34974e+06)
2800          (-1.54568 -1.54568 -9.40404e+06) (-1.54568 -1.54568 -9.40404e+06) (-1.44454 -1.44454 -9.40179e+06) (-1.25529 -1.25529 -9.3982e+06) (-1.01976 -1.01976 -9.39335e+06) (-0.724572 -0.724572 -9.38742e+06) (-0.387162 -0.387162 -9.38064e+06) (-0.0361115 -0.0361115 -9.37332e+06) (0.297226 0.297226 -9.36588e+06) (0.575949 0.575949 -9.35888e+06) (0.615817 0.615817 -9.35308e+06)
2850          (-14.5019 -14.5019 -9.40162e+06) (-14.5019 -14.5019 -9.40162e+06) (-14.0642 -14.0642 -9.3996e+06) (-13.4161 -13.4161 -9.39639e+06) (-11.7334 -11.7334 -9.39206e+06) (-9.10267 -9.10267 -9.38676e+06) (-5.58008 -5.58008 -9.38069e+06) (-1.28203 -1.28203 -9.37415e+06) (3.59325 3.59325 -9.36751e+06) (8.70533 8.70533 -9.36125e+06) (14.5578 14.5578 -9.35607e+06)
2900          (-4.10869 -4.10869 -9.39948e+06) (-4.10869 -4.10869 -9.39948e+06) (-3.2187 -3.2187 -9.39768e+06) (-2.79042 -2.79042 -9.3948e+06) (-2.13128 -2.13128 -9.39092e+06) (-1.24969 -1.24969 -9.38617e+06) (-0.19954 -0.19954 -9.38074e+06) (0.956343 0.956343 -9.37489e+06) (2.15197 2.15197 -9.36894e+06) (3.25993 3.25993 -9.36334e+06) (4.65666 4.65666 -9.3587e+06)
2950          (6.57157 6.57157 -9.39756e+06) (6.57157 6.57157 -9.39756e+06) (6.4714 6.4714 -9.39595e+06) (6.32646 6.32646 -9.39337e+06) (5.73636 5.73636 -9.3899e+06) (4.6957 4.6957 -9.38565e+06) (3.22255 3.22255 -9.38079e+06) (1.36018 1.36018 -9.37555e+06) (-0.821315 -0.821315 -9.37023e+06) (-3.22917 -3.22917 -9.36521e+06) (-6.078 -6.078 -9.36106e+06)
3000          (0.311476 0.311476 -9.39582e+06) (0.311476 0.311476 -9.39582e+06) (0.314164 0.314164 -9.39437e+06) (0.213504 0.213504 -9.39207e+06) (0.0517495 0.0517495 -9.38897e+06) (-0.0736507 -0.0736507 -9.38517e+06) (-0.182237 -0.182237 -9.38083e+06) (-0.274387 -0.274387 -9.37615e+06) (-0.353071 -0.353071 -9.3714e+06) (-0.3899 -0.3899 -9.36692e+06) (-0.834932 -0.834932 -9.36321e+06)
3050          (-1.10703 -1.10703 -9.39429e+06) (-1.10703 -1.10703 -9.39429e+06) (-1.37659 -1.37659 -9.39301e+06) (-0.770123 -0.770123 -9.39094e+06) (-0.0539441 -0.0539442 -9.38816e+06) (0.553491 0.553491 -9.38475e+06) (1.07998 1.07998 -9.38086e+06) (1.52661 1.52661 -9.37667e+06) (1.87811 1.87811 -9.37242e+06) (2.10859 2.10859 -9.36841e+06) (2.22851 2.22851 -9.36509e+06)
3100          (-3.64221 -3.64221 -9.3929e+06) (-3.64221 -3.64221 -9.3929e+06) (-2.34837 -2.34837 -9.39172e+06) (-2.56577 -2.56577 -9.38989e+06) (-2.79362 -2.79362 -9.38742e+06) (-2.51368 -2.51368 -9.38438e+06) (-1.8472 -1.8472 -9.3809e+06) (-0.914559 -0.914559 -9.37716e+06) (0.183621 0.183621 -9.37335e+06) (1.36726 1.36726 -9.36977e+06) (2.3035 2.3035 -9.36681e+06)
3150          (-0.297813 -0.297813 -9.39169e+06) (-0.297813 -0.297813 -9.39169e+06) (-2.83872 -2.83872 -9.39069e+06) (-1.95878 -1.95878 -9.38902e+06) (-0.541404 -0.541404 -9.38677e+06) (0.366113 0.366113 -9.38404e+06) (0.955866 0.955866 -9.38092e+06) (1.40161 1.40161 -9.37757e+06) (1.77358 1.77358 -9.37416e+06) (2.06494 2.06494 -9.37095e+06) (2.36897 2.36897 -9.3683e+06)
3200          (-5.41828 -5.41828 -9.39062e+06) (-5.41828 -5.41828 -9.39062e+06) (0.964202 0.964202 -9.38959e+06) (0.243141 0.243141 -9.38814e+06) (-1.49796 -1.49796 -9.38617e+06) (-1.90159 -1.90159 -9.38375e+06) (-1.41961 -1.41961 -9.38096e+06) (-0.54576 -0.54576 -9.37795e+06) (0.453845 0.453845 -9.3749e+06) (1.44557 1.44557 -9.37203e+06) (2.14014 2.14014 -9.36966e+06)
3250          (1.36853 1.36853 -9.38962e+06) (1.36853 1.36853 -9.38962e+06) (-5.71917 -5.71917 -9.38888e+06) (-4.44155 -4.44155 -9.38752e+06) (-1.64393 -1.64393 -9.38569e+06) (-0.071023 -0.071023 -9.38348e+06) (0.756342 0.756342 -9.38097e+06) (1.34863 1.34863 -9.37826e+06) (1.89592 1.89592 -9.37553e+06) (2.41553 2.41553 -9.37295e+06) (2.86568 2.86568 -9.37083e+06)
3300          (-6.26346 -6.26346 -9.38884e+06) (-6.26346 -6.26346 -9.38884e+06) (3.32336 3.32336 -9.38794e+06) (2.50868 2.50868 -9.38677e+06) (-0.0796613 -0.0796613 -9.3852e+06) (-0.89267 -0.89267 -9.38324e+06) (-0.576773 -0.576773 -9.38099e+06) (0.128999 0.128999 -9.37856e+06) (0.895684 0.895684 -9.3761e+06) (1.59588 1.59588 -9.37379e+06) (2.05924 2.05924 -9.37189e+06)
3350          (1.9677 1.9677 -9.38801e+06) (1.9677 1.9677 -9.38801e+06) (-6.63127 -6.63127 -9.38745e+06) (-5.27519 -5.27519 -9.38634e+06) (-2.09342 -2.09342 -9.38483e+06) (-0.399854 -0.399854 -9.38303e+06) (0.423109 0.423109 -9.38099e+06) (1.02157 1.02157 -9.37881e+06) (1.60208 1.60208 -9.3766e+06) (2.16788 2.16788 -9.37452e+06) (2.62279 2.62279 -9.37282e+06)
3400          (-5.60961 -5.60961 -9.38741e+06) (-5.60961 -5.60961 -9.38741e+06) (3.22071 3.22071 -9.38666e+06) (2.54198 2.54198 -9.38571e+06) (0.214953 0.214953 -9.38443e+06) (-0.506255 -0.506255 -9.38284e+06) (-0.240248 -0.240248 -9.38101e+06) (0.327947 0.327947 -9.37904e+06) (0.930787 0.930787 -9.37706e+06) (1.47861 1.47861 -9.3752e+06) (1.86741 1.86741 -9.37367e+06)
3450          (2.21 2.21 -9.38685e+06) (2.21 2.21 -9.38685e+06) (-5.51771 -5.51771 -9.38634e+06) (-4.52049 -4.52049 -9.38542e+06) (-1.79611 -1.79611 -9.38418e+06) (-0.330694 -0.330694 -9.3827e+06) (0.356351 0.356351 -9.38102e+06) (0.834483 0.834483 -9.37921e+06) (1.28456 1.28456 -9.37739e+06) (1.70794 1.70794 -9.37569e+06) (1.95387 1.95387 -9.37429e+06)
3500          (-5.71115 -5.71115 -9.38625e+06) (-5.71115 -5.71115 -9.38625e+06) (0.163915 0.163915 -9.3857e+06) (0.447599 0.447599 -9.38491e+06) (-0.91929 -0.91929 -9.38386e+06) (-1.30886 -1.30886 -9.38255e+06) (-0.842631 -0.842631 -9.38105e+06) (-0.01888 -0.01888 -9.37943e+06) (0.912022 0.912022 -9.3778e+06) (1.82545 1.82545 -9.37628e+06) (2.64391 2.64391 -9.37505e+06)
3550          (-4.57531 -4.57531 -9.38586e+06) (-4.57531 -4.57531 -9.38586e+06) (-0.239537 -0.239537 -9.38537e+06) (0.240991 0.240991 -9.38464e+06) (-0.730768 -0.730768 -9.38366e+06) (-1.02435 -1.02435 -9.38245e+06) (-0.655055 -0.655055 -9.38106e+06) (0.010235 0.010235 -9.37956e+06) (0.768318 0.768318 -9.37805e+06) (1.50888 1.50888 -9.37665e+06) (2.09914 2.09914 -9.37551e+06)
3600          (0.222871 0.222871 -9.38533e+06) (0.222871 0.222871 -9.38533e+06) (-2.56266 -2.56266 -9.38496e+06) (-2.67187 -2.67187 -9.38431e+06) (-1.40109 -1.40109 -9.38342e+06) (-0.389778 -0.389778 -9.38232e+06) (0.2643 0.2643 -9.38108e+06) (0.769478 0.769478 -9.37974e+06) (1.23174 1.23174 -9.37839e+06) (1.67135 1.67135 -9.37713e+06) (2.09419 2.09419 -9.37612e+06)
3650          (0.0805517 0.0805516 -9.38502e+06) (0.0805517 0.0805516 -9.38502e+06) (-2.39562 -2.39562 -9.38468e+06) (-2.59338 -2.59338 -9.38408e+06) (-1.47181 -1.47181 -9.38325e+06) (-0.521886 -0.521886 -9.38224e+06) (0.126671 0.126671 -9.38109e+06) (0.645338 0.645338 -9.37984e+06) (1.12994 1.12994 -9.3786e+06) (1.6006 1.6006 -9.37743e+06) (2.07847 2.07847 -9.37649e+06)
3700          (0.0150496 0.0150496 -9.38472e+06) (0.0150496 0.0150496 -9.38472e+06) (-2.23349 -2.23349 -9.38439e+06) (-2.47911 -2.47911 -9.38383e+06) (-1.49148 -1.49148 -9.38306e+06) (-0.621958 -0.621958 -9.38213e+06) (-0.00168633 -0.00168632 -9.38107e+06) (0.512724 0.512724 -9.37994e+06) (1.00519 1.00519 -9.37881e+06) (1.49389 1.49389 -9.37776e+06) (1.9687 1.9687 -9.37691e+06)
3750          (-0.0312255 -0.0312255 -9.38442e+06) (-0.0312255 -0.0312255 -9.38442e+06) (-2.0108 -2.0108 -9.38411e+06) (-2.17606 -2.17606 -9.38359e+06) (-1.28978 -1.28978 -9.38288e+06) (-0.510287 -0.510287 -9.38202e+06) (0.0676358 0.0676358 -9.38106e+06) (0.550388 0.550388 -9.38004e+06) (0.993744 0.993744 -9.37902e+06) (1.41766 1.41766 -9.37807e+06) (1.81244 1.81244 -9.37732e+06)
3800          (-2.7473 -2.7473 -9.38429e+06) (-2.7473 -2.7473 -9.38429e+06) (-0.638546 -0.638546 -9.38395e+06) (-0.137783 -0.137783 -9.38344e+06) (-0.447015 -0.447014 -9.38278e+06) (-0.489279 -0.489279 -9.38198e+06) (-0.21614 -0.21614 -9.38106e+06) (0.234886 0.234886 -9.38009e+06) (0.760164 0.760164 -9.37912e+06) (1.26884 1.26884 -9.37822e+06) (1.6127 1.6127 -9.37751e+06)
3850          (-0.0752366 -0.0752365 -9.38414e+06) (-0.0752366 -0.0752365 -9.38414e+06) (-1.84943 -1.84943 -9.38385e+06) (-1.9424 -1.9424 -9.38336e+06) (-1.14691 -1.14691 -9.3827e+06) (-0.456871 -0.456871 -9.38192e+06) (0.0757149 0.0757149 -9.38104e+06) (0.535867 0.535867 -9.38012e+06) (0.95762 0.95762 -9.37921e+06) (1.34979 1.34979 -9.37838e+06) (1.6689 1.6689 -9.37772e+06)
3900          (-2.61463 -2.61463 -9.38402e+06) (-2.61463 -2.61463 -9.38402e+06) (-0.68642 -0.68642 -9.38369e+06) (-0.296908 -0.296909 -9.38322e+06) (-0.586884 -0.586884 -9.3826e+06) (-0.600423 -0.600423 -9.38186e+06) (-0.321406 -0.321406 -9.38103e+06) (0.137468 0.137468 -9.38016e+06) (0.697762 0.697762 -9.3793e+06) (1.2768 1.2768 -9.37853e+06) (1.74668 1.74668 -9.37792e+06)
3950          (-0.103393 -0.103393 -9.38387e+06) (-0.103393 -0.103393 -9.38387e+06) (-1.73093 -1.73093 -9.3836e+06) (-1.75454 -1.75454 -9.38314e+06) (-1.01726 -1.01726 -9.38253e+06) (-0.393818 -0.393818 -9.3818e+06) (0.10761 0.10761 -9.38101e+06) (0.560448 0.560448 -9.38018e+06) (0.975736 0.975736 -9.37938e+06) (1.33886 1.33886 -9.37867e+06) (1.53688 1.53688 -9.37813e+06)
4000          (-2.47083 -2.47083 -9.38376e+06) (-2.47083 -2.47083 -9.38376e+06) (-0.671681 -0.671681 -9.38345e+06) (-0.37011 -0.37011 -9.38301e+06) (-0.654897 -0.654897 -9.38244e+06) (-0.663859 -0.663859 -9.38175e+06) (-0.409978 -0.409978 -9.38099e+06) (0.0178266 0.0178266 -9.38021e+06) (0.576419 0.576419 -9.37946e+06) (1.20934 1.20934 -9.37881e+06) (1.82679 1.82679 -9.37832e+06)
4050          (-2.47083 -2.47083 -9.38376e+06) (-2.47083 -2.47083 -9.38376e+06) (-0.671681 -0.671681 -9.38345e+06) (-0.37011 -0.37011 -9.38301e+06) (-0.654897 -0.654897 -9.38244e+06) (-0.663859 -0.663859 -9.38175e+06) (-0.409978 -0.409978 -9.38099e+06) (0.0178266 0.0178266 -9.38021e+06) (0.576419 0.576419 -9.37946e+06) (1.20934 1.20934 -9.37881e+06) (1.82679 1.82679 -9.37832e+06)
4100          (-2.47083 -2.47083 -9.38376e+06) (-2.47083 -2.47083 -9.38376e+06) (-0.671681 -0.671681 -9.38345e+06) (-0.37011 -0.37011 -9.38301e+06) (-0.654897 -0.654897 -9.38244e+06) (-0.663859 -0.663859 -9.38175e+06) (-0.409978 -0.409978 -9.38099e+06) (0.0178266 0.0178266 -9.38021e+06) (0.576419 0.576419 -9.37946e+06) (1.20934 1.20934 -9.37881e+06) (1.82679 1.82679 -9.37832e+06)
4150          (-2.47083 -2.47083 -9.38376e+06) (-2.47083 -2.47083 -9.38376e+06) (-0.671681 -0.671681 -9.38345e+06) (-0.37011 -0.37011 -9.38301e+06) (-0.654897 -0.654897 -9.38244e+06) (-0.663859 -0.663859 -9.38175e+06) (-0.409978 -0.409978 -9.38099e+06) (0.0178266 0.0178266 -9.38021e+06) (0.576419 0.576419 -9.37946e+06) (1.20934 1.20934 -9.37881e+06) (1.82679 1.82679 -9.37832e+06)
4200          (-2.47083 -2.47083 -9.38376e+06) (-2.47083 -2.47083 -9.38376e+06) (-0.671681 -0.671681 -9.38345e+06) (-0.37011 -0.37011 -9.38301e+06) (-0.654897 -0.654897 -9.38244e+06) (-0.663859 -0.663859 -9.38175e+06) (-0.409978 -0.409978 -9.38099e+06) (0.0178266 0.0178266 -9.38021e+06) (0.576419 0.576419 -9.37946e+06) (1.20934 1.20934 -9.37881e+06) (1.82679 1.82679 -9.37832e+06)
4250          (-2.47083 -2.47083 -9.38376e+06) (-2.47083 -2.47083 -9.38376e+06) (-0.671681 -0.671681 -9.38345e+06) (-0.37011 -0.37011 -9.38301e+06) (-0.654897 -0.654897 -9.38244e+06) (-0.663859 -0.663859 -9.38175e+06) (-0.409978 -0.409978 -9.38099e+06) (0.0178266 0.0178266 -9.38021e+06) (0.576419 0.576419 -9.37946e+06) (1.20934 1.20934 -9.37881e+06) (1.82679 1.82679 -9.37832e+06)
4300          (-2.47083 -2.47083 -9.38376e+06) (-2.47083 -2.47083 -9.38376e+06) (-0.671681 -0.671681 -9.38345e+06) (-0.37011 -0.37011 -9.38301e+06) (-0.654897 -0.654897 -9.38244e+06) (-0.663859 -0.663859 -9.38175e+06) (-0.409978 -0.409978 -9.38099e+06) (0.0178266 0.0178266 -9.38021e+06) (0.576419 0.576419 -9.37946e+06) (1.20934 1.20934 -9.37881e+06) (1.82679 1.82679 -9.37832e+06)
4350          (-2.47083 -2.47083 -9.38376e+06) (-2.47083 -2.47083 -9.38376e+06) (-0.671681 -0.671681 -9.38345e+06) (-0.37011 -0.37011 -9.38301e+06) (-0.654897 -0.654897 -9.38244e+06) (-0.663859 -0.663859 -9.38175e+06) (-0.409978 -0.409978 -9.38099e+06) (0.0178266 0.0178266 -9.38021e+06) (0.576419 0.576419 -9.37946e+06) (1.20934 1.20934 -9.37881e+06) (1.82679 1.82679 -9.37832e+06)
4400          (-2.47083 -2.47083 -9.38376e+06) (-2.47083 -2.47083 -9.38376e+06) (-0.671681 -0.671681 -9.38345e+06) (-0.37011 -0.37011 -9.38301e+06) (-0.654897 -0.654897 -9.38244e+06) (-0.663859 -0.663859 -9.38175e+06) (-0.409978 -0.409978 -9.38099e+06) (0.0178266 0.0178266 -9.38021e+06) (0.576419 0.576419 -9.37946e+06) (1.20934 1.20934 -9.37881e+06) (1.82679 1.82679 -9.37832e+06)
4450          (-2.47083 -2.47083 -9.38376e+06) (-2.47083 -2.47083 -9.38376e+06) (-0.671681 -0.671681 -9.38345e+06) (-0.37011 -0.37011 -9.38301e+06) (-0.654897 -0.654897 -9.38244e+06) (-0.663859 -0.663859 -9.38175e+06) (-0.409978 -0.409978 -9.38099e+06) (0.0178266 0.0178266 -9.38021e+06) (0.576419 0.576419 -9.37946e+06) (1.20934 1.20934 -9.37881e+06) (1.82679 1.82679 -9.37832e+06)
4500          (-2.47083 -2.47083 -9.38376e+06) (-2.47083 -2.47083 -9.38376e+06) (-0.671681 -0.671681 -9.38345e+06) (-0.37011 -0.37011 -9.38301e+06) (-0.654897 -0.654897 -9.38244e+06) (-0.663859 -0.663859 -9.38175e+06) (-0.409978 -0.409978 -9.38099e+06) (0.0178266 0.0178266 -9.38021e+06) (0.576419 0.576419 -9.37946e+06) (1.20934 1.20934 -9.37881e+06) (1.82679 1.82679 -9.37832e+06)
4550          (-2.47083 -2.47083 -9.38376e+06) (-2.47083 -2.47083 -9.38376e+06) (-0.671681 -0.671681 -9.38345e+06) (-0.37011 -0.37011 -9.38301e+06) (-0.654897 -0.654897 -9.38244e+06) (-0.663859 -0.663859 -9.38175e+06) (-0.409978 -0.409978 -9.38099e+06) (0.0178266 0.0178266 -9.38021e+06) (0.576419 0.576419 -9.37946e+06) (1.20934 1.20934 -9.37881e+06) (1.82679 1.82679 -9.37832e+06)
4600          (-2.47083 -2.47083 -9.38376e+06) (-2.47083 -2.47083 -9.38376e+06) (-0.671681 -0.671681 -9.38345e+06) (-0.37011 -0.37011 -9.38301e+06) (-0.654897 -0.654897 -9.38244e+06) (-0.663859 -0.663859 -9.38175e+06) (-0.409978 -0.409978 -9.38099e+06) (0.0178266 0.0178266 -9.38021e+06) (0.576419 0.576419 -9.37946e+06) (1.20934 1.20934 -9.37881e+06) (1.82679 1.82679 -9.37832e+06)
4650          (-2.47083 -2.47083 -9.38376e+06) (-2.47083 -2.47083 -9.38376e+06) (-0.671681 -0.671681 -9.38345e+06) (-0.37011 -0.37011 -9.38301e+06) (-0.654897 -0.654897 -9.38244e+06) (-0.663859 -0.663859 -9.38175e+06) (-0.409978 -0.409978 -9.38099e+06) (0.0178266 0.0178266 -9.38021e+06) (0.576419 0.576419 -9.37946e+06) (1.20934 1.20934 -9.37881e+06) (1.82679 1.82679 -9.37832e+06)
4700          (-2.47083 -2.47083 -9.38376e+06) (-2.47083 -2.47083 -9.38376e+06) (-0.671681 -0.671681 -9.38345e+06) (-0.37011 -0.37011 -9.38301e+06) (-0.654897 -0.654897 -9.38244e+06) (-0.663859 -0.663859 -9.38175e+06) (-0.409978 -0.409978 -9.38099e+06) (0.0178266 0.0178266 -9.38021e+06) (0.576419 0.576419 -9.37946e+06) (1.20934 1.20934 -9.37881e+06) (1.82679 1.82679 -9.37832e+06)
4750          (-2.47083 -2.47083 -9.38376e+06) (-2.47083 -2.47083 -9.38376e+06) (-0.671681 -0.671681 -9.38345e+06) (-0.37011 -0.37011 -9.38301e+06) (-0.654897 -0.654897 -9.38244e+06) (-0.663859 -0.663859 -9.38175e+06) (-0.409978 -0.409978 -9.38099e+06) (0.0178266 0.0178266 -9.38021e+06) (0.576419 0.576419 -9.37946e+06) (1.20934 1.20934 -9.37881e+06) (1.82679 1.82679 -9.37832e+06)
4800          (-2.47083 -2.47083 -9.38376e+06) (-2.47083 -2.47083 -9.38376e+06) (-0.671681 -0.671681 -9.38345e+06) (-0.37011 -0.37011 -9.38301e+06) (-0.654897 -0.654897 -9.38244e+06) (-0.663859 -0.663859 -9.38175e+06) (-0.409978 -0.409978 -9.38099e+06) (0.0178266 0.0178266 -9.38021e+06) (0.576419 0.576419 -9.37946e+06) (1.20934 1.20934 -9.37881e+06) (1.82679 1.82679 -9.37832e+06)
4850          (-2.47083 -2.47083 -9.38376e+06) (-2.47083 -2.47083 -9.38376e+06) (-0.671681 -0.671681 -9.38345e+06) (-0.37011 -0.37011 -9.38301e+06) (-0.654897 -0.654897 -9.38244e+06) (-0.663859 -0.663859 -9.38175e+06) (-0.409978 -0.409978 -9.38099e+06) (0.0178266 0.0178266 -9.38021e+06) (0.576419 0.576419 -9.37946e+06) (1.20934 1.20934 -9.37881e+06) (1.82679 1.82679 -9.37832e+06)
4900          (-2.47083 -2.47083 -9.38376e+06) (-2.47083 -2.47083 -9.38376e+06) (-0.671681 -0.671681 -9.38345e+06) (-0.37011 -0.37011 -9.38301e+06) (-0.654897 -0.654897 -9.38244e+06) (-0.663859 -0.663859 -9.38175e+06) (-0.409978 -0.409978 -9.38099e+06) (0.0178266 0.0178266 -9.38021e+06) (0.576419 0.576419 -9.37946e+06) (1.20934 1.20934 -9.37881e+06) (1.82679 1.82679 -9.37832e+06)
4950          (-2.47083 -2.47083 -9.38376e+06) (-2.47083 -2.47083 -9.38376e+06) (-0.671681 -0.671681 -9.38345e+06) (-0.37011 -0.37011 -9.38301e+06) (-0.654897 -0.654897 -9.38244e+06) (-0.663859 -0.663859 -9.38175e+06) (-0.409978 -0.409978 -9.38099e+06) (0.0178266 0.0178266 -9.38021e+06) (0.576419 0.576419 -9.37946e+06) (1.20934 1.20934 -9.37881e+06) (1.82679 1.82679 -9.37832e+06)
5000          (-2.47083 -2.47083 -9.38376e+06) (-2.47083 -2.47083 -9.38376e+06) (-0.671681 -0.671681 -9.38345e+06) (-0.37011 -0.37011 -9.38301e+06) (-0.654897 -0.654897 -9.38244e+06) (-0.663859 -0.663859 -9.38175e+06) (-0.409978 -0.409978 -9.38099e+06) (0.0178266 0.0178266 -9.38021e+06) (0.576419 0.576419 -9.37946e+06) (1.20934 1.20934 -9.37881e+06) (1.82679 1.82679 -9.37832e+06)
