0 	-0.180571 	-0.180571 	1.7077e+06 	0.000141876 	0.000141876 	-1341.75
0.0010101 	-0.114231 	-0.114231 	1.70795e+06 	8.97521e-05 	8.97522e-05 	-1341.95
0.0020202 	-0.10497 	-0.10497 	1.70829e+06 	8.24752e-05 	8.24752e-05 	-1342.21
0.0030303 	-0.125169 	-0.125169 	1.70871e+06 	9.83459e-05 	9.83459e-05 	-1342.54
0.0040404 	-0.134964 	-0.134964 	1.7092e+06 	0.000106042 	0.000106042 	-1342.93
0.00505051 	-0.150069 	-0.150069 	1.70977e+06 	0.00011791 	0.00011791 	-1343.38
0.00606061 	-0.167268 	-0.167268 	1.7104e+06 	0.000131424 	0.000131424 	-1343.87
0.00707071 	-0.180411 	-0.180411 	1.71109e+06 	0.00014175 	0.00014175 	-1344.41
0.00808081 	-0.194861 	-0.194861 	1.71182e+06 	0.000153103 	0.000153103 	-1344.99
0.00909091 	-0.212265 	-0.212265 	1.71261e+06 	0.000166778 	0.000166778 	-1345.61
0.010101 	-0.22972 	-0.22972 	1.71344e+06 	0.000180492 	0.000180492 	-1346.26
0.0111111 	-0.24757 	-0.24757 	1.71432e+06 	0.000194517 	0.000194517 	-1346.95
0.0121212 	-0.265981 	-0.265981 	1.71523e+06 	0.000208983 	0.000208983 	-1347.66
0.0131313 	-0.284901 	-0.284901 	1.71617e+06 	0.000223849 	0.000223849 	-1348.41
0.0141414 	-0.304102 	-0.304102 	1.71715e+06 	0.000238935 	0.000238935 	-1349.18
0.0151515 	-0.323418 	-0.323418 	1.71816e+06 	0.000254111 	0.000254111 	-1349.97
0.0161616 	-0.342616 	-0.342616 	1.7192e+06 	0.000269196 	0.000269196 	-1350.78
0.0171717 	-0.361551 	-0.361551 	1.72026e+06 	0.000284073 	0.000284073 	-1351.62
0.0181818 	-0.379976 	-0.379976 	1.72135e+06 	0.00029855 	0.00029855 	-1352.47
0.0191919 	-0.397653 	-0.397653 	1.72245e+06 	0.000312438 	0.000312438 	-1353.34
0.020202 	-0.414353 	-0.414353 	1.72358e+06 	0.00032556 	0.00032556 	-1354.23
0.0212121 	-0.429834 	-0.429834 	1.72473e+06 	0.000337723 	0.000337723 	-1355.13
0.0222222 	-0.443865 	-0.443865 	1.7259e+06 	0.000348747 	0.000348747 	-1356.05
0.0232323 	-0.456231 	-0.456231 	1.72708e+06 	0.000358464 	0.000358464 	-1356.98
0.0242424 	-0.466751 	-0.466751 	1.72827e+06 	0.000366729 	0.000366729 	-1357.91
0.0252525 	-0.467523 	-0.467523 	1.72948e+06 	0.000367336 	0.000367336 	-1358.86
0.0262626 	-0.443703 	-0.443703 	1.7307e+06 	0.00034862 	0.00034862 	-1359.82
0.0272727 	-0.419166 	-0.419166 	1.73193e+06 	0.000329341 	0.000329341 	-1360.79
0.0282828 	-0.39425 	-0.39425 	1.73317e+06 	0.000309764 	0.000309764 	-1361.76
0.0292929 	-0.36933 	-0.36933 	1.73442e+06 	0.000290185 	0.000290185 	-1362.74
0.030303 	-0.344593 	-0.344593 	1.73567e+06 	0.000270749 	0.000270749 	-1363.73
0.0313131 	-0.320175 	-0.320175 	1.73693e+06 	0.000251563 	0.000251563 	-1364.72
0.0323232 	-0.296534 	-0.296534 	1.7382e+06 	0.000232989 	0.000232989 	-1365.71
0.0333333 	-0.273767 	-0.273767 	1.73946e+06 	0.000215101 	0.000215101 	-1366.71
0.0343434 	-0.251378 	-0.251378 	1.74074e+06 	0.000197509 	0.000197509 	-1367.71
0.0353535 	-0.229586 	-0.229586 	1.74201e+06 	0.000180387 	0.000180387 	-1368.71
0.0363636 	-0.209099 	-0.209099 	1.74328e+06 	0.00016429 	0.00016429 	-1369.71
0.0373737 	-0.189265 	-0.189265 	1.74456e+06 	0.000148707 	0.000148707 	-1370.71
0.0383838 	-0.169544 	-0.169544 	1.74583e+06 	0.000133212 	0.000133212 	-1371.71
0.0393939 	-0.152197 	-0.152197 	1.74711e+06 	0.000119582 	0.000119582 	-1372.71
0.040404 	-0.136335 	-0.136335 	1.74838e+06 	0.000107119 	0.000107119 	-1373.71
0.0414141 	-0.117208 	-0.117208 	1.74964e+06 	9.20912e-05 	9.20912e-05 	-1374.71
0.0424242 	-0.095338 	-0.095338 	1.75091e+06 	7.49077e-05 	7.49077e-05 	-1375.7
0.0434343 	-0.0869736 	-0.0869736 	1.75217e+06 	6.83357e-05 	6.83357e-05 	-1376.69
0.0444444 	-0.093851 	-0.093851 	1.75342e+06 	7.37393e-05 	7.37393e-05 	-1377.67
0.0454545 	-0.0818942 	-0.0818942 	1.75467e+06 	6.43448e-05 	6.43448e-05 	-1378.65
0.0464646 	-0.0760449 	-0.0760449 	1.75591e+06 	5.9749e-05 	5.9749e-05 	-1379.63
0.0474747 	-0.0107932 	-0.0107933 	1.75714e+06 	8.4803e-06 	8.48032e-06 	-1380.6
0.0484848 	0.205566 	0.205566 	1.75837e+06 	-0.000161515 	-0.000161515 	-1381.56
0.0494949 	0.0185168 	0.0185168 	1.83581e+06 	-1.45487e-05 	-1.45487e-05 	-1337.5
0.0505051 	0.172388 	0.172388 	2.30562e+06 	-9.98046e-05 	-9.98046e-05 	-1439.75
0.0515152 	0.229343 	0.229343 	2.38313e+06 	-0.000132779 	-0.000132779 	-1379.73
0.0525253 	-0.00403656 	-0.00403659 	2.38492e+06 	2.33699e-06 	2.337e-06 	-1380.76
0.0535354 	-0.0637655 	-0.0637655 	2.38667e+06 	3.69173e-05 	3.69173e-05 	-1381.77
0.0545455 	-0.0490459 	-0.0490459 	2.3884e+06 	2.83953e-05 	2.83954e-05 	-1382.77
0.0555556 	-0.0563712 	-0.0563713 	2.3901e+06 	3.26364e-05 	3.26364e-05 	-1383.76
0.0565657 	-0.0530109 	-0.0530108 	2.39177e+06 	3.06909e-05 	3.06909e-05 	-1384.72
0.0575758 	-0.0500353 	-0.0500353 	2.39341e+06 	2.89682e-05 	2.89682e-05 	-1385.67
0.0585859 	-0.0537346 	-0.0537346 	2.39501e+06 	3.11099e-05 	3.11099e-05 	-1386.6
0.059596 	-0.0576411 	-0.0576411 	2.39659e+06 	3.33716e-05 	3.33716e-05 	-1387.52
0.0606061 	-0.0581553 	-0.0581553 	2.39813e+06 	3.36693e-05 	3.36693e-05 	-1388.41
0.0616162 	-0.0581739 	-0.0581739 	2.39964e+06 	3.368e-05 	3.36801e-05 	-1389.28
0.0626263 	-0.0593131 	-0.0593131 	2.40111e+06 	3.43396e-05 	3.43396e-05 	-1390.14
0.0636364 	-0.0595731 	-0.0595731 	2.40255e+06 	3.44901e-05 	3.44901e-05 	-1390.97
0.0646465 	-0.0586821 	-0.058682 	2.40396e+06 	3.39743e-05 	3.39742e-05 	-1391.78
0.0656566 	-0.0580519 	-0.0580519 	2.40533e+06 	3.36094e-05 	3.36094e-05 	-1392.57
0.0666667 	-0.057423 	-0.0574229 	2.40666e+06 	3.32453e-05 	3.32452e-05 	-1393.35
0.0676768 	-0.056014 	-0.056014 	2.40795e+06 	3.24296e-05 	3.24296e-05 	-1394.09
0.0686869 	-0.0542031 	-0.0542031 	2.40921e+06 	3.13811e-05 	3.13811e-05 	-1394.82
0.069697 	-0.0523239 	-0.0523238 	2.41043e+06 	3.02931e-05 	3.02931e-05 	-1395.53
0.0707071 	-0.050069 	-0.0500691 	2.41161e+06 	2.89877e-05 	2.89877e-05 	-1396.21
0.0717172 	-0.0473347 	-0.0473347 	2.41275e+06 	2.74046e-05 	2.74047e-05 	-1396.87
0.0727273 	-0.044276 	-0.0442759 	2.41386e+06 	2.56338e-05 	2.56338e-05 	-1397.51
0.0737374 	-0.0409059 	-0.040906 	2.41492e+06 	2.36827e-05 	2.36827e-05 	-1398.13
0.0747475 	-0.0371575 	-0.0371575 	2.41595e+06 	2.15125e-05 	2.15125e-05 	-1398.72
0.0757576 	-0.0302624 	-0.0302624 	2.41694e+06 	1.75206e-05 	1.75205e-05 	-1399.3
0.0767677 	-0.0226783 	-0.0226784 	2.41788e+06 	1.31297e-05 	1.31297e-05 	-1399.84
0.0777778 	-0.0154222 	-0.0154223 	2.41879e+06 	8.92876e-06 	8.92884e-06 	-1400.37
0.0787879 	-0.00849514 	-0.00849524 	2.41966e+06 	4.9183e-06 	4.91833e-06 	-1400.87
0.079798 	-0.00190306 	-0.00190292 	2.42049e+06 	1.10177e-06 	1.10171e-06 	-1401.35
0.0808081 	0.00434449 	0.00434463 	2.42128e+06 	-2.51526e-06 	-2.51536e-06 	-1401.81
0.0818182 	0.0102363 	0.0102363 	2.42202e+06 	-5.92637e-06 	-5.92635e-06 	-1402.24
0.0828283 	0.0157679 	0.015768 	2.42273e+06 	-9.12892e-06 	-9.12898e-06 	-1402.65
0.0838384 	0.0209409 	0.0209409 	2.4234e+06 	-1.21238e-05 	-1.21239e-05 	-1403.04
0.0848485 	0.0257298 	0.0257298 	2.42403e+06 	-1.48964e-05 	-1.48964e-05 	-1403.41
0.0858586 	0.0301449 	0.0301449 	2.42462e+06 	-1.74525e-05 	-1.74525e-05 	-1403.75
0.0868687 	0.0341945 	0.0341944 	2.42517e+06 	-1.97971e-05 	-1.9797e-05 	-1404.07
0.0878788 	0.0378497 	0.0378496 	2.42569e+06 	-2.19132e-05 	-2.19132e-05 	-1404.36
0.0888889 	0.0411549 	0.0411549 	2.42616e+06 	-2.38268e-05 	-2.38268e-05 	-1404.64
0.089899 	0.0439881 	0.043988 	2.42659e+06 	-2.54671e-05 	-2.54671e-05 	-1404.89
0.0909091 	0.0463698 	0.0463698 	2.42699e+06 	-2.6846e-05 	-2.6846e-05 	-1405.12
0.0919192 	0.0482742 	0.0482743 	2.42735e+06 	-2.79486e-05 	-2.79486e-05 	-1405.32
0.0929293 	0.0508049 	0.050805 	2.42766e+06 	-2.94138e-05 	-2.94138e-05 	-1405.51
0.0939394 	0.0524832 	0.0524832 	2.42794e+06 	-3.03854e-05 	-3.03854e-05 	-1405.67
0.0949495 	0.0512512 	0.0512511 	2.42819e+06 	-2.96721e-05 	-2.96721e-05 	-1405.81
0.0959596 	0.0526437 	0.0526437 	2.42839e+06 	-3.04783e-05 	-3.04783e-05 	-1405.93
0.0969697 	0.054957 	0.054957 	2.42856e+06 	-3.18176e-05 	-3.18176e-05 	-1406.03
0.0979798 	0.0473312 	0.0473311 	2.42869e+06 	-2.74026e-05 	-2.74026e-05 	-1406.1
0.0989899 	0.0567114 	0.0567114 	2.42879e+06 	-3.28333e-05 	-3.28333e-05 	-1406.16
0.1 	0.0837832 	0.0837832 	2.42885e+06 	-4.85067e-05 	-4.85067e-05 	-1406.19
