# Probe 0 (0 0 0)
# Time        0            
1             500          
2             499.575      
3             505.955      
4             512.314      
5             518.65       
6             524.962      
7             531.249      
8             537.512      
9             543.748      
10            549.958      
11            556.14       
12            562.293      
13            568.417      
14            574.512      
15            580.575      
16            586.606      
17            592.605      
18            598.57       
19            604.501      
20            610.397      
21            616.257      
22            622.08       
23            627.865      
24            633.612      
25            639.32       
26            644.987      
27            650.614      
28            656.199      
29            661.742      
30            667.242      
31            672.698      
32            678.109      
33            683.474      
34            688.794      
35            694.067      
36            699.292      
37            704.469      
38            709.598      
39            714.677      
40            719.706      
41            724.685      
42            729.613      
43            734.489      
44            739.313      
45            744.085      
46            748.803      
47            753.469      
48            758.08       
49            762.637      
50            767.14       
51            771.588      
52            775.98       
53            780.318      
54            784.599      
55            788.825      
56            792.995      
57            797.108      
58            801.166      
59            805.167      
60            809.112      
61            813          
62            816.831      
63            820.607      
64            824.326      
65            827.988      
66            831.595      
67            835.145      
68            838.639      
69            842.078      
70            845.461      
71            848.789      
72            852.061      
73            855.279      
74            858.443      
75            861.552      
76            864.607      
77            867.609      
78            870.558      
79            873.454      
80            876.298      
81            879.09       
82            881.831      
83            884.521      
84            887.16       
85            889.749      
86            892.289      
87            894.78       
88            897.223      
89            899.618      
90            901.966      
91            904.267      
92            906.521      
93            908.731      
94            910.895      
95            913.015      
96            915.091      
97            917.124      
98            919.114      
99            921.063      
100           922.97       
101           924.837      
102           926.663      
103           928.45       
104           930.198      
105           931.908      
106           933.581      
107           935.216      
108           936.816      
109           938.379      
110           939.907      
111           941.401      
112           942.862      
113           944.288      
114           945.683      
115           947.045      
116           948.376      
117           949.676      
118           950.945      
119           952.186      
120           953.397      
121           954.579      
122           955.734      
123           956.861      
124           957.961      
125           959.035      
126           960.083      
127           961.107      
128           962.105      
129           963.079      
130           964.03       
131           964.957      
132           965.862      
133           966.745      
134           967.606      
135           968.445      
136           969.265      
137           970.063      
138           970.842      
139           971.602      
140           972.342      
141           973.065      
142           973.769      
143           974.455      
144           975.124      
145           975.776      
146           976.412      
147           977.032      
148           977.636      
149           978.224      
150           978.798      
151           979.357      
152           979.901      
153           980.432      
154           980.949      
155           981.453      
156           981.944      
157           982.422      
158           982.888      
159           983.342      
160           983.785      
161           984.215      
162           984.635      
163           985.043      
164           985.442      
165           985.829      
166           986.207      
167           986.574      
168           986.933      
169           987.281      
170           987.621      
171           987.952      
172           988.274      
173           988.587      
174           988.893      
175           989.19       
176           989.48       
177           989.761      
178           990.036      
179           990.303      
180           990.563      
181           990.816      
182           991.063      
183           991.303      
184           991.537      
185           991.764      
186           991.985      
187           992.201      
188           992.411      
189           992.615      
190           992.814      
191           993.007      
192           993.196      
193           993.379      
194           993.557      
195           993.731      
196           993.9        
197           994.065      
198           994.225      
199           994.38       
200           994.532      
201           994.68       
202           994.823      
203           994.963      
204           995.099      
205           995.232      
206           995.361      
207           995.486      
208           995.608      
209           995.727      
210           995.842      
211           995.955      
212           996.064      
213           996.171      
214           996.274      
215           996.375      
216           996.473      
217           996.569      
218           996.662      
219           996.752      
220           996.84       
221           996.926      
222           997.009      
223           997.09       
224           997.169      
225           997.246      
226           997.32       
227           997.393      
228           997.464      
229           997.532      
230           997.599      
231           997.664      
232           997.728      
233           997.789      
234           997.849      
235           997.908      
236           997.964      
237           998.02       
238           998.073      
239           998.126      
240           998.177      
241           998.226      
242           998.274      
243           998.321      
244           998.367      
245           998.411      
246           998.454      
247           998.496      
248           998.537      
249           998.577      
250           998.615      
251           998.653      
252           998.69       
253           998.725      
254           998.76       
255           998.793      
256           998.826      
257           998.858      
258           998.889      
259           998.919      
260           998.949      
261           998.977      
262           999.005      
263           999.032      
264           999.058      
265           999.084      
266           999.109      
267           999.133      
268           999.157      
269           999.18       
270           999.202      
271           999.224      
272           999.245      
273           999.265      
274           999.285      
275           999.305      
276           999.324      
277           999.342      
278           999.36       
279           999.377      
280           999.394      
281           999.411      
282           999.427      
283           999.442      
284           999.457      
285           999.472      
286           999.487      
287           999.501      
288           999.514      
289           999.527      
290           999.54       
291           999.553      
292           999.565      
293           999.577      
294           999.588      
