# Probe 0 (0.0015 0.0015 0)
# Probe 1 (0.0015 0.0015 0.002)
# Probe 2 (0.0015 0.0015 0.004)
# Probe 3 (0.0015 0.0015 0.006)
# Probe 4 (0.0015 0.0015 0.008)
# Probe 5 (0.0015 0.0015 0.01)
# Probe 6 (0.0015 0.0015 0.012)
# Probe 7 (0.0015 0.0015 0.014)
# Probe 8 (0.0015 0.0015 0.016)
# Probe 9 (0.0015 0.0015 0.018)
# Probe 10 (0.0015 0.0015 0.02)
# Time        0             1             2             3             4             5             6             7             8             9             10           
50            (206.756 206.756 -2.01749e+07) (80.7355 80.7355 -1.91302e+07) (29.1487 29.1487 -1.57721e+07) (-49.5084 -49.5084 -1.15372e+07) (-68.9281 -68.9281 -7.68468e+06) (-58.799 -58.799 -5.00788e+06) (-46.1287 -46.1286 -3.64852e+06) (-34.1734 -34.1734 -3.44328e+06) (-21.5067 -21.5066 -4.19867e+06) (-15.2184 -15.2184 -5.74139e+06) (59.3598 59.3598 -7.81085e+06)
100           (77.1091 77.1091 -1.4773e+07) (41.4746 41.4746 -1.44767e+07) (32.4918 32.4918 -1.34785e+07) (12.0906 12.0906 -1.19873e+07) (-7.30886 -7.30886 -1.0183e+07) (-23.621 -23.621 -8.37802e+06) (-32.6771 -32.6779 -6.9144e+06) (-32.482 -32.4821 -6.02421e+06) (-20.9085 -20.9081 -5.76376e+06) (3.79934 3.79936 -6.03451e+06) (15.568 15.568 -6.61293e+06)
150           (38.7187 38.7187 -1.26045e+07) (23.1717 23.1717 -1.2471e+07) (21.5773 21.5773 -1.20209e+07) (14.1248 14.1248 -1.13336e+07) (4.68194 4.68193 -1.04471e+07) (-5.5652 -5.56529 -9.44171e+06) (-13.7782 -13.7794 -8.43852e+06) (-17.9101 -17.9101 -7.57605e+06) (-15.6423 -15.6411 -6.96702e+06) (-6.38836 -6.38826 -6.65785e+06) (-2.05415 -2.05415 -6.60777e+06)
200           (21.315 21.315 -1.14915e+07) (13.3659 13.3659 -1.14185e+07) (13.242 13.242 -1.11722e+07) (10.4461 10.4461 -1.07918e+07) (6.48813 6.48813 -1.02872e+07) (1.40595 1.4059 -9.68338e+06) (-3.82713 -3.82776 -9.02236e+06) (-8.00896 -8.00894 -8.36242e+06) (-9.53332 -9.53253 -7.77118e+06) (-8.06965 -8.06959 -7.31213e+06) (-9.27702 -9.27701 -7.03005e+06)
250           (-13.0691 -13.0691 -1.08325e+07) (-9.10646 -9.10646 -1.07875e+07) (-8.03032 -8.03032 -1.06351e+07) (-6.11171 -6.11171 -1.03979e+07) (-3.79277 -3.79277 -1.00786e+07) (-1.218 -1.21798 -9.68592e+06) (1.30457 1.30478 -9.23655e+06) (3.49092 3.49093 -8.75639e+06) (5.26149 5.26132 -8.28125e+06) (7.29425 7.29423 -7.85696e+06) (12.1185 12.1185 -7.54154e+06)
300           (-9.45741 -9.45741 -1.04044e+07) (-6.71155 -6.71155 -1.03743e+07) (-6.10282 -6.10282 -1.02726e+07) (-4.8976 -4.8976 -1.01137e+07) (-3.3429 -3.3429 -9.89797e+06) (-1.46271 -1.46269 -9.6291e+06) (0.602699 0.602946 -9.31502e+06) (2.66864 2.66863 -8.96914e+06) (4.5476 4.54713 -8.61196e+06) (6.30333 6.3033 -8.27395e+06) (9.30161 9.30161 -8.00305e+06)
350           (-7.69309 -7.69309 -1.01104e+07) (-5.54501 -5.54501 -1.00894e+07) (-5.16023 -5.16023 -1.00186e+07) (-4.28757 -4.28757 -9.90787e+06) (-3.10317 -3.10317 -9.75704e+06) (-1.59707 -1.59706 -9.568e+06) (0.159185 0.15938 -9.34527e+06) (2.04873 2.04871 -9.09691e+06) (3.90443 3.90398 -8.8359e+06) (5.57101 5.57097 -8.58278e+06) (7.96381 7.96381 -8.37295e+06)
400           (-25.3015 -25.3015 -9.90267e+06) (-17.7827 -17.7827 -9.88781e+06) (-18.4635 -18.4635 -9.83754e+06) (-16.7837 -16.7837 -9.75893e+06) (-13.8756 -13.8756 -9.65181e+06) (-9.73276 -9.73274 -9.51734e+06) (-4.38202 -4.38183 -9.35848e+06) (2.04259 2.04257 -9.18058e+06) (9.28113 9.28065 -8.99239e+06) (16.1222 16.1222 -8.80814e+06) (31.2376 31.2376 -8.65307e+06)
450           (15.3866 15.3866 -9.75425e+06) (10.8776 10.8776 -9.74362e+06) (9.11788 9.11788 -9.70765e+06) (5.76708 5.76708 -9.65146e+06) (2.26243 2.26243 -9.57494e+06) (-0.69751 -0.69749 -9.4789e+06) (-2.62741 -2.62716 -9.36544e+06) (-3.47627 -3.47632 -9.23828e+06) (-3.71564 -3.71656 -9.10355e+06) (-3.92663 -3.9267 -8.97121e+06) (-9.51843 -9.51843 -8.85911e+06)
500           (11.3744 11.3744 -9.64778e+06) (7.97935 7.97935 -9.64016e+06) (6.39844 6.39844 -9.6144e+06) (3.7889 3.7889 -9.57418e+06) (1.31108 1.31108 -9.51945e+06) (-0.560102 -0.560088 -9.45084e+06) (-1.64711 -1.64694 -9.36984e+06) (-2.11383 -2.11388 -9.27912e+06) (-2.3965 -2.39717 -9.18302e+06) (-2.85693 -2.85698 -9.08856e+06) (-7.28686 -7.28686 -9.00834e+06)
550           (8.16806 8.16806 -9.57144e+06) (5.72603 5.72603 -9.56598e+06) (4.5749 4.5749 -9.54754e+06) (2.69286 2.69286 -9.51878e+06) (0.918847 0.918847 -9.47968e+06) (-0.408116 -0.408106 -9.4307e+06) (-1.16981 -1.16969 -9.37294e+06) (-1.49387 -1.4939 -9.3083e+06) (-1.69753 -1.69801 -9.23989e+06) (-2.03936 -2.0394 -9.17266e+06) (-5.25102 -5.25103 -9.11553e+06)
600           (5.84085 5.84085 -9.5168e+06) (4.09388 4.09388 -9.51289e+06) (3.26974 3.26974 -9.49972e+06) (1.92268 1.92268 -9.47917e+06) (0.653224 0.653225 -9.45127e+06) (-0.295904 -0.295897 -9.41635e+06) (-0.840034 -0.839947 -9.3752e+06) (-1.07022 -1.07025 -9.3292e+06) (-1.21287 -1.21322 -9.28055e+06) (-1.4531 -1.45313 -9.23278e+06) (-3.74868 -3.74868 -9.19217e+06)
650           (1.06325 1.06325 -9.47775e+06) (-0.138997 -0.138997 -9.47496e+06) (0.46577 0.465769 -9.46556e+06) (0.789747 0.789747 -9.4509e+06) (0.826358 0.826356 -9.43101e+06) (1.00376 1.00376 -9.40613e+06) (1.09664 1.09666 -9.37685e+06) (1.03435 1.0343 -9.34415e+06) (0.80817 0.807496 -9.30958e+06) (0.694208 0.694174 -9.27567e+06) (-1.96414 -1.96414 -9.24685e+06)
700           (-0.00609449 -0.00609451 -9.44988e+06) (3.40166 3.40166 -9.44778e+06) (-11.0664 -11.0664 -9.4414e+06) (2.23943 2.23943 -9.43068e+06) (-6.30013 -6.30012 -9.41671e+06) (1.22907 1.22903 -9.39885e+06) (-1.54745 -1.54747 -9.3781e+06) (2.62257 2.62242 -9.35479e+06) (2.28907 2.28857 -9.33027e+06) (5.59881 5.59884 -9.30615e+06) (2.04922 2.04925 -9.28573e+06)
750           (9.3884 9.3884 -9.43012e+06) (9.25138 9.25138 -9.42862e+06) (1.09599 1.09599 -9.42403e+06) (8.24732 8.24732 -9.41642e+06) (2.53436 2.53436 -9.40643e+06) (4.42608 4.42607 -9.39376e+06) (1.93827 1.93831 -9.37896e+06) (0.555855 0.555795 -9.36242e+06) (-1.30464 -1.30493 -9.34496e+06) (-3.59556 -3.59557 -9.32787e+06) (-10.6292 -10.6292 -9.31334e+06)
800           (-0.242029 -0.242029 -9.41615e+06) (22.1421 22.1421 -9.41486e+06) (-21.6372 -21.6372 -9.41204e+06) (10.5296 10.5296 -9.40619e+06) (-10.8725 -10.8726 -9.39935e+06) (3.54763 3.54742 -9.39004e+06) (-2.36624 -2.36595 -9.37963e+06) (3.10018 3.10004 -9.36771e+06) (3.28232 3.28139 -9.35533e+06) (5.94061 5.94048 -9.34313e+06) (8.1835 8.1837 -9.33281e+06)
850           (-1.9669 -1.96691 -9.40626e+06) (-1.15211 -1.15211 -9.40548e+06) (-15.0804 -15.0804 -9.40327e+06) (11.1497 11.1497 -9.39904e+06) (-12.7563 -12.7568 -9.39424e+06) (11.9247 11.9236 -9.38739e+06) (-6.23907 -6.23768 -9.38011e+06) (7.548 7.54823 -9.37146e+06) (-0.869392 -0.870172 -9.36274e+06) (4.32443 4.32451 -9.35399e+06) (3.67595 3.676 -9.3467e+06)
900           (-4.39097 -4.39097 -9.39933e+06) (1.6384 1.6384 -9.39875e+06) (9.21351 9.21351 -9.3969e+06) (-12.5269 -12.5268 -9.39429e+06) (5.80732 5.8084 -9.39038e+06) (-9.55335 -9.55176 -9.38584e+06) (3.73659 3.73301 -9.38026e+06) (-1.23601 -1.23679 -9.37425e+06) (4.21064 4.21158 -9.36785e+06) (4.16869 4.16883 -9.36166e+06) (3.97614 3.97611 -9.35645e+06)
950           (12.4553 12.4553 -9.39445e+06) (7.01006 7.01007 -9.39408e+06) (0.967381 0.967424 -9.39279e+06) (6.72394 6.72374 -9.3907e+06) (-4.4859 -4.4874 -9.38794e+06) (1.61192 1.61124 -9.38447e+06) (-7.42651 -7.425 -9.38055e+06) (0.33636 0.33756 -9.37602e+06) (-3.37863 -3.37967 -9.37144e+06) (-4.36736 -4.36776 -9.36695e+06) (-6.93503 -6.93493 -9.36321e+06)
1000          (5.50691 5.50691 -9.39126e+06) (5.96364 5.96363 -9.39095e+06) (6.53555 6.53552 -9.38991e+06) (-0.139077 -0.138972 -9.38839e+06) (5.87396 5.87465 -9.3862e+06) (-0.474146 -0.47391 -9.38364e+06) (1.17713 1.1751 -9.38059e+06) (-2.87549 -2.87605 -9.37728e+06) (-4.58281 -4.58265 -9.37385e+06) (-6.50041 -6.50022 -9.37055e+06) (-7.23873 -7.23879 -9.36781e+06)
1050          (-5.79346 -5.79346 -9.38881e+06) (-5.76281 -5.7628 -9.38858e+06) (-4.7177 -4.71773 -9.38777e+06) (-0.599374 -0.599509 -9.3865e+06) (-5.0371 -5.03724 -9.38496e+06) (-2.79619 -2.79629 -9.38296e+06) (-0.512814 -0.513542 -9.38066e+06) (-1.35028 -1.35018 -9.37825e+06) (3.28329 3.28316 -9.37566e+06) (4.30713 4.30703 -9.37327e+06) (5.63945 5.6394 -9.37132e+06)
1100          (-102.672 -102.672 -9.38722e+06) (-55.5139 -55.5138 -9.38703e+06) (-53.2445 -53.2444 -9.38638e+06) (-79.9327 -79.9336 -9.38535e+06) (-22.9383 -22.9416 -9.38411e+06) (-30.9869 -30.9674 -9.38251e+06) (-9.61476 -9.5624 -9.38072e+06) (26.3814 26.4059 -9.37882e+06) (34.6426 34.6062 -9.37686e+06) (54.5465 54.5456 -9.37504e+06) (121.125 121.125 -9.3736e+06)
1150          (-5.24595 -5.24597 -9.38613e+06) (-28.0764 -28.0765 -9.38596e+06) (-16.4077 -16.4075 -9.38541e+06) (-16.6866 -16.6863 -9.38465e+06) (-7.3086 -7.30853 -9.38343e+06) (3.0547 3.04992 -9.38215e+06) (8.05735 8.06346 -9.38074e+06) (18.7352 18.7345 -9.37909e+06) (0.586699 0.576236 -9.37765e+06) (2.92146 2.92628 -9.37629e+06) (-21.0736 -21.0724 -9.37519e+06)
1200          (0.203716 0.203714 -9.38547e+06) (-5.28774 -5.28774 -9.38531e+06) (-4.80856 -4.80855 -9.38481e+06) (3.13948 3.13952 -9.38403e+06) (-7.09219 -7.09273 -9.38314e+06) (-3.55384 -3.55142 -9.382e+06) (1.44587 1.44761 -9.38073e+06) (-5.2838 -5.28157 -9.37949e+06) (2.82848 2.82658 -9.37819e+06) (2.54912 2.54829 -9.37704e+06) (3.53127 3.53061 -9.3762e+06)
1250          (2.13449 2.13449 -9.38513e+06) (-1.63567 -1.63567 -9.38498e+06) (-1.89019 -1.89018 -9.3845e+06) (3.53287 3.53287 -9.38377e+06) (-4.1579 -4.15806 -9.38293e+06) (-1.94551 -1.94449 -9.38186e+06) (1.78014 1.77691 -9.3807e+06) (-3.3488 -3.34773 -9.37956e+06) (2.00548 2.00495 -9.37841e+06) (-0.378421 -0.379373 -9.37744e+06) (-2.37166 -2.37196 -9.3768e+06)
1300          (2.13449 2.13449 -9.38513e+06) (-1.63567 -1.63567 -9.38498e+06) (-1.89019 -1.89018 -9.3845e+06) (3.53287 3.53287 -9.38377e+06) (-4.1579 -4.15806 -9.38293e+06) (-1.94551 -1.94449 -9.38186e+06) (1.78014 1.77691 -9.3807e+06) (-3.3488 -3.34773 -9.37956e+06) (2.00548 2.00495 -9.37841e+06) (-0.378421 -0.379373 -9.37744e+06) (-2.37166 -2.37196 -9.3768e+06)
1350          (2.13449 2.13449 -9.38513e+06) (-1.63567 -1.63567 -9.38498e+06) (-1.89019 -1.89018 -9.3845e+06) (3.53287 3.53287 -9.38377e+06) (-4.1579 -4.15806 -9.38293e+06) (-1.94551 -1.94449 -9.38186e+06) (1.78014 1.77691 -9.3807e+06) (-3.3488 -3.34773 -9.37956e+06) (2.00548 2.00495 -9.37841e+06) (-0.378421 -0.379373 -9.37744e+06) (-2.37166 -2.37196 -9.3768e+06)
1400          (2.13449 2.13449 -9.38513e+06) (-1.63567 -1.63567 -9.38498e+06) (-1.89019 -1.89018 -9.3845e+06) (3.53287 3.53287 -9.38377e+06) (-4.1579 -4.15806 -9.38293e+06) (-1.94551 -1.94449 -9.38186e+06) (1.78014 1.77691 -9.3807e+06) (-3.3488 -3.34773 -9.37956e+06) (2.00548 2.00495 -9.37841e+06) (-0.378421 -0.379373 -9.37744e+06) (-2.37166 -2.37196 -9.3768e+06)
1450          (2.13449 2.13449 -9.38513e+06) (-1.63567 -1.63567 -9.38498e+06) (-1.89019 -1.89018 -9.3845e+06) (3.53287 3.53287 -9.38377e+06) (-4.1579 -4.15806 -9.38293e+06) (-1.94551 -1.94449 -9.38186e+06) (1.78014 1.77691 -9.3807e+06) (-3.3488 -3.34773 -9.37956e+06) (2.00548 2.00495 -9.37841e+06) (-0.378421 -0.379373 -9.37744e+06) (-2.37166 -2.37196 -9.3768e+06)
1500          (2.13449 2.13449 -9.38513e+06) (-1.63567 -1.63567 -9.38498e+06) (-1.89019 -1.89018 -9.3845e+06) (3.53287 3.53287 -9.38377e+06) (-4.1579 -4.15806 -9.38293e+06) (-1.94551 -1.94449 -9.38186e+06) (1.78014 1.77691 -9.3807e+06) (-3.3488 -3.34773 -9.37956e+06) (2.00548 2.00495 -9.37841e+06) (-0.378421 -0.379373 -9.37744e+06) (-2.37166 -2.37196 -9.3768e+06)
1550          (2.13449 2.13449 -9.38513e+06) (-1.63567 -1.63567 -9.38498e+06) (-1.89019 -1.89018 -9.3845e+06) (3.53287 3.53287 -9.38377e+06) (-4.1579 -4.15806 -9.38293e+06) (-1.94551 -1.94449 -9.38186e+06) (1.78014 1.77691 -9.3807e+06) (-3.3488 -3.34773 -9.37956e+06) (2.00548 2.00495 -9.37841e+06) (-0.378421 -0.379373 -9.37744e+06) (-2.37166 -2.37196 -9.3768e+06)
1600          (2.13449 2.13449 -9.38513e+06) (-1.63567 -1.63567 -9.38498e+06) (-1.89019 -1.89018 -9.3845e+06) (3.53287 3.53287 -9.38377e+06) (-4.1579 -4.15806 -9.38293e+06) (-1.94551 -1.94449 -9.38186e+06) (1.78014 1.77691 -9.3807e+06) (-3.3488 -3.34773 -9.37956e+06) (2.00548 2.00495 -9.37841e+06) (-0.378421 -0.379373 -9.37744e+06) (-2.37166 -2.37196 -9.3768e+06)
1650          (2.13449 2.13449 -9.38513e+06) (-1.63567 -1.63567 -9.38498e+06) (-1.89019 -1.89018 -9.3845e+06) (3.53287 3.53287 -9.38377e+06) (-4.1579 -4.15806 -9.38293e+06) (-1.94551 -1.94449 -9.38186e+06) (1.78014 1.77691 -9.3807e+06) (-3.3488 -3.34773 -9.37956e+06) (2.00548 2.00495 -9.37841e+06) (-0.378421 -0.379373 -9.37744e+06) (-2.37166 -2.37196 -9.3768e+06)
1700          (2.13449 2.13449 -9.38513e+06) (-1.63567 -1.63567 -9.38498e+06) (-1.89019 -1.89018 -9.3845e+06) (3.53287 3.53287 -9.38377e+06) (-4.1579 -4.15806 -9.38293e+06) (-1.94551 -1.94449 -9.38186e+06) (1.78014 1.77691 -9.3807e+06) (-3.3488 -3.34773 -9.37956e+06) (2.00548 2.00495 -9.37841e+06) (-0.378421 -0.379373 -9.37744e+06) (-2.37166 -2.37196 -9.3768e+06)
1750          (2.13449 2.13449 -9.38513e+06) (-1.63567 -1.63567 -9.38498e+06) (-1.89019 -1.89018 -9.3845e+06) (3.53287 3.53287 -9.38377e+06) (-4.1579 -4.15806 -9.38293e+06) (-1.94551 -1.94449 -9.38186e+06) (1.78014 1.77691 -9.3807e+06) (-3.3488 -3.34773 -9.37956e+06) (2.00548 2.00495 -9.37841e+06) (-0.378421 -0.379373 -9.37744e+06) (-2.37166 -2.37196 -9.3768e+06)
1800          (2.13449 2.13449 -9.38513e+06) (-1.63567 -1.63567 -9.38498e+06) (-1.89019 -1.89018 -9.3845e+06) (3.53287 3.53287 -9.38377e+06) (-4.1579 -4.15806 -9.38293e+06) (-1.94551 -1.94449 -9.38186e+06) (1.78014 1.77691 -9.3807e+06) (-3.3488 -3.34773 -9.37956e+06) (2.00548 2.00495 -9.37841e+06) (-0.378421 -0.379373 -9.37744e+06) (-2.37166 -2.37196 -9.3768e+06)
1850          (2.13449 2.13449 -9.38513e+06) (-1.63567 -1.63567 -9.38498e+06) (-1.89019 -1.89018 -9.3845e+06) (3.53287 3.53287 -9.38377e+06) (-4.1579 -4.15806 -9.38293e+06) (-1.94551 -1.94449 -9.38186e+06) (1.78014 1.77691 -9.3807e+06) (-3.3488 -3.34773 -9.37956e+06) (2.00548 2.00495 -9.37841e+06) (-0.378421 -0.379373 -9.37744e+06) (-2.37166 -2.37196 -9.3768e+06)
1900          (2.13449 2.13449 -9.38513e+06) (-1.63567 -1.63567 -9.38498e+06) (-1.89019 -1.89018 -9.3845e+06) (3.53287 3.53287 -9.38377e+06) (-4.1579 -4.15806 -9.38293e+06) (-1.94551 -1.94449 -9.38186e+06) (1.78014 1.77691 -9.3807e+06) (-3.3488 -3.34773 -9.37956e+06) (2.00548 2.00495 -9.37841e+06) (-0.378421 -0.379373 -9.37744e+06) (-2.37166 -2.37196 -9.3768e+06)
1950          (2.13449 2.13449 -9.38513e+06) (-1.63567 -1.63567 -9.38498e+06) (-1.89019 -1.89018 -9.3845e+06) (3.53287 3.53287 -9.38377e+06) (-4.1579 -4.15806 -9.38293e+06) (-1.94551 -1.94449 -9.38186e+06) (1.78014 1.77691 -9.3807e+06) (-3.3488 -3.34773 -9.37956e+06) (2.00548 2.00495 -9.37841e+06) (-0.378421 -0.379373 -9.37744e+06) (-2.37166 -2.37196 -9.3768e+06)
2000          (2.13449 2.13449 -9.38513e+06) (-1.63567 -1.63567 -9.38498e+06) (-1.89019 -1.89018 -9.3845e+06) (3.53287 3.53287 -9.38377e+06) (-4.1579 -4.15806 -9.38293e+06) (-1.94551 -1.94449 -9.38186e+06) (1.78014 1.77691 -9.3807e+06) (-3.3488 -3.34773 -9.37956e+06) (2.00548 2.00495 -9.37841e+06) (-0.378421 -0.379373 -9.37744e+06) (-2.37166 -2.37196 -9.3768e+06)
2050          (2.13449 2.13449 -9.38513e+06) (-1.63567 -1.63567 -9.38498e+06) (-1.89019 -1.89018 -9.3845e+06) (3.53287 3.53287 -9.38377e+06) (-4.1579 -4.15806 -9.38293e+06) (-1.94551 -1.94449 -9.38186e+06) (1.78014 1.77691 -9.3807e+06) (-3.3488 -3.34773 -9.37956e+06) (2.00548 2.00495 -9.37841e+06) (-0.378421 -0.379373 -9.37744e+06) (-2.37166 -2.37196 -9.3768e+06)
2100          (2.13449 2.13449 -9.38513e+06) (-1.63567 -1.63567 -9.38498e+06) (-1.89019 -1.89018 -9.3845e+06) (3.53287 3.53287 -9.38377e+06) (-4.1579 -4.15806 -9.38293e+06) (-1.94551 -1.94449 -9.38186e+06) (1.78014 1.77691 -9.3807e+06) (-3.3488 -3.34773 -9.37956e+06) (2.00548 2.00495 -9.37841e+06) (-0.378421 -0.379373 -9.37744e+06) (-2.37166 -2.37196 -9.3768e+06)
2150          (2.13449 2.13449 -9.38513e+06) (-1.63567 -1.63567 -9.38498e+06) (-1.89019 -1.89018 -9.3845e+06) (3.53287 3.53287 -9.38377e+06) (-4.1579 -4.15806 -9.38293e+06) (-1.94551 -1.94449 -9.38186e+06) (1.78014 1.77691 -9.3807e+06) (-3.3488 -3.34773 -9.37956e+06) (2.00548 2.00495 -9.37841e+06) (-0.378421 -0.379373 -9.37744e+06) (-2.37166 -2.37196 -9.3768e+06)
2200          (2.13449 2.13449 -9.38513e+06) (-1.63567 -1.63567 -9.38498e+06) (-1.89019 -1.89018 -9.3845e+06) (3.53287 3.53287 -9.38377e+06) (-4.1579 -4.15806 -9.38293e+06) (-1.94551 -1.94449 -9.38186e+06) (1.78014 1.77691 -9.3807e+06) (-3.3488 -3.34773 -9.37956e+06) (2.00548 2.00495 -9.37841e+06) (-0.378421 -0.379373 -9.37744e+06) (-2.37166 -2.37196 -9.3768e+06)
2250          (2.13449 2.13449 -9.38513e+06) (-1.63567 -1.63567 -9.38498e+06) (-1.89019 -1.89018 -9.3845e+06) (3.53287 3.53287 -9.38377e+06) (-4.1579 -4.15806 -9.38293e+06) (-1.94551 -1.94449 -9.38186e+06) (1.78014 1.77691 -9.3807e+06) (-3.3488 -3.34773 -9.37956e+06) (2.00548 2.00495 -9.37841e+06) (-0.378421 -0.379373 -9.37744e+06) (-2.37166 -2.37196 -9.3768e+06)
2300          (2.13449 2.13449 -9.38513e+06) (-1.63567 -1.63567 -9.38498e+06) (-1.89019 -1.89018 -9.3845e+06) (3.53287 3.53287 -9.38377e+06) (-4.1579 -4.15806 -9.38293e+06) (-1.94551 -1.94449 -9.38186e+06) (1.78014 1.77691 -9.3807e+06) (-3.3488 -3.34773 -9.37956e+06) (2.00548 2.00495 -9.37841e+06) (-0.378421 -0.379373 -9.37744e+06) (-2.37166 -2.37196 -9.3768e+06)
2350          (2.13449 2.13449 -9.38513e+06) (-1.63567 -1.63567 -9.38498e+06) (-1.89019 -1.89018 -9.3845e+06) (3.53287 3.53287 -9.38377e+06) (-4.1579 -4.15806 -9.38293e+06) (-1.94551 -1.94449 -9.38186e+06) (1.78014 1.77691 -9.3807e+06) (-3.3488 -3.34773 -9.37956e+06) (2.00548 2.00495 -9.37841e+06) (-0.378421 -0.379373 -9.37744e+06) (-2.37166 -2.37196 -9.3768e+06)
2400          (2.13449 2.13449 -9.38513e+06) (-1.63567 -1.63567 -9.38498e+06) (-1.89019 -1.89018 -9.3845e+06) (3.53287 3.53287 -9.38377e+06) (-4.1579 -4.15806 -9.38293e+06) (-1.94551 -1.94449 -9.38186e+06) (1.78014 1.77691 -9.3807e+06) (-3.3488 -3.34773 -9.37956e+06) (2.00548 2.00495 -9.37841e+06) (-0.378421 -0.379373 -9.37744e+06) (-2.37166 -2.37196 -9.3768e+06)
2450          (2.13449 2.13449 -9.38513e+06) (-1.63567 -1.63567 -9.38498e+06) (-1.89019 -1.89018 -9.3845e+06) (3.53287 3.53287 -9.38377e+06) (-4.1579 -4.15806 -9.38293e+06) (-1.94551 -1.94449 -9.38186e+06) (1.78014 1.77691 -9.3807e+06) (-3.3488 -3.34773 -9.37956e+06) (2.00548 2.00495 -9.37841e+06) (-0.378421 -0.379373 -9.37744e+06) (-2.37166 -2.37196 -9.3768e+06)
2500          (2.13449 2.13449 -9.38513e+06) (-1.63567 -1.63567 -9.38498e+06) (-1.89019 -1.89018 -9.3845e+06) (3.53287 3.53287 -9.38377e+06) (-4.1579 -4.15806 -9.38293e+06) (-1.94551 -1.94449 -9.38186e+06) (1.78014 1.77691 -9.3807e+06) (-3.3488 -3.34773 -9.37956e+06) (2.00548 2.00495 -9.37841e+06) (-0.378421 -0.379373 -9.37744e+06) (-2.37166 -2.37196 -9.3768e+06)
2550          (2.13449 2.13449 -9.38513e+06) (-1.63567 -1.63567 -9.38498e+06) (-1.89019 -1.89018 -9.3845e+06) (3.53287 3.53287 -9.38377e+06) (-4.1579 -4.15806 -9.38293e+06) (-1.94551 -1.94449 -9.38186e+06) (1.78014 1.77691 -9.3807e+06) (-3.3488 -3.34773 -9.37956e+06) (2.00548 2.00495 -9.37841e+06) (-0.378421 -0.379373 -9.37744e+06) (-2.37166 -2.37196 -9.3768e+06)
2600          (2.13449 2.13449 -9.38513e+06) (-1.63567 -1.63567 -9.38498e+06) (-1.89019 -1.89018 -9.3845e+06) (3.53287 3.53287 -9.38377e+06) (-4.1579 -4.15806 -9.38293e+06) (-1.94551 -1.94449 -9.38186e+06) (1.78014 1.77691 -9.3807e+06) (-3.3488 -3.34773 -9.37956e+06) (2.00548 2.00495 -9.37841e+06) (-0.378421 -0.379373 -9.37744e+06) (-2.37166 -2.37196 -9.3768e+06)
2650          (2.13449 2.13449 -9.38513e+06) (-1.63567 -1.63567 -9.38498e+06) (-1.89019 -1.89018 -9.3845e+06) (3.53287 3.53287 -9.38377e+06) (-4.1579 -4.15806 -9.38293e+06) (-1.94551 -1.94449 -9.38186e+06) (1.78014 1.77691 -9.3807e+06) (-3.3488 -3.34773 -9.37956e+06) (2.00548 2.00495 -9.37841e+06) (-0.378421 -0.379373 -9.37744e+06) (-2.37166 -2.37196 -9.3768e+06)
2700          (2.13449 2.13449 -9.38513e+06) (-1.63567 -1.63567 -9.38498e+06) (-1.89019 -1.89018 -9.3845e+06) (3.53287 3.53287 -9.38377e+06) (-4.1579 -4.15806 -9.38293e+06) (-1.94551 -1.94449 -9.38186e+06) (1.78014 1.77691 -9.3807e+06) (-3.3488 -3.34773 -9.37956e+06) (2.00548 2.00495 -9.37841e+06) (-0.378421 -0.379373 -9.37744e+06) (-2.37166 -2.37196 -9.3768e+06)
2750          (2.13449 2.13449 -9.38513e+06) (-1.63567 -1.63567 -9.38498e+06) (-1.89019 -1.89018 -9.3845e+06) (3.53287 3.53287 -9.38377e+06) (-4.1579 -4.15806 -9.38293e+06) (-1.94551 -1.94449 -9.38186e+06) (1.78014 1.77691 -9.3807e+06) (-3.3488 -3.34773 -9.37956e+06) (2.00548 2.00495 -9.37841e+06) (-0.378421 -0.379373 -9.37744e+06) (-2.37166 -2.37196 -9.3768e+06)
2800          (2.13449 2.13449 -9.38513e+06) (-1.63567 -1.63567 -9.38498e+06) (-1.89019 -1.89018 -9.3845e+06) (3.53287 3.53287 -9.38377e+06) (-4.1579 -4.15806 -9.38293e+06) (-1.94551 -1.94449 -9.38186e+06) (1.78014 1.77691 -9.3807e+06) (-3.3488 -3.34773 -9.37956e+06) (2.00548 2.00495 -9.37841e+06) (-0.378421 -0.379373 -9.37744e+06) (-2.37166 -2.37196 -9.3768e+06)
2850          (2.13449 2.13449 -9.38513e+06) (-1.63567 -1.63567 -9.38498e+06) (-1.89019 -1.89018 -9.3845e+06) (3.53287 3.53287 -9.38377e+06) (-4.1579 -4.15806 -9.38293e+06) (-1.94551 -1.94449 -9.38186e+06) (1.78014 1.77691 -9.3807e+06) (-3.3488 -3.34773 -9.37956e+06) (2.00548 2.00495 -9.37841e+06) (-0.378421 -0.379373 -9.37744e+06) (-2.37166 -2.37196 -9.3768e+06)
2900          (2.13449 2.13449 -9.38513e+06) (-1.63567 -1.63567 -9.38498e+06) (-1.89019 -1.89018 -9.3845e+06) (3.53287 3.53287 -9.38377e+06) (-4.1579 -4.15806 -9.38293e+06) (-1.94551 -1.94449 -9.38186e+06) (1.78014 1.77691 -9.3807e+06) (-3.3488 -3.34773 -9.37956e+06) (2.00548 2.00495 -9.37841e+06) (-0.378421 -0.379373 -9.37744e+06) (-2.37166 -2.37196 -9.3768e+06)
2950          (2.13449 2.13449 -9.38513e+06) (-1.63567 -1.63567 -9.38498e+06) (-1.89019 -1.89018 -9.3845e+06) (3.53287 3.53287 -9.38377e+06) (-4.1579 -4.15806 -9.38293e+06) (-1.94551 -1.94449 -9.38186e+06) (1.78014 1.77691 -9.3807e+06) (-3.3488 -3.34773 -9.37956e+06) (2.00548 2.00495 -9.37841e+06) (-0.378421 -0.379373 -9.37744e+06) (-2.37166 -2.37196 -9.3768e+06)
3000          (2.13449 2.13449 -9.38513e+06) (-1.63567 -1.63567 -9.38498e+06) (-1.89019 -1.89018 -9.3845e+06) (3.53287 3.53287 -9.38377e+06) (-4.1579 -4.15806 -9.38293e+06) (-1.94551 -1.94449 -9.38186e+06) (1.78014 1.77691 -9.3807e+06) (-3.3488 -3.34773 -9.37956e+06) (2.00548 2.00495 -9.37841e+06) (-0.378421 -0.379373 -9.37744e+06) (-2.37166 -2.37196 -9.3768e+06)
3050          (2.13449 2.13449 -9.38513e+06) (-1.63567 -1.63567 -9.38498e+06) (-1.89019 -1.89018 -9.3845e+06) (3.53287 3.53287 -9.38377e+06) (-4.1579 -4.15806 -9.38293e+06) (-1.94551 -1.94449 -9.38186e+06) (1.78014 1.77691 -9.3807e+06) (-3.3488 -3.34773 -9.37956e+06) (2.00548 2.00495 -9.37841e+06) (-0.378421 -0.379373 -9.37744e+06) (-2.37166 -2.37196 -9.3768e+06)
3100          (2.13449 2.13449 -9.38513e+06) (-1.63567 -1.63567 -9.38498e+06) (-1.89019 -1.89018 -9.3845e+06) (3.53287 3.53287 -9.38377e+06) (-4.1579 -4.15806 -9.38293e+06) (-1.94551 -1.94449 -9.38186e+06) (1.78014 1.77691 -9.3807e+06) (-3.3488 -3.34773 -9.37956e+06) (2.00548 2.00495 -9.37841e+06) (-0.378421 -0.379373 -9.37744e+06) (-2.37166 -2.37196 -9.3768e+06)
3150          (2.13449 2.13449 -9.38513e+06) (-1.63567 -1.63567 -9.38498e+06) (-1.89019 -1.89018 -9.3845e+06) (3.53287 3.53287 -9.38377e+06) (-4.1579 -4.15806 -9.38293e+06) (-1.94551 -1.94449 -9.38186e+06) (1.78014 1.77691 -9.3807e+06) (-3.3488 -3.34773 -9.37956e+06) (2.00548 2.00495 -9.37841e+06) (-0.378421 -0.379373 -9.37744e+06) (-2.37166 -2.37196 -9.3768e+06)
3200          (2.13449 2.13449 -9.38513e+06) (-1.63567 -1.63567 -9.38498e+06) (-1.89019 -1.89018 -9.3845e+06) (3.53287 3.53287 -9.38377e+06) (-4.1579 -4.15806 -9.38293e+06) (-1.94551 -1.94449 -9.38186e+06) (1.78014 1.77691 -9.3807e+06) (-3.3488 -3.34773 -9.37956e+06) (2.00548 2.00495 -9.37841e+06) (-0.378421 -0.379373 -9.37744e+06) (-2.37166 -2.37196 -9.3768e+06)
3250          (2.13449 2.13449 -9.38513e+06) (-1.63567 -1.63567 -9.38498e+06) (-1.89019 -1.89018 -9.3845e+06) (3.53287 3.53287 -9.38377e+06) (-4.1579 -4.15806 -9.38293e+06) (-1.94551 -1.94449 -9.38186e+06) (1.78014 1.77691 -9.3807e+06) (-3.3488 -3.34773 -9.37956e+06) (2.00548 2.00495 -9.37841e+06) (-0.378421 -0.379373 -9.37744e+06) (-2.37166 -2.37196 -9.3768e+06)
3300          (2.13449 2.13449 -9.38513e+06) (-1.63567 -1.63567 -9.38498e+06) (-1.89019 -1.89018 -9.3845e+06) (3.53287 3.53287 -9.38377e+06) (-4.1579 -4.15806 -9.38293e+06) (-1.94551 -1.94449 -9.38186e+06) (1.78014 1.77691 -9.3807e+06) (-3.3488 -3.34773 -9.37956e+06) (2.00548 2.00495 -9.37841e+06) (-0.378421 -0.379373 -9.37744e+06) (-2.37166 -2.37196 -9.3768e+06)
3350          (2.13449 2.13449 -9.38513e+06) (-1.63567 -1.63567 -9.38498e+06) (-1.89019 -1.89018 -9.3845e+06) (3.53287 3.53287 -9.38377e+06) (-4.1579 -4.15806 -9.38293e+06) (-1.94551 -1.94449 -9.38186e+06) (1.78014 1.77691 -9.3807e+06) (-3.3488 -3.34773 -9.37956e+06) (2.00548 2.00495 -9.37841e+06) (-0.378421 -0.379373 -9.37744e+06) (-2.37166 -2.37196 -9.3768e+06)
3400          (2.13449 2.13449 -9.38513e+06) (-1.63567 -1.63567 -9.38498e+06) (-1.89019 -1.89018 -9.3845e+06) (3.53287 3.53287 -9.38377e+06) (-4.1579 -4.15806 -9.38293e+06) (-1.94551 -1.94449 -9.38186e+06) (1.78014 1.77691 -9.3807e+06) (-3.3488 -3.34773 -9.37956e+06) (2.00548 2.00495 -9.37841e+06) (-0.378421 -0.379373 -9.37744e+06) (-2.37166 -2.37196 -9.3768e+06)
3450          (2.13449 2.13449 -9.38513e+06) (-1.63567 -1.63567 -9.38498e+06) (-1.89019 -1.89018 -9.3845e+06) (3.53287 3.53287 -9.38377e+06) (-4.1579 -4.15806 -9.38293e+06) (-1.94551 -1.94449 -9.38186e+06) (1.78014 1.77691 -9.3807e+06) (-3.3488 -3.34773 -9.37956e+06) (2.00548 2.00495 -9.37841e+06) (-0.378421 -0.379373 -9.37744e+06) (-2.37166 -2.37196 -9.3768e+06)
3500          (2.13449 2.13449 -9.38513e+06) (-1.63567 -1.63567 -9.38498e+06) (-1.89019 -1.89018 -9.3845e+06) (3.53287 3.53287 -9.38377e+06) (-4.1579 -4.15806 -9.38293e+06) (-1.94551 -1.94449 -9.38186e+06) (1.78014 1.77691 -9.3807e+06) (-3.3488 -3.34773 -9.37956e+06) (2.00548 2.00495 -9.37841e+06) (-0.378421 -0.379373 -9.37744e+06) (-2.37166 -2.37196 -9.3768e+06)
3550          (2.13449 2.13449 -9.38513e+06) (-1.63567 -1.63567 -9.38498e+06) (-1.89019 -1.89018 -9.3845e+06) (3.53287 3.53287 -9.38377e+06) (-4.1579 -4.15806 -9.38293e+06) (-1.94551 -1.94449 -9.38186e+06) (1.78014 1.77691 -9.3807e+06) (-3.3488 -3.34773 -9.37956e+06) (2.00548 2.00495 -9.37841e+06) (-0.378421 -0.379373 -9.37744e+06) (-2.37166 -2.37196 -9.3768e+06)
3600          (2.13449 2.13449 -9.38513e+06) (-1.63567 -1.63567 -9.38498e+06) (-1.89019 -1.89018 -9.3845e+06) (3.53287 3.53287 -9.38377e+06) (-4.1579 -4.15806 -9.38293e+06) (-1.94551 -1.94449 -9.38186e+06) (1.78014 1.77691 -9.3807e+06) (-3.3488 -3.34773 -9.37956e+06) (2.00548 2.00495 -9.37841e+06) (-0.378421 -0.379373 -9.37744e+06) (-2.37166 -2.37196 -9.3768e+06)
3650          (2.13449 2.13449 -9.38513e+06) (-1.63567 -1.63567 -9.38498e+06) (-1.89019 -1.89018 -9.3845e+06) (3.53287 3.53287 -9.38377e+06) (-4.1579 -4.15806 -9.38293e+06) (-1.94551 -1.94449 -9.38186e+06) (1.78014 1.77691 -9.3807e+06) (-3.3488 -3.34773 -9.37956e+06) (2.00548 2.00495 -9.37841e+06) (-0.378421 -0.379373 -9.37744e+06) (-2.37166 -2.37196 -9.3768e+06)
3700          (2.13449 2.13449 -9.38513e+06) (-1.63567 -1.63567 -9.38498e+06) (-1.89019 -1.89018 -9.3845e+06) (3.53287 3.53287 -9.38377e+06) (-4.1579 -4.15806 -9.38293e+06) (-1.94551 -1.94449 -9.38186e+06) (1.78014 1.77691 -9.3807e+06) (-3.3488 -3.34773 -9.37956e+06) (2.00548 2.00495 -9.37841e+06) (-0.378421 -0.379373 -9.37744e+06) (-2.37166 -2.37196 -9.3768e+06)
3750          (2.13449 2.13449 -9.38513e+06) (-1.63567 -1.63567 -9.38498e+06) (-1.89019 -1.89018 -9.3845e+06) (3.53287 3.53287 -9.38377e+06) (-4.1579 -4.15806 -9.38293e+06) (-1.94551 -1.94449 -9.38186e+06) (1.78014 1.77691 -9.3807e+06) (-3.3488 -3.34773 -9.37956e+06) (2.00548 2.00495 -9.37841e+06) (-0.378421 -0.379373 -9.37744e+06) (-2.37166 -2.37196 -9.3768e+06)
3800          (2.13449 2.13449 -9.38513e+06) (-1.63567 -1.63567 -9.38498e+06) (-1.89019 -1.89018 -9.3845e+06) (3.53287 3.53287 -9.38377e+06) (-4.1579 -4.15806 -9.38293e+06) (-1.94551 -1.94449 -9.38186e+06) (1.78014 1.77691 -9.3807e+06) (-3.3488 -3.34773 -9.37956e+06) (2.00548 2.00495 -9.37841e+06) (-0.378421 -0.379373 -9.37744e+06) (-2.37166 -2.37196 -9.3768e+06)
3850          (2.13449 2.13449 -9.38513e+06) (-1.63567 -1.63567 -9.38498e+06) (-1.89019 -1.89018 -9.3845e+06) (3.53287 3.53287 -9.38377e+06) (-4.1579 -4.15806 -9.38293e+06) (-1.94551 -1.94449 -9.38186e+06) (1.78014 1.77691 -9.3807e+06) (-3.3488 -3.34773 -9.37956e+06) (2.00548 2.00495 -9.37841e+06) (-0.378421 -0.379373 -9.37744e+06) (-2.37166 -2.37196 -9.3768e+06)
3900          (2.13449 2.13449 -9.38513e+06) (-1.63567 -1.63567 -9.38498e+06) (-1.89019 -1.89018 -9.3845e+06) (3.53287 3.53287 -9.38377e+06) (-4.1579 -4.15806 -9.38293e+06) (-1.94551 -1.94449 -9.38186e+06) (1.78014 1.77691 -9.3807e+06) (-3.3488 -3.34773 -9.37956e+06) (2.00548 2.00495 -9.37841e+06) (-0.378421 -0.379373 -9.37744e+06) (-2.37166 -2.37196 -9.3768e+06)
3950          (2.13449 2.13449 -9.38513e+06) (-1.63567 -1.63567 -9.38498e+06) (-1.89019 -1.89018 -9.3845e+06) (3.53287 3.53287 -9.38377e+06) (-4.1579 -4.15806 -9.38293e+06) (-1.94551 -1.94449 -9.38186e+06) (1.78014 1.77691 -9.3807e+06) (-3.3488 -3.34773 -9.37956e+06) (2.00548 2.00495 -9.37841e+06) (-0.378421 -0.379373 -9.37744e+06) (-2.37166 -2.37196 -9.3768e+06)
4000          (2.13449 2.13449 -9.38513e+06) (-1.63567 -1.63567 -9.38498e+06) (-1.89019 -1.89018 -9.3845e+06) (3.53287 3.53287 -9.38377e+06) (-4.1579 -4.15806 -9.38293e+06) (-1.94551 -1.94449 -9.38186e+06) (1.78014 1.77691 -9.3807e+06) (-3.3488 -3.34773 -9.37956e+06) (2.00548 2.00495 -9.37841e+06) (-0.378421 -0.379373 -9.37744e+06) (-2.37166 -2.37196 -9.3768e+06)
4050          (2.13449 2.13449 -9.38513e+06) (-1.63567 -1.63567 -9.38498e+06) (-1.89019 -1.89018 -9.3845e+06) (3.53287 3.53287 -9.38377e+06) (-4.1579 -4.15806 -9.38293e+06) (-1.94551 -1.94449 -9.38186e+06) (1.78014 1.77691 -9.3807e+06) (-3.3488 -3.34773 -9.37956e+06) (2.00548 2.00495 -9.37841e+06) (-0.378421 -0.379373 -9.37744e+06) (-2.37166 -2.37196 -9.3768e+06)
4100          (2.13449 2.13449 -9.38513e+06) (-1.63567 -1.63567 -9.38498e+06) (-1.89019 -1.89018 -9.3845e+06) (3.53287 3.53287 -9.38377e+06) (-4.1579 -4.15806 -9.38293e+06) (-1.94551 -1.94449 -9.38186e+06) (1.78014 1.77691 -9.3807e+06) (-3.3488 -3.34773 -9.37956e+06) (2.00548 2.00495 -9.37841e+06) (-0.378421 -0.379373 -9.37744e+06) (-2.37166 -2.37196 -9.3768e+06)
4150          (2.13449 2.13449 -9.38513e+06) (-1.63567 -1.63567 -9.38498e+06) (-1.89019 -1.89018 -9.3845e+06) (3.53287 3.53287 -9.38377e+06) (-4.1579 -4.15806 -9.38293e+06) (-1.94551 -1.94449 -9.38186e+06) (1.78014 1.77691 -9.3807e+06) (-3.3488 -3.34773 -9.37956e+06) (2.00548 2.00495 -9.37841e+06) (-0.378421 -0.379373 -9.37744e+06) (-2.37166 -2.37196 -9.3768e+06)
4200          (2.13449 2.13449 -9.38513e+06) (-1.63567 -1.63567 -9.38498e+06) (-1.89019 -1.89018 -9.3845e+06) (3.53287 3.53287 -9.38377e+06) (-4.1579 -4.15806 -9.38293e+06) (-1.94551 -1.94449 -9.38186e+06) (1.78014 1.77691 -9.3807e+06) (-3.3488 -3.34773 -9.37956e+06) (2.00548 2.00495 -9.37841e+06) (-0.378421 -0.379373 -9.37744e+06) (-2.37166 -2.37196 -9.3768e+06)
4250          (2.13449 2.13449 -9.38513e+06) (-1.63567 -1.63567 -9.38498e+06) (-1.89019 -1.89018 -9.3845e+06) (3.53287 3.53287 -9.38377e+06) (-4.1579 -4.15806 -9.38293e+06) (-1.94551 -1.94449 -9.38186e+06) (1.78014 1.77691 -9.3807e+06) (-3.3488 -3.34773 -9.37956e+06) (2.00548 2.00495 -9.37841e+06) (-0.378421 -0.379373 -9.37744e+06) (-2.37166 -2.37196 -9.3768e+06)
4300          (2.13449 2.13449 -9.38513e+06) (-1.63567 -1.63567 -9.38498e+06) (-1.89019 -1.89018 -9.3845e+06) (3.53287 3.53287 -9.38377e+06) (-4.1579 -4.15806 -9.38293e+06) (-1.94551 -1.94449 -9.38186e+06) (1.78014 1.77691 -9.3807e+06) (-3.3488 -3.34773 -9.37956e+06) (2.00548 2.00495 -9.37841e+06) (-0.378421 -0.379373 -9.37744e+06) (-2.37166 -2.37196 -9.3768e+06)
4350          (2.13449 2.13449 -9.38513e+06) (-1.63567 -1.63567 -9.38498e+06) (-1.89019 -1.89018 -9.3845e+06) (3.53287 3.53287 -9.38377e+06) (-4.1579 -4.15806 -9.38293e+06) (-1.94551 -1.94449 -9.38186e+06) (1.78014 1.77691 -9.3807e+06) (-3.3488 -3.34773 -9.37956e+06) (2.00548 2.00495 -9.37841e+06) (-0.378421 -0.379373 -9.37744e+06) (-2.37166 -2.37196 -9.3768e+06)
4400          (2.13449 2.13449 -9.38513e+06) (-1.63567 -1.63567 -9.38498e+06) (-1.89019 -1.89018 -9.3845e+06) (3.53287 3.53287 -9.38377e+06) (-4.1579 -4.15806 -9.38293e+06) (-1.94551 -1.94449 -9.38186e+06) (1.78014 1.77691 -9.3807e+06) (-3.3488 -3.34773 -9.37956e+06) (2.00548 2.00495 -9.37841e+06) (-0.378421 -0.379373 -9.37744e+06) (-2.37166 -2.37196 -9.3768e+06)
4450          (2.13449 2.13449 -9.38513e+06) (-1.63567 -1.63567 -9.38498e+06) (-1.89019 -1.89018 -9.3845e+06) (3.53287 3.53287 -9.38377e+06) (-4.1579 -4.15806 -9.38293e+06) (-1.94551 -1.94449 -9.38186e+06) (1.78014 1.77691 -9.3807e+06) (-3.3488 -3.34773 -9.37956e+06) (2.00548 2.00495 -9.37841e+06) (-0.378421 -0.379373 -9.37744e+06) (-2.37166 -2.37196 -9.3768e+06)
4500          (2.13449 2.13449 -9.38513e+06) (-1.63567 -1.63567 -9.38498e+06) (-1.89019 -1.89018 -9.3845e+06) (3.53287 3.53287 -9.38377e+06) (-4.1579 -4.15806 -9.38293e+06) (-1.94551 -1.94449 -9.38186e+06) (1.78014 1.77691 -9.3807e+06) (-3.3488 -3.34773 -9.37956e+06) (2.00548 2.00495 -9.37841e+06) (-0.378421 -0.379373 -9.37744e+06) (-2.37166 -2.37196 -9.3768e+06)
4550          (2.13449 2.13449 -9.38513e+06) (-1.63567 -1.63567 -9.38498e+06) (-1.89019 -1.89018 -9.3845e+06) (3.53287 3.53287 -9.38377e+06) (-4.1579 -4.15806 -9.38293e+06) (-1.94551 -1.94449 -9.38186e+06) (1.78014 1.77691 -9.3807e+06) (-3.3488 -3.34773 -9.37956e+06) (2.00548 2.00495 -9.37841e+06) (-0.378421 -0.379373 -9.37744e+06) (-2.37166 -2.37196 -9.3768e+06)
4600          (2.13449 2.13449 -9.38513e+06) (-1.63567 -1.63567 -9.38498e+06) (-1.89019 -1.89018 -9.3845e+06) (3.53287 3.53287 -9.38377e+06) (-4.1579 -4.15806 -9.38293e+06) (-1.94551 -1.94449 -9.38186e+06) (1.78014 1.77691 -9.3807e+06) (-3.3488 -3.34773 -9.37956e+06) (2.00548 2.00495 -9.37841e+06) (-0.378421 -0.379373 -9.37744e+06) (-2.37166 -2.37196 -9.3768e+06)
4650          (2.13449 2.13449 -9.38513e+06) (-1.63567 -1.63567 -9.38498e+06) (-1.89019 -1.89018 -9.3845e+06) (3.53287 3.53287 -9.38377e+06) (-4.1579 -4.15806 -9.38293e+06) (-1.94551 -1.94449 -9.38186e+06) (1.78014 1.77691 -9.3807e+06) (-3.3488 -3.34773 -9.37956e+06) (2.00548 2.00495 -9.37841e+06) (-0.378421 -0.379373 -9.37744e+06) (-2.37166 -2.37196 -9.3768e+06)
4700          (2.13449 2.13449 -9.38513e+06) (-1.63567 -1.63567 -9.38498e+06) (-1.89019 -1.89018 -9.3845e+06) (3.53287 3.53287 -9.38377e+06) (-4.1579 -4.15806 -9.38293e+06) (-1.94551 -1.94449 -9.38186e+06) (1.78014 1.77691 -9.3807e+06) (-3.3488 -3.34773 -9.37956e+06) (2.00548 2.00495 -9.37841e+06) (-0.378421 -0.379373 -9.37744e+06) (-2.37166 -2.37196 -9.3768e+06)
4750          (2.13449 2.13449 -9.38513e+06) (-1.63567 -1.63567 -9.38498e+06) (-1.89019 -1.89018 -9.3845e+06) (3.53287 3.53287 -9.38377e+06) (-4.1579 -4.15806 -9.38293e+06) (-1.94551 -1.94449 -9.38186e+06) (1.78014 1.77691 -9.3807e+06) (-3.3488 -3.34773 -9.37956e+06) (2.00548 2.00495 -9.37841e+06) (-0.378421 -0.379373 -9.37744e+06) (-2.37166 -2.37196 -9.3768e+06)
4800          (2.13449 2.13449 -9.38513e+06) (-1.63567 -1.63567 -9.38498e+06) (-1.89019 -1.89018 -9.3845e+06) (3.53287 3.53287 -9.38377e+06) (-4.1579 -4.15806 -9.38293e+06) (-1.94551 -1.94449 -9.38186e+06) (1.78014 1.77691 -9.3807e+06) (-3.3488 -3.34773 -9.37956e+06) (2.00548 2.00495 -9.37841e+06) (-0.378421 -0.379373 -9.37744e+06) (-2.37166 -2.37196 -9.3768e+06)
4850          (2.13449 2.13449 -9.38513e+06) (-1.63567 -1.63567 -9.38498e+06) (-1.89019 -1.89018 -9.3845e+06) (3.53287 3.53287 -9.38377e+06) (-4.1579 -4.15806 -9.38293e+06) (-1.94551 -1.94449 -9.38186e+06) (1.78014 1.77691 -9.3807e+06) (-3.3488 -3.34773 -9.37956e+06) (2.00548 2.00495 -9.37841e+06) (-0.378421 -0.379373 -9.37744e+06) (-2.37166 -2.37196 -9.3768e+06)
4900          (2.13449 2.13449 -9.38513e+06) (-1.63567 -1.63567 -9.38498e+06) (-1.89019 -1.89018 -9.3845e+06) (3.53287 3.53287 -9.38377e+06) (-4.1579 -4.15806 -9.38293e+06) (-1.94551 -1.94449 -9.38186e+06) (1.78014 1.77691 -9.3807e+06) (-3.3488 -3.34773 -9.37956e+06) (2.00548 2.00495 -9.37841e+06) (-0.378421 -0.379373 -9.37744e+06) (-2.37166 -2.37196 -9.3768e+06)
4950          (2.13449 2.13449 -9.38513e+06) (-1.63567 -1.63567 -9.38498e+06) (-1.89019 -1.89018 -9.3845e+06) (3.53287 3.53287 -9.38377e+06) (-4.1579 -4.15806 -9.38293e+06) (-1.94551 -1.94449 -9.38186e+06) (1.78014 1.77691 -9.3807e+06) (-3.3488 -3.34773 -9.37956e+06) (2.00548 2.00495 -9.37841e+06) (-0.378421 -0.379373 -9.37744e+06) (-2.37166 -2.37196 -9.3768e+06)
5000          (2.13449 2.13449 -9.38513e+06) (-1.63567 -1.63567 -9.38498e+06) (-1.89019 -1.89018 -9.3845e+06) (3.53287 3.53287 -9.38377e+06) (-4.1579 -4.15806 -9.38293e+06) (-1.94551 -1.94449 -9.38186e+06) (1.78014 1.77691 -9.3807e+06) (-3.3488 -3.34773 -9.37956e+06) (2.00548 2.00495 -9.37841e+06) (-0.378421 -0.379373 -9.37744e+06) (-2.37166 -2.37196 -9.3768e+06)
