0 	-1.31955 	-1.31955 	-9.38517e+06 	0.000879645 	0.000879645 	6256.39
0.00020202 	0.0760209 	0.0760208 	-9.38516e+06 	-5.06774e-05 	-5.06773e-05 	6256.38
0.00040404 	1.47159 	1.47159 	-9.38514e+06 	-0.000981 	-0.000981 	6256.36
0.000606061 	1.40061 	1.40061 	-9.38511e+06 	-0.000933683 	-0.000933683 	6256.35
0.000808081 	0.00275374 	0.00275366 	-9.38508e+06 	-1.83572e-06 	-1.83565e-06 	6256.33
0.0010101 	-1.33148 	-1.33148 	-9.38505e+06 	0.0008876 	0.0008876 	6256.31
0.00121212 	-1.45692 	-1.45692 	-9.38502e+06 	0.000971221 	0.000971221 	6256.29
0.00141414 	-1.58236 	-1.58236 	-9.38499e+06 	0.00105484 	0.00105484 	6256.27
0.00161616 	-1.69358 	-1.69358 	-9.38496e+06 	0.00112898 	0.00112898 	6256.24
0.00181818 	-1.79429 	-1.79429 	-9.38491e+06 	0.00119612 	0.00119612 	6256.21
0.0020202 	-1.57485 	-1.57485 	-9.38487e+06 	0.00104983 	0.00104983 	6256.18
0.00222222 	1.5259 	1.5259 	-9.38481e+06 	-0.0010172 	-0.0010172 	6256.15
0.00242424 	4.62664 	4.62664 	-9.38475e+06 	-0.00308423 	-0.00308424 	6256.11
0.00262626 	3.85914 	3.85914 	-9.38471e+06 	-0.0025726 	-0.0025726 	6256.08
0.00282828 	0.770687 	0.770688 	-9.38467e+06 	-0.000513759 	-0.00051376 	6256.05
0.0030303 	-1.85666 	-1.85666 	-9.38463e+06 	0.0012377 	0.0012377 	6256.02
0.00323232 	-1.87108 	-1.87108 	-9.38457e+06 	0.00124731 	0.00124731 	6255.99
0.00343434 	-1.8855 	-1.8855 	-9.38452e+06 	0.00125692 	0.00125692 	6255.95
0.00363636 	-1.66149 	-1.66149 	-9.38446e+06 	0.00110759 	0.00110759 	6255.91
0.00383838 	-1.32268 	-1.32268 	-9.3844e+06 	0.000881731 	0.000881731 	6255.87
0.0040404 	-1.25065 	-1.25065 	-9.38434e+06 	0.000833715 	0.000833714 	6255.83
0.00424242 	-2.24574 	-2.24574 	-9.38427e+06 	0.00149707 	0.00149707 	6255.79
0.00444444 	-3.24084 	-3.24084 	-9.38421e+06 	0.00216042 	0.00216042 	6255.74
0.00464646 	-2.86302 	-2.86302 	-9.38413e+06 	0.00190856 	0.00190856 	6255.69
0.00484848 	-1.96444 	-1.96444 	-9.38405e+06 	0.00130954 	0.00130954 	6255.64
0.00505051 	-0.803296 	-0.803296 	-9.38397e+06 	0.000535497 	0.000535497 	6255.59
0.00525253 	1.14554 	1.14554 	-9.38388e+06 	-0.000763649 	-0.000763648 	6255.53
0.00545455 	3.09439 	3.09438 	-9.38379e+06 	-0.00206279 	-0.00206279 	6255.47
0.00565657 	2.02655 	2.02655 	-9.38372e+06 	-0.00135095 	-0.00135095 	6255.42
0.00585859 	0.0829004 	0.0828985 	-9.38364e+06 	-5.52635e-05 	-5.52622e-05 	6255.37
0.00606061 	-1.29138 	-1.29139 	-9.38356e+06 	0.000860868 	0.00086087 	6255.31
0.00626263 	-1.33715 	-1.33716 	-9.38348e+06 	0.000891376 	0.000891382 	6255.26
0.00646465 	-1.38291 	-1.38293 	-9.38339e+06 	0.000921885 	0.000921894 	6255.2
0.00666667 	-1.10914 	-1.10916 	-9.3833e+06 	0.000739381 	0.000739392 	6255.14
0.00686869 	-0.767587 	-0.767607 	-9.38321e+06 	0.000511693 	0.000511706 	6255.08
0.00707071 	-1.05641 	-1.05645 	-9.38312e+06 	0.000704229 	0.000704257 	6255.02
0.00727273 	-2.51593 	-2.51603 	-9.38303e+06 	0.00167718 	0.00167725 	6254.96
0.00747475 	-3.97546 	-3.97561 	-9.38294e+06 	0.00265014 	0.00265024 	6254.9
0.00767677 	-2.9173 	-2.91744 	-9.38283e+06 	0.00194475 	0.00194484 	6254.83
0.00787879 	-1.49948 	-1.49959 	-9.38272e+06 	0.00099959 	0.000999666 	6254.75
0.00808081 	-0.123849 	-0.124037 	-9.38261e+06 	8.25608e-05 	8.26864e-05 	6254.68
0.00828283 	1.18849 	1.18808 	-9.3825e+06 	-0.000792276 	-0.000792004 	6254.61
0.00848485 	2.50083 	2.5002 	-9.38239e+06 	-0.00166711 	-0.00166669 	6254.53
0.00868687 	1.42809 	1.4277 	-9.38228e+06 	-0.000951998 	-0.000951741 	6254.46
0.00888889 	0.161963 	0.161857 	-9.38218e+06 	-0.000107969 	-0.000107898 	6254.39
0.00909091 	-0.79097 	-0.790745 	-9.38208e+06 	0.00052728 	0.00052713 	6254.32
0.00929293 	-1.36111 	-1.36049 	-9.38197e+06 	0.000907352 	0.000906939 	6254.25
0.00949495 	-1.93126 	-1.93024 	-9.38187e+06 	0.00128742 	0.00128675 	6254.18
0.00969697 	-1.03237 	-1.03121 	-9.38176e+06 	0.000688202 	0.000687429 	6254.11
0.00989899 	-0.0958122 	-0.0945132 	-9.38164e+06 	6.38708e-05 	6.30048e-05 	6254.04
0.010101 	-0.852298 	-0.8492 	-9.38154e+06 	0.000568163 	0.000566098 	6253.96
0.010303 	-3.30183 	-3.29527 	-9.38143e+06 	0.00220108 	0.00219671 	6253.89
0.0105051 	-5.62786 	-5.61802 	-9.38132e+06 	0.00375167 	0.00374511 	6253.82
0.0107071 	-3.13752 	-3.13136 	-9.38119e+06 	0.00209155 	0.00208744 	6253.73
0.0109091 	-0.647191 	-0.644702 	-9.38106e+06 	0.000431434 	0.000429774 	6253.65
0.0111111 	0.763833 	0.763766 	-9.38093e+06 	-0.00050919 	-0.000509146 	6253.56
0.0113131 	1.29179 	1.29008 	-9.38081e+06 	-0.000861137 	-0.000859997 	6253.48
0.0115152 	1.7376 	1.73449 	-9.38069e+06 	-0.00115833 	-0.00115626 	6253.4
0.0117172 	1.17035 	1.16888 	-9.38057e+06 	-0.000780186 	-0.000779205 	6253.32
0.0119192 	0.603106 	0.60327 	-9.38045e+06 	-0.000402045 	-0.000402155 	6253.24
0.0121212 	0.289548 	0.292537 	-9.38034e+06 	-0.00019302 	-0.000195012 	6253.16
0.0123232 	0.145117 	0.151724 	-9.38022e+06 	-9.67385e-05 	-0.000101143 	6253.09
0.0125253 	0.076101 	0.085449 	-9.38011e+06 	-5.07308e-05 	-5.69624e-05 	6253.01
0.0127273 	0.534993 	0.54094 	-9.37999e+06 	-0.00035664 	-0.000360604 	6252.94
0.0129293 	0.993886 	0.99643 	-9.37988e+06 	-0.000662549 	-0.000664245 	6252.86
0.0131313 	-0.0281854 	-0.0269078 	-9.37977e+06 	1.87891e-05 	1.79374e-05 	6252.78
0.0133333 	-1.8477 	-1.84654 	-9.37966e+06 	0.00123172 	0.00123095 	6252.71
0.0135354 	-2.9931 	-2.99213 	-9.37954e+06 	0.00199527 	0.00199463 	6252.63
0.0137374 	-0.960545 	-0.960129 	-9.37941e+06 	0.000640323 	0.000640046 	6252.55
0.0139394 	1.07201 	1.07188 	-9.37928e+06 	-0.000714628 	-0.000714539 	6252.46
0.0141414 	1.93794 	1.93675 	-9.37916e+06 	-0.00129188 	-0.00129109 	6252.38
0.0143434 	2.3039 	2.30143 	-9.37904e+06 	-0.00153584 	-0.00153419 	6252.3
0.0145455 	2.49176 	2.48857 	-9.37892e+06 	-0.00166107 	-0.00165894 	6252.22
0.0147475 	2.06618 	2.06419 	-9.37881e+06 	-0.00137737 	-0.00137604 	6252.15
0.0149495 	1.64061 	1.63981 	-9.3787e+06 	-0.00109367 	-0.00109314 	6252.07
0.0151515 	1.67702 	1.67651 	-9.37859e+06 	-0.00111794 	-0.0011176 	6252
0.0153535 	1.86743 	1.86691 	-9.37849e+06 	-0.00124488 	-0.00124453 	6251.93
0.0155556 	1.96108 	1.96054 	-9.37839e+06 	-0.0013073 	-0.00130694 	6251.86
0.0157576 	1.79961 	1.79904 	-9.37829e+06 	-0.00119966 	-0.00119928 	6251.8
0.0159596 	1.63814 	1.63754 	-9.37818e+06 	-0.00109202 	-0.00109162 	6251.73
0.0161616 	0.458405 	0.4566 	-9.37809e+06 	-0.000305584 	-0.000304381 	6251.66
0.0163636 	-0.975894 	-0.979197 	-9.37799e+06 	0.000650555 	0.000652757 	6251.6
0.0165657 	-1.44909 	-1.45293 	-9.37789e+06 	0.000966 	0.000968556 	6251.53
0.0167677 	0.0738438 	0.0714864 	-9.37779e+06 	-4.92261e-05 	-4.76546e-05 	6251.46
0.0169697 	1.59678 	1.5959 	-9.37768e+06 	-0.00106445 	-0.00106387 	6251.39
0.0171717 	1.06841 	1.06765 	-9.37759e+06 	-0.000712231 	-0.000711725 	6251.33
0.0173737 	0.178054 	0.177176 	-9.37749e+06 	-0.000118695 	-0.00011811 	6251.27
0.0175758 	-0.123365 	-0.124187 	-9.37741e+06 	8.22385e-05 	8.27862e-05 	6251.21
0.0177778 	0.556781 	0.556307 	-9.37733e+06 	-0.000371164 	-0.000370848 	6251.16
0.0179798 	1.23693 	1.2368 	-9.37725e+06 	-0.000824567 	-0.000824483 	6251.1
0.0181818 	-0.727985 	-0.727962 	-9.37718e+06 	0.000485293 	0.000485277 	6251.06
0.0183838 	-2.98679 	-2.98664 	-9.37711e+06 	0.00199107 	0.00199097 	6251.01
0.0185859 	-3.54711 	-3.54693 	-9.37705e+06 	0.00236459 	0.00236447 	6250.97
0.0187879 	-1.80946 	-1.80938 	-9.37699e+06 	0.00120623 	0.00120617 	6250.93
0.0189899 	-0.0718202 	-0.0718251 	-9.37693e+06 	4.78771e-05 	4.78804e-05 	6250.9
0.0191919 	-0.901053 	-0.901174 	-9.37688e+06 	0.000600664 	0.000600745 	6250.86
0.0193939 	-1.86538 	-1.86562 	-9.37682e+06 	0.00124351 	0.00124367 	6250.82
0.019596 	-2.05706 	-2.05732 	-9.37677e+06 	0.00137129 	0.00137146 	6250.79
0.019798 	-1.39475 	-1.39491 	-9.37671e+06 	0.000929774 	0.000929885 	6250.75
0.02 	-0.732437 	-0.732512 	-9.37665e+06 	0.000488261 	0.000488311 	6250.71
