# Probe 0 (0.0015 0.0015 0)
# Probe 1 (0.0015 0.0015 0.002)
# Probe 2 (0.0015 0.0015 0.004)
# Probe 3 (0.0015 0.0015 0.006)
# Probe 4 (0.0015 0.0015 0.008)
# Probe 5 (0.0015 0.0015 0.01)
# Probe 6 (0.0015 0.0015 0.012)
# Probe 7 (0.0015 0.0015 0.014)
# Probe 8 (0.0015 0.0015 0.016)
# Probe 9 (0.0015 0.0015 0.018)
# Probe 10 (0.0015 0.0015 0.02)
# Time        0             1             2             3             4             5             6             7             8             9             10           
50            (-9.18288e-12 -1.1505e-11 -1.31695e-12) (1.28402e-11 1.2677e-11 -2.87471e-11) (9.77787e-12 2.34997e-11 -9.72177e-12) (-1.11112e-11 -7.89418e-12 -3.98536e-11) (1.29996e-11 1.12573e-11 -6.96932e-11) (-1.11244e-11 -1.0133e-12 -1.228e-10) (-6.5228e-13 -9.3719e-12 -1.60308e-10) (-3.39347e-13 -1.09358e-12 -2.48618e-10) (1.1804e-11 1.29072e-11 -2.38814e-10) (-1.28946e-11 1.03291e-11 -2.52916e-10) (-2.32307e-11 -2.36791e-11 -3.07966e-10)
100           (-1.17754e-11 -2.66356e-11 -1.11959e-11) (-1.85061e-12 1.15908e-11 -2.28217e-11) (2.36838e-11 9.65931e-12 2.42517e-12) (1.31948e-12 1.07676e-11 -5.32342e-11) (2.39063e-12 1.48436e-11 -8.70351e-11) (3.48929e-11 -1.16459e-11 -1.44752e-10) (-1.39783e-11 -1.25498e-11 -2.03432e-10) (-1.30665e-11 -1.091e-11 -2.219e-10) (-1.37466e-12 -2.35057e-11 -1.99248e-10) (-1.38029e-11 -2.58319e-11 -1.91643e-10) (2.39268e-11 1.01961e-11 -1.93715e-10)
150           (3.23897e-11 -8.38924e-12 2.40573e-13) (9.41481e-12 -2.12904e-12 7.37439e-12) (1.16084e-11 -8.66128e-13 -8.55769e-11) (3.5534e-11 2.26143e-11 -1.71608e-10) (4.20109e-13 9.84221e-12 -1.36158e-10) (-6.57638e-13 1.31022e-11 -2.37165e-10) (1.15081e-11 1.03282e-11 -1.87894e-10) (-3.05599e-14 1.40463e-11 -2.72151e-10) (-1.71894e-12 -2.19971e-11 -2.71593e-10) (-1.22274e-11 2.10593e-12 -3.37372e-10) (-1.08629e-12 1.85688e-12 -3.97329e-10)
200           (-1.1821e-11 -8.95935e-14 -1.1601e-11) (1.15758e-11 1.41431e-12 -5.01106e-11) (-2.44781e-11 1.10346e-11 -5.2872e-11) (1.06752e-11 1.36089e-11 -1.26174e-10) (-1.15522e-11 -2.56932e-11 -1.31342e-10) (2.49308e-11 -2.15511e-12 -2.30919e-10) (-1.1353e-11 1.14083e-11 -2.11173e-10) (1.04653e-11 -4.22975e-13 -2.75849e-10) (-2.32442e-11 2.82184e-13 -2.86942e-10) (-1.05465e-11 1.06187e-11 -2.73255e-10) (2.74483e-11 -3.66787e-12 -2.05298e-10)
250           (1.13863e-11 -2.32508e-11 1.82855e-13) (1.40101e-12 -1.0683e-11 -4.82366e-11) (1.09105e-11 -1.05266e-11 -3.056e-11) (1.19514e-11 1.01698e-11 -8.20736e-11) (-2.56325e-11 -4.51276e-13 -9.65723e-11) (-2.17714e-12 1.08784e-11 -1.17637e-10) (1.0872e-11 1.16229e-11 -1.24787e-10) (-1.26858e-12 2.31999e-11 -1.4149e-10) (6.40665e-13 -2.3164e-12 -1.35089e-10) (-2.22505e-11 1.13733e-11 -1.13803e-10) (9.38104e-14 8.93e-13 -1.4988e-10)
300           (-3.36551e-11 8.74644e-13 -1.15875e-11) (1.06934e-12 1.12152e-12 -1.5182e-11) (-1.27028e-11 -1.16779e-11 -4.24421e-11) (1.17906e-11 -1.03142e-11 -4.78539e-11) (1.17635e-12 -6.55512e-14 -8.36651e-11) (-9.47009e-12 1.14562e-12 -1.23663e-10) (3.25527e-12 -2.16065e-12 -1.20769e-10) (-1.13819e-12 2.3122e-12 -1.55771e-10) (-9.66589e-13 9.66653e-13 -2.04988e-10) (1.18386e-11 -1.9381e-13 -2.31323e-10) (-9.76513e-13 -2.56541e-11 -2.60016e-10)
350           (-1.05232e-12 1.27781e-11 1.34989e-12) (1.17923e-11 1.25998e-11 -2.53569e-11) (-1.03561e-11 1.38236e-11 -5.4205e-11) (1.23661e-11 -2.36931e-11 -3.66128e-11) (-1.14051e-11 2.22298e-11 -6.797e-11) (-2.46248e-11 6.30042e-13 -1.47368e-10) (2.34296e-12 -1.46448e-12 -2.02229e-10) (1.28776e-11 1.08998e-12 -2.39453e-10) (-9.51847e-13 1.82299e-12 -2.90434e-10) (-2.35884e-11 1.16457e-11 -3.37935e-10) (-1.57481e-14 -6.13475e-13 -2.99454e-10)
400           (-1.65363e-11 -1.14474e-11 -1.39413e-11) (1.24771e-11 -1.05942e-11 -4.07286e-11) (-3.12702e-13 -1.13253e-11 -1.07972e-11) (-1.1961e-11 -1.07607e-11 -1.14709e-10) (1.26071e-11 2.40876e-11 -8.25531e-11) (1.94162e-13 3.6389e-11 -1.57476e-10) (1.24046e-11 2.42136e-11 -1.98215e-10) (1.27034e-11 -1.14583e-12 -2.09411e-10) (-1.30378e-11 3.50473e-11 -2.2538e-10) (-2.22772e-11 1.12342e-11 -2.88453e-10) (1.19446e-11 1.14904e-11 -3.03129e-10)
450           (-1.29562e-11 1.04947e-11 -1.05402e-13) (1.15472e-11 7.97309e-14 -2.64895e-11) (-1.13416e-11 1.3022e-11 -7.88003e-11) (1.07711e-11 1.27853e-12 -1.64013e-10) (5.11717e-13 -3.85091e-14 -1.8989e-10) (2.23375e-11 -1.14227e-11 -2.95756e-10) (-1.15337e-12 1.21024e-11 -3.72368e-10) (2.32333e-11 -1.55293e-12 -3.74855e-10) (-1.07949e-11 1.23403e-11 -4.21983e-10) (1.32884e-11 -1.43996e-12 -4.33617e-10) (-1.32377e-12 1.23761e-11 -4.95307e-10)
500           (1.47237e-11 -1.04922e-12 -2.24581e-12) (-2.30519e-11 3.54565e-13 6.15984e-12) (-1.0505e-11 1.29148e-11 -7.8591e-11) (4.10043e-13 2.22451e-11 -1.34066e-10) (9.63851e-12 8.01147e-13 -1.48558e-10) (9.94987e-13 -1.39211e-12 -1.97244e-10) (-2.18346e-11 -5.11191e-13 -2.0649e-10) (-2.25094e-11 7.63732e-14 -2.49706e-10) (2.21883e-11 -1.64857e-14 -2.75617e-10) (2.19662e-11 -1.42675e-12 -2.6426e-10) (3.43871e-11 -1.22243e-11 -3.50647e-10)
550           (1.35191e-12 -1.52703e-13 -9.77662e-12) (-2.3387e-11 1.28286e-11 -3.62379e-11) (-1.26401e-11 1.16867e-11 -5.29398e-11) (-2.41421e-11 -1.16935e-11 -1.10625e-10) (-1.13191e-11 -2.42137e-11 -1.24545e-10) (-1.16717e-11 2.6128e-12 -1.62974e-10) (1.37193e-12 -3.60002e-11 -1.5387e-10) (1.41591e-11 -2.33697e-11 -1.67491e-10) (1.14725e-11 -8.43567e-12 -1.92871e-10) (-1.20757e-11 -1.16387e-11 -2.18262e-10) (-1.42645e-11 -2.57896e-11 -2.51135e-10)
600           (-1.08444e-11 -2.30935e-11 -2.04313e-12) (-4.76724e-11 4.37945e-13 -4.66071e-12) (-1.06839e-11 2.38676e-12 -8.82889e-12) (-3.58685e-11 -1.21554e-11 -6.90279e-11) (-1.16132e-11 -2.05869e-12 -3.32341e-11) (-9.62966e-12 -1.24626e-11 -1.05928e-10) (1.23293e-11 1.07356e-11 -1.17432e-10) (-3.43736e-12 1.21176e-11 -1.67696e-10) (1.38543e-11 2.34682e-11 -1.93268e-10) (-2.37165e-12 -4.16758e-13 -2.0527e-10) (3.51171e-11 3.54144e-11 -2.24668e-10)
650           (-2.34706e-11 1.03416e-11 9.81694e-14) (2.48049e-11 -1.50855e-13 -1.17195e-11) (2.13221e-11 1.39951e-11 -7.57136e-11) (1.0938e-11 -1.013e-11 -8.97377e-11) (1.2748e-11 -2.64478e-12 -9.46353e-11) (-1.20993e-11 -1.12176e-12 -1.23511e-10) (-1.20555e-11 3.1416e-13 -1.49566e-10) (-1.20513e-11 1.34838e-12 -2.35402e-10) (-1.18404e-11 -1.15626e-11 -2.40428e-10) (-1.54077e-13 -1.16918e-11 -2.68054e-10) (1.15621e-11 3.00795e-14 -2.96972e-10)
700           (1.43275e-12 -8.76394e-13 -2.70117e-11) (1.28003e-12 1.00504e-11 -8.90282e-11) (-1.36301e-11 -1.18171e-11 -8.53038e-11) (1.63101e-12 2.05181e-11 -1.44698e-10) (2.34418e-11 -1.30229e-11 -1.09348e-10) (-2.395e-12 3.48947e-13 -1.39536e-10) (1.24564e-11 -1.16725e-11 -2.37172e-10) (1.27488e-11 -1.55422e-12 -2.64502e-10) (1.4108e-11 -1.16631e-11 -2.91959e-10) (-1.76413e-12 -9.17421e-14 -2.81222e-10) (1.29567e-11 1.27971e-11 -3.21358e-10)
750           (2.41979e-11 1.2817e-11 -1.16171e-12) (9.48039e-12 -1.38138e-12 -8.89716e-12) (-1.85721e-12 -2.2518e-11 2.58401e-11) (-2.07519e-11 -1.17321e-11 -4.6494e-11) (-8.86237e-12 -1.39459e-11 -3.94907e-11) (1.34579e-11 -1.07453e-11 -7.14293e-11) (2.26145e-11 -1.323e-11 -1.382e-10) (-9.51582e-12 5.54341e-13 -1.63936e-10) (-1.05382e-11 4.50345e-13 -2.26396e-10) (1.44756e-11 2.55155e-11 -2.82145e-10) (-2.34805e-11 2.16432e-12 -2.98891e-10)
800           (2.45601e-13 -1.04825e-11 9.29145e-12) (3.51758e-11 -1.16054e-11 5.1985e-11) (1.2457e-11 -1.16984e-11 -3.25812e-12) (-8.19046e-13 -2.35156e-12 3.13334e-11) (1.21106e-11 1.11529e-11 -1.71805e-11) (1.03077e-11 1.17291e-11 -8.01182e-11) (-1.01594e-12 -2.39808e-12 -1.07114e-10) (-1.4705e-12 3.5424e-11 -1.11702e-10) (1.05431e-11 1.33958e-12 -1.27442e-10) (-1.29185e-11 1.87248e-13 -7.18411e-11) (1.28646e-11 1.35098e-11 -1.62326e-10)
850           (-3.60952e-13 -1.12871e-11 -5.86723e-13) (1.0233e-11 -1.16018e-11 9.29832e-12) (5.00103e-13 2.46e-11 -2.71784e-11) (1.29443e-11 -1.13565e-12 -5.80634e-11) (1.18303e-11 2.16466e-11 -9.08794e-11) (1.01071e-11 -1.09827e-11 -1.40696e-10) (2.1974e-11 -2.30863e-11 -1.10118e-10) (9.20362e-12 -1.06924e-11 -1.71059e-10) (-1.2988e-11 -1.22454e-11 -1.63259e-10) (1.27784e-11 1.89551e-12 -1.78984e-10) (-1.46673e-13 1.29612e-12 -1.93637e-10)
900           (-1.24758e-12 -9.99453e-13 -1.23525e-11) (1.06066e-12 1.05372e-11 -3.62554e-11) (2.21114e-11 2.30905e-11 -5.34281e-11) (1.35057e-11 -1.27803e-11 -1.82894e-11) (2.54865e-11 -1.0512e-11 -5.00508e-11) (-2.60035e-13 3.53013e-11 -7.7136e-11) (1.41066e-11 9.15304e-13 -7.5661e-11) (-2.3226e-11 -2.33504e-11 -1.16916e-10) (-2.19727e-11 1.51062e-12 -1.81642e-10) (1.1407e-11 -1.1847e-11 -1.80273e-10) (2.30465e-11 -6.61837e-13 -2.3071e-10)
950           (1.12188e-12 1.15398e-13 -1.23547e-11) (-9.60171e-13 1.01856e-12 -2.5393e-11) (1.14963e-11 1.19381e-11 -5.3668e-11) (-1.07205e-11 -1.67888e-13 -3.71401e-11) (9.42551e-12 -1.15354e-12 -4.46806e-11) (9.31957e-12 1.17809e-11 4.57238e-12) (1.38399e-11 -1.14864e-11 -2.39455e-11) (-1.27749e-11 2.06828e-13 -3.78703e-11) (-1.07836e-11 1.28916e-11 -3.5555e-11) (1.29221e-11 -2.09759e-13 -1.11338e-10) (2.07962e-12 -2.36356e-11 -1.49432e-10)
1000          (-1.29443e-11 6.4689e-13 -3.0628e-12) (-1.15894e-11 1.42074e-11 -1.85097e-11) (1.04874e-11 -1.27982e-11 -2.71733e-11) (-1.05328e-11 -1.73824e-12 -1.39964e-10) (-1.17875e-11 -1.67253e-12 -1.39247e-10) (2.21127e-11 -1.26894e-11 -1.65484e-10) (1.14719e-13 1.11266e-12 -1.69791e-10) (1.29492e-11 -1.16839e-11 -1.59957e-10) (-1.28927e-11 -3.60552e-11 -1.77269e-10) (1.08866e-12 2.56605e-11 -2.21035e-10) (8.18647e-13 1.26479e-12 -2.47641e-10)
1050          (-1.01073e-11 -1.71353e-13 -1.40194e-11) (-1.27819e-11 1.06434e-11 -1.5911e-11) (-8.66229e-13 -1.38835e-12 -3.11174e-11) (1.06269e-11 1.94855e-13 -3.79669e-11) (-4.19075e-13 1.03892e-11 -2.56001e-11) (1.05206e-13 -6.77049e-13 -8.32337e-11) (1.01319e-12 1.29485e-11 -1.34863e-10) (-1.24375e-12 -1.14969e-11 -1.61041e-10) (-8.60899e-14 1.07813e-11 -1.77687e-10) (-9.59598e-13 -1.17065e-11 -2.26349e-10) (-3.07174e-13 3.43658e-11 -2.59658e-10)
1100          (5.29802e-13 -1.04183e-11 8.79928e-12) (1.16423e-11 -9.31759e-13 5.22071e-12) (2.69033e-11 7.35218e-13 2.29746e-11) (2.47526e-11 1.15588e-11 -3.29405e-11) (-1.04251e-11 -9.73671e-12 -5.34018e-11) (-2.36195e-11 -1.29662e-11 -1.1581e-10) (-1.55153e-12 2.7266e-11 -1.2835e-10) (-2.14687e-11 -2.25988e-11 -1.47891e-10) (-8.90351e-13 1.28379e-11 -1.63305e-10) (1.27785e-11 7.87283e-13 -2.04274e-10) (1.22773e-12 4.57547e-11 -2.16478e-10)
1150          (-2.30903e-11 -1.04858e-11 -2.11356e-12) (9.50962e-12 1.94551e-12 -6.36038e-12) (7.78587e-14 2.08162e-12 -1.01528e-10) (-1.01555e-11 -3.45678e-11 -9.64063e-11) (1.52493e-13 -1.94207e-12 -1.3512e-10) (4.78453e-11 -1.37019e-12 -1.38042e-10) (-2.13805e-12 -1.2706e-11 -2.32195e-10) (-1.07831e-13 -2.31196e-12 -2.44334e-10) (-1.29716e-12 1.26867e-11 -2.75743e-10) (-4.99705e-13 -1.38991e-12 -2.92389e-10) (-1.09613e-11 3.53128e-11 -3.22853e-10)
1200          (1.11726e-11 -1.14039e-12 -9.84608e-12) (2.35657e-11 1.26072e-11 -4.51002e-11) (-1.12776e-12 -1.32591e-11 -7.54732e-11) (-9.17385e-12 -1.20709e-11 -1.39397e-10) (-1.16925e-11 -1.16188e-11 -1.43046e-10) (-1.12695e-11 -8.17997e-13 -1.83283e-10) (-2.32051e-11 1.18065e-12 -1.78383e-10) (-1.27286e-11 1.14486e-11 -2.31014e-10) (-1.07738e-11 1.36146e-12 -2.45265e-10) (8.68502e-14 9.72258e-13 -2.59683e-10) (-3.53595e-11 -1.15979e-11 -3.25248e-10)
1250          (-1.26124e-11 1.1774e-11 2.06266e-14) (-1.29726e-11 1.49376e-11 5.68e-13) (4.80382e-11 -2.38559e-11 -7.79648e-11) (2.30404e-12 2.4509e-11 -1.056e-10) (1.29726e-12 1.12077e-11 -1.06412e-10) (-1.07343e-12 1.31614e-11 -1.83071e-10) (-1.17469e-11 1.14881e-14 -1.67515e-10) (2.26454e-12 1.00971e-11 -2.10846e-10) (1.19686e-11 -2.33492e-11 -1.78285e-10) (-1.50274e-11 1.14023e-11 -2.73434e-10) (1.30089e-13 -3.60646e-12 -2.98446e-10)
1300          (-1.18271e-11 -1.30489e-11 1.12343e-11) (-2.32709e-13 -9.79458e-13 -2.65885e-11) (2.25411e-11 1.07526e-11 -5.27238e-11) (-1.56218e-13 2.29755e-11 -1.38033e-10) (-1.16654e-11 -1.19539e-11 -1.55898e-10) (2.55616e-11 9.99056e-12 -2.07838e-10) (1.22366e-11 -2.17968e-12 -2.62838e-10) (-1.14047e-11 -1.33272e-11 -2.99585e-10) (1.40914e-12 -4.29078e-14 -2.5398e-10) (1.25157e-11 9.11254e-12 -2.88036e-10) (7.2791e-13 1.28863e-11 -3.13647e-10)
1350          (-1.19618e-11 -2.2382e-11 6.58539e-12) (2.31026e-11 1.26517e-11 -8.88978e-12) (1.15221e-11 1.26241e-11 -8.94683e-11) (2.46003e-11 1.24855e-11 -1.00489e-10) (-1.29552e-11 -1.39642e-12 -1.11406e-10) (-1.42209e-11 -1.29449e-11 -1.60833e-10) (2.36778e-12 -1.02544e-11 -2.14465e-10) (1.15878e-11 -2.32565e-11 -2.1158e-10) (-1.18723e-11 -1.14859e-11 -2.52475e-10) (1.24606e-11 -2.80223e-13 -2.64779e-10) (1.45907e-11 -9.98552e-12 -2.84553e-10)
1400          (-3.24276e-11 9.49723e-12 -1.03866e-12) (-7.8673e-13 1.31178e-11 -1.66506e-11) (1.36843e-11 -2.43499e-11 -4.52482e-11) (1.31002e-12 1.07596e-11 -5.27745e-11) (-9.71985e-14 9.7143e-13 -7.21533e-11) (3.09968e-12 2.45075e-11 -1.46426e-10) (2.0426e-12 -1.20501e-11 -1.61818e-10) (-1.19181e-12 -2.25816e-11 -1.63897e-10) (-1.10305e-11 -1.5595e-11 -2.12813e-10) (-4.9793e-13 -1.31141e-11 -2.49824e-10) (1.50596e-13 -9.40309e-13 -2.99173e-10)
1450          (-1.14874e-11 -2.27152e-11 -9.37906e-13) (3.46852e-12 3.7063e-13 3.65922e-12) (1.2769e-11 8.58946e-13 -5.68944e-11) (1.07994e-11 -1.26892e-11 -8.8513e-11) (1.19233e-11 1.26155e-11 -9.27103e-11) (-9.72034e-12 2.46365e-11 -1.22685e-10) (-1.35815e-12 -1.28254e-11 -6.72033e-11) (-2.31316e-11 -1.19849e-11 -9.46124e-11) (-1.25533e-11 4.21992e-14 -8.69106e-11) (2.16331e-11 2.11321e-12 -9.30382e-11) (-1.17795e-11 9.73014e-17 -1.08235e-10)
1500          (1.03243e-11 -1.0628e-11 -1.34641e-11) (-2.42135e-11 1.03749e-11 -4.02758e-11) (-1.05983e-11 1.15728e-11 -8.72333e-11) (6.83135e-13 -5.0286e-13 -2.08596e-10) (2.9757e-14 1.15918e-11 -1.63173e-10) (1.31017e-11 1.15637e-11 -2.37221e-10) (-9.93682e-13 1.25293e-11 -2.59081e-10) (2.39932e-11 -1.14156e-11 -2.9163e-10) (-1.03926e-11 -2.31737e-11 -2.53075e-10) (-1.30201e-11 -1.3274e-11 -2.83286e-10) (1.39316e-12 -2.3381e-11 -3.44525e-10)
1550          (1.12339e-11 -1.93902e-12 -3.52015e-11) (2.37726e-11 2.29728e-11 -3.42298e-11) (1.30314e-11 -1.69831e-12 -5.43224e-11) (-8.67206e-13 1.25137e-11 -1.03648e-10) (-2.09151e-11 -9.55926e-12 -5.97514e-11) (1.1946e-11 -1.0232e-11 -1.24317e-10) (-1.06277e-11 -1.08336e-11 -1.7203e-10) (-1.27414e-11 -2.52119e-12 -2.7352e-10) (2.33065e-11 1.28953e-11 -3.36519e-10) (1.14955e-11 -1.54001e-12 -3.82578e-10) (-1.33528e-14 -2.22778e-11 -4.2544e-10)
1600          (1.51244e-13 1.18081e-11 -1.17093e-11) (-2.6414e-11 1.09739e-13 -6.22008e-11) (-9.21632e-12 1.09746e-12 -8.70658e-11) (-2.33786e-11 -1.31123e-11 -1.12189e-10) (-4.98384e-11 2.30651e-11 -1.28761e-10) (-1.1542e-11 -1.17929e-12 -1.61817e-10) (1.93566e-13 -1.15363e-11 -1.885e-10) (1.26568e-11 -9.05967e-13 -1.84538e-10) (-2.31969e-11 1.39138e-11 -2.0056e-10) (3.54955e-11 -3.60391e-11 -2.56117e-10) (-1.0092e-12 8.14872e-14 -2.6934e-10)
1650          (-1.15936e-12 1.1616e-11 -2.62076e-11) (-1.3785e-11 1.25394e-11 -4.14925e-11) (-1.08281e-12 -1.29923e-11 -1.82089e-11) (-1.62339e-12 -2.43563e-11 -2.25211e-11) (-1.24764e-11 1.04039e-11 -4.8935e-11) (9.44158e-12 -1.21746e-12 -6.22808e-11) (-1.50998e-11 -1.55555e-12 -5.60104e-11) (2.3649e-11 8.86966e-14 -4.36222e-11) (1.31065e-11 -9.71917e-12 -9.41793e-11) (5.1755e-14 -1.37247e-12 -9.3255e-11) (-9.1811e-13 -2.22366e-12 -9.15425e-11)
1700          (-6.93063e-13 -9.36826e-13 -1.62479e-12) (2.37299e-11 1.18145e-11 -3.41844e-12) (1.16921e-11 1.16777e-11 -6.89151e-11) (-7.89159e-14 -2.37574e-11 -1.32261e-10) (1.11071e-11 2.28344e-11 -1.8194e-10) (1.1933e-11 -1.19867e-12 -2.21325e-10) (-1.15781e-11 9.36514e-13 -2.96719e-10) (-1.1505e-11 -1.0206e-11 -3.21155e-10) (-1.15449e-11 2.48086e-11 -3.57031e-10) (-1.16034e-11 3.60208e-11 -3.70927e-10) (1.31173e-11 1.32753e-11 -4.01933e-10)
1750          (3.62439e-11 -1.31316e-12 -1.00069e-11) (-2.12755e-11 3.51516e-11 -3.19392e-11) (-1.74985e-14 -2.44881e-11 -6.97264e-12) (-1.22945e-11 -2.49181e-12 -3.97841e-11) (-2.16811e-11 9.99319e-13 -4.66648e-11) (1.64566e-12 2.06265e-12 -7.37231e-11) (1.20676e-11 -1.16366e-11 -6.46695e-11) (-9.36409e-12 -1.23362e-12 -1.02142e-10) (2.26863e-11 -1.10552e-11 -8.631e-11) (-2.21892e-11 -1.18164e-11 -1.37053e-10) (-1.06429e-11 -1.15965e-11 -2.06391e-10)
1800          (1.26539e-11 -1.27639e-11 3.55281e-14) (-9.52195e-12 -2.40247e-11 -1.61645e-11) (1.13764e-11 -3.60647e-11 -4.54211e-11) (-1.25342e-11 -2.92802e-13 -2.05797e-11) (-1.17201e-12 -1.28122e-11 -6.09682e-11) (-4.16987e-13 -1.30381e-12 -1.09384e-10) (-1.46589e-11 3.47169e-11 -1.15464e-10) (1.20681e-11 -3.74663e-13 -1.42684e-10) (1.15357e-11 -1.96265e-13 -1.71264e-10) (1.16132e-11 -1.38948e-13 -2.22369e-10) (-1.44256e-11 -7.30303e-12 -2.12242e-10)
1850          (2.2365e-12 -1.28807e-11 -1.1861e-11) (2.45269e-12 8.75858e-12 -3.80522e-11) (-1.26468e-11 -2.6985e-13 -6.96209e-11) (1.08088e-11 -1.74784e-13 -1.10163e-10) (-2.28644e-11 -2.0922e-11 -1.37928e-10) (-2.55693e-11 -8.52523e-14 -1.23404e-10) (-1.18239e-12 -2.2487e-11 -1.39981e-10) (-2.31625e-11 9.59003e-13 -1.56024e-10) (-1.04496e-11 9.45521e-13 -1.88174e-10) (1.43679e-12 -4.77088e-13 -2.40417e-10) (3.22158e-13 -2.52277e-11 -2.64774e-10)
1900          (1.18985e-11 1.29698e-11 -2.47362e-11) (-1.28129e-11 1.15913e-11 -3.8042e-11) (-1.26286e-11 -1.28974e-11 -5.20981e-11) (-6.6306e-13 3.46701e-11 -7.8128e-11) (4.50122e-13 1.32472e-11 -6.94985e-11) (1.28912e-11 1.15791e-11 -1.12094e-10) (-1.1785e-11 -2.31516e-11 -1.65925e-10) (1.29725e-13 -1.10351e-11 -2.03749e-10) (7.80822e-14 2.46788e-11 -2.19037e-10) (1.16946e-11 -1.19088e-12 -2.14741e-10) (-1.14902e-11 -1.16177e-11 -2.04659e-10)
1950          (-3.30016e-13 1.16923e-14 6.61066e-13) (1.31719e-11 2.46943e-11 -2.41637e-11) (-1.74821e-12 -1.25464e-11 -1.63229e-11) (-1.08105e-12 -1.37694e-12 -9.27216e-11) (-1.14106e-11 -2.23088e-11 -1.07231e-10) (-1.93357e-13 1.02603e-13 -1.40334e-10) (2.05902e-12 -1.15774e-11 -1.93485e-10) (-9.78179e-12 1.53546e-13 -2.1546e-10) (9.36281e-12 2.10905e-13 -2.43161e-10) (1.14188e-11 -2.23722e-11 -3.12311e-10) (1.13683e-11 -1.49517e-11 -3.83869e-10)
2000          (-8.53165e-14 1.13993e-12 -2.27975e-13) (2.33976e-11 3.48535e-11 2.1464e-11) (-3.60585e-11 1.07043e-11 -1.4305e-11) (1.47096e-11 -4.30927e-13 -7.81518e-11) (-1.04854e-11 -1.20348e-11 -5.78378e-11) (1.17194e-12 -1.56451e-12 -1.07984e-10) (9.29257e-12 -8.78178e-13 -1.25648e-10) (-1.05388e-11 -1.35714e-12 -1.7937e-10) (-1.30267e-11 -1.07431e-11 -1.9369e-10) (9.82906e-12 -2.41036e-11 -2.30002e-10) (9.01627e-13 3.65181e-11 -2.44065e-10)
2050          (-1.23231e-11 -6.96138e-13 -1.15946e-12) (1.07339e-12 -1.05202e-11 -3.97456e-11) (-1.34086e-11 2.19665e-11 -1.02283e-10) (-1.16898e-11 -1.17171e-11 -1.83036e-10) (2.33826e-11 2.40584e-11 -1.9909e-10) (1.13087e-11 -1.22513e-11 -2.13514e-10) (-1.15785e-11 -1.70745e-13 -2.66876e-10) (2.45534e-11 1.06671e-11 -3.01784e-10) (-1.2893e-11 -1.11611e-11 -3.90532e-10) (1.26203e-11 -4.18613e-13 -4.3386e-10) (-1.19423e-11 1.06986e-11 -4.38857e-10)
2100          (1.18691e-11 -1.18029e-12 6.92716e-13) (9.47663e-12 -1.1698e-11 -9.89807e-12) (-2.2419e-13 1.40479e-11 -4.99713e-11) (1.13868e-12 -1.59975e-12 -5.7144e-11) (4.31586e-13 1.26399e-11 -1.29462e-10) (1.25783e-12 1.12579e-11 -1.8159e-10) (-1.54396e-13 1.41324e-13 -2.07583e-10) (-1.25396e-11 2.15955e-14 -2.52043e-10) (-1.08858e-11 1.15745e-11 -2.98423e-10) (7.63859e-12 4.2724e-14 -3.06272e-10) (3.09461e-12 5.4621e-14 -3.26388e-10)
2150          (1.15404e-11 -1.13409e-12 8.80404e-12) (1.19422e-11 3.73974e-11 -5.20639e-12) (-1.30459e-11 1.29471e-11 -1.23495e-11) (-9.36223e-12 -1.17784e-11 -6.35815e-11) (9.95236e-12 2.3923e-11 -7.9419e-11) (4.29942e-14 2.20158e-11 -1.35042e-10) (1.17429e-11 -1.29545e-11 -1.2047e-10) (1.10561e-11 -6.77055e-14 -1.51324e-10) (-1.04656e-11 -2.34326e-11 -1.65387e-10) (-1.58973e-12 1.04078e-11 -2.40212e-10) (-5.32487e-13 -1.2333e-11 -2.07315e-10)
2200          (-1.1357e-11 1.26516e-11 -1.35804e-11) (-2.27811e-11 1.99077e-12 -1.51898e-11) (-2.50618e-11 2.11751e-11 -6.46756e-11) (1.26322e-11 -1.20304e-12 -1.6088e-10) (-1.14339e-11 1.02078e-11 -2.11996e-10) (-2.3953e-11 -8.97271e-12 -2.54013e-10) (-1.06018e-11 -1.13238e-11 -2.56075e-10) (-1.04865e-11 1.64603e-12 -2.7143e-10) (3.08531e-13 1.25996e-11 -3.27027e-10) (-1.3036e-11 -2.04944e-12 -3.57702e-10) (-2.27857e-12 2.07781e-12 -3.74891e-10)
2250          (-8.58257e-13 -1.00163e-11 1.08684e-11) (1.18e-11 -1.41879e-11 7.55866e-12) (-2.45567e-11 -1.68759e-12 -7.1793e-12) (2.36019e-12 1.35296e-11 -2.3273e-11) (1.05343e-11 2.42861e-12 -8.05008e-11) (-9.99016e-12 2.42304e-13 -1.44086e-10) (-8.30958e-12 -1.1255e-11 -1.81781e-10) (-5.42348e-14 -8.52396e-13 -2.41605e-10) (-2.44979e-11 -1.15232e-12 -2.26629e-10) (-1.32453e-13 -1.17635e-11 -2.76928e-10) (1.21232e-11 -2.31579e-12 -3.0133e-10)
2300          (1.26842e-11 8.62085e-13 2.12289e-13) (1.20572e-11 1.63763e-13 -1.27808e-11) (1.05815e-11 1.15821e-11 -6.47703e-11) (-1.1926e-11 -1.09639e-12 -9.53467e-11) (-1.22784e-12 -1.17611e-11 -1.49401e-10) (-3.40352e-11 -1.36737e-13 -1.66316e-10) (1.03639e-11 -1.23224e-11 -2.43796e-10) (-1.3147e-11 -7.08755e-14 -2.77294e-10) (-1.42207e-11 2.41935e-11 -2.71953e-10) (-1.11226e-12 1.9725e-12 -2.75608e-10) (1.24075e-12 -1.03078e-12 -3.21838e-10)
2350          (1.1908e-12 -1.06288e-12 -2.49839e-11) (-2.42382e-11 -2.31061e-12 -4.20566e-11) (1.28083e-11 1.25759e-11 -7.63828e-11) (4.20598e-13 9.37658e-12 -1.48681e-10) (1.07979e-11 1.27839e-11 -1.10366e-10) (2.24611e-11 1.2761e-11 -1.06176e-10) (-3.50953e-11 1.3025e-11 -1.23941e-10) (1.0212e-11 9.62353e-14 -1.52141e-10) (-1.19625e-11 -2.34831e-12 -1.50467e-10) (-1.32312e-11 1.0369e-11 -1.77462e-10) (1.27503e-11 -1.88169e-13 -1.80329e-10)
2400          (-2.41552e-11 1.16806e-11 -2.28853e-11) (-1.07821e-11 -2.33405e-11 -2.43469e-11) (1.18427e-11 -2.48707e-11 -2.93765e-11) (1.31135e-11 -1.53783e-11 -5.58129e-11) (-9.62371e-13 -3.92895e-13 -4.26657e-11) (1.39641e-12 -9.30298e-12 -2.49238e-11) (1.48126e-11 1.58398e-13 -7.55178e-11) (-8.99424e-13 1.3157e-12 -4.51133e-11) (-1.13661e-11 1.1422e-12 -1.00316e-10) (-2.42665e-11 2.11679e-11 -1.04925e-10) (-4.93534e-13 -2.2471e-11 -1.32527e-10)
2450          (-5.8643e-14 -1.03566e-11 1.10826e-11) (-1.45272e-13 -9.12815e-13 -2.39759e-12) (-1.13954e-11 1.37905e-11 -4.24502e-11) (1.54343e-13 -1.3233e-11 -5.95115e-11) (9.37035e-13 -6.63476e-13 -5.18596e-11) (-2.49359e-11 1.03654e-12 -1.29173e-10) (1.11643e-12 -9.23035e-12 -1.68104e-10) (-9.43741e-14 1.24802e-12 -1.82594e-10) (2.63055e-12 2.55017e-14 -1.9487e-10) (-1.08904e-11 2.23959e-11 -2.47735e-10) (1.07328e-12 -2.18142e-12 -2.77353e-10)
2500          (1.07019e-12 1.11416e-11 -2.51956e-11) (-1.13172e-11 -2.33882e-11 -2.86311e-11) (1.25596e-11 -1.02104e-11 -4.37857e-11) (1.04195e-11 -6.4106e-13 -4.83308e-11) (-9.26671e-13 4.99462e-13 -1.27292e-10) (1.13359e-11 1.21656e-11 -1.42561e-10) (1.07655e-11 -5.03549e-13 -2.23824e-10) (-1.33834e-13 -5.3058e-13 -2.2273e-10) (1.28681e-11 1.15961e-11 -3.02045e-10) (-1.0842e-11 -1.18346e-11 -3.58908e-10) (-2.31743e-11 -1.09583e-11 -3.90594e-10)
2550          (-1.16549e-11 -1.01999e-12 -4.81469e-13) (1.6228e-11 -1.30693e-11 -1.24229e-11) (-1.10188e-11 1.61714e-12 -4.0603e-11) (-1.29271e-11 -1.61267e-12 -9.32113e-11) (2.19718e-11 1.1187e-11 -1.15933e-10) (9.08588e-12 -1.30735e-11 -1.79095e-10) (-1.86949e-13 -3.37999e-13 -2.11068e-10) (-1.14943e-11 -1.37799e-12 -2.81674e-10) (-1.13778e-11 8.3909e-12 -2.59397e-10) (8.70061e-12 2.33534e-11 -3.19599e-10) (4.7743e-13 1.41698e-11 -2.93144e-10)
2600          (1.1459e-11 1.41007e-11 -1.16544e-11) (-1.3625e-11 8.69626e-12 -6.09458e-11) (1.17276e-11 1.2748e-11 -4.81901e-11) (1.09209e-11 2.18301e-12 -1.37758e-10) (1.01012e-12 1.22704e-11 -1.23978e-10) (-2.30943e-11 -1.0781e-11 -1.88583e-10) (2.28747e-12 -2.27114e-13 -1.74737e-10) (1.20667e-11 3.0179e-12 -1.9233e-10) (1.08233e-11 1.16976e-11 -2.54991e-10) (1.2739e-11 -2.5408e-13 -2.96415e-10) (-1.39704e-11 2.09691e-13 -3.01161e-10)
2650          (1.14761e-11 1.13783e-11 -1.11493e-12) (1.17056e-11 -2.4314e-11 -2.71719e-11) (-1.97307e-12 -4.81032e-13 -3.34646e-11) (-2.45444e-11 1.26456e-11 -8.26301e-11) (2.0039e-11 2.19913e-11 -8.83928e-11) (-1.4928e-12 5.75168e-13 -1.22594e-10) (1.14202e-11 -7.31429e-14 -1.3798e-10) (9.7673e-14 1.17087e-11 -1.55201e-10) (1.42808e-11 -1.48053e-12 -1.84462e-10) (1.37144e-11 1.13603e-11 -1.83629e-10) (8.23677e-12 1.29189e-11 -2.79641e-10)
2700          (2.30005e-11 1.12171e-11 -2.85447e-12) (1.0809e-11 -4.82955e-13 -4.84303e-12) (2.35859e-11 -2.22401e-11 -4.85675e-11) (-8.14878e-12 -5.51239e-13 -6.81242e-11) (-1.35828e-11 9.75558e-12 -1.24245e-10) (1.373e-11 -1.20224e-11 -1.43624e-10) (2.43082e-12 -1.19279e-11 -1.80108e-10) (-1.26027e-11 -4.92004e-14 -2.58789e-10) (-1.05554e-11 -1.8859e-12 -2.35705e-10) (-1.0795e-11 -1.17863e-11 -2.83776e-10) (2.36458e-11 -2.37224e-11 -2.71129e-10)
2750          (1.27033e-11 3.91676e-13 -7.35251e-13) (1.14124e-11 -1.19007e-11 7.26878e-12) (-1.05134e-11 1.18983e-11 -6.80239e-12) (-1.16361e-11 9.15099e-12 -7.84975e-11) (-1.03724e-11 7.8264e-12 -1.18972e-10) (-1.37509e-11 1.06592e-11 -1.16598e-10) (-1.29357e-12 2.5382e-11 -1.79502e-10) (-4.08391e-13 3.11505e-12 -1.69049e-10) (1.81149e-13 1.29031e-11 -1.75925e-10) (-2.34571e-11 1.03583e-12 -2.74583e-10) (-1.07435e-11 1.12159e-13 -3.06437e-10)
2800          (-7.71419e-13 1.43111e-12 -2.11932e-13) (1.37695e-12 -1.24968e-12 -1.43909e-11) (8.53591e-13 -1.0486e-11 -6.52496e-11) (2.3489e-11 -2.22777e-11 -9.59629e-11) (1.30132e-11 -1.34657e-11 -8.82031e-11) (-1.24074e-12 -8.20345e-13 -1.47358e-10) (2.17421e-13 -1.17579e-11 -1.4177e-10) (1.21433e-11 -1.27231e-11 -1.89244e-10) (1.29257e-11 2.7578e-12 -2.0351e-10) (1.3972e-11 1.9383e-12 -2.54022e-10) (-1.17347e-11 1.24195e-11 -2.60958e-10)
2850          (-2.2401e-12 -1.26968e-11 -1.37254e-11) (-1.29887e-11 -1.28712e-11 -4.09637e-11) (-2.57597e-11 -1.31441e-11 -5.44876e-11) (1.0403e-13 -1.34702e-11 -7.73624e-11) (4.77034e-11 -3.34788e-13 -8.55467e-11) (-1.0834e-11 9.34824e-12 -1.29402e-10) (-1.35351e-13 -2.3743e-11 -1.74955e-10) (-1.1608e-11 -1.18448e-12 -1.61161e-10) (1.05806e-11 -9.55798e-12 -2.35453e-10) (3.09123e-12 1.0717e-11 -2.88315e-10) (-1.19949e-11 1.2061e-12 -3.034e-10)
2900          (-9.72124e-13 2.33207e-11 -1.48233e-11) (-3.65838e-12 9.54183e-12 -1.62284e-11) (-2.90689e-13 -9.63016e-13 -5.58124e-11) (-1.15121e-11 1.01222e-12 -9.50895e-11) (1.00394e-13 -1.4778e-12 -1.12424e-10) (1.06054e-11 1.14456e-11 -1.38536e-10) (2.60095e-11 9.37124e-12 -1.55426e-10) (2.20104e-13 7.67136e-13 -1.98021e-10) (-1.27317e-11 1.16518e-13 -2.35659e-10) (1.37037e-11 9.37972e-13 -2.73358e-10) (1.40873e-11 -1.38737e-11 -3.0907e-10)
2950          (-7.39549e-13 1.21058e-12 3.33425e-13) (-1.13905e-11 1.25311e-12 3.40603e-11) (-1.23031e-12 1.05987e-11 -7.45145e-12) (-1.32824e-11 -3.23978e-13 2.29233e-11) (3.6288e-13 -1.21341e-11 -1.5877e-11) (-8.38115e-12 -2.2304e-11 -6.73058e-11) (-1.14859e-11 -1.12604e-11 -1.0629e-10) (-3.15143e-11 2.33891e-15 -1.22681e-10) (-3.40728e-11 2.09109e-12 -1.48347e-10) (-3.72389e-13 1.15134e-12 -1.68358e-10) (-1.24022e-12 -1.10813e-12 -1.76104e-10)
3000          (7.48106e-13 1.1806e-11 -3.51081e-11) (-9.80957e-14 -1.0493e-11 -5.11828e-11) (9.42861e-13 -1.33723e-11 -6.59511e-11) (-1.16717e-11 -2.21821e-11 -1.17983e-10) (1.36331e-12 -1.19121e-11 -1.59883e-10) (1.38833e-11 1.84638e-12 -1.98168e-10) (1.20394e-12 2.3285e-12 -1.81359e-10) (1.03812e-11 -1.41485e-11 -1.97699e-10) (1.37182e-11 -1.07313e-11 -2.3497e-10) (1.14863e-11 -1.13935e-14 -2.44553e-10) (1.97416e-13 3.77237e-11 -2.33502e-10)
3050          (-2.34649e-12 -6.10532e-13 -2.90712e-13) (2.33135e-11 -2.56981e-14 -9.33122e-12) (-1.15401e-11 -1.06351e-11 -2.96818e-11) (1.26325e-11 -1.75023e-12 -6.57396e-11) (1.40371e-11 1.0723e-11 -5.81458e-11) (-9.60752e-12 1.26138e-11 -1.05281e-10) (1.14647e-11 1.183e-11 -1.75292e-10) (-7.75267e-13 5.77656e-14 -2.06366e-10) (1.00273e-11 -2.49942e-12 -2.01824e-10) (2.38274e-11 -2.49152e-11 -2.08363e-10) (8.77743e-13 1.88179e-12 -2.47752e-10)
3100          (1.2554e-12 -1.25563e-11 1.06629e-11) (-1.04098e-13 2.30781e-11 -3.14832e-12) (1.23025e-11 1.28779e-11 -3.65476e-11) (-1.18226e-11 1.20866e-11 -4.47303e-11) (-9.90543e-13 -2.23855e-11 -1.06639e-10) (-2.29187e-12 -1.27528e-11 -1.57756e-10) (4.6248e-11 9.92626e-13 -1.85285e-10) (1.02266e-11 3.58848e-14 -2.00343e-10) (1.07345e-11 1.01923e-12 -2.24667e-10) (-8.47821e-14 -2.28779e-11 -2.20231e-10) (-1.1861e-11 -3.53422e-11 -2.32045e-10)
3150          (-9.663e-13 -1.17221e-11 -1.02144e-11) (-1.57329e-12 1.25583e-11 -2.06827e-11) (1.17777e-11 1.06097e-11 -6.12575e-11) (9.66804e-12 6.18095e-14 -1.0068e-10) (-1.13415e-11 2.19719e-11 -8.43874e-11) (1.09411e-11 -2.02978e-12 -1.24489e-10) (1.14157e-11 2.58843e-13 -1.55793e-10) (-1.20898e-11 1.14329e-12 -1.94838e-10) (1.14483e-11 9.18166e-13 -2.12859e-10) (1.3566e-11 1.24196e-11 -2.07618e-10) (-2.98139e-13 1.90672e-12 -2.46911e-10)
3200          (-1.12386e-11 1.36183e-12 1.15741e-12) (1.17325e-11 -1.16132e-11 -4.40414e-11) (-1.29523e-11 -1.8755e-13 -2.63739e-11) (-8.35076e-13 8.009e-13 -7.72513e-11) (-1.18072e-11 -1.20734e-11 -5.69523e-11) (-1.88545e-12 -1.20104e-11 -1.78797e-10) (-2.44194e-11 -1.27387e-11 -1.95953e-10) (9.57718e-12 -1.32467e-12 -2.34934e-10) (-9.46858e-12 -3.54125e-11 -2.68017e-10) (8.79929e-14 2.23803e-13 -2.81629e-10) (-6.90923e-14 -1.97688e-12 -3.1193e-10)
3250          (-1.02369e-11 -2.31361e-11 -1.47787e-12) (1.0364e-11 2.28612e-12 8.24205e-12) (-3.43204e-13 1.13773e-11 -3.46605e-11) (-1.0298e-11 1.1732e-11 -8.66465e-11) (9.88548e-12 1.29209e-11 -6.53303e-11) (9.99861e-12 1.07824e-11 -1.10302e-10) (-1.12143e-11 -1.21912e-11 -1.47218e-10) (-1.27624e-11 -2.31783e-11 -1.84323e-10) (-8.80509e-14 -2.31874e-11 -2.08282e-10) (-2.19282e-12 -2.11065e-11 -2.14392e-10) (3.55526e-11 -3.43538e-11 -2.55162e-10)
3300          (1.09638e-11 -2.579e-11 1.11997e-11) (-6.93116e-13 2.28883e-12 -3.81417e-12) (1.04831e-11 -1.0793e-11 -2.97642e-11) (-9.99284e-13 -1.31975e-13 -5.85512e-12) (-1.22718e-12 -1.40036e-11 -3.94543e-11) (-2.32951e-11 -1.42488e-11 -6.7808e-11) (1.07465e-11 -1.09942e-11 -1.58774e-10) (-6.06948e-14 1.00691e-11 -1.87443e-10) (-8.02192e-13 1.96713e-12 -2.23553e-10) (-2.23125e-11 -1.11907e-12 -2.50244e-10) (5.34054e-14 -2.46749e-11 -2.22434e-10)
3350          (-2.19617e-11 -1.0419e-11 1.18555e-11) (-2.48678e-11 -2.42675e-11 -1.16695e-11) (1.19308e-11 1.29308e-11 -4.27618e-11) (1.33614e-11 4.168e-13 -6.84314e-11) (3.4578e-13 1.0795e-11 -1.06255e-10) (-1.63092e-12 1.29022e-11 -1.45119e-10) (2.34377e-11 1.17785e-11 -2.18562e-10) (-2.21846e-11 -2.55838e-12 -2.09951e-10) (5.42873e-13 -3.42786e-11 -2.06751e-10) (2.14797e-13 1.17881e-11 -2.47381e-10) (1.21015e-11 1.77515e-13 -2.44335e-10)
3400          (-2.21277e-11 1.12822e-11 -1.46157e-12) (-1.15361e-11 1.91217e-13 6.86734e-12) (4.36968e-13 1.16418e-11 2.88156e-11) (-1.00948e-11 -1.23124e-13 -8.66226e-11) (-4.99943e-13 3.46024e-11 -9.50708e-11) (-1.04687e-11 9.72615e-13 -1.56289e-10) (9.56645e-14 2.41966e-11 -1.58459e-10) (-9.79669e-13 -2.32009e-13 -1.91802e-10) (1.3693e-12 3.4887e-11 -1.95981e-10) (-1.05632e-11 -1.51672e-12 -2.14665e-10) (-1.19176e-11 1.20152e-11 -2.95982e-10)
3450          (-3.59767e-11 1.27224e-11 -1.18194e-11) (-1.03803e-11 1.19084e-12 -2.41991e-11) (1.31935e-12 -1.00673e-12 -5.18354e-11) (-7.63853e-13 1.14618e-11 -1.19311e-10) (3.7968e-13 -1.4287e-13 -8.55387e-11) (1.47318e-12 -1.13643e-11 -1.34336e-10) (-2.65832e-11 1.07584e-11 -1.87057e-10) (-1.2722e-11 1.20092e-11 -2.19639e-10) (-2.44086e-11 2.14942e-13 -2.1738e-10) (2.23042e-11 1.14772e-11 -3.02037e-10) (2.62856e-13 1.30101e-12 -2.9017e-10)
3500          (-1.42108e-11 -1.05242e-11 -1.26985e-11) (-3.77315e-13 -1.29624e-11 -2.58795e-12) (-1.17881e-11 -1.02726e-11 -1.43556e-11) (1.30056e-11 2.45939e-11 -4.37298e-11) (3.44256e-13 -2.29252e-12 -6.68325e-11) (2.4304e-11 -1.03516e-12 -5.06377e-11) (1.41521e-11 2.42992e-12 -1.27963e-10) (2.48113e-13 -1.06181e-11 -1.67034e-10) (-1.14178e-11 -2.37692e-11 -1.7754e-10) (9.4641e-14 8.98476e-13 -2.1446e-10) (-1.4065e-11 -3.66555e-12 -1.89114e-10)
3550          (2.33784e-11 1.20136e-11 -4.2391e-12) (1.13428e-11 6.55394e-14 1.65264e-11) (-1.0695e-11 1.41333e-13 6.74766e-12) (-2.19421e-11 -1.97503e-13 4.03883e-11) (1.2317e-12 -4.16487e-13 -3.48785e-11) (-2.34167e-12 -1.15913e-11 -1.21021e-10) (-2.476e-11 1.2627e-11 -1.37999e-10) (-1.07757e-11 2.24109e-12 -1.73498e-10) (9.86279e-12 8.05271e-12 -2.36994e-10) (-1.30075e-11 1.4628e-12 -2.204e-10) (5.65971e-13 -9.82614e-13 -2.73542e-10)
3600          (-2.72874e-13 -1.17074e-12 1.14079e-11) (2.38386e-11 1.30008e-11 4.34081e-11) (-1.26325e-11 -1.31173e-12 -1.9286e-11) (1.86729e-13 -1.02634e-13 -1.1939e-11) (1.54916e-12 1.26069e-11 -5.32046e-11) (-4.11951e-14 9.59953e-12 -1.08085e-10) (-2.30881e-13 1.29843e-11 -1.76216e-10) (1.96813e-13 -1.30113e-12 -1.46238e-10) (1.00053e-13 1.15407e-11 -1.82986e-10) (-2.48573e-11 -2.44016e-11 -1.42943e-10) (1.30791e-11 1.17401e-11 -1.5369e-10)
3650          (1.29291e-11 -3.02175e-14 -1.2498e-11) (5.95645e-14 1.15022e-11 -1.37283e-11) (-1.05408e-11 -1.55859e-13 -1.53598e-11) (-4.50244e-13 -2.10466e-11 -5.12467e-11) (-1.24523e-11 -1.10244e-11 -4.92567e-12) (-1.06311e-11 1.08198e-11 -7.5006e-11) (8.96026e-12 -1.21901e-12 -1.05376e-10) (-7.97727e-13 -4.35745e-13 -7.18122e-11) (-9.77994e-13 1.30425e-11 -1.09753e-10) (-1.07383e-11 -1.32822e-11 -1.77464e-10) (-1.26136e-11 -1.16114e-11 -1.91325e-10)
3700          (-1.15041e-11 -1.12996e-11 -1.807e-13) (1.48024e-12 1.29758e-11 -3.62909e-11) (-1.21633e-12 9.80541e-12 -8.13962e-11) (1.20383e-11 2.43135e-11 -7.43059e-11) (2.26668e-13 -3.43885e-13 -1.02136e-10) (-1.01076e-11 -1.3053e-11 -1.91926e-10) (1.16064e-11 2.21647e-11 -1.82995e-10) (-1.28895e-11 -2.42561e-13 -2.47563e-10) (-1.07422e-11 -1.14171e-12 -2.71631e-10) (-1.39655e-11 4.47797e-14 -2.89522e-10) (1.17356e-11 4.67183e-14 -3.52897e-10)
3750          (1.17029e-11 6.13717e-14 -1.34995e-11) (1.25114e-11 1.18586e-11 -5.07055e-11) (1.12046e-11 1.36989e-12 -4.47139e-11) (-1.15502e-11 1.03663e-11 -1.31862e-10) (-1.04814e-11 1.07652e-12 -1.02151e-10) (-2.10982e-13 -1.38867e-11 -1.75178e-10) (-2.14618e-13 -2.69499e-13 -1.93325e-10) (9.91049e-13 3.5041e-11 -2.37341e-10) (2.1796e-12 1.29753e-11 -2.73148e-10) (-1.16263e-11 -1.30381e-11 -2.8624e-10) (-9.51324e-12 1.17745e-11 -3.09772e-10)
3800          (-2.07825e-11 1.2785e-11 7.69681e-13) (-1.22301e-11 -2.37641e-11 -1.18843e-11) (-1.09113e-12 1.39003e-12 -4.00854e-11) (1.41591e-12 -1.41219e-12 -8.40483e-11) (1.27258e-11 -1.07584e-11 -1.20767e-10) (2.34012e-11 7.29085e-14 -1.5331e-10) (-2.35968e-11 -2.34629e-11 -2.62307e-10) (-1.27509e-11 1.12989e-11 -2.37783e-10) (1.30921e-11 -1.31983e-11 -2.43839e-10) (1.20318e-11 2.3201e-11 -2.78792e-10) (-8.74919e-13 -2.41139e-12 -2.77483e-10)
3850          (1.42797e-12 -1.17158e-11 -2.37903e-11) (1.25951e-11 -3.61562e-11 -2.52031e-11) (-1.1478e-11 -1.09035e-12 -1.08167e-10) (-6.95211e-14 1.24241e-11 -1.01928e-10) (-1.29795e-11 -1.37101e-11 -1.42148e-10) (-2.78538e-13 -1.85952e-12 -1.65323e-10) (-1.3206e-11 -2.24779e-11 -1.59732e-10) (1.63556e-12 -1.21783e-11 -1.74377e-10) (1.2697e-11 1.14567e-11 -2.21907e-10) (-2.35388e-11 1.24293e-11 -2.60432e-10) (-1.19303e-11 1.275e-11 -2.72873e-10)
3900          (-1.14724e-11 -3.3944e-11 2.82833e-13) (1.86591e-13 -1.08108e-11 4.76631e-11) (1.16536e-12 -8.32544e-15 -2.84004e-11) (-2.16395e-11 -1.45012e-12 -8.76392e-12) (1.51302e-11 -2.93691e-13 9.27819e-13) (-8.67946e-14 1.44088e-11 -1.3497e-11) (-2.08385e-13 2.31558e-11 -7.47371e-11) (-1.13159e-11 1.2333e-12 -1.74927e-10) (1.47475e-11 -1.00278e-11 -2.14673e-10) (-2.35413e-12 -1.44e-12 -2.34623e-10) (2.27655e-11 -4.67224e-13 -2.83226e-10)
3950          (1.3469e-12 2.43709e-11 -4.90231e-11) (4.05947e-13 -1.45844e-11 -9.86355e-11) (-1.42995e-12 -1.02576e-12 -7.44975e-11) (1.05435e-11 -1.33875e-11 -7.07316e-11) (1.99494e-12 -1.44378e-11 -1.52767e-10) (8.73523e-12 -1.36201e-11 -1.42152e-10) (-4.54976e-11 -3.43243e-11 -1.89946e-10) (2.29681e-12 -1.07348e-11 -2.26975e-10) (-1.17738e-11 3.38505e-12 -2.35474e-10) (2.0651e-12 1.29976e-12 -2.35823e-10) (-9.60164e-14 3.49964e-11 -2.64822e-10)
4000          (1.04252e-11 1.16737e-11 -1.39661e-11) (1.29499e-11 1.28506e-11 -4.20367e-11) (1.15614e-11 1.20011e-11 -4.75421e-11) (1.42141e-12 -1.27661e-11 -9.96448e-11) (1.51578e-12 1.24145e-12 -1.68496e-10) (1.12377e-12 -2.2648e-11 -2.52401e-10) (-3.40746e-11 -2.53691e-13 -2.30552e-10) (1.19475e-11 -1.05349e-11 -2.97786e-10) (-2.81227e-14 -1.26509e-11 -3.16198e-10) (-2.22997e-11 -1.32122e-11 -3.85083e-10) (-2.37467e-11 -1.31409e-11 -3.87566e-10)
4050          (1.07022e-11 8.02785e-13 2.34965e-12) (2.32035e-11 3.25378e-12 -3.45616e-11) (1.28935e-11 -3.72819e-14 -6.38083e-11) (1.32744e-11 8.12022e-13 -1.18806e-10) (1.30955e-11 -1.06704e-11 -1.38311e-10) (1.26543e-11 1.29416e-11 -2.17534e-10) (3.99023e-14 -1.27693e-11 -2.58396e-10) (1.0436e-11 -2.19044e-12 -3.09814e-10) (-1.95122e-12 -1.70003e-13 -3.87295e-10) (1.26224e-11 -2.58036e-11 -4.22117e-10) (1.31631e-12 8.42277e-14 -4.30662e-10)
4100          (-1.24854e-11 -1.02326e-12 -2.36227e-11) (1.65372e-12 1.96259e-13 -3.43528e-11) (-2.40736e-12 4.13808e-13 -5.1426e-11) (-1.40231e-11 -1.29753e-11 -1.12642e-10) (-1.15959e-11 -1.08744e-11 -1.2639e-10) (-1.29107e-11 -1.04412e-11 -1.64473e-10) (1.46379e-12 -1.03903e-11 -2.31003e-10) (2.35913e-11 -1.34435e-11 -2.69799e-10) (9.69082e-12 -1.11749e-11 -3.44961e-10) (2.07963e-12 3.63476e-11 -3.5256e-10) (1.28422e-11 1.08261e-11 -3.69518e-10)
4150          (1.27228e-11 -9.95276e-12 1.24408e-12) (-9.51556e-12 2.18049e-12 5.50844e-13) (1.29961e-12 -1.06069e-11 -3.32748e-11) (-1.84111e-12 3.31896e-12 -6.11654e-11) (1.18315e-11 -1.03112e-11 -3.99407e-11) (1.282e-11 2.50347e-11 -1.48801e-10) (-1.03685e-11 -1.2812e-11 -1.31554e-10) (2.55462e-11 1.12368e-11 -8.43292e-11) (2.36442e-11 -2.26013e-13 -1.2278e-10) (-3.11381e-13 1.16469e-11 -1.62002e-10) (-1.33255e-12 -3.53942e-11 -1.90533e-10)
4200          (-1.02639e-11 -9.26014e-12 -1.84079e-13) (-1.43769e-12 -1.87945e-13 -2.50422e-12) (3.37215e-11 -1.16615e-11 -2.86571e-11) (3.11098e-13 -1.32026e-11 -9.06896e-11) (-3.64171e-11 1.12048e-11 -8.08763e-11) (-2.20056e-11 2.37728e-11 -1.55047e-10) (1.26642e-11 1.44088e-11 -1.59497e-10) (1.29545e-11 -6.96458e-13 -2.13608e-10) (1.21247e-11 7.27911e-14 -2.61107e-10) (2.30869e-11 2.47438e-11 -3.23495e-10) (-8.35763e-13 2.78178e-12 -3.38897e-10)
4250          (-1.05526e-11 -2.43371e-11 6.39702e-13) (-2.32071e-11 -2.33861e-11 1.97102e-11) (-2.57808e-13 1.29653e-11 -9.38399e-12) (-1.05507e-11 -1.42471e-11 -7.99293e-11) (-1.00932e-11 -1.20986e-11 -8.07191e-11) (-2.34994e-11 1.35038e-12 -1.30368e-10) (-1.13996e-12 -2.17733e-12 -1.09267e-10) (-1.1693e-11 1.32844e-12 -1.60633e-10) (2.45982e-11 2.39122e-12 -1.60507e-10) (2.37801e-12 2.30694e-11 -1.76213e-10) (9.34655e-12 2.21797e-11 -1.83129e-10)
4300          (1.378e-11 -1.03303e-11 8.1093e-13) (1.83253e-12 -1.13368e-11 1.04847e-11) (-1.45908e-12 -9.24247e-12 -1.60799e-11) (-9.4535e-12 1.05838e-12 -4.62814e-11) (1.24433e-11 1.27109e-11 -1.08246e-10) (-1.19719e-11 -1.2326e-11 -1.39954e-10) (1.37319e-11 -2.40258e-11 -1.77006e-10) (-1.17514e-11 1.29369e-11 -1.66522e-10) (1.31284e-11 -2.34859e-11 -2.14935e-10) (-3.65875e-11 9.20395e-12 -2.37747e-10) (-2.50106e-12 1.47478e-11 -3.14425e-10)
4350          (-9.50005e-13 1.07667e-12 -3.13082e-12) (1.02127e-11 1.10109e-11 -1.66472e-11) (1.137e-11 -1.22747e-11 -3.37484e-11) (9.36023e-12 -1.17299e-11 -9.53485e-11) (-1.18774e-11 2.27981e-11 -1.10851e-10) (-2.38828e-11 -1.31161e-11 -1.62312e-10) (-1.30324e-11 1.19099e-11 -2.318e-10) (-1.20747e-11 2.20657e-11 -2.6962e-10) (-1.1671e-11 1.23909e-11 -2.70152e-10) (1.07741e-11 -8.75879e-15 -2.74884e-10) (-2.33788e-11 -1.15844e-12 -3.29639e-10)
4400          (1.07064e-11 1.25763e-11 -1.09577e-11) (-1.38342e-11 1.36408e-12 -3.44123e-11) (1.16358e-11 1.93122e-13 -5.81265e-11) (2.44775e-13 -1.59342e-13 -1.30742e-10) (2.47637e-11 2.5353e-11 -1.56932e-10) (1.09348e-11 1.49425e-11 -2.08305e-10) (1.38057e-11 2.11875e-11 -2.23941e-10) (1.15718e-11 -1.04024e-11 -2.68267e-10) (1.15936e-11 9.70353e-13 -2.85039e-10) (3.26538e-11 -1.18996e-11 -3.58954e-10) (1.03176e-11 -1.02563e-11 -3.79776e-10)
4450          (1.89849e-13 -2.44808e-11 6.40685e-13) (-1.05404e-11 -3.61413e-11 -2.33289e-11) (1.17966e-11 -1.89561e-12 -1.86247e-12) (9.60267e-12 9.34058e-12 -4.17378e-11) (2.18041e-11 1.07293e-11 -9.12635e-12) (2.3022e-11 -1.19043e-11 -6.23653e-11) (1.33363e-11 -1.32489e-11 -4.24093e-11) (-1.10765e-11 2.32851e-12 -1.05346e-10) (-1.18746e-11 9.5761e-12 -5.55522e-11) (-1.20517e-12 -1.53705e-12 -1.18194e-10) (2.70253e-14 -2.27003e-11 -1.27562e-10)
4500          (6.53468e-14 -1.15762e-11 -1.56072e-12) (1.1829e-12 -1.15973e-12 -2.69415e-11) (2.32094e-11 1.14693e-11 -4.09316e-12) (-8.84121e-13 -1.12464e-12 -6.81754e-11) (-2.39801e-11 -1.53512e-12 -6.97684e-11) (-1.29698e-11 1.25752e-11 -7.41943e-11) (-1.98561e-13 1.19692e-11 -9.38856e-11) (1.21701e-11 -5.67407e-13 -1.31728e-10) (4.81633e-13 -2.16192e-12 -1.6096e-10) (7.42072e-13 1.14959e-11 -1.90138e-10) (-1.13609e-14 1.14623e-11 -1.56013e-10)
4550          (2.37891e-12 9.16048e-12 -2.38945e-11) (1.03635e-12 2.59777e-12 -4.77727e-11) (2.34555e-12 1.27918e-11 -2.69697e-11) (1.06697e-11 -1.04071e-11 -5.22798e-11) (-1.03984e-12 1.18e-11 -6.6966e-11) (2.31651e-11 -2.35973e-11 -1.29755e-10) (9.93103e-12 -9.74998e-14 -1.53552e-10) (-1.28072e-11 -9.53553e-12 -2.02356e-10) (-7.67654e-14 7.9155e-13 -1.71826e-10) (1.98471e-12 2.08097e-12 -1.85641e-10) (-2.38844e-11 -2.32235e-11 -1.8617e-10)
4600          (1.28498e-11 1.15631e-11 -1.35797e-11) (1.04942e-11 -4.13914e-12 -1.54065e-11) (1.35906e-11 8.44367e-13 -3.03451e-11) (2.22058e-11 -2.51606e-11 -7.21257e-11) (-1.02589e-11 -1.15087e-11 -8.99568e-11) (-1.07442e-11 8.41285e-13 -1.05463e-10) (2.23971e-11 -2.21233e-11 -1.80056e-10) (-1.15142e-12 1.19598e-11 -2.00976e-10) (-1.29648e-11 2.45054e-11 -2.17166e-10) (-6.60604e-14 -1.14783e-11 -2.5497e-10) (1.1629e-12 1.32854e-11 -3.06768e-10)
4650          (-1.16105e-11 -1.00289e-11 -2.42007e-12) (1.0652e-12 -3.66305e-13 -1.71548e-11) (3.46871e-13 -1.14383e-11 -1.05188e-10) (1.1875e-11 -1.25265e-11 -1.12789e-10) (1.09267e-11 -1.17659e-11 -1.26598e-10) (7.1613e-14 1.44336e-11 -1.15084e-10) (-1.16567e-11 -2.34489e-11 -1.9226e-10) (2.5012e-13 -3.12723e-13 -1.9102e-10) (-1.07717e-11 -3.60684e-11 -2.50684e-10) (-2.06682e-13 -1.52346e-12 -2.59943e-10) (3.15902e-13 1.15114e-11 -2.89871e-10)
4700          (1.35084e-11 1.3579e-11 -3.04559e-12) (3.78887e-13 -1.04156e-11 -4.78116e-12) (-1.17226e-11 -1.26655e-11 -8.09616e-11) (8.83453e-13 -5.25678e-13 -1.32979e-10) (2.41753e-11 9.06471e-12 -1.10403e-10) (-1.06014e-11 -1.19596e-12 -1.41282e-10) (-1.03111e-11 1.41581e-12 -1.91395e-10) (1.10257e-11 -2.28639e-11 -1.9425e-10) (1.05746e-11 1.11979e-12 -2.36767e-10) (1.28198e-11 9.99389e-12 -2.44004e-10) (1.21565e-11 -1.16322e-11 -2.67592e-10)
4750          (5.06025e-13 -9.39881e-12 -3.51198e-11) (-1.02096e-11 -3.51844e-11 -5.15082e-11) (2.60557e-13 -1.28129e-11 -7.69271e-11) (-1.1631e-11 1.03689e-11 -1.42682e-10) (-7.84414e-13 -1.04931e-11 -1.71008e-10) (-2.14309e-11 -1.20712e-11 -1.87795e-10) (-1.12285e-12 1.29162e-11 -2.21374e-10) (-1.19291e-11 -2.86457e-12 -2.5497e-10) (1.19059e-11 1.0573e-11 -2.357e-10) (1.0412e-11 4.74376e-13 -2.22772e-10) (-1.51922e-11 1.21363e-11 -2.95265e-10)
4800          (2.19223e-11 6.93201e-13 -1.58543e-12) (3.0259e-13 1.16323e-11 -3.97589e-11) (-2.51072e-12 -8.43181e-13 -6.32658e-11) (-9.52973e-13 -2.56739e-11 -8.00989e-11) (3.6826e-11 -1.40575e-11 -8.67878e-11) (-1.24278e-11 -1.4197e-11 -9.66042e-11) (1.06806e-11 -5.7351e-13 -1.26332e-10) (-1.14725e-12 2.31599e-11 -1.36266e-10) (-1.12743e-11 2.44943e-11 -1.98789e-10) (9.67435e-12 -1.64051e-12 -2.05945e-10) (2.36298e-11 2.48419e-11 -2.09994e-10)
4850          (1.15171e-11 2.38998e-13 -1.28865e-11) (9.19436e-12 -2.40107e-11 -8.51444e-11) (-1.18173e-11 -1.06865e-11 -5.96702e-11) (-1.02991e-11 -1.17001e-12 -9.83569e-11) (1.32494e-11 1.13298e-11 -1.26769e-10) (1.10047e-13 1.25213e-11 -1.68229e-10) (2.45337e-11 1.02786e-11 -1.71323e-10) (-2.24365e-11 -1.74494e-13 -2.11535e-10) (-1.03504e-11 -3.52031e-11 -2.86901e-10) (2.41606e-11 9.16097e-14 -2.95319e-10) (-1.19774e-11 -1.27391e-11 -3.80909e-10)
4900          (1.00962e-11 1.17198e-11 -1.47659e-11) (1.0742e-11 -1.16545e-11 -5.15244e-11) (-8.14485e-12 -1.81512e-12 -2.97921e-11) (4.97207e-13 2.42145e-11 -7.54734e-11) (-9.36231e-13 1.14566e-11 -9.88459e-11) (1.1812e-11 -2.04926e-12 -1.65894e-10) (1.27337e-11 -1.33049e-11 -1.56412e-10) (-1.17607e-11 -1.06771e-11 -1.60298e-10) (9.99099e-12 2.20486e-12 -1.76326e-10) (1.27803e-11 -2.36039e-11 -1.95704e-10) (3.70155e-12 -1.16599e-12 -2.11126e-10)
4950          (2.12122e-11 2.41207e-11 -1.53241e-12) (1.01581e-11 2.19978e-11 8.0068e-12) (1.2006e-13 2.3259e-11 -2.14157e-11) (1.11673e-11 -2.60408e-13 -6.08022e-11) (4.26161e-13 1.04383e-11 -6.03316e-11) (-1.39521e-12 2.34722e-13 -6.47225e-11) (-2.19976e-11 -1.27194e-12 -1.17798e-10) (1.25967e-11 -1.42326e-11 -1.15861e-10) (-2.59083e-13 1.05528e-11 -9.81579e-11) (-1.57772e-12 -1.21721e-11 -7.88691e-11) (-1.26096e-11 1.43569e-12 -9.61742e-11)
5000          (5.22138e-13 -1.49972e-12 -9.4258e-13) (3.49744e-11 -1.26831e-11 -1.61348e-11) (-1.14571e-11 1.52839e-12 -6.81648e-11) (1.09855e-11 1.35348e-12 -1.20643e-10) (-1.28087e-11 -1.23642e-11 -1.42119e-10) (-1.29988e-11 1.14031e-11 -1.94024e-10) (-4.18225e-13 1.22147e-12 -2.39301e-10) (1.2657e-11 9.39123e-12 -3.05179e-10) (-1.17575e-11 -1.37624e-11 -2.82921e-10) (-1.11874e-11 -1.18379e-11 -3.06209e-10) (-1.1649e-11 -2.61743e-11 -3.38838e-10)
