# Probe 0 (0.0015 0.0015 0)
# Probe 1 (0.0015 0.0015 0.002)
# Probe 2 (0.0015 0.0015 0.004)
# Probe 3 (0.0015 0.0015 0.006)
# Probe 4 (0.0015 0.0015 0.008)
# Probe 5 (0.0015 0.0015 0.01)
# Probe 6 (0.0015 0.0015 0.012)
# Probe 7 (0.0015 0.0015 0.014)
# Probe 8 (0.0015 0.0015 0.016)
# Probe 9 (0.0015 0.0015 0.018)
# Probe 10 (0.0015 0.0015 0.02)
# Time        0             1             2             3             4             5             6             7             8             9             10           
50            (815316 98240.7 -3.06108e+07) (815316 98240.7 -3.06108e+07) (815316 98240.7 -3.06108e+07) (16791.5 -44471.6 -8.74268e+06) (16791.5 -44471.6 -8.74268e+06) (6099.97 -1300.41 -1.29714e+06) (6099.97 -1300.41 -1.29714e+06) (8583.73 -9278.08 104491) (8583.73 -9278.08 104491) (3937 18399 1.83864e+06) (3937 18399 1.83864e+06)
100           (1.45724e+06 273438 -2.78823e+07) (1.45724e+06 273438 -2.78823e+07) (1.45724e+06 273438 -2.78823e+07) (32132.3 -210359 -1.36576e+07) (32132.3 -210359 -1.36576e+07) (1772.77 -4760.78 -2.95271e+06) (1772.77 -4760.78 -2.95271e+06) (9185.31 -10729 -107692) (9185.31 -10729 -107692) (7506.96 30986.3 1.76562e+06) (7506.96 30986.3 1.76562e+06)
150           (1.6242e+06 241332 -2.49638e+07) (1.6242e+06 241332 -2.49638e+07) (1.6242e+06 241332 -2.49638e+07) (72982.3 -432969 -1.60307e+07) (72982.3 -432969 -1.60307e+07) (-13222.2 -11268.6 -5.21068e+06) (-13222.2 -11268.6 -5.21068e+06) (10033.9 -13693.7 -523767) (10033.9 -13693.7 -523767) (10376.2 44461 1.64865e+06) (10376.2 44461 1.64865e+06)
200           (1.74128e+06 233059 -2.23142e+07) (1.74128e+06 233059 -2.23142e+07) (1.74128e+06 233059 -2.23142e+07) (231198 -578679 -1.68144e+07) (231198 -578679 -1.68144e+07) (-32622.1 -13380.1 -7.39159e+06) (-32622.1 -13380.1 -7.39159e+06) (11624.2 -19961.7 -1.20974e+06) (11624.2 -19961.7 -1.20974e+06) (11831.3 57321.2 1.4659e+06) (11831.3 57321.2 1.4659e+06)
250           (1.81701e+06 234075 -2.01416e+07) (1.81701e+06 234075 -2.01416e+07) (1.81701e+06 234075 -2.01416e+07) (376028 -674105 -1.67995e+07) (376028 -674105 -1.67995e+07) (-22764.3 -8086.34 -9.09437e+06) (-22764.3 -8086.34 -9.09437e+06) (15662.6 -33646.4 -2.18693e+06) (15662.6 -33646.4 -2.18693e+06) (11946.3 69831 1.18282e+06) (11946.3 69831 1.18282e+06)
300           (1.87073e+06 235040 -1.84749e+07) (1.87073e+06 235040 -1.84749e+07) (1.87073e+06 235040 -1.84749e+07) (473544 -743749 -1.63116e+07) (473544 -743749 -1.63116e+07) (35268.6 -12269.9 -1.02125e+07) (35268.6 -12269.9 -1.02125e+07) (27552.7 -61687.8 -3.33159e+06) (27552.7 -61687.8 -3.33159e+06) (11031.7 83704.6 761077) (11031.7 83704.6 761077)
350           (1.91099e+06 235982 -1.71666e+07) (1.91099e+06 235982 -1.71666e+07) (1.91099e+06 235982 -1.71666e+07) (545496 -793978 -1.55875e+07) (545496 -793978 -1.55875e+07) (128166 -18751.9 -1.08421e+07) (128166 -18751.9 -1.08421e+07) (57912 -108215 -4.47738e+06) (57912 -108215 -4.47738e+06) (9211.58 101161 162984) (9211.58 101161 162984)
400           (1.94327e+06 236921 -1.60717e+07) (1.94327e+06 236921 -1.60717e+07) (1.94327e+06 236921 -1.60717e+07) (605079 -833084 -1.4807e+07) (605079 -833084 -1.4807e+07) (231751 -20703.6 -1.11038e+07) (231751 -20703.6 -1.11038e+07) (113512 -167814 -5.49947e+06) (113512 -167814 -5.49947e+06) (6337.87 124508 -625427) (6337.87 124508 -625427)
450           (1.97068e+06 237795 -1.51201e+07) (1.97068e+06 237795 -1.51201e+07) (1.97068e+06 237795 -1.51201e+07) (656670 -865996 -1.40615e+07) (656670 -865996 -1.40615e+07) (326890 -22512.1 -1.10905e+07) (326890 -22512.1 -1.10905e+07) (187122 -230895 -6.3328e+06) (187122 -230895 -6.3328e+06) (2157.76 155019 -1.57638e+06) (2157.76 155019 -1.57638e+06)
500           (1.99462e+06 238588 -1.42788e+07) (1.99462e+06 238588 -1.42788e+07) (1.99462e+06 238588 -1.42788e+07) (701982 -894709 -1.33702e+07) (701982 -894709 -1.33702e+07) (407769 -25144.4 -1.08946e+07) (407769 -25144.4 -1.08946e+07) (265108 -293824 -6.97388e+06) (265108 -293824 -6.97388e+06) (-3232.98 191830 -2.62716e+06) (-3232.98 191830 -2.62716e+06)
550           (2.01588e+06 239310 -1.35257e+07) (2.01588e+06 239310 -1.35257e+07) (2.01588e+06 239310 -1.35257e+07) (742309 -920196 -1.27305e+07) (742309 -920196 -1.27305e+07) (477057 -27944.8 -1.06119e+07) (477057 -27944.8 -1.06119e+07) (339105 -355789 -7.45442e+06) (339105 -355789 -7.45442e+06) (-9198.44 232350 -3.69864e+06) (-9198.44 232350 -3.69864e+06)
600           (2.03495e+06 239968 -1.28476e+07) (2.03495e+06 239968 -1.28476e+07) (2.03495e+06 239968 -1.28476e+07) (778506 -943049 -1.21468e+07) (778506 -943049 -1.21468e+07) (537842 -30568.4 -1.03184e+07) (537842 -30568.4 -1.03184e+07) (405693 -414280 -7.81588e+06) (405693 -414280 -7.81588e+06) (-14787.9 273479 -4.71838e+06) (-14787.9 273479 -4.71838e+06)
650           (2.05204e+06 240559 -1.22417e+07) (2.05204e+06 240559 -1.22417e+07) (2.05204e+06 240559 -1.22417e+07) (810842 -963512 -1.16282e+07) (810842 -963512 -1.16282e+07) (591282 -32907 -1.00561e+07) (591282 -32907 -1.00561e+07) (463745 -466773 -8.0967e+06) (463745 -466773 -8.0967e+06) (-19270.4 312396 -5.63767e+06) (-19270.4 312396 -5.63767e+06)
700           (2.06716e+06 241080 -1.17096e+07) (2.06716e+06 241080 -1.17096e+07) (2.06716e+06 241080 -1.17096e+07) (839258 -981592 -1.11807e+07) (839258 -981592 -1.11807e+07) (637539 -34933.3 -9.83944e+06) (637539 -34933.3 -9.83944e+06) (513231 -512137 -8.3254e+06) (513231 -512137 -8.3254e+06) (-22549.7 347084 -6.43325e+06) (-22549.7 347084 -6.43325e+06)
750           (2.08026e+06 241529 -1.12527e+07) (2.08026e+06 241529 -1.12527e+07) (2.08026e+06 241529 -1.12527e+07) (863693 -997243 -1.08046e+07) (863693 -997243 -1.08046e+07) (676729 -36646.8 -9.66847e+06) (676729 -36646.8 -9.66847e+06) (554564 -550259 -8.51848e+06) (554564 -550259 -8.51848e+06) (-24948.3 376582 -7.10049e+06) (-24948.3 376582 -7.10049e+06)
800           (2.09137e+06 241909 -1.08689e+07) (2.09137e+06 241909 -1.08689e+07) (2.09137e+06 241909 -1.08689e+07) (884238 -1.01049e+06 -1.04953e+07) (884238 -1.01049e+06 -1.04953e+07) (709252 -38049 -9.53732e+06) (709252 -38049 -9.53732e+06) (588418 -581571 -8.68342e+06) (588418 -581571 -8.68342e+06) (-26779 400835 -7.64645e+06) (-26779 400835 -7.64645e+06)
850           (2.10058e+06 242213 -1.05532e+07) (2.10058e+06 242213 -1.05532e+07) (2.10058e+06 242213 -1.05532e+07) (901173 -1.02149e+06 -1.0246e+07) (901173 -1.02149e+06 -1.0246e+07) (735721 -39209.3 -9.43887e+06) (735721 -39209.3 -9.43887e+06) (615683 -606817 -8.82314e+06) (615683 -606817 -8.82314e+06) (-28255.1 420282 -8.08436e+06) (-28255.1 420282 -8.08436e+06)
900           (2.10809e+06 242468 -1.02979e+07) (2.10809e+06 242468 -1.02979e+07) (2.10809e+06 242468 -1.02979e+07) (914852 -1.03041e+06 -1.00482e+07) (914852 -1.03041e+06 -1.00482e+07) (756872 -40123.7 -9.36589e+06) (756872 -40123.7 -9.36589e+06) (637245 -626792 -8.93945e+06) (637245 -626792 -8.93945e+06) (-29441.7 435567 -8.43033e+06) (-29441.7 435567 -8.43033e+06)
950           (2.11409e+06 242672 -1.00947e+07) (2.11409e+06 242672 -1.00947e+07) (2.11409e+06 242672 -1.00947e+07) (925747 -1.03755e+06 -9.89306e+06) (925747 -1.03755e+06 -9.89306e+06) (773570 -40843 -9.31204e+06) (773570 -40843 -9.31204e+06) (654129 -642436 -9.03438e+06) (654129 -642436 -9.03438e+06) (-30388.1 447462 -8.70054e+06) (-30388.1 447462 -8.70054e+06)
1000          (2.11884e+06 242833 -9.93493e+06) (2.11884e+06 242833 -9.93493e+06) (2.11884e+06 242833 -9.93493e+06) (934316 -1.04319e+06 -9.77257e+06) (934316 -1.04319e+06 -9.77257e+06) (786611 -41403.2 -9.27233e+06) (786611 -41403.2 -9.27233e+06) (667228 -654575 -9.11049e+06) (667228 -654575 -9.11049e+06) (-31133.1 456642 -8.90975e+06) (-31133.1 456642 -8.90975e+06)
1050          (2.12255e+06 242959 -9.81057e+06) (2.12255e+06 242959 -9.81057e+06) (2.12255e+06 242959 -9.81057e+06) (940988 -1.04759e+06 -9.67967e+06) (940988 -1.04759e+06 -9.67967e+06) (796711 -41836.1 -9.24298e+06) (796711 -41836.1 -9.24298e+06) (677322 -663929 -9.17062e+06) (677322 -663929 -9.17062e+06) (-31713 463685 -9.07069e+06) (-31713 463685 -9.07069e+06)
1100          (2.12543e+06 243056 -9.71448e+06) (2.12543e+06 243056 -9.71448e+06) (2.12543e+06 243056 -9.71448e+06) (946144 -1.051e+06 -9.60842e+06) (946144 -1.051e+06 -9.60842e+06) (804482 -42168.7 -9.22122e+06) (804482 -42168.7 -9.22122e+06) (685059 -671099 -9.21757e+06) (685059 -671099 -9.21757e+06) (-32160.5 469065 -9.19391e+06) (-32160.5 469065 -9.19391e+06)
1150          (2.12764e+06 243128 -9.64071e+06) (2.12764e+06 243128 -9.64071e+06) (2.12764e+06 243128 -9.64071e+06) (950108 -1.05363e+06 -9.554e+06) (950108 -1.05363e+06 -9.554e+06) (810426 -42435.8 -9.20502e+06) (810426 -42435.8 -9.20502e+06) (690968 -676578 -9.25392e+06) (690968 -676578 -9.25392e+06) (-32515 473152 -9.28789e+06) (-32515 473152 -9.28789e+06)
1200          (2.12934e+06 243186 -9.58428e+06) (2.12934e+06 243186 -9.58428e+06) (2.12934e+06 243186 -9.58428e+06) (953136 -1.05564e+06 -9.51257e+06) (953136 -1.05564e+06 -9.51257e+06) (814967 -42626.8 -9.19294e+06) (814967 -42626.8 -9.19294e+06) (695464 -680744 -9.28187e+06) (695464 -680744 -9.28187e+06) (-32774.4 476267 -9.35939e+06) (-32774.4 476267 -9.35939e+06)
1250          (2.13063e+06 243230 -9.54128e+06) (2.13063e+06 243230 -9.54128e+06) (2.13063e+06 243230 -9.54128e+06) (955443 -1.05717e+06 -9.4811e+06) (955443 -1.05717e+06 -9.4811e+06) (818421 -42771.9 -9.1839e+06) (818421 -42771.9 -9.1839e+06) (698879 -683908 -9.30325e+06) (698879 -683908 -9.30325e+06) (-32971.7 478630 -9.41367e+06) (-32971.7 478630 -9.41367e+06)
1300          (2.13161e+06 243264 -9.50859e+06) (2.13161e+06 243264 -9.50859e+06) (2.13161e+06 243264 -9.50859e+06) (957197 -1.05833e+06 -9.45724e+06) (957197 -1.05833e+06 -9.45724e+06) (821043 -42882 -9.17713e+06) (821043 -42882 -9.17713e+06) (701468 -686308 -9.31956e+06) (701468 -686308 -9.31956e+06) (-33121.6 480420 -9.45481e+06) (-33121.6 480420 -9.45481e+06)
1350          (2.13236e+06 243294 -9.48377e+06) (2.13236e+06 243294 -9.48377e+06) (2.13236e+06 243294 -9.48377e+06) (958518 -1.05921e+06 -9.43914e+06) (958518 -1.05921e+06 -9.43914e+06) (823025 -42950.2 -9.17203e+06) (823025 -42950.2 -9.17203e+06) (703412 -688107 -9.33197e+06) (703412 -688107 -9.33197e+06) (-33225.4 481772 -9.48599e+06) (-33225.4 481772 -9.48599e+06)
1400          (2.13293e+06 243311 -9.465e+06) (2.13293e+06 243311 -9.465e+06) (2.13293e+06 243311 -9.465e+06) (959530 -1.05988e+06 -9.42549e+06) (959530 -1.05988e+06 -9.42549e+06) (824529 -43022.7 -9.16822e+06) (824529 -43022.7 -9.16822e+06) (704902 -689489 -9.34136e+06) (704902 -689489 -9.34136e+06) (-33317.9 482795 -9.50953e+06) (-33317.9 482795 -9.50953e+06)
1450          (2.13336e+06 243325 -9.45078e+06) (2.13336e+06 243325 -9.45078e+06) (2.13336e+06 243325 -9.45078e+06) (960300 -1.0604e+06 -9.41514e+06) (960300 -1.0604e+06 -9.41514e+06) (825681 -43071.3 -9.16534e+06) (825681 -43071.3 -9.16534e+06) (706038 -690542 -9.34849e+06) (706038 -690542 -9.34849e+06) (-33382.1 483581 -9.52735e+06) (-33382.1 483581 -9.52735e+06)
1500          (2.13368e+06 243336 -9.44007e+06) (2.13368e+06 243336 -9.44007e+06) (2.13368e+06 243336 -9.44007e+06) (960872 -1.06078e+06 -9.40736e+06) (960872 -1.06078e+06 -9.40736e+06) (826534 -43107.7 -9.16318e+06) (826534 -43107.7 -9.16318e+06) (706878 -691320 -9.35386e+06) (706878 -691320 -9.35386e+06) (-33430.3 484159 -9.54076e+06) (-33430.3 484159 -9.54076e+06)
1550          (2.13392e+06 243344 -9.43197e+06) (2.13392e+06 243344 -9.43197e+06) (2.13392e+06 243344 -9.43197e+06) (961307 -1.06107e+06 -9.40147e+06) (961307 -1.06107e+06 -9.40147e+06) (827181 -43135.8 -9.16155e+06) (827181 -43135.8 -9.16155e+06) (707516 -691911 -9.35793e+06) (707516 -691911 -9.35793e+06) (-33468.4 484599 -9.5509e+06) (-33468.4 484599 -9.5509e+06)
1600          (2.13411e+06 243349 -9.42591e+06) (2.13411e+06 243349 -9.42591e+06) (2.13411e+06 243349 -9.42591e+06) (961635 -1.06129e+06 -9.39705e+06) (961635 -1.06129e+06 -9.39705e+06) (827672 -43155.6 -9.1603e+06) (827672 -43155.6 -9.1603e+06) (708000 -692359 -9.36096e+06) (708000 -692359 -9.36096e+06) (-33497.3 484932 -9.55851e+06) (-33497.3 484932 -9.55851e+06)
1650          (2.13424e+06 243354 -9.42139e+06) (2.13424e+06 243354 -9.42139e+06) (2.13424e+06 243354 -9.42139e+06) (961874 -1.06144e+06 -9.39376e+06) (961874 -1.06144e+06 -9.39376e+06) (828028 -43170 -9.15938e+06) (828028 -43170 -9.15938e+06) (708352 -692683 -9.36322e+06) (708352 -692683 -9.36322e+06) (-33517.8 485175 -9.56418e+06) (-33517.8 485175 -9.56418e+06)
1700          (2.13435e+06 243357 -9.41808e+06) (2.13435e+06 243357 -9.41808e+06) (2.13435e+06 243357 -9.41808e+06) (962056 -1.06157e+06 -9.39135e+06) (962056 -1.06157e+06 -9.39135e+06) (828301 -43183 -9.15871e+06) (828301 -43183 -9.15871e+06) (708620 -692934 -9.36488e+06) (708620 -692934 -9.36488e+06) (-33533.2 485360 -9.56833e+06) (-33533.2 485360 -9.56833e+06)
1750          (2.13442e+06 243359 -9.41546e+06) (2.13442e+06 243359 -9.41546e+06) (2.13442e+06 243359 -9.41546e+06) (962193 -1.06166e+06 -9.38944e+06) (962193 -1.06166e+06 -9.38944e+06) (828505 -43190.6 -9.15817e+06) (828505 -43190.6 -9.15817e+06) (708823 -693119 -9.36618e+06) (708823 -693119 -9.36618e+06) (-33545.7 485499 -9.57163e+06) (-33545.7 485499 -9.57163e+06)
1800          (2.13448e+06 243362 -9.41353e+06) (2.13448e+06 243362 -9.41353e+06) (2.13448e+06 243362 -9.41353e+06) (962298 -1.06173e+06 -9.38804e+06) (962298 -1.06173e+06 -9.38804e+06) (828660 -43198.2 -9.15779e+06) (828660 -43198.2 -9.15779e+06) (708974 -693262 -9.36716e+06) (708974 -693262 -9.36716e+06) (-33554.2 485603 -9.57402e+06) (-33554.2 485603 -9.57402e+06)
1850          (2.13452e+06 243363 -9.4121e+06) (2.13452e+06 243363 -9.4121e+06) (2.13452e+06 243363 -9.4121e+06) (962376 -1.06178e+06 -9.387e+06) (962376 -1.06178e+06 -9.387e+06) (828777 -43204 -9.1575e+06) (828777 -43204 -9.1575e+06) (709090 -693370 -9.36788e+06) (709090 -693370 -9.36788e+06) (-33561.4 485683 -9.57582e+06) (-33561.4 485683 -9.57582e+06)
1900          (2.13456e+06 243364 -9.41098e+06) (2.13456e+06 243364 -9.41098e+06) (2.13456e+06 243364 -9.41098e+06) (962437 -1.06182e+06 -9.38618e+06) (962437 -1.06182e+06 -9.38618e+06) (828868 -43207.6 -9.15727e+06) (828868 -43207.6 -9.15727e+06) (709179 -693452 -9.36844e+06) (709179 -693452 -9.36844e+06) (-33566.5 485745 -9.57723e+06) (-33566.5 485745 -9.57723e+06)
1950          (2.13458e+06 243365 -9.41017e+06) (2.13458e+06 243365 -9.41017e+06) (2.13458e+06 243365 -9.41017e+06) (962480 -1.06185e+06 -9.38559e+06) (962480 -1.06185e+06 -9.38559e+06) (828932 -43210.1 -9.1571e+06) (828932 -43210.1 -9.1571e+06) (709243 -693511 -9.36885e+06) (709243 -693511 -9.36885e+06) (-33570.2 485789 -9.57825e+06) (-33570.2 485789 -9.57825e+06)
2000          (2.1346e+06 243365 -9.40963e+06) (2.1346e+06 243365 -9.40963e+06) (2.1346e+06 243365 -9.40963e+06) (962508 -1.06187e+06 -9.38519e+06) (962508 -1.06187e+06 -9.38519e+06) (828975 -43211.9 -9.15699e+06) (828975 -43211.9 -9.15699e+06) (709285 -693550 -9.36911e+06) (709285 -693550 -9.36911e+06) (-33572.8 485818 -9.57893e+06) (-33572.8 485818 -9.57893e+06)
2050          (2.13461e+06 243366 -9.4091e+06) (2.13461e+06 243366 -9.4091e+06) (2.13461e+06 243366 -9.4091e+06) (962537 -1.06188e+06 -9.3848e+06) (962537 -1.06188e+06 -9.3848e+06) (829019 -43213.4 -9.15687e+06) (829019 -43213.4 -9.15687e+06) (709329 -693590 -9.36937e+06) (709329 -693590 -9.36937e+06) (-33575.2 485848 -9.5796e+06) (-33575.2 485848 -9.5796e+06)
2100          (2.13462e+06 243366 -9.40884e+06) (2.13462e+06 243366 -9.40884e+06) (2.13462e+06 243366 -9.40884e+06) (962551 -1.06189e+06 -9.38461e+06) (962551 -1.06189e+06 -9.38461e+06) (829040 -43214 -9.15681e+06) (829040 -43214 -9.15681e+06) (709350 -693609 -9.3695e+06) (709350 -693609 -9.3695e+06) (-33576.3 485862 -9.57994e+06) (-33576.3 485862 -9.57994e+06)
2150          (2.13463e+06 243366 -9.40858e+06) (2.13463e+06 243366 -9.40858e+06) (2.13463e+06 243366 -9.40858e+06) (962565 -1.0619e+06 -9.38441e+06) (962565 -1.0619e+06 -9.38441e+06) (829062 -43214.7 -9.15675e+06) (829062 -43214.7 -9.15675e+06) (709371 -693628 -9.36962e+06) (709371 -693628 -9.36962e+06) (-33577.5 485877 -9.58028e+06) (-33577.5 485877 -9.58028e+06)
2200          (2.13463e+06 243366 -9.40846e+06) (2.13463e+06 243366 -9.40846e+06) (2.13463e+06 243366 -9.40846e+06) (962569 -1.06191e+06 -9.38432e+06) (962569 -1.06191e+06 -9.38432e+06) (829069 -43213 -9.1567e+06) (829069 -43213 -9.1567e+06) (709379 -693631 -9.36966e+06) (709379 -693631 -9.36966e+06) (-33577.7 485882 -9.58046e+06) (-33577.7 485882 -9.58046e+06)
2250          (2.13463e+06 243366 -9.40846e+06) (2.13463e+06 243366 -9.40846e+06) (2.13463e+06 243366 -9.40846e+06) (962569 -1.06191e+06 -9.38432e+06) (962569 -1.06191e+06 -9.38432e+06) (829069 -43213 -9.1567e+06) (829069 -43213 -9.1567e+06) (709379 -693631 -9.36966e+06) (709379 -693631 -9.36966e+06) (-33577.7 485882 -9.58046e+06) (-33577.7 485882 -9.58046e+06)
2300          (2.13464e+06 243366 -9.40833e+06) (2.13464e+06 243366 -9.40833e+06) (2.13464e+06 243366 -9.40833e+06) (962578 -1.06191e+06 -9.38422e+06) (962578 -1.06191e+06 -9.38422e+06) (829083 -43215.5 -9.15667e+06) (829083 -43215.5 -9.15667e+06) (709393 -693647 -9.36973e+06) (709393 -693647 -9.36973e+06) (-33578.4 485892 -9.58063e+06) (-33578.4 485892 -9.58063e+06)
2350          (2.13464e+06 243366 -9.40833e+06) (2.13464e+06 243366 -9.40833e+06) (2.13464e+06 243366 -9.40833e+06) (962578 -1.06191e+06 -9.38422e+06) (962578 -1.06191e+06 -9.38422e+06) (829083 -43215.5 -9.15667e+06) (829083 -43215.5 -9.15667e+06) (709393 -693647 -9.36973e+06) (709393 -693647 -9.36973e+06) (-33578.4 485892 -9.58063e+06) (-33578.4 485892 -9.58063e+06)
2400          (2.13464e+06 243366 -9.40833e+06) (2.13464e+06 243366 -9.40833e+06) (2.13464e+06 243366 -9.40833e+06) (962578 -1.06191e+06 -9.38422e+06) (962578 -1.06191e+06 -9.38422e+06) (829083 -43215.5 -9.15667e+06) (829083 -43215.5 -9.15667e+06) (709393 -693647 -9.36973e+06) (709393 -693647 -9.36973e+06) (-33578.4 485892 -9.58063e+06) (-33578.4 485892 -9.58063e+06)
2450          (2.13464e+06 243366 -9.40833e+06) (2.13464e+06 243366 -9.40833e+06) (2.13464e+06 243366 -9.40833e+06) (962578 -1.06191e+06 -9.38422e+06) (962578 -1.06191e+06 -9.38422e+06) (829083 -43215.5 -9.15667e+06) (829083 -43215.5 -9.15667e+06) (709393 -693647 -9.36973e+06) (709393 -693647 -9.36973e+06) (-33578.4 485892 -9.58063e+06) (-33578.4 485892 -9.58063e+06)
2500          (2.13464e+06 243366 -9.40833e+06) (2.13464e+06 243366 -9.40833e+06) (2.13464e+06 243366 -9.40833e+06) (962578 -1.06191e+06 -9.38422e+06) (962578 -1.06191e+06 -9.38422e+06) (829083 -43215.5 -9.15667e+06) (829083 -43215.5 -9.15667e+06) (709393 -693647 -9.36973e+06) (709393 -693647 -9.36973e+06) (-33578.4 485892 -9.58063e+06) (-33578.4 485892 -9.58063e+06)
2550          (2.13464e+06 243366 -9.40833e+06) (2.13464e+06 243366 -9.40833e+06) (2.13464e+06 243366 -9.40833e+06) (962578 -1.06191e+06 -9.38422e+06) (962578 -1.06191e+06 -9.38422e+06) (829083 -43215.5 -9.15667e+06) (829083 -43215.5 -9.15667e+06) (709393 -693647 -9.36973e+06) (709393 -693647 -9.36973e+06) (-33578.4 485892 -9.58063e+06) (-33578.4 485892 -9.58063e+06)
2600          (2.13464e+06 243366 -9.40833e+06) (2.13464e+06 243366 -9.40833e+06) (2.13464e+06 243366 -9.40833e+06) (962578 -1.06191e+06 -9.38422e+06) (962578 -1.06191e+06 -9.38422e+06) (829083 -43215.5 -9.15667e+06) (829083 -43215.5 -9.15667e+06) (709393 -693647 -9.36973e+06) (709393 -693647 -9.36973e+06) (-33578.4 485892 -9.58063e+06) (-33578.4 485892 -9.58063e+06)
2650          (2.13464e+06 243366 -9.40833e+06) (2.13464e+06 243366 -9.40833e+06) (2.13464e+06 243366 -9.40833e+06) (962578 -1.06191e+06 -9.38422e+06) (962578 -1.06191e+06 -9.38422e+06) (829083 -43215.5 -9.15667e+06) (829083 -43215.5 -9.15667e+06) (709393 -693647 -9.36973e+06) (709393 -693647 -9.36973e+06) (-33578.4 485892 -9.58063e+06) (-33578.4 485892 -9.58063e+06)
2700          (2.13464e+06 243366 -9.40833e+06) (2.13464e+06 243366 -9.40833e+06) (2.13464e+06 243366 -9.40833e+06) (962578 -1.06191e+06 -9.38422e+06) (962578 -1.06191e+06 -9.38422e+06) (829083 -43215.5 -9.15667e+06) (829083 -43215.5 -9.15667e+06) (709393 -693647 -9.36973e+06) (709393 -693647 -9.36973e+06) (-33578.4 485892 -9.58063e+06) (-33578.4 485892 -9.58063e+06)
2750          (2.13464e+06 243366 -9.40833e+06) (2.13464e+06 243366 -9.40833e+06) (2.13464e+06 243366 -9.40833e+06) (962578 -1.06191e+06 -9.38422e+06) (962578 -1.06191e+06 -9.38422e+06) (829083 -43215.5 -9.15667e+06) (829083 -43215.5 -9.15667e+06) (709393 -693647 -9.36973e+06) (709393 -693647 -9.36973e+06) (-33578.4 485892 -9.58063e+06) (-33578.4 485892 -9.58063e+06)
2800          (2.13464e+06 243366 -9.40833e+06) (2.13464e+06 243366 -9.40833e+06) (2.13464e+06 243366 -9.40833e+06) (962578 -1.06191e+06 -9.38422e+06) (962578 -1.06191e+06 -9.38422e+06) (829083 -43215.5 -9.15667e+06) (829083 -43215.5 -9.15667e+06) (709393 -693647 -9.36973e+06) (709393 -693647 -9.36973e+06) (-33578.4 485892 -9.58063e+06) (-33578.4 485892 -9.58063e+06)
2850          (2.13464e+06 243366 -9.40833e+06) (2.13464e+06 243366 -9.40833e+06) (2.13464e+06 243366 -9.40833e+06) (962578 -1.06191e+06 -9.38422e+06) (962578 -1.06191e+06 -9.38422e+06) (829083 -43215.5 -9.15667e+06) (829083 -43215.5 -9.15667e+06) (709393 -693647 -9.36973e+06) (709393 -693647 -9.36973e+06) (-33578.4 485892 -9.58063e+06) (-33578.4 485892 -9.58063e+06)
2900          (2.13464e+06 243366 -9.40833e+06) (2.13464e+06 243366 -9.40833e+06) (2.13464e+06 243366 -9.40833e+06) (962578 -1.06191e+06 -9.38422e+06) (962578 -1.06191e+06 -9.38422e+06) (829083 -43215.5 -9.15667e+06) (829083 -43215.5 -9.15667e+06) (709393 -693647 -9.36973e+06) (709393 -693647 -9.36973e+06) (-33578.4 485892 -9.58063e+06) (-33578.4 485892 -9.58063e+06)
2950          (2.13464e+06 243366 -9.40833e+06) (2.13464e+06 243366 -9.40833e+06) (2.13464e+06 243366 -9.40833e+06) (962578 -1.06191e+06 -9.38422e+06) (962578 -1.06191e+06 -9.38422e+06) (829083 -43215.5 -9.15667e+06) (829083 -43215.5 -9.15667e+06) (709393 -693647 -9.36973e+06) (709393 -693647 -9.36973e+06) (-33578.4 485892 -9.58063e+06) (-33578.4 485892 -9.58063e+06)
3000          (2.13464e+06 243366 -9.40833e+06) (2.13464e+06 243366 -9.40833e+06) (2.13464e+06 243366 -9.40833e+06) (962578 -1.06191e+06 -9.38422e+06) (962578 -1.06191e+06 -9.38422e+06) (829083 -43215.5 -9.15667e+06) (829083 -43215.5 -9.15667e+06) (709393 -693647 -9.36973e+06) (709393 -693647 -9.36973e+06) (-33578.4 485892 -9.58063e+06) (-33578.4 485892 -9.58063e+06)
3050          (2.13464e+06 243366 -9.40833e+06) (2.13464e+06 243366 -9.40833e+06) (2.13464e+06 243366 -9.40833e+06) (962578 -1.06191e+06 -9.38422e+06) (962578 -1.06191e+06 -9.38422e+06) (829083 -43215.5 -9.15667e+06) (829083 -43215.5 -9.15667e+06) (709393 -693647 -9.36973e+06) (709393 -693647 -9.36973e+06) (-33578.4 485892 -9.58063e+06) (-33578.4 485892 -9.58063e+06)
3100          (2.13464e+06 243366 -9.40833e+06) (2.13464e+06 243366 -9.40833e+06) (2.13464e+06 243366 -9.40833e+06) (962578 -1.06191e+06 -9.38422e+06) (962578 -1.06191e+06 -9.38422e+06) (829083 -43215.5 -9.15667e+06) (829083 -43215.5 -9.15667e+06) (709393 -693647 -9.36973e+06) (709393 -693647 -9.36973e+06) (-33578.4 485892 -9.58063e+06) (-33578.4 485892 -9.58063e+06)
3150          (2.13464e+06 243366 -9.40833e+06) (2.13464e+06 243366 -9.40833e+06) (2.13464e+06 243366 -9.40833e+06) (962578 -1.06191e+06 -9.38422e+06) (962578 -1.06191e+06 -9.38422e+06) (829083 -43215.5 -9.15667e+06) (829083 -43215.5 -9.15667e+06) (709393 -693647 -9.36973e+06) (709393 -693647 -9.36973e+06) (-33578.4 485892 -9.58063e+06) (-33578.4 485892 -9.58063e+06)
3200          (2.13464e+06 243366 -9.40833e+06) (2.13464e+06 243366 -9.40833e+06) (2.13464e+06 243366 -9.40833e+06) (962578 -1.06191e+06 -9.38422e+06) (962578 -1.06191e+06 -9.38422e+06) (829083 -43215.5 -9.15667e+06) (829083 -43215.5 -9.15667e+06) (709393 -693647 -9.36973e+06) (709393 -693647 -9.36973e+06) (-33578.4 485892 -9.58063e+06) (-33578.4 485892 -9.58063e+06)
3250          (2.13464e+06 243366 -9.40833e+06) (2.13464e+06 243366 -9.40833e+06) (2.13464e+06 243366 -9.40833e+06) (962578 -1.06191e+06 -9.38422e+06) (962578 -1.06191e+06 -9.38422e+06) (829083 -43215.5 -9.15667e+06) (829083 -43215.5 -9.15667e+06) (709393 -693647 -9.36973e+06) (709393 -693647 -9.36973e+06) (-33578.4 485892 -9.58063e+06) (-33578.4 485892 -9.58063e+06)
3300          (2.13464e+06 243366 -9.40833e+06) (2.13464e+06 243366 -9.40833e+06) (2.13464e+06 243366 -9.40833e+06) (962578 -1.06191e+06 -9.38422e+06) (962578 -1.06191e+06 -9.38422e+06) (829083 -43215.5 -9.15667e+06) (829083 -43215.5 -9.15667e+06) (709393 -693647 -9.36973e+06) (709393 -693647 -9.36973e+06) (-33578.4 485892 -9.58063e+06) (-33578.4 485892 -9.58063e+06)
3350          (2.13464e+06 243366 -9.40833e+06) (2.13464e+06 243366 -9.40833e+06) (2.13464e+06 243366 -9.40833e+06) (962578 -1.06191e+06 -9.38422e+06) (962578 -1.06191e+06 -9.38422e+06) (829083 -43215.5 -9.15667e+06) (829083 -43215.5 -9.15667e+06) (709393 -693647 -9.36973e+06) (709393 -693647 -9.36973e+06) (-33578.4 485892 -9.58063e+06) (-33578.4 485892 -9.58063e+06)
3400          (2.13464e+06 243366 -9.40833e+06) (2.13464e+06 243366 -9.40833e+06) (2.13464e+06 243366 -9.40833e+06) (962578 -1.06191e+06 -9.38422e+06) (962578 -1.06191e+06 -9.38422e+06) (829083 -43215.5 -9.15667e+06) (829083 -43215.5 -9.15667e+06) (709393 -693647 -9.36973e+06) (709393 -693647 -9.36973e+06) (-33578.4 485892 -9.58063e+06) (-33578.4 485892 -9.58063e+06)
3450          (2.13464e+06 243366 -9.40833e+06) (2.13464e+06 243366 -9.40833e+06) (2.13464e+06 243366 -9.40833e+06) (962578 -1.06191e+06 -9.38422e+06) (962578 -1.06191e+06 -9.38422e+06) (829083 -43215.5 -9.15667e+06) (829083 -43215.5 -9.15667e+06) (709393 -693647 -9.36973e+06) (709393 -693647 -9.36973e+06) (-33578.4 485892 -9.58063e+06) (-33578.4 485892 -9.58063e+06)
3500          (2.13464e+06 243366 -9.40833e+06) (2.13464e+06 243366 -9.40833e+06) (2.13464e+06 243366 -9.40833e+06) (962578 -1.06191e+06 -9.38422e+06) (962578 -1.06191e+06 -9.38422e+06) (829083 -43215.5 -9.15667e+06) (829083 -43215.5 -9.15667e+06) (709393 -693647 -9.36973e+06) (709393 -693647 -9.36973e+06) (-33578.4 485892 -9.58063e+06) (-33578.4 485892 -9.58063e+06)
3550          (2.13464e+06 243366 -9.40833e+06) (2.13464e+06 243366 -9.40833e+06) (2.13464e+06 243366 -9.40833e+06) (962578 -1.06191e+06 -9.38422e+06) (962578 -1.06191e+06 -9.38422e+06) (829083 -43215.5 -9.15667e+06) (829083 -43215.5 -9.15667e+06) (709393 -693647 -9.36973e+06) (709393 -693647 -9.36973e+06) (-33578.4 485892 -9.58063e+06) (-33578.4 485892 -9.58063e+06)
3600          (2.13464e+06 243366 -9.40833e+06) (2.13464e+06 243366 -9.40833e+06) (2.13464e+06 243366 -9.40833e+06) (962578 -1.06191e+06 -9.38422e+06) (962578 -1.06191e+06 -9.38422e+06) (829083 -43215.5 -9.15667e+06) (829083 -43215.5 -9.15667e+06) (709393 -693647 -9.36973e+06) (709393 -693647 -9.36973e+06) (-33578.4 485892 -9.58063e+06) (-33578.4 485892 -9.58063e+06)
3650          (2.13464e+06 243366 -9.40833e+06) (2.13464e+06 243366 -9.40833e+06) (2.13464e+06 243366 -9.40833e+06) (962578 -1.06191e+06 -9.38422e+06) (962578 -1.06191e+06 -9.38422e+06) (829083 -43215.5 -9.15667e+06) (829083 -43215.5 -9.15667e+06) (709393 -693647 -9.36973e+06) (709393 -693647 -9.36973e+06) (-33578.4 485892 -9.58063e+06) (-33578.4 485892 -9.58063e+06)
3700          (2.13464e+06 243366 -9.40833e+06) (2.13464e+06 243366 -9.40833e+06) (2.13464e+06 243366 -9.40833e+06) (962578 -1.06191e+06 -9.38422e+06) (962578 -1.06191e+06 -9.38422e+06) (829083 -43215.5 -9.15667e+06) (829083 -43215.5 -9.15667e+06) (709393 -693647 -9.36973e+06) (709393 -693647 -9.36973e+06) (-33578.4 485892 -9.58063e+06) (-33578.4 485892 -9.58063e+06)
3750          (2.13464e+06 243366 -9.40833e+06) (2.13464e+06 243366 -9.40833e+06) (2.13464e+06 243366 -9.40833e+06) (962578 -1.06191e+06 -9.38422e+06) (962578 -1.06191e+06 -9.38422e+06) (829083 -43215.5 -9.15667e+06) (829083 -43215.5 -9.15667e+06) (709393 -693647 -9.36973e+06) (709393 -693647 -9.36973e+06) (-33578.4 485892 -9.58063e+06) (-33578.4 485892 -9.58063e+06)
3800          (2.13464e+06 243366 -9.40833e+06) (2.13464e+06 243366 -9.40833e+06) (2.13464e+06 243366 -9.40833e+06) (962578 -1.06191e+06 -9.38422e+06) (962578 -1.06191e+06 -9.38422e+06) (829083 -43215.5 -9.15667e+06) (829083 -43215.5 -9.15667e+06) (709393 -693647 -9.36973e+06) (709393 -693647 -9.36973e+06) (-33578.4 485892 -9.58063e+06) (-33578.4 485892 -9.58063e+06)
3850          (2.13464e+06 243366 -9.40833e+06) (2.13464e+06 243366 -9.40833e+06) (2.13464e+06 243366 -9.40833e+06) (962578 -1.06191e+06 -9.38422e+06) (962578 -1.06191e+06 -9.38422e+06) (829083 -43215.5 -9.15667e+06) (829083 -43215.5 -9.15667e+06) (709393 -693647 -9.36973e+06) (709393 -693647 -9.36973e+06) (-33578.4 485892 -9.58063e+06) (-33578.4 485892 -9.58063e+06)
3900          (2.13464e+06 243366 -9.40833e+06) (2.13464e+06 243366 -9.40833e+06) (2.13464e+06 243366 -9.40833e+06) (962578 -1.06191e+06 -9.38422e+06) (962578 -1.06191e+06 -9.38422e+06) (829083 -43215.5 -9.15667e+06) (829083 -43215.5 -9.15667e+06) (709393 -693647 -9.36973e+06) (709393 -693647 -9.36973e+06) (-33578.4 485892 -9.58063e+06) (-33578.4 485892 -9.58063e+06)
3950          (2.13464e+06 243366 -9.40833e+06) (2.13464e+06 243366 -9.40833e+06) (2.13464e+06 243366 -9.40833e+06) (962578 -1.06191e+06 -9.38422e+06) (962578 -1.06191e+06 -9.38422e+06) (829083 -43215.5 -9.15667e+06) (829083 -43215.5 -9.15667e+06) (709393 -693647 -9.36973e+06) (709393 -693647 -9.36973e+06) (-33578.4 485892 -9.58063e+06) (-33578.4 485892 -9.58063e+06)
4000          (2.13464e+06 243366 -9.40833e+06) (2.13464e+06 243366 -9.40833e+06) (2.13464e+06 243366 -9.40833e+06) (962578 -1.06191e+06 -9.38422e+06) (962578 -1.06191e+06 -9.38422e+06) (829083 -43215.5 -9.15667e+06) (829083 -43215.5 -9.15667e+06) (709393 -693647 -9.36973e+06) (709393 -693647 -9.36973e+06) (-33578.4 485892 -9.58063e+06) (-33578.4 485892 -9.58063e+06)
4050          (2.13464e+06 243366 -9.40833e+06) (2.13464e+06 243366 -9.40833e+06) (2.13464e+06 243366 -9.40833e+06) (962578 -1.06191e+06 -9.38422e+06) (962578 -1.06191e+06 -9.38422e+06) (829083 -43215.5 -9.15667e+06) (829083 -43215.5 -9.15667e+06) (709393 -693647 -9.36973e+06) (709393 -693647 -9.36973e+06) (-33578.4 485892 -9.58063e+06) (-33578.4 485892 -9.58063e+06)
4100          (2.13464e+06 243366 -9.40833e+06) (2.13464e+06 243366 -9.40833e+06) (2.13464e+06 243366 -9.40833e+06) (962578 -1.06191e+06 -9.38422e+06) (962578 -1.06191e+06 -9.38422e+06) (829083 -43215.5 -9.15667e+06) (829083 -43215.5 -9.15667e+06) (709393 -693647 -9.36973e+06) (709393 -693647 -9.36973e+06) (-33578.4 485892 -9.58063e+06) (-33578.4 485892 -9.58063e+06)
4150          (2.13464e+06 243366 -9.40833e+06) (2.13464e+06 243366 -9.40833e+06) (2.13464e+06 243366 -9.40833e+06) (962578 -1.06191e+06 -9.38422e+06) (962578 -1.06191e+06 -9.38422e+06) (829083 -43215.5 -9.15667e+06) (829083 -43215.5 -9.15667e+06) (709393 -693647 -9.36973e+06) (709393 -693647 -9.36973e+06) (-33578.4 485892 -9.58063e+06) (-33578.4 485892 -9.58063e+06)
4200          (2.13464e+06 243366 -9.40833e+06) (2.13464e+06 243366 -9.40833e+06) (2.13464e+06 243366 -9.40833e+06) (962578 -1.06191e+06 -9.38422e+06) (962578 -1.06191e+06 -9.38422e+06) (829083 -43215.5 -9.15667e+06) (829083 -43215.5 -9.15667e+06) (709393 -693647 -9.36973e+06) (709393 -693647 -9.36973e+06) (-33578.4 485892 -9.58063e+06) (-33578.4 485892 -9.58063e+06)
4250          (2.13464e+06 243366 -9.40833e+06) (2.13464e+06 243366 -9.40833e+06) (2.13464e+06 243366 -9.40833e+06) (962578 -1.06191e+06 -9.38422e+06) (962578 -1.06191e+06 -9.38422e+06) (829083 -43215.5 -9.15667e+06) (829083 -43215.5 -9.15667e+06) (709393 -693647 -9.36973e+06) (709393 -693647 -9.36973e+06) (-33578.4 485892 -9.58063e+06) (-33578.4 485892 -9.58063e+06)
4300          (2.13464e+06 243366 -9.40833e+06) (2.13464e+06 243366 -9.40833e+06) (2.13464e+06 243366 -9.40833e+06) (962578 -1.06191e+06 -9.38422e+06) (962578 -1.06191e+06 -9.38422e+06) (829083 -43215.5 -9.15667e+06) (829083 -43215.5 -9.15667e+06) (709393 -693647 -9.36973e+06) (709393 -693647 -9.36973e+06) (-33578.4 485892 -9.58063e+06) (-33578.4 485892 -9.58063e+06)
4350          (2.13464e+06 243366 -9.40833e+06) (2.13464e+06 243366 -9.40833e+06) (2.13464e+06 243366 -9.40833e+06) (962578 -1.06191e+06 -9.38422e+06) (962578 -1.06191e+06 -9.38422e+06) (829083 -43215.5 -9.15667e+06) (829083 -43215.5 -9.15667e+06) (709393 -693647 -9.36973e+06) (709393 -693647 -9.36973e+06) (-33578.4 485892 -9.58063e+06) (-33578.4 485892 -9.58063e+06)
4400          (2.13464e+06 243366 -9.40833e+06) (2.13464e+06 243366 -9.40833e+06) (2.13464e+06 243366 -9.40833e+06) (962578 -1.06191e+06 -9.38422e+06) (962578 -1.06191e+06 -9.38422e+06) (829083 -43215.5 -9.15667e+06) (829083 -43215.5 -9.15667e+06) (709393 -693647 -9.36973e+06) (709393 -693647 -9.36973e+06) (-33578.4 485892 -9.58063e+06) (-33578.4 485892 -9.58063e+06)
4450          (2.13464e+06 243366 -9.40833e+06) (2.13464e+06 243366 -9.40833e+06) (2.13464e+06 243366 -9.40833e+06) (962578 -1.06191e+06 -9.38422e+06) (962578 -1.06191e+06 -9.38422e+06) (829083 -43215.5 -9.15667e+06) (829083 -43215.5 -9.15667e+06) (709393 -693647 -9.36973e+06) (709393 -693647 -9.36973e+06) (-33578.4 485892 -9.58063e+06) (-33578.4 485892 -9.58063e+06)
4500          (2.13464e+06 243366 -9.40833e+06) (2.13464e+06 243366 -9.40833e+06) (2.13464e+06 243366 -9.40833e+06) (962578 -1.06191e+06 -9.38422e+06) (962578 -1.06191e+06 -9.38422e+06) (829083 -43215.5 -9.15667e+06) (829083 -43215.5 -9.15667e+06) (709393 -693647 -9.36973e+06) (709393 -693647 -9.36973e+06) (-33578.4 485892 -9.58063e+06) (-33578.4 485892 -9.58063e+06)
4550          (2.13464e+06 243366 -9.40833e+06) (2.13464e+06 243366 -9.40833e+06) (2.13464e+06 243366 -9.40833e+06) (962578 -1.06191e+06 -9.38422e+06) (962578 -1.06191e+06 -9.38422e+06) (829083 -43215.5 -9.15667e+06) (829083 -43215.5 -9.15667e+06) (709393 -693647 -9.36973e+06) (709393 -693647 -9.36973e+06) (-33578.4 485892 -9.58063e+06) (-33578.4 485892 -9.58063e+06)
4600          (2.13464e+06 243366 -9.40833e+06) (2.13464e+06 243366 -9.40833e+06) (2.13464e+06 243366 -9.40833e+06) (962578 -1.06191e+06 -9.38422e+06) (962578 -1.06191e+06 -9.38422e+06) (829083 -43215.5 -9.15667e+06) (829083 -43215.5 -9.15667e+06) (709393 -693647 -9.36973e+06) (709393 -693647 -9.36973e+06) (-33578.4 485892 -9.58063e+06) (-33578.4 485892 -9.58063e+06)
4650          (2.13464e+06 243366 -9.40833e+06) (2.13464e+06 243366 -9.40833e+06) (2.13464e+06 243366 -9.40833e+06) (962578 -1.06191e+06 -9.38422e+06) (962578 -1.06191e+06 -9.38422e+06) (829083 -43215.5 -9.15667e+06) (829083 -43215.5 -9.15667e+06) (709393 -693647 -9.36973e+06) (709393 -693647 -9.36973e+06) (-33578.4 485892 -9.58063e+06) (-33578.4 485892 -9.58063e+06)
4700          (2.13464e+06 243366 -9.40833e+06) (2.13464e+06 243366 -9.40833e+06) (2.13464e+06 243366 -9.40833e+06) (962578 -1.06191e+06 -9.38422e+06) (962578 -1.06191e+06 -9.38422e+06) (829083 -43215.5 -9.15667e+06) (829083 -43215.5 -9.15667e+06) (709393 -693647 -9.36973e+06) (709393 -693647 -9.36973e+06) (-33578.4 485892 -9.58063e+06) (-33578.4 485892 -9.58063e+06)
4750          (2.13464e+06 243366 -9.40833e+06) (2.13464e+06 243366 -9.40833e+06) (2.13464e+06 243366 -9.40833e+06) (962578 -1.06191e+06 -9.38422e+06) (962578 -1.06191e+06 -9.38422e+06) (829083 -43215.5 -9.15667e+06) (829083 -43215.5 -9.15667e+06) (709393 -693647 -9.36973e+06) (709393 -693647 -9.36973e+06) (-33578.4 485892 -9.58063e+06) (-33578.4 485892 -9.58063e+06)
4800          (2.13464e+06 243366 -9.40833e+06) (2.13464e+06 243366 -9.40833e+06) (2.13464e+06 243366 -9.40833e+06) (962578 -1.06191e+06 -9.38422e+06) (962578 -1.06191e+06 -9.38422e+06) (829083 -43215.5 -9.15667e+06) (829083 -43215.5 -9.15667e+06) (709393 -693647 -9.36973e+06) (709393 -693647 -9.36973e+06) (-33578.4 485892 -9.58063e+06) (-33578.4 485892 -9.58063e+06)
4850          (2.13464e+06 243366 -9.40833e+06) (2.13464e+06 243366 -9.40833e+06) (2.13464e+06 243366 -9.40833e+06) (962578 -1.06191e+06 -9.38422e+06) (962578 -1.06191e+06 -9.38422e+06) (829083 -43215.5 -9.15667e+06) (829083 -43215.5 -9.15667e+06) (709393 -693647 -9.36973e+06) (709393 -693647 -9.36973e+06) (-33578.4 485892 -9.58063e+06) (-33578.4 485892 -9.58063e+06)
4900          (2.13464e+06 243366 -9.40833e+06) (2.13464e+06 243366 -9.40833e+06) (2.13464e+06 243366 -9.40833e+06) (962578 -1.06191e+06 -9.38422e+06) (962578 -1.06191e+06 -9.38422e+06) (829083 -43215.5 -9.15667e+06) (829083 -43215.5 -9.15667e+06) (709393 -693647 -9.36973e+06) (709393 -693647 -9.36973e+06) (-33578.4 485892 -9.58063e+06) (-33578.4 485892 -9.58063e+06)
4950          (2.13464e+06 243366 -9.40833e+06) (2.13464e+06 243366 -9.40833e+06) (2.13464e+06 243366 -9.40833e+06) (962578 -1.06191e+06 -9.38422e+06) (962578 -1.06191e+06 -9.38422e+06) (829083 -43215.5 -9.15667e+06) (829083 -43215.5 -9.15667e+06) (709393 -693647 -9.36973e+06) (709393 -693647 -9.36973e+06) (-33578.4 485892 -9.58063e+06) (-33578.4 485892 -9.58063e+06)
5000          (2.13464e+06 243366 -9.40833e+06) (2.13464e+06 243366 -9.40833e+06) (2.13464e+06 243366 -9.40833e+06) (962578 -1.06191e+06 -9.38422e+06) (962578 -1.06191e+06 -9.38422e+06) (829083 -43215.5 -9.15667e+06) (829083 -43215.5 -9.15667e+06) (709393 -693647 -9.36973e+06) (709393 -693647 -9.36973e+06) (-33578.4 485892 -9.58063e+06) (-33578.4 485892 -9.58063e+06)
