# Probe 0 (0.0015 0.0015 0)
# Probe 1 (0.0015 0.0015 0.002)
# Probe 2 (0.0015 0.0015 0.004)
# Probe 3 (0.0015 0.0015 0.006)
# Probe 4 (0.0015 0.0015 0.008)
# Probe 5 (0.0015 0.0015 0.01)
# Probe 6 (0.0015 0.0015 0.012)
# Probe 7 (0.0015 0.0015 0.014)
# Probe 8 (0.0015 0.0015 0.016)
# Probe 9 (0.0015 0.0015 0.018)
# Probe 10 (0.0015 0.0015 0.02)
# Time        0             1             2             3             4             5             6             7             8             9             10           
50            (-543.822 -68.2626 20579.6) (-543.822 -68.2626 20579.6) (-543.822 -68.2626 20579.6) (-10.97 29.7652 5854.85) (-10.97 29.7652 5854.85) (-3.99463 0.841586 865.656) (-3.99463 0.841586 865.656) (-5.56672 6.08034 -70.9638) (-5.56672 6.08034 -70.9638) (-2.68144 -12.3844 -1213.01) (-2.68144 -12.3844 -1213.01)
100           (-971.455 -189.671 18726.4) (-971.455 -189.671 18726.4) (-971.455 -189.671 18726.4) (-20.3356 140.733 9124.74) (-20.3356 140.733 9124.74) (-1.16368 3.08008 1969.54) (-1.16368 3.08008 1969.54) (-5.95788 7.0327 65.8126) (-5.95788 7.0327 65.8126) (-5.10933 -20.8367 -1164.67) (-5.10933 -20.8367 -1164.67)
150           (-1083.27 -168.114 16758.7) (-1083.27 -168.114 16758.7) (-1083.27 -168.114 16758.7) (-46.199 289.913 10671) (-46.199 289.913 10671) (8.62054 7.29 3473.61) (8.62054 7.29 3473.61) (-6.50343 8.97606 334.637) (-6.50343 8.97606 334.637) (-7.06262 -29.8972 -1087.51) (-7.06262 -29.8972 -1087.51)
200           (-1161.99 -162.719 14977.9) (-1161.99 -162.719 14977.9) (-1161.99 -162.719 14977.9) (-150.18 388 11155.2) (-150.18 388 11155.2) (21.1773 8.65021 4922.72) (21.1773 8.65021 4922.72) (-7.51846 13.0792 778.459) (-7.51846 13.0792 778.459) (-8.05678 -38.5593 -967.264) (-8.05678 -38.5593 -967.264)
250           (-1212.95 -163.608 13518.9) (-1212.95 -163.608 13518.9) (-1212.95 -163.608 13518.9) (-245.52 452.355 11120.9) (-245.52 452.355 11120.9) (14.5053 5.21215 6048.67) (14.5053 5.21215 6048.67) (-10.0964 22.029 1411.45) (-10.0964 22.029 1411.45) (-8.14204 -46.9918 -781.319) (-8.14204 -46.9918 -781.319)
300           (-1249.13 -164.411 12399.7) (-1249.13 -164.411 12399.7) (-1249.13 -164.411 12399.7) (-309.715 499.315 10786.2) (-309.715 499.315 10786.2) (-23.6173 7.90952 6782.51) (-23.6173 7.90952 6782.51) (-17.73 40.3678 2154.1) (-17.73 40.3678 2154.1) (-7.52926 -56.3367 -504.522) (-7.52926 -56.3367 -504.522)
350           (-1276.24 -165.165 11521.3) (-1276.24 -165.165 11521.3) (-1276.24 -165.165 11521.3) (-357.094 533.209 10302.7) (-357.094 533.209 10302.7) (-84.3908 12.1018 7191.5) (-84.3908 12.1018 7191.5) (-37.3203 70.8118 2899.29) (-37.3203 70.8118 2899.29) (-6.30323 -68.0785 -112.106) (-6.30323 -68.0785 -112.106)
400           (-1297.98 -165.896 10786.2) (-1297.98 -165.896 10786.2) (-1297.98 -165.896 10786.2) (-396.342 559.62 9785.03) (-396.342 559.62 9785.03) (-152.007 13.3677 7358.02) (-152.007 13.3677 7358.02) (-73.2868 109.83 3566.31) (-73.2868 109.83 3566.31) (-4.36438 -83.7657 405.226) (-4.36438 -83.7657 405.226)
450           (-1316.45 -166.569 10147.3) (-1316.45 -166.569 10147.3) (-1316.45 -166.569 10147.3) (-430.329 581.859 9291.49) (-430.329 581.859 9291.49) (-214.078 14.5433 7344.56) (-214.078 14.5433 7344.56) (-120.944 151.133 4112.45) (-120.944 151.133 4112.45) (-1.54215 -104.257 1029.47) (-1.54215 -104.257 1029.47)
500           (-1332.58 -167.178 9582.63) (-1332.58 -167.178 9582.63) (-1332.58 -167.178 9582.63) (-460.182 601.263 8834.25) (-460.182 601.263 8834.25) (-266.884 16.2524 7211.95) (-266.884 16.2524 7211.95) (-171.446 192.332 4534.43) (-171.446 192.332 4534.43) (2.09784 -128.985 1719.69) (2.09784 -128.985 1719.69)
550           (-1346.9 -167.731 9077.02) (-1346.9 -167.731 9077.02) (-1346.9 -167.731 9077.02) (-486.751 618.489 8411.45) (-486.751 618.489 8411.45) (-312.163 18.0703 7022.8) (-312.163 18.0703 7022.8) (-219.375 232.906 4851.86) (-219.375 232.906 4851.86) (6.12428 -156.224 2424.05) (6.12428 -156.224 2424.05)
600           (-1359.75 -168.234 8621.84) (-1359.75 -168.234 8621.84) (-1359.75 -168.234 8621.84) (-510.6 633.935 8025.76) (-510.6 633.935 8025.76) (-351.908 19.7734 6826.93) (-351.908 19.7734 6826.93) (-262.52 271.218 5091.1) (-262.52 271.218 5091.1) (9.89326 -183.897 3094.86) (9.89326 -183.897 3094.86)
650           (-1371.26 -168.686 8215.08) (-1371.26 -168.686 8215.08) (-1371.26 -168.686 8215.08) (-531.905 647.766 7683.07) (-531.905 647.766 7683.07) (-386.857 21.2915 6651.92) (-386.857 21.2915 6651.92) (-300.143 305.61 5277.07) (-300.143 305.61 5277.07) (12.9106 -210.102 3699.9) (12.9106 -210.102 3699.9)
700           (-1381.45 -169.084 7857.94) (-1381.45 -169.084 7857.94) (-1381.45 -169.084 7857.94) (-550.626 659.985 7387.27) (-550.626 659.985 7387.27) (-417.11 22.6068 6507.26) (-417.11 22.6068 6507.26) (-332.219 335.333 5428.43) (-332.219 335.333 5428.43) (15.113 -233.473 4223.69) (15.113 -233.473 4223.69)
750           (-1390.27 -169.427 7551.16) (-1390.27 -169.427 7551.16) (-1390.27 -169.427 7551.16) (-566.724 670.562 7138.56) (-566.724 670.562 7138.56) (-442.741 23.7189 6393.01) (-442.741 23.7189 6393.01) (-359.01 360.311 5556.1) (-359.01 360.311 5556.1) (16.7206 -253.355 4663.02) (16.7206 -253.355 4663.02)
800           (-1397.76 -169.718 7293.54) (-1397.76 -169.718 7293.54) (-1397.76 -169.718 7293.54) (-580.26 679.515 6933.98) (-580.26 679.515 6933.98) (-464.012 24.629 6305.27) (-464.012 24.629 6305.27) (-380.954 380.827 5665.05) (-380.954 380.827 5665.05) (17.9463 -269.706 5022.51) (17.9463 -269.706 5022.51)
850           (-1403.96 -169.952 7081.56) (-1403.96 -169.952 7081.56) (-1403.96 -169.952 7081.56) (-591.415 686.946 6769.01) (-591.415 686.946 6769.01) (-481.322 25.3819 6239.32) (-481.322 25.3819 6239.32) (-398.625 397.366 5757.27) (-398.625 397.366 5757.27) (18.9348 -282.814 5310.83) (18.9348 -282.814 5310.83)
900           (-1409.02 -170.147 6910.19) (-1409.02 -170.147 6910.19) (-1409.02 -170.147 6910.19) (-600.427 692.975 6638.05) (-600.427 692.975 6638.05) (-495.154 25.9753 6190.37) (-495.154 25.9753 6190.37) (-412.599 410.453 5833.98) (-412.599 410.453 5833.98) (19.7296 -293.118 5538.6) (19.7296 -293.118 5538.6)
950           (-1413.06 -170.303 6773.76) (-1413.06 -170.303 6773.76) (-1413.06 -170.303 6773.76) (-607.603 697.799 6535.33) (-607.603 697.799 6535.33) (-506.074 26.442 6154.21) (-506.074 26.442 6154.21) (-423.541 420.702 5896.56) (-423.541 420.702 5896.56) (20.3638 -301.135 5716.48) (20.3638 -301.135 5716.48)
1000          (-1416.26 -170.426 6666.51) (-1416.26 -170.426 6666.51) (-1416.26 -170.426 6666.51) (-613.248 701.607 6455.54) (-613.248 701.607 6455.54) (-514.602 26.8055 6127.51) (-514.602 26.8055 6127.51) (-432.03 428.655 5946.72) (-432.03 428.655 5946.72) (20.8632 -307.322 5854.2) (20.8632 -307.322 5854.2)
1050          (-1418.76 -170.522 6583.01) (-1418.76 -170.522 6583.01) (-1418.76 -170.522 6583.01) (-617.643 704.58 6394.01) (-617.643 704.58 6394.01) (-521.206 27.0864 6107.76) (-521.206 27.0864 6107.76) (-438.571 434.783 5986.32) (-438.571 434.783 5986.32) (21.252 -312.068 5960.14) (21.252 -312.068 5960.14)
1100          (-1420.7 -170.597 6518.5) (-1420.7 -170.597 6518.5) (-1420.7 -170.597 6518.5) (-621.039 706.883 6346.81) (-621.039 706.883 6346.81) (-526.288 27.3022 6093.11) (-526.288 27.3022 6093.11) (-443.584 439.48 6017.25) (-443.584 439.48 6017.25) (21.5522 -315.693 6041.24) (21.5522 -315.693 6041.24)
1150          (-1422.19 -170.652 6468.97) (-1422.19 -170.652 6468.97) (-1422.19 -170.652 6468.97) (-623.65 708.655 6310.76) (-623.65 708.655 6310.76) (-530.175 27.4755 6082.19) (-530.175 27.4755 6082.19) (-447.414 443.068 6041.19) (-447.414 443.068 6041.19) (21.7901 -318.446 6103.1) (21.7901 -318.446 6103.1)
1200          (-1423.33 -170.696 6431.08) (-1423.33 -170.696 6431.08) (-1423.33 -170.696 6431.08) (-625.644 710.012 6283.31) (-625.644 710.012 6283.31) (-533.144 27.5994 6074.05) (-533.144 27.5994 6074.05) (-450.327 445.798 6059.59) (-450.327 445.798 6059.59) (21.964 -320.546 6150.16) (21.964 -320.546 6150.16)
1250          (-1424.2 -170.73 6402.21) (-1424.2 -170.73 6402.21) (-1424.2 -170.73 6402.21) (-627.164 711.047 6262.46) (-627.164 711.047 6262.46) (-535.403 27.6935 6067.95) (-535.403 27.6935 6067.95) (-452.54 447.871 6073.67) (-452.54 447.871 6073.67) (22.0964 -322.138 6185.89) (22.0964 -322.138 6185.89)
1300          (-1424.86 -170.756 6380.26) (-1424.86 -170.756 6380.26) (-1424.86 -170.756 6380.26) (-628.319 711.834 6246.65) (-628.319 711.834 6246.65) (-537.118 27.765 6063.39) (-537.118 27.765 6063.39) (-454.218 449.443 6084.41) (-454.218 449.443 6084.41) (22.1969 -323.344 6212.97) (22.1969 -323.344 6212.97)
1350          (-1425.36 -170.779 6363.6) (-1425.36 -170.779 6363.6) (-1425.36 -170.779 6363.6) (-629.189 712.425 6234.66) (-629.189 712.425 6234.66) (-538.414 27.8093 6059.95) (-538.414 27.8093 6059.95) (-455.478 450.622 6092.57) (-455.478 450.622 6092.57) (22.2664 -324.255 6233.49) (22.2664 -324.255 6233.49)
1400          (-1425.75 -170.792 6351) (-1425.75 -170.792 6351) (-1425.75 -170.792 6351) (-629.855 712.88 6225.61) (-629.855 712.88 6225.61) (-539.397 27.8563 6057.37) (-539.397 27.8563 6057.37) (-456.443 451.527 6098.76) (-456.443 451.527 6098.76) (22.3286 -324.944 6248.98) (22.3286 -324.944 6248.98)
1450          (-1426.04 -170.802 6341.45) (-1426.04 -170.802 6341.45) (-1426.04 -170.802 6341.45) (-630.363 713.229 6218.75) (-630.363 713.229 6218.75) (-540.151 27.8878 6055.43) (-540.151 27.8878 6055.43) (-457.18 452.218 6103.45) (-457.18 452.218 6103.45) (22.3716 -325.475 6260.71) (22.3716 -325.475 6260.71)
1500          (-1426.25 -170.811 6334.26) (-1426.25 -170.811 6334.26) (-1426.25 -170.811 6334.26) (-630.739 713.486 6213.59) (-630.739 713.486 6213.59) (-540.709 27.9115 6053.97) (-540.709 27.9115 6053.97) (-457.724 452.727 6106.99) (-457.724 452.727 6106.99) (22.4039 -325.863 6269.54) (22.4039 -325.863 6269.54)
1550          (-1426.42 -170.817 6328.82) (-1426.42 -170.817 6328.82) (-1426.42 -170.817 6328.82) (-631.025 713.681 6209.69) (-631.025 713.681 6209.69) (-541.131 27.9296 6052.87) (-541.131 27.9296 6052.87) (-458.137 453.114 6109.66) (-458.137 453.114 6109.66) (22.4295 -326.159 6276.21) (22.4295 -326.159 6276.21)
1600          (-1426.54 -170.821 6324.76) (-1426.54 -170.821 6324.76) (-1426.54 -170.821 6324.76) (-631.242 713.829 6206.76) (-631.242 713.829 6206.76) (-541.453 27.9426 6052.03) (-541.453 27.9426 6052.03) (-458.451 453.407 6111.66) (-458.451 453.407 6111.66) (22.4489 -326.385 6281.22) (22.4489 -326.385 6281.22)
1650          (-1426.63 -170.824 6321.72) (-1426.63 -170.824 6321.72) (-1426.63 -170.824 6321.72) (-631.399 713.935 6204.59) (-631.399 713.935 6204.59) (-541.685 27.9518 6051.4) (-541.685 27.9518 6051.4) (-458.679 453.619 6113.15) (-458.679 453.619 6113.15) (22.4627 -326.548 6284.95) (22.4627 -326.548 6284.95)
1700          (-1426.7 -170.827 6319.49) (-1426.7 -170.827 6319.49) (-1426.7 -170.827 6319.49) (-631.52 714.018 6202.98) (-631.52 714.018 6202.98) (-541.864 27.9603 6050.95) (-541.864 27.9603 6050.95) (-458.853 453.784 6114.24) (-458.853 453.784 6114.24) (22.473 -326.673 6287.68) (22.473 -326.673 6287.68)
1750          (-1426.75 -170.829 6317.73) (-1426.75 -170.829 6317.73) (-1426.75 -170.829 6317.73) (-631.61 714.079 6201.72) (-631.61 714.079 6201.72) (-541.997 27.9652 6050.59) (-541.997 27.9652 6050.59) (-458.984 453.904 6115.1) (-458.984 453.904 6115.1) (22.4814 -326.767 6289.85) (22.4814 -326.767 6289.85)
1800          (-1426.79 -170.831 6316.44) (-1426.79 -170.831 6316.44) (-1426.79 -170.831 6316.44) (-631.678 714.126 6200.8) (-631.678 714.126 6200.8) (-542.099 27.9702 6050.33) (-542.099 27.9702 6050.33) (-459.082 453.999 6115.74) (-459.082 453.999 6115.74) (22.4871 -326.837 6291.43) (22.4871 -326.837 6291.43)
1850          (-1426.82 -170.832 6315.48) (-1426.82 -170.832 6315.48) (-1426.82 -170.832 6315.48) (-631.73 714.162 6200.1) (-631.73 714.162 6200.1) (-542.175 27.9739 6050.14) (-542.175 27.9739 6050.14) (-459.157 454.07 6116.21) (-459.157 454.07 6116.21) (22.4919 -326.891 6292.61) (22.4919 -326.891 6292.61)
1900          (-1426.85 -170.833 6314.73) (-1426.85 -170.833 6314.73) (-1426.85 -170.833 6314.73) (-631.77 714.189 6199.56) (-631.77 714.189 6199.56) (-542.234 27.9762 6049.98) (-542.234 27.9762 6049.98) (-459.215 454.123 6116.58) (-459.215 454.123 6116.58) (22.4953 -326.932 6293.54) (22.4953 -326.932 6293.54)
1950          (-1426.86 -170.833 6314.18) (-1426.86 -170.833 6314.18) (-1426.86 -170.833 6314.18) (-631.799 714.208 6199.17) (-631.799 714.208 6199.17) (-542.277 27.9779 6049.87) (-542.277 27.9779 6049.87) (-459.256 454.162 6116.85) (-459.256 454.162 6116.85) (22.4978 -326.962 6294.21) (22.4978 -326.962 6294.21)
2000          (-1426.87 -170.834 6313.82) (-1426.87 -170.834 6313.82) (-1426.87 -170.834 6313.82) (-631.817 714.221 6198.91) (-631.817 714.221 6198.91) (-542.305 27.9791 6049.79) (-542.305 27.9791 6049.79) (-459.284 454.188 6117.03) (-459.284 454.188 6117.03) (22.4995 -326.981 6294.66) (22.4995 -326.981 6294.66)
2050          (-1426.88 -170.834 6313.47) (-1426.88 -170.834 6313.47) (-1426.88 -170.834 6313.47) (-631.836 714.234 6198.65) (-631.836 714.234 6198.65) (-542.333 27.98 6049.71) (-542.333 27.98 6049.71) (-459.312 454.214 6117.2) (-459.312 454.214 6117.2) (22.5012 -327.001 6295.1) (22.5012 -327.001 6295.1)
2100          (-1426.89 -170.834 6313.29) (-1426.89 -170.834 6313.29) (-1426.89 -170.834 6313.29) (-631.845 714.24 6198.52) (-631.845 714.24 6198.52) (-542.347 27.9804 6049.67) (-542.347 27.9804 6049.67) (-459.325 454.226 6117.28) (-459.325 454.226 6117.28) (22.5019 -327.011 6295.32) (22.5019 -327.011 6295.32)
2150          (-1426.89 -170.834 6313.12) (-1426.89 -170.834 6313.12) (-1426.89 -170.834 6313.12) (-631.854 714.246 6198.39) (-631.854 714.246 6198.39) (-542.361 27.9809 6049.63) (-542.361 27.9809 6049.63) (-459.339 454.239 6117.36) (-459.339 454.239 6117.36) (22.5027 -327.021 6295.55) (22.5027 -327.021 6295.55)
2200          (-1426.9 -170.834 6313.04) (-1426.9 -170.834 6313.04) (-1426.9 -170.834 6313.04) (-631.857 714.247 6198.33) (-631.857 714.247 6198.33) (-542.366 27.9798 6049.6) (-542.366 27.9798 6049.6) (-459.344 454.24 6117.39) (-459.344 454.24 6117.39) (22.5029 -327.025 6295.66) (22.5029 -327.025 6295.66)
2250          (-1426.9 -170.834 6313.04) (-1426.9 -170.834 6313.04) (-1426.9 -170.834 6313.04) (-631.857 714.247 6198.33) (-631.857 714.247 6198.33) (-542.366 27.9798 6049.6) (-542.366 27.9798 6049.6) (-459.344 454.24 6117.39) (-459.344 454.24 6117.39) (22.5029 -327.025 6295.66) (22.5029 -327.025 6295.66)
2300          (-1426.9 -170.834 6312.95) (-1426.9 -170.834 6312.95) (-1426.9 -170.834 6312.95) (-631.863 714.252 6198.26) (-631.863 714.252 6198.26) (-542.375 27.9814 6049.58) (-542.375 27.9814 6049.58) (-459.353 454.251 6117.43) (-459.353 454.251 6117.43) (22.5033 -327.031 6295.77) (22.5033 -327.031 6295.77)
2350          (-1426.9 -170.834 6312.95) (-1426.9 -170.834 6312.95) (-1426.9 -170.834 6312.95) (-631.863 714.252 6198.26) (-631.863 714.252 6198.26) (-542.375 27.9814 6049.58) (-542.375 27.9814 6049.58) (-459.353 454.251 6117.43) (-459.353 454.251 6117.43) (22.5033 -327.031 6295.77) (22.5033 -327.031 6295.77)
2400          (-1426.9 -170.834 6312.95) (-1426.9 -170.834 6312.95) (-1426.9 -170.834 6312.95) (-631.863 714.252 6198.26) (-631.863 714.252 6198.26) (-542.375 27.9814 6049.58) (-542.375 27.9814 6049.58) (-459.353 454.251 6117.43) (-459.353 454.251 6117.43) (22.5033 -327.031 6295.77) (22.5033 -327.031 6295.77)
2450          (-1426.9 -170.834 6312.95) (-1426.9 -170.834 6312.95) (-1426.9 -170.834 6312.95) (-631.863 714.252 6198.26) (-631.863 714.252 6198.26) (-542.375 27.9814 6049.58) (-542.375 27.9814 6049.58) (-459.353 454.251 6117.43) (-459.353 454.251 6117.43) (22.5033 -327.031 6295.77) (22.5033 -327.031 6295.77)
2500          (-1426.9 -170.834 6312.95) (-1426.9 -170.834 6312.95) (-1426.9 -170.834 6312.95) (-631.863 714.252 6198.26) (-631.863 714.252 6198.26) (-542.375 27.9814 6049.58) (-542.375 27.9814 6049.58) (-459.353 454.251 6117.43) (-459.353 454.251 6117.43) (22.5033 -327.031 6295.77) (22.5033 -327.031 6295.77)
2550          (-1426.9 -170.834 6312.95) (-1426.9 -170.834 6312.95) (-1426.9 -170.834 6312.95) (-631.863 714.252 6198.26) (-631.863 714.252 6198.26) (-542.375 27.9814 6049.58) (-542.375 27.9814 6049.58) (-459.353 454.251 6117.43) (-459.353 454.251 6117.43) (22.5033 -327.031 6295.77) (22.5033 -327.031 6295.77)
2600          (-1426.9 -170.834 6312.95) (-1426.9 -170.834 6312.95) (-1426.9 -170.834 6312.95) (-631.863 714.252 6198.26) (-631.863 714.252 6198.26) (-542.375 27.9814 6049.58) (-542.375 27.9814 6049.58) (-459.353 454.251 6117.43) (-459.353 454.251 6117.43) (22.5033 -327.031 6295.77) (22.5033 -327.031 6295.77)
2650          (-1426.9 -170.834 6312.95) (-1426.9 -170.834 6312.95) (-1426.9 -170.834 6312.95) (-631.863 714.252 6198.26) (-631.863 714.252 6198.26) (-542.375 27.9814 6049.58) (-542.375 27.9814 6049.58) (-459.353 454.251 6117.43) (-459.353 454.251 6117.43) (22.5033 -327.031 6295.77) (22.5033 -327.031 6295.77)
2700          (-1426.9 -170.834 6312.95) (-1426.9 -170.834 6312.95) (-1426.9 -170.834 6312.95) (-631.863 714.252 6198.26) (-631.863 714.252 6198.26) (-542.375 27.9814 6049.58) (-542.375 27.9814 6049.58) (-459.353 454.251 6117.43) (-459.353 454.251 6117.43) (22.5033 -327.031 6295.77) (22.5033 -327.031 6295.77)
2750          (-1426.9 -170.834 6312.95) (-1426.9 -170.834 6312.95) (-1426.9 -170.834 6312.95) (-631.863 714.252 6198.26) (-631.863 714.252 6198.26) (-542.375 27.9814 6049.58) (-542.375 27.9814 6049.58) (-459.353 454.251 6117.43) (-459.353 454.251 6117.43) (22.5033 -327.031 6295.77) (22.5033 -327.031 6295.77)
2800          (-1426.9 -170.834 6312.95) (-1426.9 -170.834 6312.95) (-1426.9 -170.834 6312.95) (-631.863 714.252 6198.26) (-631.863 714.252 6198.26) (-542.375 27.9814 6049.58) (-542.375 27.9814 6049.58) (-459.353 454.251 6117.43) (-459.353 454.251 6117.43) (22.5033 -327.031 6295.77) (22.5033 -327.031 6295.77)
2850          (-1426.9 -170.834 6312.95) (-1426.9 -170.834 6312.95) (-1426.9 -170.834 6312.95) (-631.863 714.252 6198.26) (-631.863 714.252 6198.26) (-542.375 27.9814 6049.58) (-542.375 27.9814 6049.58) (-459.353 454.251 6117.43) (-459.353 454.251 6117.43) (22.5033 -327.031 6295.77) (22.5033 -327.031 6295.77)
2900          (-1426.9 -170.834 6312.95) (-1426.9 -170.834 6312.95) (-1426.9 -170.834 6312.95) (-631.863 714.252 6198.26) (-631.863 714.252 6198.26) (-542.375 27.9814 6049.58) (-542.375 27.9814 6049.58) (-459.353 454.251 6117.43) (-459.353 454.251 6117.43) (22.5033 -327.031 6295.77) (22.5033 -327.031 6295.77)
2950          (-1426.9 -170.834 6312.95) (-1426.9 -170.834 6312.95) (-1426.9 -170.834 6312.95) (-631.863 714.252 6198.26) (-631.863 714.252 6198.26) (-542.375 27.9814 6049.58) (-542.375 27.9814 6049.58) (-459.353 454.251 6117.43) (-459.353 454.251 6117.43) (22.5033 -327.031 6295.77) (22.5033 -327.031 6295.77)
3000          (-1426.9 -170.834 6312.95) (-1426.9 -170.834 6312.95) (-1426.9 -170.834 6312.95) (-631.863 714.252 6198.26) (-631.863 714.252 6198.26) (-542.375 27.9814 6049.58) (-542.375 27.9814 6049.58) (-459.353 454.251 6117.43) (-459.353 454.251 6117.43) (22.5033 -327.031 6295.77) (22.5033 -327.031 6295.77)
3050          (-1426.9 -170.834 6312.95) (-1426.9 -170.834 6312.95) (-1426.9 -170.834 6312.95) (-631.863 714.252 6198.26) (-631.863 714.252 6198.26) (-542.375 27.9814 6049.58) (-542.375 27.9814 6049.58) (-459.353 454.251 6117.43) (-459.353 454.251 6117.43) (22.5033 -327.031 6295.77) (22.5033 -327.031 6295.77)
3100          (-1426.9 -170.834 6312.95) (-1426.9 -170.834 6312.95) (-1426.9 -170.834 6312.95) (-631.863 714.252 6198.26) (-631.863 714.252 6198.26) (-542.375 27.9814 6049.58) (-542.375 27.9814 6049.58) (-459.353 454.251 6117.43) (-459.353 454.251 6117.43) (22.5033 -327.031 6295.77) (22.5033 -327.031 6295.77)
3150          (-1426.9 -170.834 6312.95) (-1426.9 -170.834 6312.95) (-1426.9 -170.834 6312.95) (-631.863 714.252 6198.26) (-631.863 714.252 6198.26) (-542.375 27.9814 6049.58) (-542.375 27.9814 6049.58) (-459.353 454.251 6117.43) (-459.353 454.251 6117.43) (22.5033 -327.031 6295.77) (22.5033 -327.031 6295.77)
3200          (-1426.9 -170.834 6312.95) (-1426.9 -170.834 6312.95) (-1426.9 -170.834 6312.95) (-631.863 714.252 6198.26) (-631.863 714.252 6198.26) (-542.375 27.9814 6049.58) (-542.375 27.9814 6049.58) (-459.353 454.251 6117.43) (-459.353 454.251 6117.43) (22.5033 -327.031 6295.77) (22.5033 -327.031 6295.77)
3250          (-1426.9 -170.834 6312.95) (-1426.9 -170.834 6312.95) (-1426.9 -170.834 6312.95) (-631.863 714.252 6198.26) (-631.863 714.252 6198.26) (-542.375 27.9814 6049.58) (-542.375 27.9814 6049.58) (-459.353 454.251 6117.43) (-459.353 454.251 6117.43) (22.5033 -327.031 6295.77) (22.5033 -327.031 6295.77)
3300          (-1426.9 -170.834 6312.95) (-1426.9 -170.834 6312.95) (-1426.9 -170.834 6312.95) (-631.863 714.252 6198.26) (-631.863 714.252 6198.26) (-542.375 27.9814 6049.58) (-542.375 27.9814 6049.58) (-459.353 454.251 6117.43) (-459.353 454.251 6117.43) (22.5033 -327.031 6295.77) (22.5033 -327.031 6295.77)
3350          (-1426.9 -170.834 6312.95) (-1426.9 -170.834 6312.95) (-1426.9 -170.834 6312.95) (-631.863 714.252 6198.26) (-631.863 714.252 6198.26) (-542.375 27.9814 6049.58) (-542.375 27.9814 6049.58) (-459.353 454.251 6117.43) (-459.353 454.251 6117.43) (22.5033 -327.031 6295.77) (22.5033 -327.031 6295.77)
3400          (-1426.9 -170.834 6312.95) (-1426.9 -170.834 6312.95) (-1426.9 -170.834 6312.95) (-631.863 714.252 6198.26) (-631.863 714.252 6198.26) (-542.375 27.9814 6049.58) (-542.375 27.9814 6049.58) (-459.353 454.251 6117.43) (-459.353 454.251 6117.43) (22.5033 -327.031 6295.77) (22.5033 -327.031 6295.77)
3450          (-1426.9 -170.834 6312.95) (-1426.9 -170.834 6312.95) (-1426.9 -170.834 6312.95) (-631.863 714.252 6198.26) (-631.863 714.252 6198.26) (-542.375 27.9814 6049.58) (-542.375 27.9814 6049.58) (-459.353 454.251 6117.43) (-459.353 454.251 6117.43) (22.5033 -327.031 6295.77) (22.5033 -327.031 6295.77)
3500          (-1426.9 -170.834 6312.95) (-1426.9 -170.834 6312.95) (-1426.9 -170.834 6312.95) (-631.863 714.252 6198.26) (-631.863 714.252 6198.26) (-542.375 27.9814 6049.58) (-542.375 27.9814 6049.58) (-459.353 454.251 6117.43) (-459.353 454.251 6117.43) (22.5033 -327.031 6295.77) (22.5033 -327.031 6295.77)
3550          (-1426.9 -170.834 6312.95) (-1426.9 -170.834 6312.95) (-1426.9 -170.834 6312.95) (-631.863 714.252 6198.26) (-631.863 714.252 6198.26) (-542.375 27.9814 6049.58) (-542.375 27.9814 6049.58) (-459.353 454.251 6117.43) (-459.353 454.251 6117.43) (22.5033 -327.031 6295.77) (22.5033 -327.031 6295.77)
3600          (-1426.9 -170.834 6312.95) (-1426.9 -170.834 6312.95) (-1426.9 -170.834 6312.95) (-631.863 714.252 6198.26) (-631.863 714.252 6198.26) (-542.375 27.9814 6049.58) (-542.375 27.9814 6049.58) (-459.353 454.251 6117.43) (-459.353 454.251 6117.43) (22.5033 -327.031 6295.77) (22.5033 -327.031 6295.77)
3650          (-1426.9 -170.834 6312.95) (-1426.9 -170.834 6312.95) (-1426.9 -170.834 6312.95) (-631.863 714.252 6198.26) (-631.863 714.252 6198.26) (-542.375 27.9814 6049.58) (-542.375 27.9814 6049.58) (-459.353 454.251 6117.43) (-459.353 454.251 6117.43) (22.5033 -327.031 6295.77) (22.5033 -327.031 6295.77)
3700          (-1426.9 -170.834 6312.95) (-1426.9 -170.834 6312.95) (-1426.9 -170.834 6312.95) (-631.863 714.252 6198.26) (-631.863 714.252 6198.26) (-542.375 27.9814 6049.58) (-542.375 27.9814 6049.58) (-459.353 454.251 6117.43) (-459.353 454.251 6117.43) (22.5033 -327.031 6295.77) (22.5033 -327.031 6295.77)
3750          (-1426.9 -170.834 6312.95) (-1426.9 -170.834 6312.95) (-1426.9 -170.834 6312.95) (-631.863 714.252 6198.26) (-631.863 714.252 6198.26) (-542.375 27.9814 6049.58) (-542.375 27.9814 6049.58) (-459.353 454.251 6117.43) (-459.353 454.251 6117.43) (22.5033 -327.031 6295.77) (22.5033 -327.031 6295.77)
3800          (-1426.9 -170.834 6312.95) (-1426.9 -170.834 6312.95) (-1426.9 -170.834 6312.95) (-631.863 714.252 6198.26) (-631.863 714.252 6198.26) (-542.375 27.9814 6049.58) (-542.375 27.9814 6049.58) (-459.353 454.251 6117.43) (-459.353 454.251 6117.43) (22.5033 -327.031 6295.77) (22.5033 -327.031 6295.77)
3850          (-1426.9 -170.834 6312.95) (-1426.9 -170.834 6312.95) (-1426.9 -170.834 6312.95) (-631.863 714.252 6198.26) (-631.863 714.252 6198.26) (-542.375 27.9814 6049.58) (-542.375 27.9814 6049.58) (-459.353 454.251 6117.43) (-459.353 454.251 6117.43) (22.5033 -327.031 6295.77) (22.5033 -327.031 6295.77)
3900          (-1426.9 -170.834 6312.95) (-1426.9 -170.834 6312.95) (-1426.9 -170.834 6312.95) (-631.863 714.252 6198.26) (-631.863 714.252 6198.26) (-542.375 27.9814 6049.58) (-542.375 27.9814 6049.58) (-459.353 454.251 6117.43) (-459.353 454.251 6117.43) (22.5033 -327.031 6295.77) (22.5033 -327.031 6295.77)
3950          (-1426.9 -170.834 6312.95) (-1426.9 -170.834 6312.95) (-1426.9 -170.834 6312.95) (-631.863 714.252 6198.26) (-631.863 714.252 6198.26) (-542.375 27.9814 6049.58) (-542.375 27.9814 6049.58) (-459.353 454.251 6117.43) (-459.353 454.251 6117.43) (22.5033 -327.031 6295.77) (22.5033 -327.031 6295.77)
4000          (-1426.9 -170.834 6312.95) (-1426.9 -170.834 6312.95) (-1426.9 -170.834 6312.95) (-631.863 714.252 6198.26) (-631.863 714.252 6198.26) (-542.375 27.9814 6049.58) (-542.375 27.9814 6049.58) (-459.353 454.251 6117.43) (-459.353 454.251 6117.43) (22.5033 -327.031 6295.77) (22.5033 -327.031 6295.77)
4050          (-1426.9 -170.834 6312.95) (-1426.9 -170.834 6312.95) (-1426.9 -170.834 6312.95) (-631.863 714.252 6198.26) (-631.863 714.252 6198.26) (-542.375 27.9814 6049.58) (-542.375 27.9814 6049.58) (-459.353 454.251 6117.43) (-459.353 454.251 6117.43) (22.5033 -327.031 6295.77) (22.5033 -327.031 6295.77)
4100          (-1426.9 -170.834 6312.95) (-1426.9 -170.834 6312.95) (-1426.9 -170.834 6312.95) (-631.863 714.252 6198.26) (-631.863 714.252 6198.26) (-542.375 27.9814 6049.58) (-542.375 27.9814 6049.58) (-459.353 454.251 6117.43) (-459.353 454.251 6117.43) (22.5033 -327.031 6295.77) (22.5033 -327.031 6295.77)
4150          (-1426.9 -170.834 6312.95) (-1426.9 -170.834 6312.95) (-1426.9 -170.834 6312.95) (-631.863 714.252 6198.26) (-631.863 714.252 6198.26) (-542.375 27.9814 6049.58) (-542.375 27.9814 6049.58) (-459.353 454.251 6117.43) (-459.353 454.251 6117.43) (22.5033 -327.031 6295.77) (22.5033 -327.031 6295.77)
4200          (-1426.9 -170.834 6312.95) (-1426.9 -170.834 6312.95) (-1426.9 -170.834 6312.95) (-631.863 714.252 6198.26) (-631.863 714.252 6198.26) (-542.375 27.9814 6049.58) (-542.375 27.9814 6049.58) (-459.353 454.251 6117.43) (-459.353 454.251 6117.43) (22.5033 -327.031 6295.77) (22.5033 -327.031 6295.77)
4250          (-1426.9 -170.834 6312.95) (-1426.9 -170.834 6312.95) (-1426.9 -170.834 6312.95) (-631.863 714.252 6198.26) (-631.863 714.252 6198.26) (-542.375 27.9814 6049.58) (-542.375 27.9814 6049.58) (-459.353 454.251 6117.43) (-459.353 454.251 6117.43) (22.5033 -327.031 6295.77) (22.5033 -327.031 6295.77)
4300          (-1426.9 -170.834 6312.95) (-1426.9 -170.834 6312.95) (-1426.9 -170.834 6312.95) (-631.863 714.252 6198.26) (-631.863 714.252 6198.26) (-542.375 27.9814 6049.58) (-542.375 27.9814 6049.58) (-459.353 454.251 6117.43) (-459.353 454.251 6117.43) (22.5033 -327.031 6295.77) (22.5033 -327.031 6295.77)
4350          (-1426.9 -170.834 6312.95) (-1426.9 -170.834 6312.95) (-1426.9 -170.834 6312.95) (-631.863 714.252 6198.26) (-631.863 714.252 6198.26) (-542.375 27.9814 6049.58) (-542.375 27.9814 6049.58) (-459.353 454.251 6117.43) (-459.353 454.251 6117.43) (22.5033 -327.031 6295.77) (22.5033 -327.031 6295.77)
4400          (-1426.9 -170.834 6312.95) (-1426.9 -170.834 6312.95) (-1426.9 -170.834 6312.95) (-631.863 714.252 6198.26) (-631.863 714.252 6198.26) (-542.375 27.9814 6049.58) (-542.375 27.9814 6049.58) (-459.353 454.251 6117.43) (-459.353 454.251 6117.43) (22.5033 -327.031 6295.77) (22.5033 -327.031 6295.77)
4450          (-1426.9 -170.834 6312.95) (-1426.9 -170.834 6312.95) (-1426.9 -170.834 6312.95) (-631.863 714.252 6198.26) (-631.863 714.252 6198.26) (-542.375 27.9814 6049.58) (-542.375 27.9814 6049.58) (-459.353 454.251 6117.43) (-459.353 454.251 6117.43) (22.5033 -327.031 6295.77) (22.5033 -327.031 6295.77)
4500          (-1426.9 -170.834 6312.95) (-1426.9 -170.834 6312.95) (-1426.9 -170.834 6312.95) (-631.863 714.252 6198.26) (-631.863 714.252 6198.26) (-542.375 27.9814 6049.58) (-542.375 27.9814 6049.58) (-459.353 454.251 6117.43) (-459.353 454.251 6117.43) (22.5033 -327.031 6295.77) (22.5033 -327.031 6295.77)
4550          (-1426.9 -170.834 6312.95) (-1426.9 -170.834 6312.95) (-1426.9 -170.834 6312.95) (-631.863 714.252 6198.26) (-631.863 714.252 6198.26) (-542.375 27.9814 6049.58) (-542.375 27.9814 6049.58) (-459.353 454.251 6117.43) (-459.353 454.251 6117.43) (22.5033 -327.031 6295.77) (22.5033 -327.031 6295.77)
4600          (-1426.9 -170.834 6312.95) (-1426.9 -170.834 6312.95) (-1426.9 -170.834 6312.95) (-631.863 714.252 6198.26) (-631.863 714.252 6198.26) (-542.375 27.9814 6049.58) (-542.375 27.9814 6049.58) (-459.353 454.251 6117.43) (-459.353 454.251 6117.43) (22.5033 -327.031 6295.77) (22.5033 -327.031 6295.77)
4650          (-1426.9 -170.834 6312.95) (-1426.9 -170.834 6312.95) (-1426.9 -170.834 6312.95) (-631.863 714.252 6198.26) (-631.863 714.252 6198.26) (-542.375 27.9814 6049.58) (-542.375 27.9814 6049.58) (-459.353 454.251 6117.43) (-459.353 454.251 6117.43) (22.5033 -327.031 6295.77) (22.5033 -327.031 6295.77)
4700          (-1426.9 -170.834 6312.95) (-1426.9 -170.834 6312.95) (-1426.9 -170.834 6312.95) (-631.863 714.252 6198.26) (-631.863 714.252 6198.26) (-542.375 27.9814 6049.58) (-542.375 27.9814 6049.58) (-459.353 454.251 6117.43) (-459.353 454.251 6117.43) (22.5033 -327.031 6295.77) (22.5033 -327.031 6295.77)
4750          (-1426.9 -170.834 6312.95) (-1426.9 -170.834 6312.95) (-1426.9 -170.834 6312.95) (-631.863 714.252 6198.26) (-631.863 714.252 6198.26) (-542.375 27.9814 6049.58) (-542.375 27.9814 6049.58) (-459.353 454.251 6117.43) (-459.353 454.251 6117.43) (22.5033 -327.031 6295.77) (22.5033 -327.031 6295.77)
4800          (-1426.9 -170.834 6312.95) (-1426.9 -170.834 6312.95) (-1426.9 -170.834 6312.95) (-631.863 714.252 6198.26) (-631.863 714.252 6198.26) (-542.375 27.9814 6049.58) (-542.375 27.9814 6049.58) (-459.353 454.251 6117.43) (-459.353 454.251 6117.43) (22.5033 -327.031 6295.77) (22.5033 -327.031 6295.77)
4850          (-1426.9 -170.834 6312.95) (-1426.9 -170.834 6312.95) (-1426.9 -170.834 6312.95) (-631.863 714.252 6198.26) (-631.863 714.252 6198.26) (-542.375 27.9814 6049.58) (-542.375 27.9814 6049.58) (-459.353 454.251 6117.43) (-459.353 454.251 6117.43) (22.5033 -327.031 6295.77) (22.5033 -327.031 6295.77)
4900          (-1426.9 -170.834 6312.95) (-1426.9 -170.834 6312.95) (-1426.9 -170.834 6312.95) (-631.863 714.252 6198.26) (-631.863 714.252 6198.26) (-542.375 27.9814 6049.58) (-542.375 27.9814 6049.58) (-459.353 454.251 6117.43) (-459.353 454.251 6117.43) (22.5033 -327.031 6295.77) (22.5033 -327.031 6295.77)
4950          (-1426.9 -170.834 6312.95) (-1426.9 -170.834 6312.95) (-1426.9 -170.834 6312.95) (-631.863 714.252 6198.26) (-631.863 714.252 6198.26) (-542.375 27.9814 6049.58) (-542.375 27.9814 6049.58) (-459.353 454.251 6117.43) (-459.353 454.251 6117.43) (22.5033 -327.031 6295.77) (22.5033 -327.031 6295.77)
5000          (-1426.9 -170.834 6312.95) (-1426.9 -170.834 6312.95) (-1426.9 -170.834 6312.95) (-631.863 714.252 6198.26) (-631.863 714.252 6198.26) (-542.375 27.9814 6049.58) (-542.375 27.9814 6049.58) (-459.353 454.251 6117.43) (-459.353 454.251 6117.43) (22.5033 -327.031 6295.77) (22.5033 -327.031 6295.77)
