# Probe 0 (0.0015 0.0015 0)
# Probe 1 (0.0015 0.0015 0.002)
# Probe 2 (0.0015 0.0015 0.004)
# Probe 3 (0.0015 0.0015 0.006)
# Probe 4 (0.0015 0.0015 0.008)
# Probe 5 (0.0015 0.0015 0.01)
# Probe 6 (0.0015 0.0015 0.012)
# Probe 7 (0.0015 0.0015 0.014)
# Probe 8 (0.0015 0.0015 0.016)
# Probe 9 (0.0015 0.0015 0.018)
# Probe 10 (0.0015 0.0015 0.02)
# Time        0             1             2             3             4             5             6             7             8             9             10           
50            (0.000341381 0.000198157 0.0730992) (0.000341381 0.000198157 0.0730992) (0.000341381 0.000198157 0.0730992) (0.000183954 0.000150318 0.0723624) (0.000183954 0.000150318 0.0723624) (-2.18701e-05 0.000349612 -0.0138558) (-2.18701e-05 0.000349612 -0.0138558) (-0.000342342 0.000382213 -0.0766215) (-0.000342342 0.000382213 -0.0766215) (8.51233e-05 0.000135131 -0.0455857) (8.51233e-05 0.000135131 -0.0455857)
100           (0.000560881 -0.000715884 0.0496914) (0.000560881 -0.000715884 0.0496914) (0.000560881 -0.000715884 0.0496914) (0.00141443 0.000165001 0.109128) (0.00141443 0.000165001 0.109128) (-0.000763738 0.000640362 -0.0339031) (-0.000763738 0.000640362 -0.0339031) (-0.00267626 0.000943397 -0.060321) (-0.00267626 0.000943397 -0.060321) (-0.00123293 0.000320931 -0.04181) (-0.00123293 0.000320931 -0.04181)
150           (0.000134361 0.000346293 0.0987421) (0.000134361 0.000346293 0.0987421) (0.000134361 0.000346293 0.0987421) (0.000161993 0.000216603 0.077414) (0.000161993 0.000216603 0.077414) (-0.000265345 0.000482998 0.0525794) (-0.000265345 0.000482998 0.0525794) (-0.000166441 -0.000162368 -0.0679111) (-0.000166441 -0.000162368 -0.0679111) (-0.000213767 1.95071e-05 -0.0263645) (-0.000213767 1.95071e-05 -0.0263645)
200           (5.68118e-05 0.00065252 0.0846026) (5.68118e-05 0.00065252 0.0846026) (5.68118e-05 0.00065252 0.0846026) (0.00107673 2.47922e-05 0.0874757) (0.00107673 2.47922e-05 0.0874757) (0.000381778 5.26833e-06 0.0225512) (0.000381778 5.26833e-06 0.0225512) (-0.000421269 -0.000425473 -0.0521616) (-0.000421269 -0.000425473 -0.0521616) (-0.000194143 -8.02421e-05 -0.0280065) (-0.000194143 -8.02421e-05 -0.0280065)
250           (0.000859382 0.000453065 0.0630479) (0.000859382 0.000453065 0.0630479) (0.000859382 0.000453065 0.0630479) (0.00152964 0.000241411 0.119987) (0.00152964 0.000241411 0.119987) (3.08058e-05 0.000283908 -0.0331653) (3.08058e-05 0.000283908 -0.0331653) (-0.00151787 -0.000122371 -0.0462014) (-0.00151787 -0.000122371 -0.0462014) (-0.000671798 -0.000158265 -0.0379822) (-0.000671798 -0.000158265 -0.0379822)
300           (0.000327251 0.0003066 0.109192) (0.000327251 0.0003066 0.109192) (0.000327251 0.0003066 0.109192) (0.00163807 8.39387e-05 0.0690792) (0.00163807 8.39387e-05 0.0690792) (0.00017177 4.22916e-05 0.0181962) (0.00017177 4.22916e-05 0.0181962) (-0.00112151 -0.00049611 -0.0539628) (-0.00112151 -0.00049611 -0.0539628) (-0.00088448 -0.000129492 -0.0256579) (-0.00088448 -0.000129492 -0.0256579)
350           (0.000484888 -2.35956e-05 0.0742205) (0.000484888 -2.35956e-05 0.0742205) (0.000484888 -2.35956e-05 0.0742205) (0.00126971 0.000218172 0.085477) (0.00126971 0.000218172 0.085477) (0.000319856 -8.07659e-05 -0.00409713) (0.000319856 -8.07659e-05 -0.00409713) (-0.00124011 -0.000309962 -0.0516045) (-0.00124011 -0.000309962 -0.0516045) (-0.000563653 -7.53774e-05 -0.0420486) (-0.000563653 -7.53774e-05 -0.0420486)
400           (0.000459367 0.000404863 0.0593488) (0.000459367 0.000404863 0.0593488) (0.000459367 0.000404863 0.0593488) (0.00122846 -0.000155391 0.114256) (0.00122846 -0.000155391 0.114256) (0.000735311 -0.00033596 0.00234882) (0.000735311 -0.00033596 0.00234882) (-0.000530306 -0.000529729 -0.0443948) (-0.000530306 -0.000529729 -0.0443948) (-0.000374734 -6.14412e-05 -0.0343801) (-0.000374734 -6.14412e-05 -0.0343801)
450           (0.000209117 3.90891e-05 0.116213) (0.000209117 3.90891e-05 0.116213) (0.000209117 3.90891e-05 0.116213) (0.00101788 4.12502e-05 0.0694412) (0.00101788 4.12502e-05 0.0694412) (0.000415232 -7.00653e-05 0.00769703) (0.000415232 -7.00653e-05 0.00769703) (-0.000796885 -0.000120391 -0.0271273) (-0.000796885 -0.000120391 -0.0271273) (-0.000485312 -9.11732e-05 -0.0391949) (-0.000485312 -9.11732e-05 -0.0391949)
500           (0.000777136 -0.00109675 0.116728) (0.000777136 -0.00109675 0.116728) (0.000777136 -0.00109675 0.116728) (0.000487702 0.000563279 0.058035) (0.000487702 0.000563279 0.058035) (0.000140983 -0.000168597 0.0293115) (0.000140983 -0.000168597 0.0293115) (-0.00104428 0.000487679 -0.068336) (-0.00104428 0.000487679 -0.068336) (-0.000554562 8.73738e-05 -0.0412394) (-0.000554562 8.73738e-05 -0.0412394)
550           (0.000597618 -0.000190872 0.0490967) (0.000597618 -0.000190872 0.0490967) (0.000597618 -0.000190872 0.0490967) (0.00114079 2.76805e-05 0.0999676) (0.00114079 2.76805e-05 0.0999676) (0.000186735 -4.24418e-06 -0.0235279) (0.000186735 -4.24418e-06 -0.0235279) (-0.00108423 1.89308e-05 -0.0577694) (-0.00108423 1.89308e-05 -0.0577694) (-0.000572956 6.04637e-05 -0.0398167) (-0.000572956 6.04637e-05 -0.0398167)
600           (0.000617597 0.000425836 0.106825) (0.000617597 0.000425836 0.106825) (0.000617597 0.000425836 0.106825) (0.00159194 3.77918e-05 0.0711546) (0.00159194 3.77918e-05 0.0711546) (0.000185488 8.62857e-05 0.00253894) (0.000185488 8.62857e-05 0.00253894) (-0.00150444 -7.45175e-05 -0.0828438) (-0.00150444 -7.45175e-05 -0.0828438) (-0.000773675 2.79172e-05 -0.0243393) (-0.000773675 2.79172e-05 -0.0243393)
650           (0.000485071 0.000415802 0.0393614) (0.000485071 0.000415802 0.0393614) (0.000485071 0.000415802 0.0393614) (0.000769552 8.4452e-05 0.106254) (0.000769552 8.4452e-05 0.106254) (8.12309e-05 7.00265e-05 -0.030093) (8.12309e-05 7.00265e-05 -0.030093) (-0.000892475 -5.26552e-05 -0.0377918) (-0.000892475 -5.26552e-05 -0.0377918) (-0.000606872 6.01383e-05 -0.0350341) (-0.000606872 6.01383e-05 -0.0350341)
700           (0.00062624 0.000344453 0.042201) (0.00062624 0.000344453 0.042201) (0.00062624 0.000344453 0.042201) (0.000909736 9.96779e-05 0.0973011) (0.000909736 9.96779e-05 0.0973011) (0.000240116 8.11546e-05 -0.022245) (0.000240116 8.11546e-05 -0.022245) (-0.000813163 -1.67274e-05 -0.0346352) (-0.000813163 -1.67274e-05 -0.0346352) (-0.000701575 8.70119e-05 -0.0417902) (-0.000701575 8.70119e-05 -0.0417902)
750           (0.000750848 0.000330545 0.102104) (0.000750848 0.000330545 0.102104) (0.000750848 0.000330545 0.102104) (0.00204361 -0.000346905 0.0466093) (0.00204361 -0.000346905 0.0466093) (0.000119313 -0.000181898 -0.0234052) (0.000119313 -0.000181898 -0.0234052) (-0.00211558 0.000205279 -0.0928239) (-0.00211558 0.000205279 -0.0928239) (-0.00121279 0.000247848 -0.0498675) (-0.00121279 0.000247848 -0.0498675)
800           (0.00058402 0.000284121 0.0969906) (0.00058402 0.000284121 0.0969906) (0.00058402 0.000284121 0.0969906) (0.00135125 0.000113575 0.0608793) (0.00135125 0.000113575 0.0608793) (0.000101132 0.000162004 0.0194057) (0.000101132 0.000162004 0.0194057) (-0.00145285 -1.32684e-05 -0.0883634) (-0.00145285 -1.32684e-05 -0.0883634) (-0.000866146 5.76247e-05 -0.0252829) (-0.000866146 5.76247e-05 -0.0252829)
850           (0.000569103 0.000377456 0.0663825) (0.000569103 0.000377456 0.0663825) (0.000569103 0.000377456 0.0663825) (0.00148596 6.27828e-05 0.0948625) (0.00148596 6.27828e-05 0.0948625) (0.000149674 1.70955e-05 -0.0105242) (0.000149674 1.70955e-05 -0.0105242) (-0.0013472 -0.000102368 -0.0521754) (-0.0013472 -0.000102368 -0.0521754) (-0.000622504 -6.55049e-05 -0.0442549) (-0.000622504 -6.55049e-05 -0.0442549)
900           (0.000414035 8.66751e-05 0.109456) (0.000414035 8.66751e-05 0.109456) (0.000414035 8.66751e-05 0.109456) (0.0017383 0.000129191 0.0522324) (0.0017383 0.000129191 0.0522324) (0.000655593 9.98267e-05 0.0343355) (0.000655593 9.98267e-05 0.0343355) (-0.0012681 -0.000190687 -0.0237757) (-0.0012681 -0.000190687 -0.0237757) (-0.00120271 -0.000253779 -0.0461109) (-0.00120271 -0.000253779 -0.0461109)
950           (0.000281898 3.68701e-05 0.0985899) (0.000281898 3.68701e-05 0.0985899) (0.000281898 3.68701e-05 0.0985899) (0.00118959 -4.19706e-05 0.0660445) (0.00118959 -4.19706e-05 0.0660445) (0.000218586 9.90836e-06 -0.00142654) (0.000218586 9.90836e-06 -0.00142654) (-0.000780895 1.28432e-05 -0.049467) (-0.000780895 1.28432e-05 -0.049467) (-0.000413197 7.13127e-05 -0.0219419) (-0.000413197 7.13127e-05 -0.0219419)
1000          (0.000353437 0.000337957 0.0596194) (0.000353437 0.000337957 0.0596194) (0.000353437 0.000337957 0.0596194) (0.000564518 0.000192023 0.138079) (0.000564518 0.000192023 0.138079) (0.000573639 -0.000158987 0.0107112) (0.000573639 -0.000158987 0.0107112) (-0.00045441 -0.00035166 -0.0352311) (-0.00045441 -0.00035166 -0.0352311) (-0.00054397 0.000108602 -0.0474331) (-0.00054397 0.000108602 -0.0474331)
1050          (5.76209e-05 0.000310333 0.0883648) (5.76209e-05 0.000310333 0.0883648) (5.76209e-05 0.000310333 0.0883648) (-9.99829e-05 0.000160349 0.0688873) (-9.99829e-05 0.000160349 0.0688873) (-0.000760659 0.00101334 0.0506098) (-0.000760659 0.00101334 0.0506098) (-0.000294965 0.000216803 -0.0439247) (-0.000294965 0.000216803 -0.0439247) (-6.23905e-05 -9.07844e-05 -0.0303688) (-6.23905e-05 -9.07844e-05 -0.0303688)
1100          (0.000112335 0.00031961 0.104692) (0.000112335 0.00031961 0.104692) (0.000112335 0.00031961 0.104692) (-6.31024e-05 0.000144367 0.0762187) (-6.31024e-05 0.000144367 0.0762187) (-0.000563329 0.000780917 0.0387859) (-0.000563329 0.000780917 0.0387859) (-0.00067011 0.000505231 -0.0256174) (-0.00067011 0.000505231 -0.0256174) (-0.000152721 0.000108221 -0.0335018) (-0.000152721 0.000108221 -0.0335018)
1150          (-4.18477e-05 -0.000210766 0.111086) (-4.18477e-05 -0.000210766 0.111086) (-4.18477e-05 -0.000210766 0.111086) (2.92226e-05 -0.00013272 0.0815749) (2.92226e-05 -0.00013272 0.0815749) (0.000370312 -0.000592741 0.0231245) (0.000370312 -0.000592741 0.0231245) (3.70637e-06 -6.16323e-06 -0.0115703) (3.70637e-06 -6.16323e-06 -0.0115703) (-0.000172564 5.54107e-05 -0.0269209) (-0.000172564 5.54107e-05 -0.0269209)
1200          (0.000208915 0.000154932 0.0518977) (0.000208915 0.000154932 0.0518977) (0.000208915 0.000154932 0.0518977) (-0.00013422 2.32657e-05 0.116321) (-0.00013422 2.32657e-05 0.116321) (-0.000162404 0.00027715 0.000221403) (-0.000162404 0.00027715 0.000221403) (-7.16549e-05 0.000135901 -0.0407668) (-7.16549e-05 0.000135901 -0.0407668) (5.13243e-05 -2.56428e-05 -0.0386211) (5.13243e-05 -2.56428e-05 -0.0386211)
1250          (0.000780941 0.000108627 0.088496) (0.000780941 0.000108627 0.088496) (0.000780941 0.000108627 0.088496) (0.00185944 0.000446283 0.109624) (0.00185944 0.000446283 0.109624) (0.000467297 -9.53573e-06 0.00497759) (0.000467297 -9.53573e-06 0.00497759) (-0.00199342 -0.000483583 -0.0384643) (-0.00199342 -0.000483583 -0.0384643) (-0.00104197 -0.000149865 -0.0439773) (-0.00104197 -0.000149865 -0.0439773)
1300          (0.000685317 0.000277237 0.10658) (0.000685317 0.000277237 0.10658) (0.000685317 0.000277237 0.10658) (0.00183865 -6.1094e-05 0.044235) (0.00183865 -6.1094e-05 0.044235) (0.000648552 -0.000202893 0.0174263) (0.000648552 -0.000202893 0.0174263) (-0.00133396 -0.000240614 -0.0530055) (-0.00133396 -0.000240614 -0.0530055) (-0.00093262 7.76604e-05 -0.0479342) (-0.00093262 7.76604e-05 -0.0479342)
1350          (0.00046701 8.26771e-05 0.0592476) (0.00046701 8.26771e-05 0.0592476) (0.00046701 8.26771e-05 0.0592476) (0.00106497 0.000161187 0.110944) (0.00106497 0.000161187 0.110944) (0.000128801 -6.84956e-06 -0.0228118) (0.000128801 -6.84956e-06 -0.0228118) (-0.00104582 -0.00011993 -0.0372172) (-0.00104582 -0.00011993 -0.0372172) (-0.000466177 2.07729e-05 -0.0356623) (-0.000466177 2.07729e-05 -0.0356623)
1400          (0.000366507 2.59728e-05 0.0623823) (0.000366507 2.59728e-05 0.0623823) (0.000366507 2.59728e-05 0.0623823) (-7.59619e-06 0.000240419 0.0999276) (-7.59619e-06 0.000240419 0.0999276) (-0.000413585 0.000661597 0.0373991) (-0.000413585 0.000661597 0.0373991) (-0.000264553 7.5603e-05 -0.0402501) (-0.000264553 7.5603e-05 -0.0402501) (-0.000218047 0.000121847 -0.0360026) (-0.000218047 0.000121847 -0.0360026)
1450          (0.000241134 5.83041e-05 0.131261) (0.000241134 5.83041e-05 0.131261) (0.000241134 5.83041e-05 0.131261) (0.00113238 9.69241e-05 0.0712636) (0.00113238 9.69241e-05 0.0712636) (0.000481756 -1.81702e-05 0.0101165) (0.000481756 -1.81702e-05 0.0101165) (-0.000845962 -0.000209633 -0.0286321) (-0.000845962 -0.000209633 -0.0286321) (-0.000526664 -0.000138985 -0.0516454) (-0.000526664 -0.000138985 -0.0516454)
1500          (0.000914414 -0.000472336 0.0705269) (0.000914414 -0.000472336 0.0705269) (0.000914414 -0.000472336 0.0705269) (0.00186845 -2.01087e-06 0.0861674) (0.00186845 -2.01087e-06 0.0861674) (9.10057e-05 0.000458196 0.0190455) (9.10057e-05 0.000458196 0.0190455) (-0.00229573 0.000325254 -0.0735119) (-0.00229573 0.000325254 -0.0735119) (-0.00105556 -0.00016798 -0.0510711) (-0.00105556 -0.00016798 -0.0510711)
1550          (0.000672691 9.22683e-05 0.06597) (0.000672691 9.22683e-05 0.06597) (0.000672691 9.22683e-05 0.06597) (0.00148674 0.000270286 0.110723) (0.00148674 0.000270286 0.110723) (0.000316307 1.94348e-05 -0.0228041) (0.000316307 1.94348e-05 -0.0228041) (-0.00164611 -0.000287025 -0.0417286) (-0.00164611 -0.000287025 -0.0417286) (-0.000905518 -6.81556e-05 -0.049506) (-0.000905518 -6.81556e-05 -0.049506)
1600          (0.00043319 0.000540853 0.0969792) (0.00043319 0.000540853 0.0969792) (0.00043319 0.000540853 0.0969792) (0.00127415 5.95374e-05 0.0664835) (0.00127415 5.95374e-05 0.0664835) (0.000166723 1.52896e-05 0.00193252) (0.000166723 1.52896e-05 0.00193252) (-0.00125723 -0.000246834 -0.0842351) (-0.00125723 -0.000246834 -0.0842351) (-0.000528019 -0.000145346 -0.0306333) (-0.000528019 -0.000145346 -0.0306333)
1650          (0.000174406 3.28228e-05 0.106648) (0.000174406 3.28228e-05 0.106648) (0.000174406 3.28228e-05 0.106648) (0.000875792 1.76573e-05 0.0733615) (0.000875792 1.76573e-05 0.0733615) (0.00031881 -4.70992e-05 0.0102156) (0.00031881 -4.70992e-05 0.0102156) (-0.00075534 -7.00103e-05 -0.0287058) (-0.00075534 -7.00103e-05 -0.0287058) (-0.000490018 -5.66196e-05 -0.0399592) (-0.000490018 -5.66196e-05 -0.0399592)
1700          (0.000740137 0.000424271 0.0725663) (0.000740137 0.000424271 0.0725663) (0.000740137 0.000424271 0.0725663) (0.00201164 4.45057e-05 0.0706563) (0.00201164 4.45057e-05 0.0706563) (1.34879e-05 -7.0288e-06 -0.00932987) (1.34879e-05 -7.0288e-06 -0.00932987) (-0.0018094 -0.000128177 -0.0681516) (-0.0018094 -0.000128177 -0.0681516) (-0.000883016 -2.28254e-05 -0.0304719) (-0.000883016 -2.28254e-05 -0.0304719)
1750          (0.0007553 0.000325676 0.0602483) (0.0007553 0.000325676 0.0602483) (0.0007553 0.000325676 0.0602483) (0.00131363 0.000132475 0.111495) (0.00131363 0.000132475 0.111495) (-0.000116492 0.000331793 -0.0323846) (-0.000116492 0.000331793 -0.0323846) (-0.00157636 0.000170781 -0.0381302) (-0.00157636 0.000170781 -0.0381302) (-0.000737093 -6.86934e-05 -0.0459823) (-0.000737093 -6.86934e-05 -0.0459823)
1800          (0.000474843 -0.000133788 0.0942289) (0.000474843 -0.000133788 0.0942289) (0.000474843 -0.000133788 0.0942289) (0.00111351 0.000113323 0.0634962) (0.00111351 0.000113323 0.0634962) (-2.72494e-05 0.000134364 0.0166853) (-2.72494e-05 0.000134364 0.0166853) (-0.00108981 -0.000115775 -0.0979498) (-0.00108981 -0.000115775 -0.0979498) (-0.000833251 -0.000134667 -0.0376419) (-0.000833251 -0.000134667 -0.0376419)
1850          (0.000558332 1.88855e-05 0.116608) (0.000558332 1.88855e-05 0.116608) (0.000558332 1.88855e-05 0.116608) (0.00110827 0.000119558 0.063396) (0.00110827 0.000119558 0.063396) (-0.000287233 0.000130689 -0.0262032) (-0.000287233 0.000130689 -0.0262032) (-0.00120937 -0.000107421 -0.0546256) (-0.00120937 -0.000107421 -0.0546256) (-0.00046175 -0.00014257 -0.0261339) (-0.00046175 -0.00014257 -0.0261339)
1900          (0.000522433 0.000326014 0.107312) (0.000522433 0.000326014 0.107312) (0.000522433 0.000326014 0.107312) (0.000898246 0.000190929 0.0622348) (0.000898246 0.000190929 0.0622348) (-6.43197e-05 0.000369714 0.0109951) (-6.43197e-05 0.000369714 0.0109951) (-0.00103612 -0.000110677 -0.085908) (-0.00103612 -0.000110677 -0.085908) (-0.000912881 0.000189716 -0.0226782) (-0.000912881 0.000189716 -0.0226782)
1950          (0.000915834 0.000213455 0.0737037) (0.000915834 0.000213455 0.0737037) (0.000915834 0.000213455 0.0737037) (0.00236085 -3.40679e-05 0.0887539) (0.00236085 -3.40679e-05 0.0887539) (0.000331343 -0.00015497 -0.0239576) (0.000331343 -0.00015497 -0.0239576) (-0.00250074 -8.26056e-05 -0.0856195) (-0.00250074 -8.26056e-05 -0.0856195) (-0.00141742 4.54459e-05 -0.0439305) (-0.00141742 4.54459e-05 -0.0439305)
2000          (0.000658623 -4.07231e-05 0.0622087) (0.000658623 -4.07231e-05 0.0622087) (0.000658623 -4.07231e-05 0.0622087) (0.0012218 0.000154761 0.0957777) (0.0012218 0.000154761 0.0957777) (0.000260625 -3.11103e-05 -0.0171356) (0.000260625 -3.11103e-05 -0.0171356) (-0.0012342 -0.000116271 -0.028259) (-0.0012342 -0.000116271 -0.028259) (-0.000554921 3.10999e-05 -0.0328971) (-0.000554921 3.10999e-05 -0.0328971)
2050          (0.000421452 7.9235e-05 0.114136) (0.000421452 7.9235e-05 0.114136) (0.000421452 7.9235e-05 0.114136) (0.00148474 0.00016945 0.0659252) (0.00148474 0.00016945 0.0659252) (0.000211792 2.05873e-05 -0.000486046) (0.000211792 2.05873e-05 -0.000486046) (-0.00115253 -0.000169227 -0.0334758) (-0.00115253 -0.000169227 -0.0334758) (-0.000535158 -0.000139479 -0.0458766) (-0.000535158 -0.000139479 -0.0458766)
2100          (0.000718984 -0.000243705 0.110599) (0.000718984 -0.000243705 0.110599) (0.000718984 -0.000243705 0.110599) (0.00120621 6.3493e-05 0.056272) (0.00120621 6.3493e-05 0.056272) (6.40423e-05 9.80274e-05 0.00594322) (6.40423e-05 9.80274e-05 0.00594322) (-0.00128666 9.1828e-05 -0.0719216) (-0.00128666 9.1828e-05 -0.0719216) (-0.000572464 -0.000164224 -0.0416454) (-0.000572464 -0.000164224 -0.0416454)
2150          (0.000252827 2.69264e-06 0.102446) (0.000252827 2.69264e-06 0.102446) (0.000252827 2.69264e-06 0.102446) (0.00114721 0.000158413 0.0718285) (0.00114721 0.000158413 0.0718285) (0.000208493 -7.01196e-05 0.0179098) (0.000208493 -7.01196e-05 0.0179098) (-0.000972197 -0.000146699 -0.0512327) (-0.000972197 -0.000146699 -0.0512327) (-0.000393259 -2.86725e-05 -0.031661) (-0.000393259 -2.86725e-05 -0.031661)
2200          (0.000317365 2.71588e-06 0.0562525) (0.000317365 2.71588e-06 0.0562525) (0.000317365 2.71588e-06 0.0562525) (0.000606989 6.02178e-05 0.10861) (0.000606989 6.02178e-05 0.10861) (0.000210878 -2.71395e-05 -0.00963904) (0.000210878 -2.71395e-05 -0.00963904) (-0.00049091 -0.000128754 -0.0429782) (-0.00049091 -0.000128754 -0.0429782) (-0.000146535 -2.91632e-05 -0.0458873) (-0.000146535 -2.91632e-05 -0.0458873)
2250          (0.000268093 0.000725232 0.0756498) (0.000268093 0.000725232 0.0756498) (0.000268093 0.000725232 0.0756498) (0.00166688 0.000273729 0.111931) (0.00166688 0.000273729 0.111931) (0.0012925 -0.000588673 0.0230257) (0.0012925 -0.000588673 0.0230257) (-0.000554374 -0.00108763 -0.0494845) (-0.000554374 -0.00108763 -0.0494845) (-0.000440382 -0.000247032 -0.03853) (-0.000440382 -0.000247032 -0.03853)
2300          (0.00056948 0.000332372 0.114448) (0.00056948 0.000332372 0.114448) (0.00056948 0.000332372 0.114448) (0.00136148 -0.000174715 0.0539888) (0.00136148 -0.000174715 0.0539888) (2.65149e-05 1.62425e-05 0.00902433) (2.65149e-05 1.62425e-05 0.00902433) (-0.00101595 -0.000193516 -0.080125) (-0.00101595 -0.000193516 -0.080125) (-0.000891409 0.000185192 -0.0472778) (-0.000891409 0.000185192 -0.0472778)
2350          (0.000192245 3.49926e-05 0.103548) (0.000192245 3.49926e-05 0.103548) (0.000192245 3.49926e-05 0.103548) (0.000877261 2.72948e-05 0.0689431) (0.000877261 2.72948e-05 0.0689431) (0.000329502 -4.55799e-05 0.00930065) (0.000329502 -4.55799e-05 0.00930065) (-0.000652497 -9.69458e-05 -0.0306902) (-0.000652497 -9.69458e-05 -0.0306902) (-0.000325345 -9.31549e-05 -0.0374494) (-0.000325345 -9.31549e-05 -0.0374494)
2400          (0.000346663 0.00010498 0.0594635) (0.000346663 0.00010498 0.0594635) (0.000346663 0.00010498 0.0594635) (0.000785933 0.000118644 0.120142) (0.000785933 0.000118644 0.120142) (0.000698967 -6.0717e-05 -0.0117293) (0.000698967 -6.0717e-05 -0.0117293) (-0.000467013 -6.33976e-05 -0.0284884) (-0.000467013 -6.33976e-05 -0.0284884) (-0.000440583 -1.94962e-05 -0.063868) (-0.000440583 -1.94962e-05 -0.063868)
2450          (6.18157e-05 0.000400417 0.0932388) (6.18157e-05 0.000400417 0.0932388) (6.18157e-05 0.000400417 0.0932388) (-2.7165e-05 0.00014602 0.0868877) (-2.7165e-05 0.00014602 0.0868877) (-2.65453e-05 0.000293006 0.0435381) (-2.65453e-05 0.000293006 0.0435381) (-5.88259e-05 5.63824e-05 -0.0604982) (-5.88259e-05 5.63824e-05 -0.0604982) (-5.42399e-05 0.000125017 -0.0281827) (-5.42399e-05 0.000125017 -0.0281827)
2500          (0.000355909 0.00055192 0.0602598) (0.000355909 0.00055192 0.0602598) (0.000355909 0.00055192 0.0602598) (0.00113668 -4.73321e-07 0.143864) (0.00113668 -4.73321e-07 0.143864) (0.000490342 0.000135112 0.00902894) (0.000490342 0.000135112 0.00902894) (-0.000673971 -0.00038248 -0.0424853) (-0.000673971 -0.00038248 -0.0424853) (-0.000747 6.51625e-05 -0.060107) (-0.000747 6.51625e-05 -0.060107)
2550          (0.000495964 0.000268971 0.115271) (0.000495964 0.000268971 0.115271) (0.000495964 0.000268971 0.115271) (0.00160897 -9.17254e-05 0.0604445) (0.00160897 -9.17254e-05 0.0604445) (0.000220635 5.18454e-05 0.0244799) (0.000220635 5.18454e-05 0.0244799) (-0.00100541 -0.00025752 -0.0583254) (-0.00100541 -0.00025752 -0.0583254) (-0.000817453 4.75218e-05 -0.0510243) (-0.000817453 4.75218e-05 -0.0510243)
2600          (0.000537112 0.000378852 0.121233) (0.000537112 0.000378852 0.121233) (0.000537112 0.000378852 0.121233) (0.00159747 -5.84426e-05 0.0595558) (0.00159747 -5.84426e-05 0.0595558) (0.000300163 -8.34597e-06 0.0171985) (0.000300163 -8.34597e-06 0.0171985) (-0.000853772 -0.000380991 -0.0696136) (-0.000853772 -0.000380991 -0.0696136) (-0.00078022 7.04766e-05 -0.0535608) (-0.00078022 7.04766e-05 -0.0535608)
2650          (0.000227738 0.00013406 0.0486061) (0.000227738 0.00013406 0.0486061) (0.000227738 0.00013406 0.0486061) (-4.51862e-05 0.000151083 0.115553) (-4.51862e-05 0.000151083 0.115553) (5.30551e-05 0.000104549 0.00681472) (5.30551e-05 0.000104549 0.00681472) (-3.41754e-05 -0.00015515 -0.0318823) (-3.41754e-05 -0.00015515 -0.0318823) (-9.08959e-05 8.4274e-06 -0.0366606) (-9.08959e-05 8.4274e-06 -0.0366606)
2700          (0.000691121 0.000178502 0.0916643) (0.000691121 0.000178502 0.0916643) (0.000691121 0.000178502 0.0916643) (0.00216914 6.91905e-06 0.0783343) (0.00216914 6.91905e-06 0.0783343) (0.000721712 -0.000261937 0.0206591) (0.000721712 -0.000261937 0.0206591) (-0.00207814 -0.000180808 -0.0376041) (-0.00207814 -0.000180808 -0.0376041) (-0.000921486 -6.2104e-05 -0.0202056) (-0.000921486 -6.2104e-05 -0.0202056)
2750          (1.77114e-05 0.000614157 0.0795464) (1.77114e-05 0.000614157 0.0795464) (1.77114e-05 0.000614157 0.0795464) (0.00109495 4.79475e-05 0.0868269) (0.00109495 4.79475e-05 0.0868269) (0.000315489 4.78236e-05 0.0233095) (0.000315489 4.78236e-05 0.0233095) (-0.000551255 -0.000303381 -0.0553765) (-0.000551255 -0.000303381 -0.0553765) (-0.000263594 -8.75057e-05 -0.0324711) (-0.000263594 -8.75057e-05 -0.0324711)
2800          (0.000126049 0.000300172 0.100354) (0.000126049 0.000300172 0.100354) (0.000126049 0.000300172 0.100354) (-9.54956e-05 0.000140336 0.0789789) (-9.54956e-05 0.000140336 0.0789789) (-0.000669712 0.000887631 0.0400581) (-0.000669712 0.000887631 0.0400581) (-0.000439707 0.000409772 -0.0587987) (-0.000439707 0.000409772 -0.0587987) (6.42468e-05 -1.95117e-05 -0.0297484) (6.42468e-05 -1.95117e-05 -0.0297484)
2850          (0.000301876 7.50723e-05 0.0495311) (0.000301876 7.50723e-05 0.0495311) (0.000301876 7.50723e-05 0.0495311) (0.000731208 7.31993e-05 0.101008) (0.000731208 7.31993e-05 0.101008) (0.000115159 -1.48805e-05 -0.0147728) (0.000115159 -1.48805e-05 -0.0147728) (-0.000640221 -2.97165e-05 -0.0318669) (-0.000640221 -2.97165e-05 -0.0318669) (-0.000301441 3.28609e-05 -0.0385871) (-0.000301441 3.28609e-05 -0.0385871)
2900          (0.000265548 7.59797e-05 0.0757373) (0.000265548 7.59797e-05 0.0757373) (0.000265548 7.59797e-05 0.0757373) (0.000867308 0.000352541 0.101121) (0.000867308 0.000352541 0.101121) (0.000585379 -8.63186e-06 0.0161422) (0.000585379 -8.63186e-06 0.0161422) (-0.000668744 -0.000291326 -0.0349546) (-0.000668744 -0.000291326 -0.0349546) (-0.000374366 -7.50914e-05 -0.0469678) (-0.000374366 -7.50914e-05 -0.0469678)
2950          (0.000195011 2.73022e-05 0.0569464) (0.000195011 2.73022e-05 0.0569464) (0.000195011 2.73022e-05 0.0569464) (8.18501e-05 -9.41965e-05 0.114284) (8.18501e-05 -9.41965e-05 0.114284) (-0.000244538 0.000230162 0.00428774) (-0.000244538 0.000230162 0.00428774) (-0.000337437 0.000202917 -0.0190597) (-0.000337437 0.000202917 -0.0190597) (-0.000228317 0.000126932 -0.032709) (-0.000228317 0.000126932 -0.032709)
3000          (0.000330549 7.26392e-05 0.0671445) (0.000330549 7.26392e-05 0.0671445) (0.000330549 7.26392e-05 0.0671445) (0.000978146 0.000321576 0.0794211) (0.000978146 0.000321576 0.0794211) (0.000163313 1.55154e-05 0.00387191) (0.000163313 1.55154e-05 0.00387191) (-0.000926281 -0.000341637 -0.044343) (-0.000926281 -0.000341637 -0.044343) (-0.000395459 -7.05342e-05 -0.0333195) (-0.000395459 -7.05342e-05 -0.0333195)
3050          (0.00034877 9.40864e-05 0.104093) (0.00034877 9.40864e-05 0.104093) (0.00034877 9.40864e-05 0.104093) (0.00182371 3.1265e-05 0.050111) (0.00182371 3.1265e-05 0.050111) (0.000530967 -5.81936e-05 0.0226574) (0.000530967 -5.81936e-05 0.0226574) (-0.00131453 -8.2253e-06 -0.0341845) (-0.00131453 -8.2253e-06 -0.0341845) (-0.00103433 9.96503e-06 -0.0409378) (-0.00103433 9.96503e-06 -0.0409378)
3100          (-6.72465e-05 0.000958645 0.101749) (-6.72465e-05 0.000958645 0.101749) (-6.72465e-05 0.000958645 0.101749) (0.00159745 3.71626e-05 0.0808752) (0.00159745 3.71626e-05 0.0808752) (0.000759832 -0.00038467 0.026046) (0.000759832 -0.00038467 0.026046) (-0.000592323 -0.000750394 -0.0683295) (-0.000592323 -0.000750394 -0.0683295) (-0.000378853 -0.000152528 -0.0234045) (-0.000378853 -0.000152528 -0.0234045)
3150          (9.50388e-05 0.000368455 0.108984) (9.50388e-05 0.000368455 0.108984) (9.50388e-05 0.000368455 0.108984) (-4.71039e-05 0.000203621 0.0897307) (-4.71039e-05 0.000203621 0.0897307) (-0.000656162 0.000812158 0.0249676) (-0.000656162 0.000812158 0.0249676) (-0.000388947 0.000159624 -0.0224299) (-0.000388947 0.000159624 -0.0224299) (-5.54525e-05 -0.000101392 -0.033015) (-5.54525e-05 -0.000101392 -0.033015)
3200          (0.00031412 0.000445285 0.0505513) (0.00031412 0.000445285 0.0505513) (0.00031412 0.000445285 0.0505513) (0.000835025 6.14695e-05 0.135397) (0.000835025 6.14695e-05 0.135397) (0.000588623 -0.000157933 0.00491709) (0.000588623 -0.000157933 0.00491709) (-0.000588041 -0.000371558 -0.0469531) (-0.000588041 -0.000371558 -0.0469531) (-0.000657359 0.00011407 -0.060271) (-0.000657359 0.00011407 -0.060271)
3250          (0.00026201 0.000654681 0.091716) (0.00026201 0.000654681 0.091716) (0.00026201 0.000654681 0.091716) (0.00197901 0.000108375 0.0776271) (0.00197901 0.000108375 0.0776271) (0.000983893 5.50936e-06 0.0558338) (0.000983893 5.50936e-06 0.0558338) (-0.000349104 -0.00107893 -0.0696255) (-0.000349104 -0.00107893 -0.0696255) (-0.000968302 -1.37366e-05 -0.0443807) (-0.000968302 -1.37366e-05 -0.0443807)
3300          (0.000150243 0.00032083 0.112889) (0.000150243 0.00032083 0.112889) (0.000150243 0.00032083 0.112889) (-6.3648e-05 0.000179298 0.0890507) (-6.3648e-05 0.000179298 0.0890507) (-0.000703361 0.00104175 0.0282813) (-0.000703361 0.00104175 0.0282813) (-0.000592243 0.000487243 -0.0231766) (-0.000592243 0.000487243 -0.0231766) (-1.88932e-05 -1.47134e-05 -0.0340255) (-1.88932e-05 -1.47134e-05 -0.0340255)
3350          (0.000420879 -1.89468e-05 0.059844) (0.000420879 -1.89468e-05 0.059844) (0.000420879 -1.89468e-05 0.059844) (0.000840148 0.000100233 0.104444) (0.000840148 0.000100233 0.104444) (0.000287743 -5.63574e-05 -0.00622177) (0.000287743 -5.63574e-05 -0.00622177) (-0.000797566 -0.000124196 -0.0342978) (-0.000797566 -0.000124196 -0.0342978) (-0.00048381 7.41269e-06 -0.0436887) (-0.00048381 7.41269e-06 -0.0436887)
3400          (0.000765373 -0.000410987 0.0920821) (0.000765373 -0.000410987 0.0920821) (0.000765373 -0.000410987 0.0920821) (0.001436 0.000281222 0.0591185) (0.001436 0.000281222 0.0591185) (-1.85403e-06 0.000133567 0.0140947) (-1.85403e-06 0.000133567 0.0140947) (-0.00159718 0.000111581 -0.0842762) (-0.00159718 0.000111581 -0.0842762) (-0.000643025 -5.39827e-06 -0.0319366) (-0.000643025 -5.39827e-06 -0.0319366)
3450          (0.000195488 -6.4312e-06 0.076943) (0.000195488 -6.4312e-06 0.076943) (0.000195488 -6.4312e-06 0.076943) (0.00057971 5.38245e-05 0.0807833) (0.00057971 5.38245e-05 0.0807833) (0.000117863 -5.19929e-05 0.00705941) (0.000117863 -5.19929e-05 0.00705941) (-0.000494592 -0.000155493 -0.0610254) (-0.000494592 -0.000155493 -0.0610254) (-0.000215475 -1.84026e-05 -0.0448903) (-0.000215475 -1.84026e-05 -0.0448903)
3500          (-1.10916e-05 0.000790139 0.0888634) (-1.10916e-05 0.000790139 0.0888634) (-1.10916e-05 0.000790139 0.0888634) (0.00138953 -2.2064e-05 0.0756965) (0.00138953 -2.2064e-05 0.0756965) (0.000616123 -0.000212137 0.0238221) (0.000616123 -0.000212137 0.0238221) (-0.000541538 -0.000536464 -0.0614086) (-0.000541538 -0.000536464 -0.0614086) (-0.00039115 -8.58529e-05 -0.0229899) (-0.00039115 -8.58529e-05 -0.0229899)
3550          (0.000298219 0.000111599 0.0490097) (0.000298219 0.000111599 0.0490097) (0.000298219 0.000111599 0.0490097) (-0.000136612 0.000228416 0.116376) (-0.000136612 0.000228416 0.116376) (-0.000101267 0.000293893 0.00504272) (-0.000101267 0.000293893 0.00504272) (-0.000116927 -2.69742e-05 -0.0253106) (-0.000116927 -2.69742e-05 -0.0253106) (-0.000215015 0.000106618 -0.035081) (-0.000215015 0.000106618 -0.035081)
3600          (0.000316125 6.63836e-05 0.0586446) (0.000316125 6.63836e-05 0.0586446) (0.000316125 6.63836e-05 0.0586446) (-0.000252343 0.000399959 0.113662) (-0.000252343 0.000399959 0.113662) (-0.000399224 0.000497165 0.0233336) (-0.000399224 0.000497165 0.0233336) (-0.000391026 5.03084e-06 -0.0374342) (-0.000391026 5.03084e-06 -0.0374342) (-0.000542778 0.000261208 -0.034674) (-0.000542778 0.000261208 -0.034674)
3650          (1.64787e-05 3.19978e-05 0.113009) (1.64787e-05 3.19978e-05 0.113009) (1.64787e-05 3.19978e-05 0.113009) (-0.000101 -0.000113554 0.0841154) (-0.000101 -0.000113554 0.0841154) (8.38588e-05 -7.76534e-05 0.0126907) (8.38588e-05 -7.76534e-05 0.0126907) (-3.95696e-05 8.42513e-05 -0.0271059) (-3.95696e-05 8.42513e-05 -0.0271059) (-1.43388e-05 7.98652e-05 -0.0443542) (-1.43388e-05 7.98652e-05 -0.0443542)
3700          (0.000593875 0.000298762 0.105607) (0.000593875 0.000298762 0.105607) (0.000593875 0.000298762 0.105607) (0.00158158 -0.00015934 0.057825) (0.00158158 -0.00015934 0.057825) (0.000527334 -0.000187619 0.00715525) (0.000527334 -0.000187619 0.00715525) (-0.00108097 -0.00020299 -0.056972) (-0.00108097 -0.00020299 -0.056972) (-0.000767198 0.000121404 -0.0591353) (-0.000767198 0.000121404 -0.0591353)
3750          (0.000601543 5.90977e-05 0.105612) (0.000601543 5.90977e-05 0.105612) (0.000601543 5.90977e-05 0.105612) (0.00200726 0.000166443 0.0693059) (0.00200726 0.000166443 0.0693059) (0.000316452 1.03501e-05 0.00870945) (0.000316452 1.03501e-05 0.00870945) (-0.0014675 -0.000230971 -0.0217983) (-0.0014675 -0.000230971 -0.0217983) (-0.000665723 -0.000207875 -0.044518) (-0.000665723 -0.000207875 -0.044518)
3800          (-5.60492e-07 0.000801419 0.100993) (-5.60492e-07 0.000801419 0.100993) (-5.60492e-07 0.000801419 0.100993) (0.00166771 -4.69642e-07 0.0784294) (0.00166771 -4.69642e-07 0.0784294) (0.000953981 -0.000392103 0.0365559) (0.000953981 -0.000392103 0.0365559) (-0.000606649 -0.000761055 -0.0657495) (-0.000606649 -0.000761055 -0.0657495) (-0.000485939 -0.000104244 -0.0227546) (-0.000485939 -0.000104244 -0.0227546)
3850          (0.000236937 -1.67523e-05 0.0917378) (0.000236937 -1.67523e-05 0.0917378) (0.000236937 -1.67523e-05 0.0917378) (0.000878198 0.000159965 0.086484) (0.000878198 0.000159965 0.086484) (0.000230184 -1.59345e-05 0.0107803) (0.000230184 -1.59345e-05 0.0107803) (-0.000700084 -0.000214744 -0.0695438) (-0.000700084 -0.000214744 -0.0695438) (-0.000321216 -4.5354e-05 -0.0456204) (-0.000321216 -4.5354e-05 -0.0456204)
3900          (0.000246989 4.21935e-05 0.111293) (0.000246989 4.21935e-05 0.111293) (0.000246989 4.21935e-05 0.111293) (0.000928698 7.40235e-07 0.0646425) (0.000928698 7.40235e-07 0.0646425) (0.000296636 3.79679e-05 0.0075991) (0.000296636 3.79679e-05 0.0075991) (-0.000487799 -0.000104501 -0.0485976) (-0.000487799 -0.000104501 -0.0485976) (-0.000251029 -0.000159905 -0.0338226) (-0.000251029 -0.000159905 -0.0338226)
3950          (4.42043e-05 0.00104556 0.123362) (4.42043e-05 0.00104556 0.123362) (4.42043e-05 0.00104556 0.123362) (0.00250224 -0.000266671 0.0752938) (0.00250224 -0.000266671 0.0752938) (0.00113217 -0.000351822 0.0576252) (0.00113217 -0.000351822 0.0576252) (-0.00132477 -0.000510719 -0.0936092) (-0.00132477 -0.000510719 -0.0936092) (-0.000973244 0.000101603 -0.0324313) (-0.000973244 0.000101603 -0.0324313)
4000          (0.000597704 -0.00104687 0.103984) (0.000597704 -0.00104687 0.103984) (0.000597704 -0.00104687 0.103984) (0.000868268 0.000345316 0.0723792) (0.000868268 0.000345316 0.0723792) (0.00042308 -0.000363931 0.0306457) (0.00042308 -0.000363931 0.0306457) (-0.00129529 0.000524946 -0.0521543) (-0.00129529 0.000524946 -0.0521543) (-0.000785035 -6.70656e-06 -0.035893) (-0.000785035 -6.70656e-06 -0.035893)
4050          (0.000531379 0.000127083 0.0883377) (0.000531379 0.000127083 0.0883377) (0.000531379 0.000127083 0.0883377) (0.00231224 -3.7496e-05 0.0735114) (0.00231224 -3.7496e-05 0.0735114) (0.000675838 -0.000189892 0.0228187) (0.000675838 -0.000189892 0.0228187) (-0.00206358 -0.000114927 -0.0587752) (-0.00206358 -0.000114927 -0.0587752) (-0.00088034 -2.00817e-05 -0.0370474) (-0.00088034 -2.00817e-05 -0.0370474)
4100          (0.000450694 0.000441196 0.0611542) (0.000450694 0.000441196 0.0611542) (0.000450694 0.000441196 0.0611542) (0.00131301 0.000107419 0.114285) (0.00131301 0.000107419 0.114285) (0.00112631 -0.000378264 0.0218211) (0.00112631 -0.000378264 0.0218211) (-0.000616325 -0.000499576 -0.0342127) (-0.000616325 -0.000499576 -0.0342127) (-0.000348479 -0.000248194 -0.0422301) (-0.000348479 -0.000248194 -0.0422301)
4150          (-4.05529e-05 -8.20792e-05 0.0883399) (-4.05529e-05 -8.20792e-05 0.0883399) (-4.05529e-05 -8.20792e-05 0.0883399) (4.73929e-05 -0.000115899 0.0979808) (4.73929e-05 -0.000115899 0.0979808) (0.000270449 -0.000352247 0.0444074) (0.000270449 -0.000352247 0.0444074) (0.000101691 2.24451e-05 -0.0357298) (0.000101691 2.24451e-05 -0.0357298) (2.52318e-05 8.84006e-05 -0.0279935) (2.52318e-05 8.84006e-05 -0.0279935)
4200          (0.0001092 -4.47635e-05 0.11196) (0.0001092 -4.47635e-05 0.11196) (0.0001092 -4.47635e-05 0.11196) (-0.000322387 -0.000254705 0.0831792) (-0.000322387 -0.000254705 0.0831792) (9.36197e-05 -5.2103e-05 0.0121916) (9.36197e-05 -5.2103e-05 0.0121916) (0.00019975 0.000155499 -0.0199556) (0.00019975 0.000155499 -0.0199556) (0.000152448 6.68337e-05 -0.04382) (0.000152448 6.68337e-05 -0.04382)
4250          (0.000470654 -3.48082e-05 0.0725953) (0.000470654 -3.48082e-05 0.0725953) (0.000470654 -3.48082e-05 0.0725953) (0.00109018 0.00013361 0.0788214) (0.00109018 0.00013361 0.0788214) (0.000351715 -0.000113851 0.00248624) (0.000351715 -0.000113851 0.00248624) (-0.000993922 -0.000235805 -0.0497092) (-0.000993922 -0.000235805 -0.0497092) (-0.000476372 -1.47675e-05 -0.0459678) (-0.000476372 -1.47675e-05 -0.0459678)
4300          (0.000257116 -3.24977e-05 0.0745734) (0.000257116 -3.24977e-05 0.0745734) (0.000257116 -3.24977e-05 0.0745734) (0.000776178 6.56941e-05 0.0809467) (0.000776178 6.56941e-05 0.0809467) (0.000197063 -4.45332e-05 0.00750337) (0.000197063 -4.45332e-05 0.00750337) (-0.000569926 -0.000122594 -0.0542764) (-0.000569926 -0.000122594 -0.0542764) (-0.000199072 -5.4254e-06 -0.0394987) (-0.000199072 -5.4254e-06 -0.0394987)
4350          (0.000477344 0.000266669 0.103274) (0.000477344 0.000266669 0.103274) (0.000477344 0.000266669 0.103274) (0.00216442 -0.000173381 0.0771716) (0.00216442 -0.000173381 0.0771716) (0.000675552 -0.000204653 0.0263645) (0.000675552 -0.000204653 0.0263645) (-0.00168684 -0.000160181 -0.0670188) (-0.00168684 -0.000160181 -0.0670188) (-0.000663594 3.63135e-05 -0.023915) (-0.000663594 3.63135e-05 -0.023915)
4400          (0.000300475 9.16301e-05 0.0473143) (0.000300475 9.16301e-05 0.0473143) (0.000300475 9.16301e-05 0.0473143) (0.000748613 4.51034e-05 0.0804303) (0.000748613 4.51034e-05 0.0804303) (0.000112559 7.445e-06 -0.0106912) (0.000112559 7.445e-06 -0.0106912) (-0.00058308 -0.000113365 -0.0327316) (-0.00058308 -0.000113365 -0.0327316) (-0.000268806 -3.52134e-05 -0.0349861) (-0.000268806 -3.52134e-05 -0.0349861)
4450          (0.000507015 0.000499508 0.0607921) (0.000507015 0.000499508 0.0607921) (0.000507015 0.000499508 0.0607921) (0.001398 2.09551e-05 0.124314) (0.001398 2.09551e-05 0.124314) (0.00121366 -0.000538364 0.00501116) (0.00121366 -0.000538364 0.00501116) (-0.000455123 -0.000699266 -0.0366776) (-0.000455123 -0.000699266 -0.0366776) (-0.000357582 -0.000103381 -0.0393327) (-0.000357582 -0.000103381 -0.0393327)
4500          (0.000272904 5.16162e-05 0.0982838) (0.000272904 5.16162e-05 0.0982838) (0.000272904 5.16162e-05 0.0982838) (0.00118831 -2.83351e-05 0.0679566) (0.00118831 -2.83351e-05 0.0679566) (0.000266381 -2.21247e-07 -0.000424833) (0.000266381 -2.21247e-07 -0.000424833) (-0.000889037 2.94835e-05 -0.0492313) (-0.000889037 2.94835e-05 -0.0492313) (-0.000428659 5.68508e-05 -0.0240567) (-0.000428659 5.68508e-05 -0.0240567)
4550          (-8.27996e-05 0.000852761 0.0964111) (-8.27996e-05 0.000852761 0.0964111) (-8.27996e-05 0.000852761 0.0964111) (0.00147278 0.000122222 0.0862399) (0.00147278 0.000122222 0.0862399) (0.000771656 -0.000169114 0.0356775) (0.000771656 -0.000169114 0.0356775) (-0.00069282 -0.000426067 -0.0634383) (-0.00069282 -0.000426067 -0.0634383) (-0.00017611 -0.000268216 -0.0279819) (-0.00017611 -0.000268216 -0.0279819)
4600          (-0.000108915 -8.19164e-05 0.0850375) (-0.000108915 -8.19164e-05 0.0850375) (-0.000108915 -8.19164e-05 0.0850375) (0.000190432 -5.14079e-05 0.0962105) (0.000190432 -5.14079e-05 0.0962105) (0.000468492 -0.000663163 0.0603683) (0.000468492 -0.000663163 0.0603683) (1.54296e-05 -2.78683e-05 -0.0528559) (1.54296e-05 -2.78683e-05 -0.0528559) (0.000269695 -0.000276015 -0.0439059) (0.000269695 -0.000276015 -0.0439059)
4650          (-0.000248221 -9.79158e-05 0.0781724) (-0.000248221 -9.79158e-05 0.0781724) (-0.000248221 -9.79158e-05 0.0781724) (0.000243183 2.81129e-05 0.111446) (0.000243183 2.81129e-05 0.111446) (0.000500921 -0.000730181 0.0442258) (0.000500921 -0.000730181 0.0442258) (-0.000124268 -0.000152574 -0.0353043) (-0.000124268 -0.000152574 -0.0353043) (5.36768e-05 -0.000334541 -0.0384512) (5.36768e-05 -0.000334541 -0.0384512)
4700          (0.000864456 -0.000267321 0.0638596) (0.000864456 -0.000267321 0.0638596) (0.000864456 -0.000267321 0.0638596) (0.0015808 9.81138e-05 0.11331) (0.0015808 9.81138e-05 0.11331) (-0.000304809 0.000500434 -0.00702276) (-0.000304809 0.000500434 -0.00702276) (-0.00196055 0.000208793 -0.0323428) (-0.00196055 0.000208793 -0.0323428) (-0.000775561 5.05444e-05 -0.0212358) (-0.000775561 5.05444e-05 -0.0212358)
4750          (0.000650159 0.000301417 0.0940149) (0.000650159 0.000301417 0.0940149) (0.000650159 0.000301417 0.0940149) (0.0017222 -0.00016208 0.0561868) (0.0017222 -0.00016208 0.0561868) (0.000272712 -0.000106147 -0.00223951) (0.000272712 -0.000106147 -0.00223951) (-0.00120729 -0.000176128 -0.0499133) (-0.00120729 -0.000176128 -0.0499133) (-0.00067586 1.75603e-06 -0.0419819) (-0.00067586 1.75603e-06 -0.0419819)
4800          (0.000811082 -2.40344e-05 0.0635184) (0.000811082 -2.40344e-05 0.0635184) (0.000811082 -2.40344e-05 0.0635184) (0.00138453 0.000116918 0.105743) (0.00138453 0.000116918 0.105743) (-0.000279955 7.50259e-05 -0.0487965) (-0.000279955 7.50259e-05 -0.0487965) (-0.0011743 -0.000120996 -0.0362945) (-0.0011743 -0.000120996 -0.0362945) (-0.000549858 -2.23181e-05 -0.0605331) (-0.000549858 -2.23181e-05 -0.0605331)
4850          (0.000764875 2.34593e-06 0.102457) (0.000764875 2.34593e-06 0.102457) (0.000764875 2.34593e-06 0.102457) (0.00237679 0.000338264 0.0898367) (0.00237679 0.000338264 0.0898367) (0.000607016 -3.54681e-05 0.0136159) (0.000607016 -3.54681e-05 0.0136159) (-0.00223438 -0.000347224 -0.0445817) (-0.00223438 -0.000347224 -0.0445817) (-0.00121233 -0.000169151 -0.0413733) (-0.00121233 -0.000169151 -0.0413733)
4900          (0.000483477 -9.37372e-06 0.100071) (0.000483477 -9.37372e-06 0.100071) (0.000483477 -9.37372e-06 0.100071) (0.00216096 0.000321168 0.0789116) (0.00216096 0.000321168 0.0789116) (0.000583958 -2.76606e-05 0.0290298) (0.000583958 -2.76606e-05 0.0290298) (-0.0017954 -0.00031166 -0.0472298) (-0.0017954 -0.00031166 -0.0472298) (-0.000757269 -0.000111311 -0.0463851) (-0.000757269 -0.000111311 -0.0463851)
4950          (0.00061375 -0.000401568 0.0875055) (0.00061375 -0.000401568 0.0875055) (0.00061375 -0.000401568 0.0875055) (0.00162481 8.8257e-05 0.0746232) (0.00162481 8.8257e-05 0.0746232) (0.000168581 0.00017006 0.0195875) (0.000168581 0.00017006 0.0195875) (-0.00177541 0.000171287 -0.0768544) (-0.00177541 0.000171287 -0.0768544) (-0.000754494 -2.84352e-05 -0.0465391) (-0.000754494 -2.84352e-05 -0.0465391)
5000          (0.00021584 0.000370902 0.126299) (0.00021584 0.000370902 0.126299) (0.00021584 0.000370902 0.126299) (0.00155811 -9.94203e-05 0.0709732) (0.00155811 -9.94203e-05 0.0709732) (0.000519277 -0.000155936 0.00640921) (0.000519277 -0.000155936 0.00640921) (-0.00101934 -0.000218196 -0.0410954) (-0.00101934 -0.000218196 -0.0410954) (-0.000510359 -1.44706e-05 -0.0167375) (-0.000510359 -1.44706e-05 -0.0167375)
