# Probe 0 (0.0015 0.0015 0)
# Probe 1 (0.0015 0.0015 0.002)
# Probe 2 (0.0015 0.0015 0.004)
# Probe 3 (0.0015 0.0015 0.006)
# Probe 4 (0.0015 0.0015 0.008)
# Probe 5 (0.0015 0.0015 0.01)
# Probe 6 (0.0015 0.0015 0.012)
# Probe 7 (0.0015 0.0015 0.014)
# Probe 8 (0.0015 0.0015 0.016)
# Probe 9 (0.0015 0.0015 0.018)
# Probe 10 (0.0015 0.0015 0.02)
# Time        0             1             2             3             4             5             6             7             8             9             10           
50            0.000502046   0.000502046   0.000502046   0.000502046   0.000502046   0.000502046   0.000502046   0.000502046   0.000502046   0.000502046   0.000502046  
100           0.000502046   0.000502046   0.000502046   0.000502046   0.000502046   0.000502046   0.000502046   0.000502046   0.000502046   0.000502046   0.000502046  
150           0.000502046   0.000502046   0.000502046   0.000502046   0.000502046   0.000502046   0.000502046   0.000502046   0.000502046   0.000502046   0.000502046  
200           0.000502046   0.000502046   0.000502046   0.000502046   0.000502046   0.000502046   0.000502046   0.000502046   0.000502046   0.000502046   0.000502046  
250           0.000502046   0.000502046   0.000502046   0.000502046   0.000502046   0.000502046   0.000502046   0.000502046   0.000502046   0.000502046   0.000502046  
300           0.000502046   0.000502046   0.000502046   0.000502046   0.000502046   0.000502046   0.000502046   0.000502046   0.000502046   0.000502046   0.000502046  
350           0.000502046   0.000502046   0.000502046   0.000502046   0.000502046   0.000502046   0.000502046   0.000502046   0.000502046   0.000502046   0.000502046  
400           0.000502046   0.000502046   0.000502046   0.000502046   0.000502046   0.000502046   0.000502046   0.000502046   0.000502046   0.000502046   0.000502046  
450           0.000502046   0.000502046   0.000502046   0.000502046   0.000502046   0.000502046   0.000502046   0.000502046   0.000502046   0.000502046   0.000502046  
500           0.000502046   0.000502046   0.000502046   0.000502046   0.000502046   0.000502046   0.000502046   0.000502046   0.000502046   0.000502046   0.000502046  
550           0.000502046   0.000502046   0.000502046   0.000502046   0.000502046   0.000502046   0.000502046   0.000502046   0.000502046   0.000502046   0.000502046  
600           0.000502046   0.000502046   0.000502046   0.000502046   0.000502046   0.000502046   0.000502046   0.000502046   0.000502046   0.000502046   0.000502046  
650           0.000502046   0.000502046   0.000502046   0.000502046   0.000502046   0.000502046   0.000502046   0.000502046   0.000502046   0.000502046   0.000502046  
700           0.000502046   0.000502046   0.000502046   0.000502046   0.000502046   0.000502046   0.000502046   0.000502046   0.000502046   0.000502046   0.000502046  
750           0.000502046   0.000502046   0.000502046   0.000502046   0.000502046   0.000502046   0.000502046   0.000502046   0.000502046   0.000502046   0.000502046  
800           0.000502046   0.000502046   0.000502046   0.000502046   0.000502046   0.000502046   0.000502046   0.000502046   0.000502046   0.000502046   0.000502046  
850           0.000502046   0.000502046   0.000502046   0.000502046   0.000502046   0.000502046   0.000502046   0.000502046   0.000502046   0.000502046   0.000502046  
900           0.000502046   0.000502046   0.000502046   0.000502046   0.000502046   0.000502046   0.000502046   0.000502046   0.000502046   0.000502046   0.000502046  
950           0.000502046   0.000502046   0.000502046   0.000502046   0.000502046   0.000502046   0.000502046   0.000502046   0.000502046   0.000502046   0.000502046  
1000          0.000502046   0.000502046   0.000502046   0.000502046   0.000502046   0.000502046   0.000502046   0.000502046   0.000502046   0.000502046   0.000502046  
1050          0.000502046   0.000502046   0.000502046   0.000502046   0.000502046   0.000502046   0.000502046   0.000502046   0.000502046   0.000502046   0.000502046  
1100          0.000502046   0.000502046   0.000502046   0.000502046   0.000502046   0.000502046   0.000502046   0.000502046   0.000502046   0.000502046   0.000502046  
1150          0.000502046   0.000502046   0.000502046   0.000502046   0.000502046   0.000502046   0.000502046   0.000502046   0.000502046   0.000502046   0.000502046  
1200          0.000502046   0.000502046   0.000502046   0.000502046   0.000502046   0.000502046   0.000502046   0.000502046   0.000502046   0.000502046   0.000502046  
1250          0.000502046   0.000502046   0.000502046   0.000502046   0.000502046   0.000502046   0.000502046   0.000502046   0.000502046   0.000502046   0.000502046  
1300          0.000502046   0.000502046   0.000502046   0.000502046   0.000502046   0.000502046   0.000502046   0.000502046   0.000502046   0.000502046   0.000502046  
1350          0.000502046   0.000502046   0.000502046   0.000502046   0.000502046   0.000502046   0.000502046   0.000502046   0.000502046   0.000502046   0.000502046  
1400          0.000502046   0.000502046   0.000502046   0.000502046   0.000502046   0.000502046   0.000502046   0.000502046   0.000502046   0.000502046   0.000502046  
1450          0.000502046   0.000502046   0.000502046   0.000502046   0.000502046   0.000502046   0.000502046   0.000502046   0.000502046   0.000502046   0.000502046  
1500          0.000502046   0.000502046   0.000502046   0.000502046   0.000502046   0.000502046   0.000502046   0.000502046   0.000502046   0.000502046   0.000502046  
1550          0.000502046   0.000502046   0.000502046   0.000502046   0.000502046   0.000502046   0.000502046   0.000502046   0.000502046   0.000502046   0.000502046  
1600          0.000502046   0.000502046   0.000502046   0.000502046   0.000502046   0.000502046   0.000502046   0.000502046   0.000502046   0.000502046   0.000502046  
1650          0.000502046   0.000502046   0.000502046   0.000502046   0.000502046   0.000502046   0.000502046   0.000502046   0.000502046   0.000502046   0.000502046  
1700          0.000502046   0.000502046   0.000502046   0.000502046   0.000502046   0.000502046   0.000502046   0.000502046   0.000502046   0.000502046   0.000502046  
1750          0.000502046   0.000502046   0.000502046   0.000502046   0.000502046   0.000502046   0.000502046   0.000502046   0.000502046   0.000502046   0.000502046  
1800          0.000502046   0.000502046   0.000502046   0.000502046   0.000502046   0.000502046   0.000502046   0.000502046   0.000502046   0.000502046   0.000502046  
1850          0.000502046   0.000502046   0.000502046   0.000502046   0.000502046   0.000502046   0.000502046   0.000502046   0.000502046   0.000502046   0.000502046  
1900          0.000502046   0.000502046   0.000502046   0.000502046   0.000502046   0.000502046   0.000502046   0.000502046   0.000502046   0.000502046   0.000502046  
1950          0.000502046   0.000502046   0.000502046   0.000502046   0.000502046   0.000502046   0.000502046   0.000502046   0.000502046   0.000502046   0.000502046  
2000          0.000502046   0.000502046   0.000502046   0.000502046   0.000502046   0.000502046   0.000502046   0.000502046   0.000502046   0.000502046   0.000502046  
2050          0.000502046   0.000502046   0.000502046   0.000502046   0.000502046   0.000502046   0.000502046   0.000502046   0.000502046   0.000502046   0.000502046  
2100          0.000502046   0.000502046   0.000502046   0.000502046   0.000502046   0.000502046   0.000502046   0.000502046   0.000502046   0.000502046   0.000502046  
2150          0.000502046   0.000502046   0.000502046   0.000502046   0.000502046   0.000502046   0.000502046   0.000502046   0.000502046   0.000502046   0.000502046  
2200          0.000502046   0.000502046   0.000502046   0.000502046   0.000502046   0.000502046   0.000502046   0.000502046   0.000502046   0.000502046   0.000502046  
2250          0.000502046   0.000502046   0.000502046   0.000502046   0.000502046   0.000502046   0.000502046   0.000502046   0.000502046   0.000502046   0.000502046  
2300          0.000502046   0.000502046   0.000502046   0.000502046   0.000502046   0.000502046   0.000502046   0.000502046   0.000502046   0.000502046   0.000502046  
2350          0.000502046   0.000502046   0.000502046   0.000502046   0.000502046   0.000502046   0.000502046   0.000502046   0.000502046   0.000502046   0.000502046  
2400          0.000502046   0.000502046   0.000502046   0.000502046   0.000502046   0.000502046   0.000502046   0.000502046   0.000502046   0.000502046   0.000502046  
2450          0.000502046   0.000502046   0.000502046   0.000502046   0.000502046   0.000502046   0.000502046   0.000502046   0.000502046   0.000502046   0.000502046  
2500          0.000502046   0.000502046   0.000502046   0.000502046   0.000502046   0.000502046   0.000502046   0.000502046   0.000502046   0.000502046   0.000502046  
2550          0.000502046   0.000502046   0.000502046   0.000502046   0.000502046   0.000502046   0.000502046   0.000502046   0.000502046   0.000502046   0.000502046  
2600          0.000502046   0.000502046   0.000502046   0.000502046   0.000502046   0.000502046   0.000502046   0.000502046   0.000502046   0.000502046   0.000502046  
2650          0.000502046   0.000502046   0.000502046   0.000502046   0.000502046   0.000502046   0.000502046   0.000502046   0.000502046   0.000502046   0.000502046  
2700          0.000502046   0.000502046   0.000502046   0.000502046   0.000502046   0.000502046   0.000502046   0.000502046   0.000502046   0.000502046   0.000502046  
2750          0.000502046   0.000502046   0.000502046   0.000502046   0.000502046   0.000502046   0.000502046   0.000502046   0.000502046   0.000502046   0.000502046  
2800          0.000502046   0.000502046   0.000502046   0.000502046   0.000502046   0.000502046   0.000502046   0.000502046   0.000502046   0.000502046   0.000502046  
2850          0.000502046   0.000502046   0.000502046   0.000502046   0.000502046   0.000502046   0.000502046   0.000502046   0.000502046   0.000502046   0.000502046  
2900          0.000502046   0.000502046   0.000502046   0.000502046   0.000502046   0.000502046   0.000502046   0.000502046   0.000502046   0.000502046   0.000502046  
2950          0.000502046   0.000502046   0.000502046   0.000502046   0.000502046   0.000502046   0.000502046   0.000502046   0.000502046   0.000502046   0.000502046  
3000          0.000502046   0.000502046   0.000502046   0.000502046   0.000502046   0.000502046   0.000502046   0.000502046   0.000502046   0.000502046   0.000502046  
3050          0.000502046   0.000502046   0.000502046   0.000502046   0.000502046   0.000502046   0.000502046   0.000502046   0.000502046   0.000502046   0.000502046  
3100          0.000502046   0.000502046   0.000502046   0.000502046   0.000502046   0.000502046   0.000502046   0.000502046   0.000502046   0.000502046   0.000502046  
3150          0.000502046   0.000502046   0.000502046   0.000502046   0.000502046   0.000502046   0.000502046   0.000502046   0.000502046   0.000502046   0.000502046  
3200          0.000502046   0.000502046   0.000502046   0.000502046   0.000502046   0.000502046   0.000502046   0.000502046   0.000502046   0.000502046   0.000502046  
3250          0.000502046   0.000502046   0.000502046   0.000502046   0.000502046   0.000502046   0.000502046   0.000502046   0.000502046   0.000502046   0.000502046  
3300          0.000502046   0.000502046   0.000502046   0.000502046   0.000502046   0.000502046   0.000502046   0.000502046   0.000502046   0.000502046   0.000502046  
3350          0.000502046   0.000502046   0.000502046   0.000502046   0.000502046   0.000502046   0.000502046   0.000502046   0.000502046   0.000502046   0.000502046  
3400          0.000502046   0.000502046   0.000502046   0.000502046   0.000502046   0.000502046   0.000502046   0.000502046   0.000502046   0.000502046   0.000502046  
3450          0.000502046   0.000502046   0.000502046   0.000502046   0.000502046   0.000502046   0.000502046   0.000502046   0.000502046   0.000502046   0.000502046  
3500          0.000502046   0.000502046   0.000502046   0.000502046   0.000502046   0.000502046   0.000502046   0.000502046   0.000502046   0.000502046   0.000502046  
3550          0.000502046   0.000502046   0.000502046   0.000502046   0.000502046   0.000502046   0.000502046   0.000502046   0.000502046   0.000502046   0.000502046  
3600          0.000502046   0.000502046   0.000502046   0.000502046   0.000502046   0.000502046   0.000502046   0.000502046   0.000502046   0.000502046   0.000502046  
3650          0.000502046   0.000502046   0.000502046   0.000502046   0.000502046   0.000502046   0.000502046   0.000502046   0.000502046   0.000502046   0.000502046  
3700          0.000502046   0.000502046   0.000502046   0.000502046   0.000502046   0.000502046   0.000502046   0.000502046   0.000502046   0.000502046   0.000502046  
3750          0.000502046   0.000502046   0.000502046   0.000502046   0.000502046   0.000502046   0.000502046   0.000502046   0.000502046   0.000502046   0.000502046  
3800          0.000502046   0.000502046   0.000502046   0.000502046   0.000502046   0.000502046   0.000502046   0.000502046   0.000502046   0.000502046   0.000502046  
3850          0.000502046   0.000502046   0.000502046   0.000502046   0.000502046   0.000502046   0.000502046   0.000502046   0.000502046   0.000502046   0.000502046  
3900          0.000502046   0.000502046   0.000502046   0.000502046   0.000502046   0.000502046   0.000502046   0.000502046   0.000502046   0.000502046   0.000502046  
3950          0.000502046   0.000502046   0.000502046   0.000502046   0.000502046   0.000502046   0.000502046   0.000502046   0.000502046   0.000502046   0.000502046  
4000          0.000502046   0.000502046   0.000502046   0.000502046   0.000502046   0.000502046   0.000502046   0.000502046   0.000502046   0.000502046   0.000502046  
4050          0.000502046   0.000502046   0.000502046   0.000502046   0.000502046   0.000502046   0.000502046   0.000502046   0.000502046   0.000502046   0.000502046  
4100          0.000502046   0.000502046   0.000502046   0.000502046   0.000502046   0.000502046   0.000502046   0.000502046   0.000502046   0.000502046   0.000502046  
4150          0.000502046   0.000502046   0.000502046   0.000502046   0.000502046   0.000502046   0.000502046   0.000502046   0.000502046   0.000502046   0.000502046  
4200          0.000502046   0.000502046   0.000502046   0.000502046   0.000502046   0.000502046   0.000502046   0.000502046   0.000502046   0.000502046   0.000502046  
4250          0.000502046   0.000502046   0.000502046   0.000502046   0.000502046   0.000502046   0.000502046   0.000502046   0.000502046   0.000502046   0.000502046  
4300          0.000502046   0.000502046   0.000502046   0.000502046   0.000502046   0.000502046   0.000502046   0.000502046   0.000502046   0.000502046   0.000502046  
4350          0.000502046   0.000502046   0.000502046   0.000502046   0.000502046   0.000502046   0.000502046   0.000502046   0.000502046   0.000502046   0.000502046  
4400          0.000502046   0.000502046   0.000502046   0.000502046   0.000502046   0.000502046   0.000502046   0.000502046   0.000502046   0.000502046   0.000502046  
4450          0.000502046   0.000502046   0.000502046   0.000502046   0.000502046   0.000502046   0.000502046   0.000502046   0.000502046   0.000502046   0.000502046  
4500          0.000502046   0.000502046   0.000502046   0.000502046   0.000502046   0.000502046   0.000502046   0.000502046   0.000502046   0.000502046   0.000502046  
4550          0.000502046   0.000502046   0.000502046   0.000502046   0.000502046   0.000502046   0.000502046   0.000502046   0.000502046   0.000502046   0.000502046  
4600          0.000502046   0.000502046   0.000502046   0.000502046   0.000502046   0.000502046   0.000502046   0.000502046   0.000502046   0.000502046   0.000502046  
4650          0.000502046   0.000502046   0.000502046   0.000502046   0.000502046   0.000502046   0.000502046   0.000502046   0.000502046   0.000502046   0.000502046  
4700          0.000502046   0.000502046   0.000502046   0.000502046   0.000502046   0.000502046   0.000502046   0.000502046   0.000502046   0.000502046   0.000502046  
4750          0.000502046   0.000502046   0.000502046   0.000502046   0.000502046   0.000502046   0.000502046   0.000502046   0.000502046   0.000502046   0.000502046  
4800          0.000502046   0.000502046   0.000502046   0.000502046   0.000502046   0.000502046   0.000502046   0.000502046   0.000502046   0.000502046   0.000502046  
4850          0.000502046   0.000502046   0.000502046   0.000502046   0.000502046   0.000502046   0.000502046   0.000502046   0.000502046   0.000502046   0.000502046  
4900          0.000502046   0.000502046   0.000502046   0.000502046   0.000502046   0.000502046   0.000502046   0.000502046   0.000502046   0.000502046   0.000502046  
4950          0.000502046   0.000502046   0.000502046   0.000502046   0.000502046   0.000502046   0.000502046   0.000502046   0.000502046   0.000502046   0.000502046  
5000          0.000502046   0.000502046   0.000502046   0.000502046   0.000502046   0.000502046   0.000502046   0.000502046   0.000502046   0.000502046   0.000502046  
