# Probe 0 (0.0015 0.0015 0)
# Probe 1 (0.0015 0.0015 0.002)
# Probe 2 (0.0015 0.0015 0.004)
# Probe 3 (0.0015 0.0015 0.006)
# Probe 4 (0.0015 0.0015 0.008)
# Probe 5 (0.0015 0.0015 0.01)
# Probe 6 (0.0015 0.0015 0.012)
# Probe 7 (0.0015 0.0015 0.014)
# Probe 8 (0.0015 0.0015 0.016)
# Probe 9 (0.0015 0.0015 0.018)
# Probe 10 (0.0015 0.0015 0.02)
# Time        0             1             2             3             4             5             6             7             8             9             10           
50            (4.14814e-06 4.14709e-06 27906.2) (4.40927e-06 4.40927e-06 17373.9) (2.04734e-06 2.04732e-06 7368.7) (1.25116e-06 1.25059e-06 2831.19) (9.71726e-07 9.722e-07 1058.04) (8.75504e-07 8.75898e-07 437.364) (8.07047e-07 8.07966e-07 312.199) (6.97644e-07 6.97966e-07 520.578) (4.40696e-07 4.41522e-07 1214.5) (-1.43384e-07 -1.42649e-07 2858.12) (6.35696e-06 6.35707e-06 6196.41)
100           (1.77444e-05 1.7741e-05 21031.9) (-1.9383e-05 -1.93832e-05 17331.6) (-1.12747e-05 -1.12742e-05 10583.9) (-4.89242e-06 -4.8961e-06 5341.32) (-1.78258e-06 -1.78166e-06 2460.03) (-3.32843e-07 -3.37527e-07 1168.05) (5.40011e-07 5.38245e-07 769.821) (1.43199e-06 1.42898e-06 951.93) (2.55426e-06 2.55145e-06 1689.42) (3.60911e-06 3.60797e-06 3088.95) (3.09507e-05 3.09492e-05 5126.6)
150           (-1.32009e-05 -1.32009e-05 17407.1) (-5.16391e-06 -5.16408e-06 15554.5) (-1.43959e-06 -1.43972e-06 11509) (6.14836e-07 6.14675e-07 7143.28) (7.58781e-07 7.58548e-07 3925.11) (6.04272e-07 6.04035e-07 2123.97) (5.79521e-07 5.79267e-07 1395.53) (6.89487e-07 6.89279e-07 1416.26) (7.91405e-07 7.91233e-07 2020.67) (5.90884e-07 5.90765e-07 3112.9) (-5.02782e-07 -5.02818e-07 4476.31)
200           (-1.76748e-05 -1.76752e-05 15177.6) (-2.516e-05 -2.51606e-05 14026.9) (-2.53075e-05 -2.53081e-05 11401.1) (-1.76197e-05 -1.76206e-05 8114.55) (-9.50446e-06 -9.50523e-06 5135.96) (-3.7421e-06 -3.74323e-06 3111.56) (3.47523e-08 3.41339e-08 2097.67) (2.59489e-06 2.59401e-06 1892.52) (4.15834e-06 4.15796e-06 2287.17) (4.0432e-06 4.04269e-06 3092.93) (-2.37143e-05 -2.37144e-05 4045.16)
250           (-2.06637e-05 -2.06642e-05 13642.7) (-2.23014e-06 -2.22897e-06 12845.7) (1.89862e-06 1.89936e-06 10997.4) (5.60387e-06 5.60318e-06 8530.43) (6.66775e-06 6.66766e-06 6001.09) (5.31719e-06 5.31713e-06 3997.69) (3.42202e-06 3.42156e-06 2801) (1.8465e-06 1.84625e-06 2372.64) (5.82472e-07 5.82419e-07 2538.54) (-5.686e-07 -5.68368e-07 3088.19) (-9.51271e-07 -9.51345e-07 3756.18)
300           (-1.39684e-05 -1.39687e-05 12512.7) (2.96766e-07 2.97647e-07 11923.9) (1.85925e-06 1.85978e-06 10548) (3.10143e-06 3.10081e-06 8652.23) (3.50587e-06 3.50576e-06 6565.49) (2.93896e-06 2.93887e-06 4721.63) (1.91729e-06 1.91698e-06 3451.28) (9.47307e-07 9.47104e-07 2841.67) (1.95526e-07 1.9549e-07 2792.83) (-3.31715e-07 -3.31565e-07 3116.97) (-6.27927e-07 -6.27978e-07 3569.68)
350           (3.40875e-05 3.40901e-05 11643.4) (7.6679e-06 7.66797e-06 11190.6) (6.96169e-06 6.96259e-06 10125.2) (4.74814e-06 4.75199e-06 8631.4) (1.75088e-06 1.75323e-06 6913.5) (-7.47641e-07 -7.44943e-07 5277.91) (-1.96505e-06 -1.96427e-06 4017.54) (-2.11703e-06 -2.11653e-06 3283.93) (-1.61266e-06 -1.61307e-06 3052.24) (-6.5126e-07 -6.51688e-07 3181.35) (-2.05586e-06 -2.05587e-06 3461.66)
400           (1.73488e-05 1.73485e-05 10954.3) (1.29276e-05 1.29282e-05 10594.8) (6.99315e-06 6.99396e-06 9746.53) (2.21287e-07 2.20762e-07 8542.95) (-6.89853e-06 -6.89853e-06 7119.18) (-1.18339e-05 -1.1834e-05 5689.9) (-1.27392e-05 -1.27394e-05 4490.26) (-1.02114e-05 -1.02118e-05 3687.08) (-6.10668e-06 -6.10643e-06 3312.19) (-1.96017e-06 -1.9603e-06 3277.45) (9.70418e-07 9.70469e-07 3416.06)
450           (1.35979e-05 1.35946e-05 10395.1) (8.12808e-05 8.12771e-05 10103) (4.03353e-05 4.03306e-05 9412.67) (-3.5482e-06 -3.55512e-06 8424.6) (-4.81401e-05 -4.81457e-05 7232.12) (-8.13706e-05 -8.13782e-05 5988.12) (-9.16959e-05 -9.16994e-05 4873.76) (-7.80252e-05 -7.80306e-05 4044.7) (-5.03921e-05 -5.03932e-05 3566.33) (-2.05751e-05 -2.05776e-05 3398.65) (1.60174e-06 1.60187e-06 3420.51)
500           (4.05024e-05 4.05036e-05 9932.79) (4.86303e-05 4.86323e-05 9691.04) (3.9916e-05 3.9919e-05 9119.93) (2.48129e-05 2.4816e-05 8294.95) (5.39248e-06 5.39663e-06 7285.07) (-1.38184e-05 -1.38159e-05 6200.57) (-2.68438e-05 -2.68396e-05 5179.01) (-2.972e-05 -2.97187e-05 4355.24) (-2.35611e-05 -2.35582e-05 3808.85) (-1.25955e-05 -1.25954e-05 3538.14) (3.05254e-07 3.06571e-07 3465.05)
550           (-0.000126908 -0.000126905 9544.8) (-8.34871e-06 -8.34526e-06 9341.91) (-6.62363e-06 -6.6185e-06 8861.7) (-3.89026e-06 -3.88321e-06 8163.89) (-6.6175e-07 -6.56067e-07 7299.3) (2.4582e-06 2.46636e-06 6349.61) (4.55671e-06 4.56101e-06 5419.35) (5.10644e-06 5.11334e-06 4621.08) (4.20421e-06 4.20622e-06 4036.05) (2.53045e-06 2.53449e-06 3689.42) (8.42235e-07 8.42215e-07 3541.04)
600           (-0.000109753 -0.000109752 9214.96) (-6.46886e-06 -6.4665e-06 9042.47) (-5.26816e-06 -5.26492e-06 8633.47) (-3.42305e-06 -3.41991e-06 8035.69) (-1.04858e-06 -1.04365e-06 7288.71) (1.37202e-06 1.37501e-06 6451.85) (3.39393e-06 3.39902e-06 5607.75) (4.37657e-06 4.37852e-06 4846.21) (4.14865e-06 4.15247e-06 4246.03) (2.98191e-06 2.98255e-06 3846.89) (2.53758e-07 2.55391e-07 3641.2)
650           (-9.18454e-05 -9.18425e-05 8931.46) (-5.74647e-06 -5.74404e-06 8783.02) (-4.79732e-06 -4.79365e-06 8430.4) (-3.24935e-06 -3.24409e-06 7913.53) (-1.3319e-06 -1.32764e-06 7261.3) (7.70033e-07 7.76445e-07 6520.74) (2.57058e-06 2.57414e-06 5754.2) (3.69946e-06 3.70523e-06 5036.69) (3.83715e-06 3.83923e-06 4437.52) (3.13623e-06 3.13972e-06 4006.65) (3.18224e-07 3.18457e-07 3758.96)
700           (-8.20234e-05 -8.20228e-05 8685.22) (-7.73661e-06 -7.73446e-06 8556.1) (-6.68262e-06 -6.67967e-06 8249.35) (-4.95439e-06 -4.95154e-06 7797.61) (-2.6014e-06 -2.59683e-06 7224.27) (-3.02096e-08 -2.74822e-08 6564.42) (2.43426e-06 2.43913e-06 5868.77) (4.19516e-06 4.19712e-06 5196.91) (4.91602e-06 4.91974e-06 4611.6) (4.5333e-06 4.53403e-06 4164.7) (3.28905e-07 3.30474e-07 3889.03)
750           (-6.79002e-05 -6.78978e-05 8469.43) (-9.57794e-06 -9.576e-06 8356.19) (-8.45071e-06 -8.44773e-06 8086.72) (-6.42817e-06 -6.42386e-06 7689.11) (-3.78056e-06 -3.77712e-06 7180.84) (-6.79731e-07 -6.74395e-07 6590.62) (2.3242e-06 2.32719e-06 5957.82) (4.77591e-06 4.78077e-06 5332.59) (6.12145e-06 6.12326e-06 4768.71) (6.23433e-06 6.23728e-06 4318.99) (6.2432e-07 6.24568e-07 4026.62)
800           (-0.000122543 -0.000122543 8278.8) (2.12077e-06 2.12094e-06 8178.76) (2.26322e-06 2.26342e-06 7940.28) (2.19531e-06 2.19572e-06 7587.44) (1.9183e-06 1.91858e-06 7134.5) (1.45904e-06 1.45939e-06 6603.76) (8.64035e-07 8.64315e-07 6027.61) (2.28902e-07 2.29182e-07 5447.7) (-3.47552e-07 -3.47392e-07 4910.64) (-7.70895e-07 -7.70768e-07 4467.4) (-6.81633e-07 -6.81599e-07 4167.95)
850           (3.15466e-05 3.1547e-05 8109.46) (9.4778e-05 9.47782e-05 8020.41) (8.72683e-05 8.72686e-05 7807.03) (7.33627e-05 7.33633e-05 7493) (5.33878e-05 5.33881e-05 7086.65) (2.76532e-05 2.76537e-05 6607.93) (-3.37981e-07 -3.37718e-07 6082.82) (-2.67633e-05 -2.6763e-05 5545.99) (-4.8454e-05 -4.84539e-05 5039.47) (-5.96582e-05 -5.96581e-05 4608.67) (2.61871e-05 2.61871e-05 4309.32)
900           (1.40654e-05 1.40655e-05 7957.92) (8.36194e-05 8.36195e-05 7877.92) (7.80246e-05 7.80247e-05 7686.87) (6.78986e-05 6.78988e-05 7404.89) (5.16361e-05 5.16362e-05 7039.03) (3.05949e-05 3.0595e-05 6605.5) (6.51047e-06 6.51056e-06 6126.21) (-1.78143e-05 -1.78141e-05 5630.45) (-3.94101e-05 -3.94101e-05 5155.29) (-5.3725e-05 -5.3725e-05 4742.93) (2.74747e-05 2.74747e-05 4449.34)
950           (3.9942e-06 3.99473e-06 7821.57) (7.6698e-05 7.66983e-05 7749.47) (7.26804e-05 7.26806e-05 7577.53) (6.46636e-05 6.4664e-05 7323.18) (5.10961e-05 5.10963e-05 6992.43) (3.29177e-05 3.29182e-05 6598.71) (1.1422e-05 1.14223e-05 6160.7) (-1.13622e-05 -1.1362e-05 5703.58) (-3.29389e-05 -3.29388e-05 5260.1) (-4.93223e-05 -4.93222e-05 4869.29) (2.79966e-05 2.79966e-05 4585.7)
1000          (-7.87029e-07 -7.86877e-07 7698.39) (6.84483e-05 6.84484e-05 7633.19) (6.54396e-05 6.54397e-05 7477.75) (5.89796e-05 5.89798e-05 7247.48) (4.76861e-05 4.76861e-05 6947.46) (3.21459e-05 3.2146e-05 6589.07) (1.33244e-05 1.33245e-05 6188.41) (-7.29068e-06 -7.29061e-06 5767.4) (-2.77537e-05 -2.77537e-05 5355.21) (-4.45114e-05 -4.45114e-05 4987.65) (2.77606e-05 2.77606e-05 4716.98)
1050          (-4.49032e-06 -4.48983e-06 7586.7) (6.45808e-05 6.45811e-05 7527.56) (6.23528e-05 6.2353e-05 7386.52) (5.69358e-05 5.69361e-05 7177.43) (4.7025e-05 4.70251e-05 6904.53) (3.29926e-05 3.29929e-05 6577.69) (1.55832e-05 1.55835e-05 6210.94) (-4.02712e-06 -4.02685e-06 5823.57) (-2.42537e-05 -2.42536e-05 5441.71) (-4.177e-05 -4.17699e-05 5098.1) (2.76475e-05 2.76475e-05 4842.2)
1100          (-5.45496e-06 -5.45482e-06 7485.12) (5.86006e-05 5.86008e-05 7431.34) (5.67945e-05 5.67945e-05 7302.99) (5.21981e-05 5.21982e-05 7112.65) (4.35823e-05 4.35824e-05 6863.89) (3.1184e-05 3.11841e-05 6565.39) (1.55593e-05 1.55594e-05 6229.52) (-2.37378e-06 -2.3737e-06 5873.37) (-2.13533e-05 -2.13533e-05 5520.55) (-3.83516e-05 -3.83516e-05 5200.88) (2.68179e-05 2.68179e-05 4960.72)
1150          (-7.03563e-06 -7.03517e-06 7392.51) (5.54918e-05 5.54922e-05 7343.49) (5.41313e-05 5.41316e-05 7226.42) (5.01772e-05 5.01775e-05 7052.8) (4.24378e-05 4.24379e-05 6825.66) (3.10618e-05 3.10621e-05 6552.74) (1.64734e-05 1.64736e-05 6245.04) (-5.76125e-07 -5.75935e-07 5917.84) (-1.90219e-05 -1.90218e-05 5592.54) (-3.60464e-05 -3.60463e-05 5296.27) (2.60775e-05 2.60774e-05 5072.2)
1200          (-6.3372e-06 -6.33709e-06 7307.91) (4.9765e-05 4.97651e-05 7263.15) (4.85436e-05 4.85437e-05 7156.17) (4.50792e-05 4.50793e-05 6997.55) (3.82549e-05 3.8255e-05 6789.88) (2.81646e-05 2.81647e-05 6540.14) (1.51307e-05 1.51307e-05 6258.2) (-2.49492e-07 -2.49441e-07 5957.79) (-1.70952e-05 -1.70952e-05 5658.37) (-3.28839e-05 -3.28839e-05 5384.63) (2.45898e-05 2.45898e-05 5176.54)
1250          (-7.38018e-06 -7.37977e-06 7230.51) (4.74378e-05 4.74381e-05 7189.57) (4.65394e-05 4.65397e-05 7091.69) (4.35173e-05 4.35176e-05 6946.59) (3.72917e-05 3.72919e-05 6756.54) (2.79142e-05 2.79146e-05 6527.88) (1.56365e-05 1.56367e-05 6269.52) (9.61066e-07 9.61282e-07 5993.85) (-1.53305e-05 -1.53304e-05 5718.65) (-3.08964e-05 -3.08963e-05 5466.34) (2.35265e-05 2.35265e-05 5273.8)
1300          (-5.92964e-06 -5.92954e-06 7159.61) (4.19734e-05 4.19734e-05 7122.12) (4.10637e-05 4.10638e-05 7032.48) (3.8335e-05 3.83351e-05 6899.63) (3.27979e-05 3.2798e-05 6725.59) (2.44878e-05 2.44878e-05 6516.14) (1.36006e-05 1.36006e-05 6279.37) (5.49929e-07 5.4998e-07 6026.55) (-1.40003e-05 -1.40003e-05 5773.88) (-2.79685e-05 -2.79685e-05 5541.79) (2.17258e-05 2.17258e-05 5364.14)
1350          (3.79655e-06 3.80143e-06 7095.02) (-1.08269e-05 -1.08224e-05 7059.67) (-1.31078e-05 -1.31051e-05 6978.46) (-1.45693e-05 -1.45677e-05 6856.15) (-1.50615e-05 -1.50599e-05 6696.95) (-1.44671e-05 -1.44633e-05 6504.97) (-1.27073e-05 -1.27058e-05 6287.86) (-9.7772e-06 -9.77547e-06 6056.47) (-5.75871e-06 -5.75741e-06 5824.03) (-7.95375e-07 -7.9414e-07 5612.12) (-1.43222e-06 -1.43209e-06 5447.66)
1400          (8.40396e-06 8.41795e-06 7035.24) (1.65195e-06 1.66472e-06 7003.26) (-9.39563e-07 -9.32177e-07 6928.54) (-4.20962e-06 -4.20587e-06 6816.21) (-7.36146e-06 -7.35703e-06 6670.49) (-9.94477e-06 -9.93411e-06 6494.41) (-1.19356e-05 -1.19316e-05 6295.66) (-1.34136e-05 -1.34094e-05 6083.36) (-1.38258e-05 -1.38226e-05 5870.69) (-1.33484e-05 -1.33451e-05 5676.06) (-4.82941e-06 -4.82882e-06 5525.13)
1450          (5.31105e-06 5.32065e-06 6980.65) (-3.16269e-06 -3.15403e-06 6951.22) (-5.42929e-06 -5.4244e-06 6882.33) (-7.44115e-06 -7.43847e-06 6779.87) (-9.02698e-06 -9.02392e-06 6645.91) (-9.94379e-06 -9.93661e-06 6484.81) (-1.02321e-05 -1.02293e-05 6302.35) (-9.67236e-06 -9.66957e-06 6108.32) (-8.26606e-06 -8.2643e-06 5913.24) (-6.02277e-06 -6.02058e-06 5734.98) (-2.97916e-06 -2.97876e-06 5596.56)
1500          (-3.68056e-05 -3.6805e-05 6930.31) (-2.00131e-05 -2.00125e-05 6903.52) (-1.90475e-05 -1.90472e-05 6840.25) (-1.60773e-05 -1.60771e-05 6746.24) (-1.2048e-05 -1.20478e-05 6623.45) (-6.10794e-06 -6.10754e-06 6475.68) (1.1642e-07 1.16573e-07 6308.94) (7.63799e-06 7.63814e-06 6130.74) (1.49815e-05 1.49816e-05 5952.66) (2.44936e-05 2.44937e-05 5788.81) (1.04711e-06 1.04713e-06 5662.34)
1550          (5.87077e-06 5.87793e-06 6884.26) (6.29667e-06 6.30303e-06 6859.67) (4.47376e-06 4.47709e-06 6801.49) (2.41899e-06 2.42084e-06 6715.26) (-2.71714e-10 1.6934e-09 6602.88) (-2.57743e-06 -2.57258e-06 6467.23) (-5.11829e-06 -5.11646e-06 6314.66) (-7.76061e-06 -7.75867e-06 6151.38) (-9.95889e-06 -9.95749e-06 5988.72) (-1.18059e-05 -1.18041e-05 5838.52) (-5.67997e-06 -5.6796e-06 5722.94)
1600          (4.20696e-06 4.21492e-06 6842) (-2.00869e-06 -2.00173e-06 6819.24) (-3.76144e-06 -3.75781e-06 6766.11) (-5.34381e-06 -5.34159e-06 6686.96) (-6.59956e-06 -6.59731e-06 6583.7) (-7.42872e-06 -7.42382e-06 6459.74) (-7.76224e-06 -7.76034e-06 6319.69) (-7.4507e-06 -7.44859e-06 6170.64) (-6.56857e-06 -6.56703e-06 6021.28) (-4.97206e-06 -4.97021e-06 5884.65) (-2.43014e-06 -2.42988e-06 5778.38)
1650          (-2.62675e-05 -2.62669e-05 6803.11) (-1.46965e-05 -1.4696e-05 6782.31) (-1.40614e-05 -1.40612e-05 6733.45) (-1.18243e-05 -1.18242e-05 6660.94) (-8.76876e-06 -8.76861e-06 6566.38) (-4.61456e-06 -4.61431e-06 6452.69) (-1.60873e-07 -1.60788e-07 6324.62) (5.46483e-06 5.46492e-06 6188.04) (1.06754e-05 1.06755e-05 6051.67) (1.7736e-05 1.77361e-05 5926.33) (6.93311e-07 6.93316e-07 5829.41)
1700          (-4.63814e-05 -4.63764e-05 6767.32) (-7.93484e-07 -7.8896e-07 6748.56) (1.72268e-05 1.72294e-05 6703.56) (3.43234e-05 3.43248e-05 6636.98) (5.02459e-05 5.02469e-05 6550.42) (6.36592e-05 6.36625e-05 6446.2) (7.27887e-05 7.27901e-05 6329.12) (7.76953e-05 7.76964e-05 6203.9) (7.67265e-05 7.67273e-05 6079.58) (7.01419e-05 7.01431e-05 5964.68) (3.74743e-05 3.74744e-05 5876.32)
1750          (7.3285e-06 7.31496e-06 6734.92) (3.58316e-05 3.58184e-05 6717) (3.49536e-05 3.4944e-05 6676.09) (3.04952e-05 3.04894e-05 6615.27) (2.50615e-05 2.50575e-05 6535.72) (1.80688e-05 1.80595e-05 6440.39) (6.86932e-06 6.86518e-06 6332.99) (-3.66381e-06 -3.66691e-06 6218.86) (-1.76346e-05 -1.7637e-05 6104.67) (-2.98226e-05 -2.98255e-05 6000.3) (-5.57389e-06 -5.57401e-06 5919.12)
1800          (-4.06328e-05 -4.06382e-05 6704.19) (2.69833e-06 2.69316e-06 6689.53) (1.45868e-05 1.45833e-05 6650.84) (2.8335e-05 2.83327e-05 6594.87) (4.26415e-05 4.26397e-05 6522.35) (5.31629e-05 5.31591e-05 6435.29) (6.0686e-05 6.06843e-05 6336.52) (6.42823e-05 6.42812e-05 6232.48) (6.36361e-05 6.36351e-05 6128.04) (5.76501e-05 5.76489e-05 6032.41) (3.13243e-05 3.13243e-05 5958.51)
1850          (8.59344e-06 8.5881e-06 6677.78) (3.49663e-05 3.49608e-05 6661.69) (3.1627e-05 3.16233e-05 6627.8) (2.03508e-05 2.03494e-05 6577.08) (2.10615e-05 2.10598e-05 6510.14) (1.13227e-05 1.13189e-05 6429.9) (3.11489e-06 3.113e-06 6340.36) (-7.74136e-06 -7.74218e-06 6244.68) (-1.81153e-05 -1.81158e-05 6149.37) (-2.87772e-05 -2.87782e-05 6062.18) (-6.46201e-06 -6.46187e-06 5994.46)
1900          (9.92801e-06 9.93705e-06 6651.46) (2.41121e-05 2.41212e-05 6639.04) (2.5123e-05 2.5129e-05 6607.11) (2.8065e-05 2.80679e-05 6559.65) (1.79937e-05 1.79971e-05 6498.62) (1.16814e-05 1.1688e-05 6426) (2.11594e-06 2.11943e-06 6343.25) (-6.35721e-06 -6.3557e-06 6256.21) (-1.81667e-05 -1.81661e-05 6168.77) (-2.77917e-05 -2.77898e-05 6089.44) (-5.59219e-06 -5.59265e-06 6027.38)
1950          (-2.7663e-05 -2.76666e-05 6629.16) (-1.58507e-06 -1.58861e-06 6616.07) (1.10791e-05 1.1077e-05 6587.29) (2.43189e-05 2.4318e-05 6544.5) (3.35872e-05 3.35859e-05 6488.97) (4.08015e-05 4.07989e-05 6421.24) (4.64651e-05 4.64638e-05 6346.65) (4.89358e-05 4.89352e-05 6266.28) (4.78227e-05 4.78224e-05 6187.2) (4.28025e-05 4.28018e-05 6113.77) (2.40543e-05 2.40545e-05 6057.72)
2000          (6.36227e-06 6.37455e-06 6607.23) (1.93715e-05 1.93834e-05 6596.64) (2.08529e-05 2.08597e-05 6570.11) (2.29554e-05 2.29578e-05 6530.17) (1.74356e-05 1.74396e-05 6478.95) (1.05076e-05 1.05158e-05 6418.14) (3.69466e-06 3.69839e-06 6348.99) (-3.37087e-06 -3.36927e-06 6276.19) (-1.29878e-05 -1.29864e-05 6203.1) (-2.14097e-05 -2.14074e-05 6137.04) (-3.8991e-06 -3.90012e-06 6085.17)
2050          (-2.01784e-05 -2.01914e-05 6588.64) (6.64294e-07 6.51538e-07 6577.32) (1.07649e-05 1.07577e-05 6553.2) (2.24179e-05 2.24157e-05 6517.62) (2.82385e-05 2.82345e-05 6470.82) (3.38072e-05 3.37986e-05 6414.38) (3.66624e-05 3.66585e-05 6351.58) (3.89619e-05 3.89602e-05 6284.85) (3.61964e-05 3.6195e-05 6218.39) (3.18081e-05 3.18058e-05 6157.59) (1.88739e-05 1.8875e-05 6110.52)
2100          (4.19095e-07 4.30259e-07 6570) (-3.39169e-07 -3.28174e-07 6561.25) (-6.22044e-07 -6.15827e-07 6538.93) (-8.55351e-07 -8.53504e-07 6505.53) (-1.06232e-06 -1.05898e-06 6462.45) (-1.15679e-06 -1.14964e-06 6411.67) (-1.18176e-06 -1.17859e-06 6353.84) (-1.03834e-06 -1.03694e-06 6292.93) (-7.76734e-07 -7.75509e-07 6232.02) (-3.7636e-07 -3.74397e-07 6176.79) (-9.29259e-07 -9.30131e-07 6133.59)
2150          (4.67526e-05 4.67509e-05 6554.36) (-2.82322e-05 -2.82336e-05 6545.19) (-3.61154e-05 -3.61163e-05 6524.74) (-3.80483e-05 -3.80486e-05 6494.84) (-4.09067e-05 -4.09071e-05 6455.8) (-4.02993e-05 -4.03002e-05 6408.53) (-3.69833e-05 -3.69837e-05 6356.09) (-2.89255e-05 -2.89257e-05 6300.14) (-1.91908e-05 -1.91909e-05 6244.87) (-4.02864e-06 -4.02881e-06 6193.91) (-2.34935e-05 -2.34934e-05 6154.78)
2200          (-1.91851e-05 -1.91971e-05 6538.78) (4.56793e-06 4.556e-06 6531.55) (1.02447e-05 1.02381e-05 6512.88) (1.38095e-05 1.38078e-05 6484.83) (2.01861e-05 2.01826e-05 6448.71) (2.44815e-05 2.44736e-05 6406.29) (2.7731e-05 2.77275e-05 6357.89) (2.77183e-05 2.77166e-05 6307.08) (2.72036e-05 2.72023e-05 6256.13) (2.37161e-05 2.37139e-05 6210.14) (1.35021e-05 1.35031e-05 6174.06)
2250          (3.25512e-05 3.25524e-05 6525.76) (-2.19456e-05 -2.19445e-05 6518.07) (-2.78107e-05 -2.781e-05 6500.89) (-2.88016e-05 -2.88014e-05 6475.86) (-3.08348e-05 -3.08344e-05 6443.23) (-3.03482e-05 -3.03477e-05 6403.66) (-2.77482e-05 -2.77481e-05 6359.82) (-2.14408e-05 -2.14408e-05 6313.07) (-1.40493e-05 -1.40492e-05 6266.95) (-2.29763e-06 -2.29753e-06 6224.42) (-1.78651e-05 -1.78652e-05 6191.79)
2300          (-1.42176e-05 -1.42312e-05 6512.64) (5.06431e-06 5.05059e-06 6506.66) (9.13667e-06 9.12871e-06 6491.04) (1.18173e-05 1.18153e-05 6467.52) (1.61264e-05 1.61222e-05 6437.25) (1.89794e-05 1.89706e-05 6401.81) (2.0853e-05 2.08491e-05 6361.34) (2.03839e-05 2.0382e-05 6318.92) (1.9331e-05 1.93296e-05 6276.36) (1.61466e-05 1.61441e-05 6238.02) (9.86127e-06 9.86232e-06 6207.91)
2350          (3.9496e-05 3.94976e-05 6501.82) (-2.04787e-05 -2.04783e-05 6495.33) (-2.59286e-05 -2.59296e-05 6480.92) (-2.70356e-05 -2.70356e-05 6459.99) (-2.85049e-05 -2.85052e-05 6432.72) (-2.88659e-05 -2.88661e-05 6399.61) (-2.6487e-05 -2.64875e-05 6362.97) (-2.157e-05 -2.15694e-05 6323.91) (-1.50993e-05 -1.50992e-05 6285.44) (-5.1218e-06 -5.12192e-06 6249.94) (-1.93839e-05 -1.93843e-05 6222.73)
2400          (3.41878e-05 3.41877e-05 6490.76) (3.73891e-06 3.73885e-06 6485.8) (2.55668e-06 2.55675e-06 6472.71) (3.35913e-06 3.35918e-06 6453.03) (3.83754e-06 3.83756e-06 6427.75) (3.96161e-06 3.96165e-06 6398.05) (3.47955e-06 3.47955e-06 6364.31) (3.12261e-06 3.12259e-06 6328.79) (2.34601e-06 2.34596e-06 6293.37) (2.46847e-06 2.46849e-06 6261.22) (3.8663e-07 3.86649e-07 6236.22)
2450          (3.1954e-05 3.19539e-05 6481.78) (1.59772e-06 1.59764e-06 6476.25) (2.47049e-06 2.47049e-06 6464.25) (2.23613e-06 2.23615e-06 6446.7) (2.00595e-06 2.00595e-06 6423.95) (2.28226e-06 2.28219e-06 6396.25) (2.22504e-06 2.22502e-06 6365.64) (2.0128e-06 2.01279e-06 6333.05) (1.56367e-06 1.56361e-06 6300.89) (2.11684e-06 2.11686e-06 6271.31) (-5.22245e-07 -5.2223e-07 6248.59)
2500          (-1.09176e-05 -1.09171e-05 6472.37) (3.97133e-06 3.97245e-06 6468.43) (6.82934e-06 6.83395e-06 6457.49) (8.07561e-06 8.07871e-06 6440.91) (1.1471e-05 1.14702e-05 6419.66) (1.35184e-05 1.35239e-05 6395) (1.52071e-05 1.52075e-05 6366.71) (1.48039e-05 1.48041e-05 6337.15) (1.4298e-05 1.42961e-05 6307.46) (1.21353e-05 1.21364e-05 6280.8) (7.33313e-06 7.33284e-06 6259.84)
2550          (2.52949e-05 2.5295e-05 6465.03) (-8.62618e-07 -8.6233e-07 6460.3) (1.01058e-06 1.01088e-06 6450.22) (1.77735e-06 1.77752e-06 6435.65) (2.32157e-06 2.32162e-06 6416.65) (2.13885e-06 2.13887e-06 6393.41) (2.72009e-06 2.72014e-06 6367.9) (2.28492e-06 2.28489e-06 6340.61) (2.00032e-06 2.00023e-06 6313.87) (2.181e-06 2.181e-06 6289.11) (-4.65898e-07 -4.65898e-07 6270.2)
2600          (2.50331e-05 2.50333e-05 6457.08) (2.39439e-06 2.39434e-06 6453.82) (1.25501e-06 1.25479e-06 6444.65) (1.84601e-06 1.84577e-06 6430.78) (2.68752e-06 2.68738e-06 6413.05) (3.92957e-06 3.92961e-06 6392.4) (3.67599e-06 3.67618e-06 6368.81) (3.90154e-06 3.90189e-06 6344.07) (3.33274e-06 3.33293e-06 6319.36) (3.34503e-06 3.3452e-06 6297.01) (1.12498e-06 1.12498e-06 6279.6)
2650          (2.02623e-05 2.02624e-05 6451.1) (7.48625e-07 7.48659e-07 6446.88) (1.62232e-06 1.62232e-06 6438.5) (1.49535e-06 1.49535e-06 6426.44) (1.36164e-06 1.36162e-06 6410.54) (1.3029e-06 1.30288e-06 6391.08) (1.39531e-06 1.39535e-06 6369.76) (1.23606e-06 1.23608e-06 6347.01) (1.04095e-06 1.04097e-06 6324.65) (1.48897e-06 1.48901e-06 6304.03) (-1.58834e-07 -1.5884e-07 6288.23)
2700          (2.35287e-05 2.35289e-05 6444.26) (2.69423e-06 2.69441e-06 6441.64) (1.55707e-06 1.55717e-06 6433.98) (2.20671e-06 2.20661e-06 6422.32) (2.72197e-06 2.72192e-06 6407.48) (2.86331e-06 2.86336e-06 6390.25) (2.62536e-06 2.62548e-06 6370.55) (2.40199e-06 2.40224e-06 6349.88) (1.9871e-06 1.98725e-06 6329.25) (1.93933e-06 1.9394e-06 6310.61) (1.04837e-06 1.04839e-06 6296.08)
2750          (1.96874e-05 1.96873e-05 6439.28) (4.5467e-07 4.54586e-07 6435.86) (1.17682e-06 1.17682e-06 6428.83) (7.32751e-07 7.32683e-07 6418.63) (4.11538e-07 4.1153e-07 6405.43) (5.86628e-07 5.86603e-07 6389.16) (5.60554e-07 5.60546e-07 6371.35) (4.95873e-07 4.95915e-07 6352.33) (3.41384e-07 3.41375e-07 6333.68) (8.32953e-07 8.32959e-07 6316.45) (-1.61368e-07 -1.61351e-07 6303.28)
2800          (-0.000283127 -0.000283127 6433.56) (-1.90664e-06 -1.90643e-06 6431.46) (-9.05029e-06 -9.05007e-06 6425.05) (-8.48673e-06 -8.48659e-06 6415.26) (-1.15239e-05 -1.15238e-05 6402.83) (-1.34038e-05 -1.34038e-05 6388.47) (-1.5838e-05 -1.58381e-05 6371.99) (-1.47097e-05 -1.47097e-05 6354.75) (-1.42316e-05 -1.42316e-05 6337.5) (-9.91375e-06 -9.91373e-06 6321.97) (-3.82246e-05 -3.82246e-05 6309.83)
2850          (-0.000163869 -0.000163869 6429.48) (2.06039e-06 2.06037e-06 6426.57) (1.21129e-05 1.21128e-05 6420.68) (1.29864e-05 1.29864e-05 6412.18) (1.21884e-05 1.21884e-05 6401.17) (1.36988e-05 1.36987e-05 6387.54) (1.38522e-05 1.38521e-05 6372.68) (1.25325e-05 1.25324e-05 6356.78) (1.00932e-05 1.0093e-05 6341.23) (8.45131e-06 8.45119e-06 6326.83) (-1.70255e-05 -1.70256e-05 6315.85)
2900          (-1.38554e-05 -1.38557e-05 6424.31) (3.57443e-06 3.57414e-06 6423.49) (5.01527e-06 5.01501e-06 6417.81) (7.63356e-06 7.63351e-06 6408.8) (8.30676e-06 8.30689e-06 6399.22) (6.63568e-06 6.63556e-06 6386.84) (6.1324e-06 6.13262e-06 6373.45) (4.5827e-06 4.58307e-06 6358.42) (2.66657e-06 2.66708e-06 6344.63) (2.36422e-07 2.36733e-07 6331.24) (3.92829e-06 3.9285e-06 6321.31)
2950          (-0.000123697 -0.000123697 6421.28) (1.6736e-06 1.67352e-06 6418.85) (1.23671e-05 1.2367e-05 6413.92) (1.33502e-05 1.33502e-05 6406.79) (1.22512e-05 1.22512e-05 6397.6) (1.3607e-05 1.3607e-05 6386.2) (1.36002e-05 1.36001e-05 6373.8) (1.21922e-05 1.21923e-05 6360.48) (9.71466e-06 9.71469e-06 6347.52) (7.87984e-06 7.87995e-06 6335.48) (-1.33852e-05 -1.33852e-05 6326.33)
3000          (-5.47279e-05 -5.47303e-05 6416.92) (1.65496e-05 1.65467e-05 6416.31) (-2.18625e-05 -2.18667e-05 6411.54) (-7.15406e-05 -7.15451e-05 6403.98) (-5.18694e-05 -5.18719e-05 6395.94) (2.11697e-05 2.11688e-05 6385.64) (3.3105e-05 3.31083e-05 6374.42) (6.81773e-05 6.81808e-05 6361.88) (9.31259e-05 9.31309e-05 6350.34) (0.000121071 0.000121074 6339.17) (1.96489e-06 1.96671e-06 6330.88)
3050          (-4.10928e-06 -4.10979e-06 6414.77) (3.47209e-06 3.47148e-06 6412.04) (5.27258e-06 5.27195e-06 6407.97) (5.07712e-06 5.07657e-06 6402.82) (5.20241e-06 5.20203e-06 6394.36) (5.53693e-06 5.53675e-06 6385.26) (5.21802e-06 5.21842e-06 6374.34) (4.39083e-06 4.3914e-06 6363.94) (3.36822e-06 3.36907e-06 6352.44) (1.97156e-06 1.97212e-06 6342.84) (3.16047e-06 3.16086e-06 6334.99)
3100          (-2.04979e-06 -2.04704e-06 6410.79) (-1.90161e-06 -1.89829e-06 6410.28) (1.27538e-06 1.28073e-06 6406.39) (2.60666e-06 2.61261e-06 6399.97) (3.45252e-06 3.45613e-06 6393.19) (8.75966e-07 8.77474e-07 6384.63) (2.68655e-06 2.68265e-06 6375.23) (9.51695e-07 9.47129e-07 6364.77) (5.8987e-07 5.82132e-07 6355.08) (-1.14768e-06 -1.15074e-06 6345.81) (8.339e-07 8.30948e-07 6338.86)
3150          (3.2182e-06 3.22642e-06 6409.1) (-2.61626e-05 -2.6154e-05 6406.59) (-8.47863e-07 -8.388e-07 6403.34) (1.60371e-05 1.6045e-05 6398.93) (2.16628e-05 2.16666e-05 6392.08) (1.21986e-05 1.22009e-05 6384.14) (2.59183e-05 2.59125e-05 6375.32) (2.19158e-05 2.19091e-05 6366.32) (2.61603e-05 2.61495e-05 6356.98) (2.1305e-05 2.12987e-05 6348.79) (1.34934e-05 1.34876e-05 6342.31)
3200          (-0.000147783 -0.000147783 6405.81) (-7.81979e-06 -7.82005e-06 6405.05) (-9.70744e-06 -9.70762e-06 6401.92) (-9.67262e-06 -9.67274e-06 6396.78) (-1.23248e-05 -1.23249e-05 6390.91) (-1.59865e-05 -1.59865e-05 6383.78) (-1.5011e-05 -1.5011e-05 6375.88) (-1.5004e-05 -1.50039e-05 6367.24) (-1.24056e-05 -1.24055e-05 6359.05) (-8.96951e-06 -8.96944e-06 6351.35) (-2.40192e-05 -2.40192e-05 6345.53)
3250          (1.03749e-05 1.03752e-05 6404.46) (-6.65189e-05 -6.65193e-05 6401.91) (-2.63986e-05 -2.63996e-05 6399.67) (1.98118e-05 1.98111e-05 6395.7) (8.50312e-06 8.50211e-06 6390.2) (1.1559e-05 1.15594e-05 6382.96) (2.2009e-05 2.20087e-05 6376.37) (3.08792e-05 3.08801e-05 6368.07) (3.37017e-05 3.37019e-05 6360.87) (3.65614e-05 3.65625e-05 6353.55) (2.95657e-06 2.95649e-06 6348.4)
3300          (5.028e-06 5.02119e-06 6401.36) (-7.71606e-06 -7.72323e-06 6401.32) (-2.21513e-06 -2.21836e-06 6398.26) (5.75198e-06 5.74939e-06 6393.87) (-2.98104e-06 -2.98478e-06 6388.93) (-1.72172e-06 -1.72121e-06 6383.31) (-3.87896e-06 -3.88016e-06 6376.2) (-2.40387e-06 -2.39865e-06 6369.34) (-5.28299e-06 -5.28243e-06 6362.17) (-4.61438e-06 -4.6102e-06 6356) (-1.8172e-06 -1.81796e-06 6350.99)
3350          (1.68419e-06 1.68453e-06 6400.2) (-5.21823e-07 -5.21637e-07 6398.65) (9.01719e-06 9.01739e-06 6396.3) (7.7881e-06 7.7883e-06 6392.98) (7.30673e-06 7.30682e-06 6388.41) (8.59702e-06 8.59704e-06 6382.61) (9.30004e-06 9.3e-06 6376.68) (8.12554e-06 8.1255e-06 6370.09) (6.95403e-06 6.95397e-06 6363.81) (5.45981e-06 5.45979e-06 6357.88) (-3.88183e-06 -3.88186e-06 6353.47)
3400          (-2.82283e-05 -2.82275e-05 6397.81) (5.13055e-05 5.13064e-05 6397.85) (-4.71723e-06 -4.71608e-06 6395.26) (-3.82916e-05 -3.82903e-05 6391.3) (-9.24484e-06 -9.24421e-06 6387.71) (1.90127e-05 1.9013e-05 6382.4) (1.41935e-05 1.41932e-05 6376.97) (2.84194e-05 2.84193e-05 6370.67) (3.64984e-05 3.64979e-05 6365.21) (4.43392e-05 4.43391e-05 6359.6) (4.92994e-08 4.89225e-08 6355.64)
3450          (9.0077e-06 9.01077e-06 6397.24) (-2.66908e-05 -2.66866e-05 6395.03) (-3.18672e-06 -3.18313e-06 6393.92) (8.28629e-06 8.28905e-06 6390.98) (7.78423e-06 7.78726e-06 6386.84) (3.67524e-06 3.67597e-06 6381.89) (1.52267e-05 1.52285e-05 6377.3) (1.26419e-05 1.264e-05 6371.32) (1.70366e-05 1.70368e-05 6366.31) (1.58673e-05 1.5865e-05 6361.2) (1.43255e-06 1.43351e-06 6357.59)
3500          (-9.04052e-05 -9.04054e-05 6395.04) (-6.14763e-06 -6.1478e-06 6394.71) (-8.88248e-06 -8.8827e-06 6392.68) (-1.36772e-05 -1.36773e-05 6389.7) (-1.50026e-05 -1.50027e-05 6386.19) (-1.49676e-05 -1.49676e-05 6382.11) (-1.45236e-05 -1.45236e-05 6377.17) (-1.32482e-05 -1.32482e-05 6372.31) (-1.05115e-05 -1.05115e-05 6367.32) (-6.42282e-06 -6.42279e-06 6362.93) (-1.76062e-05 -1.76061e-05 6359.47)
3550          (7.10807e-05 7.10808e-05 6394.19) (-1.86984e-06 -1.86979e-06 6392.99) (2.48973e-06 2.4899e-06 6391.42) (6.44152e-07 6.44338e-07 6389.17) (7.94719e-07 7.94795e-07 6385.59) (2.04922e-06 2.04928e-06 6381.76) (1.91176e-06 1.91176e-06 6377.4) (1.87564e-06 1.87565e-06 6372.89) (1.87726e-06 1.87724e-06 6368.28) (1.87525e-06 1.87523e-06 6364.29) (-5.62259e-06 -5.62259e-06 6361.11)
3600          (-8.51073e-06 -8.514e-06 6392.56) (2.61614e-05 2.61579e-05 6392.92) (-4.56478e-06 -4.56881e-06 6390.32) (-4.54445e-06 -4.54863e-06 6387.89) (1.5923e-05 1.59208e-05 6385.59) (6.14047e-06 6.1383e-06 6381.21) (1.23802e-05 1.23797e-05 6377.68) (1.0818e-05 1.0817e-05 6373.12) (1.36204e-05 1.36214e-05 6369.26) (1.0576e-05 1.05759e-05 6365.26) (8.15544e-07 8.16514e-07 6362.55)
3650          (5.7861e-06 5.78701e-06 6392.18) (-2.07994e-05 -2.07973e-05 6390.39) (9.74815e-06 9.75086e-06 6390.08) (9.04719e-06 9.04917e-06 6387.53) (3.30682e-06 3.30926e-06 6384.58) (8.64051e-06 8.64121e-06 6381.29) (1.21052e-05 1.21065e-05 6377.87) (9.04415e-06 9.04355e-06 6373.54) (1.13518e-05 1.13525e-05 6370.14) (9.35433e-06 9.35339e-06 6366.44) (1.5189e-06 1.51937e-06 6363.93)
3700          (-5.60599e-06 -5.60541e-06 6390.74) (1.46368e-05 1.46381e-05 6390.96) (-5.14672e-06 -5.14498e-06 6388.36) (1.06864e-05 1.06877e-05 6387.22) (8.49666e-06 8.49826e-06 6384.1) (1.0497e-05 1.04974e-05 6381.32) (9.18987e-06 9.19078e-06 6377.54) (1.18338e-05 1.18335e-05 6374.35) (8.07355e-06 8.07406e-06 6370.44) (7.87727e-06 7.87663e-06 6367.57) (1.11752e-06 1.11785e-06 6365.03)
3750          (4.57942e-06 4.57914e-06 6390.34) (-1.53054e-06 -1.53123e-06 6389.06) (9.56166e-06 9.56083e-06 6388.83) (2.77388e-06 2.77325e-06 6385.89) (9.35236e-06 9.35154e-06 6384.24) (7.21147e-06 7.21122e-06 6380.78) (9.31964e-06 9.31919e-06 6378.02) (7.55156e-06 7.55172e-06 6374.33) (7.57912e-06 7.57884e-06 6371.36) (5.20465e-06 5.20497e-06 6368.26) (1.49767e-06 1.49752e-06 6366.16)
3800          (-3.26552e-06 -3.26604e-06 6389.31) (6.28941e-06 6.28802e-06 6389.26) (-1.21868e-06 -1.22035e-06 6387.16) (1.00951e-05 1.00938e-05 6386.31) (4.04796e-06 4.04638e-06 6383.22) (9.69088e-06 9.6904e-06 6381.15) (7.05795e-06 7.05703e-06 6377.72) (8.60731e-06 8.60765e-06 6374.95) (6.60383e-06 6.6033e-06 6371.72) (5.62215e-06 5.62277e-06 6369.18) (1.02839e-06 1.02808e-06 6367.11)
3850          (2.30806e-06 2.30781e-06 6388.84) (-1.19754e-06 -1.19828e-06 6387.87) (8.03346e-06 8.03253e-06 6387.52) (1.12915e-06 1.12852e-06 6384.96) (9.01733e-06 9.01656e-06 6383.64) (5.04033e-06 5.04005e-06 6380.49) (8.25401e-06 8.25354e-06 6378.2) (6.26708e-06 6.26725e-06 6375.01) (6.39458e-06 6.39431e-06 6372.43) (4.56062e-06 4.56095e-06 6369.84) (1.26333e-06 1.26318e-06 6368.04)
3900          (-2.40627e-06 -2.40666e-06 6388) (5.20812e-06 5.20705e-06 6387.9) (-1.41194e-06 -1.41327e-06 6386.13) (9.13235e-06 9.13146e-06 6385.38) (2.57937e-06 2.57821e-06 6382.66) (8.79433e-06 8.79396e-06 6380.92) (5.61732e-06 5.61663e-06 6377.91) (7.4386e-06 7.43886e-06 6375.56) (5.6249e-06 5.62451e-06 6372.78) (4.84242e-06 4.84289e-06 6370.61) (9.30635e-07 9.30404e-07 6368.85)
3950          (1.64116e-06 1.64087e-06 6387.57) (-1.15137e-06 -1.15207e-06 6386.75) (6.9259e-06 6.92505e-06 6386.4) (6.15081e-07 6.14505e-07 6384.21) (8.00731e-06 8.00656e-06 6383.06) (3.97925e-06 3.979e-06 6380.32) (7.22209e-06 7.22165e-06 6378.36) (5.2556e-06 5.25574e-06 6375.6) (5.51056e-06 5.51031e-06 6373.4) (3.92527e-06 3.92558e-06 6371.18) (1.06354e-06 1.06339e-06 6369.65)
4000          (-2.00742e-06 -2.00777e-06 6386.85) (4.50918e-06 4.50828e-06 6386.74) (-1.41024e-06 -1.41134e-06 6385.23) (8.06707e-06 8.06635e-06 6384.56) (1.95294e-06 1.95205e-06 6382.2) (7.78072e-06 7.78045e-06 6380.72) (4.684e-06 4.68348e-06 6378.1) (6.49193e-06 6.49217e-06 6376.09) (4.81355e-06 4.81323e-06 6373.7) (4.21297e-06 4.21336e-06 6371.84) (8.02674e-07 8.02477e-07 6370.34)
4050          (1.32603e-06 1.32579e-06 6386.47) (-1.04527e-06 -1.0459e-06 6385.77) (5.97624e-06 5.97553e-06 6385.45) (4.23957e-07 4.23449e-07 6383.56) (6.96972e-06 6.9691e-06 6382.56) (3.31277e-06 3.31255e-06 6380.19) (6.26704e-06 6.26666e-06 6378.51) (4.45989e-06 4.46004e-06 6376.12) (4.75205e-06 4.75181e-06 6374.23) (3.36442e-06 3.36469e-06 6372.32) (9.02681e-07 9.02552e-07 6371.02)
4100          (-1.72603e-06 -1.72632e-06 6385.85) (3.93426e-06 3.93352e-06 6385.75) (-1.2975e-06 -1.29842e-06 6384.45) (7.05634e-06 7.05575e-06 6383.86) (1.58797e-06 1.58715e-06 6381.82) (6.80381e-06 6.80355e-06 6380.54) (3.98491e-06 3.98444e-06 6378.28) (5.64432e-06 5.64455e-06 6376.55) (4.13626e-06 4.13598e-06 6374.49) (3.65322e-06 3.65356e-06 6372.9) (6.87924e-07 6.87751e-07 6371.61)
4150          (1.13127e-05 1.13125e-05 6385.5) (0.000112631 0.000112631 6385.37) (8.31421e-05 8.31417e-05 6384.17) (0.00039654 0.00039654 6383.64) (0.000293956 0.000293956 6381.59) (0.000581444 0.000581444 6380.52) (0.000469205 0.000469205 6378.22) (0.000562223 0.000562223 6376.72) (0.000416334 0.000416334 6374.67) (0.000292136 0.000292136 6373.25) (-0.000100992 -0.000100992 6372.03)
4200          (-1.03946e-06 -1.0398e-06 6385.15) (2.96395e-06 2.96299e-06 6384.65) (5.05599e-06 5.05474e-06 6384.29) (6.76476e-06 6.76391e-06 6382.78) (7.24792e-06 7.24681e-06 6382.07) (8.66871e-06 8.66838e-06 6379.91) (8.01247e-06 8.01179e-06 6378.81) (8.04595e-06 8.04627e-06 6376.59) (5.91182e-06 5.91147e-06 6375.29) (3.86041e-06 3.86087e-06 6373.6) (-4.76816e-08 -4.79294e-08 6372.64)
4250          (-2.03317e-06 -2.03266e-06 6384.86) (4.40025e-06 4.40164e-06 6384.42) (-8.49716e-06 -8.49537e-06 6384.03) (1.21491e-05 1.21504e-05 6382.64) (-2.91057e-06 -2.90892e-06 6381.93) (1.37322e-05 1.37326e-05 6379.88) (5.46688e-06 5.46785e-06 6378.86) (1.28149e-05 1.28144e-05 6376.7) (9.57497e-06 9.57545e-06 6375.53) (9.84178e-06 9.84113e-06 6373.87) (4.20997e-08 4.24681e-08 6372.99)
4300          (-7.71495e-07 -7.71342e-07 6384.42) (-6.3305e-06 -6.33008e-06 6384.23) (5.84041e-06 5.84094e-06 6383.4) (-6.3168e-06 -6.31641e-06 6382.83) (1.01248e-05 1.01253e-05 6381.24) (-1.9374e-06 -1.93729e-06 6380.4) (1.02033e-05 1.02036e-05 6378.37) (3.64729e-06 3.64717e-06 6377.36) (8.71064e-06 8.71079e-06 6375.45) (6.68639e-06 6.68622e-06 6374.49) (5.76029e-07 5.76129e-07 6373.41)
4350          (-8.54876e-07 -8.54741e-07 6384.18) (-6.21241e-06 -6.21202e-06 6383.99) (4.96505e-06 4.96556e-06 6383.22) (-6.26203e-06 -6.26167e-06 6382.66) (9.4986e-06 9.49906e-06 6381.16) (-2.36799e-06 -2.3679e-06 6380.35) (1.00465e-05 1.00467e-05 6378.41) (3.13583e-06 3.13574e-06 6377.47) (8.62353e-06 8.62364e-06 6375.63) (6.5111e-06 6.51094e-06 6374.75) (6.24797e-07 6.24894e-07 6373.71)
4400          (2.15489e-05 2.15496e-05 6383.87) (-3.689e-05 -3.68884e-05 6383.56) (7.21454e-05 7.21477e-05 6383.16) (-0.000141504 -0.000141503 6382.12) (8.02188e-05 8.02208e-05 6381.44) (-0.000185977 -0.000185977 6379.82) (4.74515e-05 4.74527e-05 6378.99) (-0.000154717 -0.000154717 6377.14) (-1.02841e-05 -1.02834e-05 6376.3) (-8.51294e-05 -8.51303e-05 6374.84) (-2.95845e-06 -2.95794e-06 6374.2)
4450          (-8.67559e-05 -8.6756e-05 6383.72) (-8.39768e-05 -8.39771e-05 6383.51) (-0.000258122 -0.000258123 6382.79) (-8.81786e-05 -8.81789e-05 6382.27) (-0.000329921 -0.000329921 6380.9) (-8.01674e-05 -8.01675e-05 6380.2) (-0.000287286 -0.000287287 6378.4) (-7.27984e-05 -7.27983e-05 6377.65) (-0.000149709 -0.000149709 6375.93) (-3.14711e-05 -3.1471e-05 6375.25) (4.788e-05 4.78799e-05 6374.3)
4500          (-2.24584e-06 -2.24599e-06 6383.49) (3.11539e-08 3.0832e-08 6383.31) (-5.53975e-06 -5.54015e-06 6382.66) (-2.10605e-06 -2.1063e-06 6382.14) (-1.41182e-05 -1.41185e-05 6380.88) (-4.38957e-06 -4.38966e-06 6380.19) (-2.01291e-05 -2.01294e-05 6378.52) (-6.41993e-06 -6.41979e-06 6377.8) (-1.79959e-05 -1.7996e-05 6376.16) (-7.0483e-06 -7.04812e-06 6375.55) (-2.34731e-06 -2.3474e-06 6374.63)
4550          (-1.48956e-05 -1.48941e-05 6383.27) (6.6384e-05 6.6388e-05 6383.09) (-5.08434e-05 -5.0838e-05 6382.48) (-1.1202e-05 -1.11984e-05 6381.97) (-6.35022e-05 -6.34978e-05 6380.79) (-9.48274e-05 -9.48263e-05 6380.12) (-1.40582e-05 -1.40554e-05 6378.56) (-0.00012938 -0.000129381 6377.89) (8.28323e-06 8.28462e-06 6376.35) (-6.94897e-05 -6.94916e-05 6375.8) (-1.38548e-05 -1.38537e-05 6374.93)
4600          (4.83808e-07 4.83639e-07 6383.18) (-4.58653e-06 -4.58695e-06 6382.89) (6.40509e-07 6.39984e-07 6382.54) (-1.3745e-05 -1.37453e-05 6381.64) (6.60806e-06 6.60758e-06 6381.06) (-3.01066e-05 -3.01067e-05 6379.68) (1.19017e-05 1.19014e-05 6379.04) (-4.44665e-05 -4.44664e-05 6377.45) (4.56822e-06 4.56807e-06 6376.89) (-3.74204e-05 -3.74202e-05 6375.62) (-2.96924e-06 -2.96937e-06 6375.21)
4650          (0.000210712 0.000210712 6383.04) (0.000315586 0.000315586 6382.85) (0.000788497 0.000788498 6382.22) (0.000452994 0.000452994 6381.76) (0.00101138 0.00101138 6380.6) (0.000456593 0.000456593 6380.02) (0.000927408 0.000927408 6378.52) (0.000383521 0.000383521 6377.96) (0.000546068 0.000546069 6376.49) (0.000214087 0.000214087 6376.05) (-7.69719e-05 -7.69717e-05 6375.26)
4700          (0.000121807 0.000121807 6382.96) (0.000569873 0.000569874 6382.64) (0.000398439 0.00039844 6382.31) (0.000905067 0.000905068 6381.42) (0.00045692 0.000456921 6380.9) (0.000974559 0.00097456 6379.58) (0.000407383 0.000407383 6379.01) (0.000740382 0.000740382 6377.51) (0.000296942 0.000296942 6377.04) (0.000286777 0.000286777 6375.86) (-9.05738e-05 -9.05737e-05 6375.52)
4750          (0.000209158 0.000209159 6382.82) (0.000321104 0.000321105 6382.64) (0.000747543 0.000747544 6382.03) (0.000434059 0.000434059 6381.61) (0.000945815 0.000945816 6380.51) (0.000402911 0.000402912 6379.97) (0.000864739 0.000864739 6378.55) (0.000301112 0.000301111 6378.05) (0.000500596 0.000500596 6376.69) (0.000160936 0.000160936 6376.3) (-6.12936e-05 -6.12934e-05 6375.58)
4800          (0.000134967 0.000134968 6382.74) (0.00056711 0.000567111 6382.43) (0.000408573 0.000408574 6382.12) (0.000842087 0.000842089 6381.27) (0.000408785 0.000408786 6380.79) (0.000879664 0.000879664 6379.53) (0.000308444 0.000308445 6379.02) (0.000643258 0.000643257 6377.62) (0.000202125 0.000202125 6377.2) (0.000205394 0.000205393 6376.13) (-7.81243e-05 -7.81239e-05 6375.85)
4850          (-8.61039e-05 -8.61044e-05 6382.74) (-0.000257335 -0.000257336 6382.42) (-8.43595e-05 -8.43611e-05 6382.11) (-0.000194025 -0.000194026 6381.25) (6.00308e-05 6.00294e-05 6380.77) (4.30364e-05 4.30361e-05 6379.5) (0.000171577 0.000171576 6378.99) (0.000280314 0.000280315 6377.58) (0.000161719 0.000161718 6377.18) (0.00022762 0.000227621 6376.11) (-5.59061e-05 -5.59064e-05 6375.85)
4900          (3.10277e-06 3.10229e-06 6382.6) (-0.00010227 -0.000102271 6382.45) (4.82288e-05 4.82275e-05 6381.89) (5.37459e-06 5.374e-06 6381.49) (0.000106063 0.000106062 6380.46) (8.81032e-05 8.81031e-05 6379.94) (1.52466e-05 1.52459e-05 6378.63) (9.60122e-05 9.60126e-05 6378.14) (-0.000126705 -0.000126705 6376.91) (8.00965e-05 8.0097e-05 6376.56) (8.54448e-05 8.54444e-05 6375.95)
4950          (0.000206129 0.000206129 6382.6) (0.000359235 0.000359236 6382.43) (0.000723911 0.000723913 6381.84) (0.000390072 0.000390073 6381.46) (0.000859794 0.000859795 6380.39) (0.000275363 0.000275363 6379.91) (0.000790094 0.000790095 6378.57) (0.000128387 0.000128386 6378.12) (0.0004981 0.0004981 6376.88) (2.20285e-05 2.2028e-05 6376.55) (-7.04802e-05 -7.04799e-05 6375.94)
5000          (-0.000133406 -0.000133406 6382.6) (-0.000137616 -0.000137617 6382.43) (-0.000244186 -0.000244188 6381.83) (5.67492e-06 5.67409e-06 6381.44) (-5.15636e-05 -5.15648e-05 6380.37) (0.000190613 0.000190613 6379.89) (0.000234543 0.000234542 6378.52) (0.000279007 0.000279008 6378.09) (0.000356515 0.000356515 6376.83) (0.000210082 0.000210082 6376.53) (-1.53349e-05 -1.53352e-05 6375.94)
