# Probe 0 (0.0015 0.0015 0)
# Probe 1 (0.0015 0.0015 0.002)
# Probe 2 (0.0015 0.0015 0.004)
# Probe 3 (0.0015 0.0015 0.006)
# Probe 4 (0.0015 0.0015 0.008)
# Probe 5 (0.0015 0.0015 0.01)
# Probe 6 (0.0015 0.0015 0.012)
# Probe 7 (0.0015 0.0015 0.014)
# Probe 8 (0.0015 0.0015 0.016)
# Probe 9 (0.0015 0.0015 0.018)
# Probe 10 (0.0015 0.0015 0.02)
# Time        0             1             2             3             4             5             6             7             8             9             10           
50            (6.62246e-12 -9.97932e-14 1.20736e-12) (-2.13651e-12 -8.27503e-12 6.77032e-11) (-9.48954e-13 6.4289e-12 1.32905e-10) (8.99309e-12 -9.4991e-14 1.37176e-10) (-7.94078e-12 8.58613e-12 1.77159e-10) (-6.72792e-13 7.13736e-12 1.62724e-10) (8.88156e-14 8.44511e-12 1.38834e-10) (4.05394e-13 -8.85861e-12 1.82787e-10) (6.33e-12 4.96908e-13 1.00943e-10) (7.56964e-12 -5.95247e-12 1.09903e-10) (9.45911e-12 -1.4935e-11 9.56897e-11)
100           (1.2813e-11 5.5545e-12 2.30108e-12) (7.54439e-12 -7.59097e-12 -5.90374e-12) (6.18423e-12 6.82962e-12 -4.34837e-11) (1.81941e-13 6.83385e-12 3.05071e-11) (6.39662e-12 -6.43821e-14 -4.47237e-11) (7.44875e-12 -5.91063e-12 4.15848e-11) (-1.46967e-11 7.72844e-12 5.86937e-11) (-1.49621e-11 7.66158e-12 3.87439e-11) (8.5196e-12 -7.61354e-12 8.67897e-11) (-7.65074e-12 5.39793e-13 1.0743e-10) (-6.53346e-14 7.3355e-12 5.25977e-11)
150           (-1.48214e-12 -7.08918e-14 4.94212e-13) (5.65712e-12 -8.51283e-12 -2.12806e-11) (-1.64281e-11 -1.54474e-11 1.31069e-11) (8.69304e-12 -1.94873e-12 -1.88428e-11) (1.56917e-11 1.43564e-12 6.71024e-11) (9.37603e-12 -1.98149e-13 5.58543e-11) (8.29165e-12 7.68529e-12 8.88158e-11) (4.01162e-14 -3.83516e-13 2.89776e-11) (-6.9033e-12 -5.24716e-13 3.05419e-11) (-1.48435e-11 -5.92156e-12 3.1228e-11) (2.77729e-13 -7.02768e-14 5.21427e-11)
200           (-1.7768e-11 -6.43972e-13 1.5612e-11) (-9.198e-12 7.54335e-13 1.16467e-10) (8.49116e-12 -8.42977e-12 1.2128e-10) (-6.47479e-12 1.4501e-11 1.35749e-10) (1.63994e-11 5.67246e-12 2.9038e-10) (9.26537e-12 -7.92384e-12 1.61914e-10) (1.73917e-11 2.2256e-12 2.25531e-10) (7.49946e-12 -8.78379e-12 2.36832e-10) (-1.98708e-12 -1.54966e-12 3.09553e-10) (7.45276e-12 1.81676e-11 2.29851e-10) (-1.09418e-12 2.05017e-13 2.43575e-10)
250           (6.26026e-12 -2.79415e-12 1.42333e-11) (6.63938e-12 -7.9777e-12 6.80841e-11) (-8.95158e-12 1.27351e-12 6.31975e-11) (-1.43036e-11 1.28388e-12 2.66936e-11) (-1.46184e-11 6.78564e-12 1.00126e-10) (2.03533e-12 7.48071e-12 7.16651e-11) (-7.49325e-12 -1.47485e-12 2.33256e-11) (9.51231e-12 7.20077e-12 9.89466e-11) (6.87008e-13 1.29928e-12 9.90717e-11) (8.97762e-13 -9.30483e-12 1.08891e-10) (-5.81927e-13 -1.50946e-11 5.96593e-11)
300           (-1.19487e-12 1.45204e-11 1.46088e-11) (1.49153e-11 2.4638e-15 -7.69728e-11) (1.33729e-12 -9.06868e-12 -1.43445e-11) (-8.48672e-12 7.9947e-12 -3.97831e-11) (1.64283e-11 -8.84601e-13 3.9023e-11) (-7.69825e-13 -2.29998e-11 -8.44291e-12) (-8.56107e-12 6.85051e-12 4.9539e-13) (7.8901e-12 -2.1929e-11 2.44247e-11) (1.3806e-11 7.24127e-12 -2.64259e-11) (8.73488e-13 6.05533e-12 -7.49906e-11) (-8.49828e-12 -8.42222e-12 -1.24697e-11)
350           (-6.43815e-12 -8.50583e-12 -1.18807e-13) (-7.37096e-12 -1.57414e-11 1.04124e-10) (8.16844e-12 6.64363e-12 2.02508e-10) (3.40393e-13 7.00335e-13 2.2033e-10) (4.52986e-13 7.05056e-12 2.47716e-10) (1.4703e-11 -9.43833e-12 2.4135e-10) (1.51173e-11 8.24256e-12 2.61678e-10) (6.48165e-13 1.88405e-12 2.96953e-10) (1.48018e-11 2.28897e-13 2.35391e-10) (8.36075e-13 -1.47966e-11 2.67186e-10) (5.76215e-12 -8.6697e-12 3.25602e-10)
400           (-6.89261e-12 2.06742e-11 1.30827e-11) (-6.7032e-12 -1.16666e-12 2.3034e-11) (1.58605e-11 1.58344e-11 1.24488e-11) (8.10286e-12 7.45622e-12 -1.42056e-11) (1.20387e-12 1.6797e-12 -4.87953e-12) (1.4603e-11 8.01158e-12 1.1164e-11) (2.57162e-13 7.70193e-12 3.7031e-12) (-5.81569e-12 9.32531e-12 -3.56947e-11) (2.36027e-11 -3.47876e-14 1.77529e-11) (-5.85761e-12 -1.59574e-12 4.41877e-13) (-3.05597e-13 9.7343e-14 2.83024e-11)
450           (-2.56338e-13 1.43919e-11 1.40538e-11) (7.15339e-12 -7.25181e-12 3.26861e-11) (1.53279e-11 -8.93593e-12 1.01334e-10) (8.70636e-12 7.18153e-12 8.45265e-11) (-1.52274e-11 -1.56475e-11 1.31112e-10) (1.38422e-12 1.48624e-11 1.25755e-10) (5.91772e-12 6.94839e-12 2.21635e-10) (-8.0452e-12 -6.80368e-13 2.10749e-10) (1.40447e-11 6.44006e-13 1.63546e-10) (-7.15142e-12 -1.42708e-12 1.93616e-10) (3.13178e-13 -8.74753e-12 1.88323e-10)
500           (-1.32757e-11 -1.35258e-12 1.64535e-11) (-1.57333e-11 2.06702e-11 4.55721e-11) (7.32468e-12 1.45303e-11 1.30312e-10) (-6.41585e-13 -3.04236e-13 1.0225e-10) (-1.97859e-13 8.76633e-12 1.54285e-10) (6.67824e-12 8.94187e-12 1.44479e-10) (-8.10767e-12 8.5959e-12 1.60222e-10) (-9.30488e-12 -7.74909e-12 1.87279e-10) (-1.46946e-11 8.32959e-12 1.79875e-10) (-1.51788e-11 -6.55608e-12 1.80416e-10) (1.94051e-13 8.41665e-12 1.42597e-10)
550           (1.55827e-11 2.14822e-13 2.77502e-11) (-6.31711e-13 8.13664e-12 -1.70468e-11) (-7.76645e-12 -5.20993e-13 -1.29731e-12) (1.48879e-12 -2.46511e-11 3.4691e-11) (7.49617e-12 8.41404e-12 4.61789e-11) (-1.42286e-11 1.61921e-12 8.16698e-11) (-2.69224e-13 -8.7122e-13 1.21091e-10) (-1.59698e-11 8.16296e-12 1.25953e-10) (-6.93262e-12 -2.23289e-11 1.24939e-10) (-4.68276e-13 7.44797e-12 1.7033e-10) (-8.71545e-14 1.45599e-11 1.63735e-10)
600           (-7.7809e-12 -9.99442e-12 -1.22941e-11) (7.84787e-12 2.74306e-13 2.13069e-11) (-4.83244e-14 -3.35227e-13 1.122e-11) (1.63814e-11 -7.90742e-12 4.79718e-11) (-1.91779e-13 3.6113e-13 1.1052e-10) (1.36358e-12 -1.35891e-11 3.94833e-11) (-5.99193e-12 -1.62646e-11 6.48666e-11) (4.40356e-13 2.67194e-13 2.40223e-11) (1.46814e-11 6.52949e-13 -3.81477e-11) (7.87875e-12 7.47041e-12 -6.61258e-11) (-8.93522e-12 6.34802e-12 -1.83233e-11)
650           (-1.75979e-11 3.38733e-13 8.38894e-14) (-1.77467e-12 6.14034e-12 2.89449e-12) (1.14089e-11 7.89444e-15 4.25126e-12) (-8.23547e-12 6.93263e-12 -1.11485e-11) (-2.07343e-12 -7.77848e-12 4.17309e-12) (4.24124e-13 1.81406e-13 4.29308e-11) (-4.59433e-13 -7.5589e-12 1.05754e-10) (5.8804e-12 -1.49348e-11 1.03666e-10) (-7.50712e-12 -1.64259e-11 3.60941e-11) (-1.62864e-11 7.52019e-12 1.20838e-10) (8.53419e-13 -8.59408e-12 1.47851e-10)
700           (-1.39477e-11 8.00618e-12 1.46147e-11) (8.85643e-12 6.37219e-12 1.32946e-11) (8.8066e-12 1.35901e-11 2.42347e-14) (8.24983e-12 -6.63871e-12 3.80951e-11) (7.39422e-12 1.06191e-12 8.75931e-11) (1.03515e-12 -1.07587e-13 6.83495e-11) (-4.39429e-13 -7.72093e-12 5.31947e-11) (7.14171e-12 7.46895e-12 5.5437e-11) (8.56877e-12 -6.19367e-13 8.73971e-12) (-1.09716e-12 8.91739e-12 4.57483e-11) (-8.24945e-12 8.00489e-12 3.65041e-13)
750           (-2.0355e-12 -1.93597e-12 7.55227e-13) (-2.06188e-13 -2.32551e-11 9.46978e-11) (6.91596e-12 1.37695e-11 2.11335e-10) (-1.69296e-11 7.63549e-12 2.65475e-10) (-3.86475e-13 -8.58571e-12 1.73742e-10) (1.53058e-11 6.73544e-12 1.67087e-10) (1.52938e-11 1.42062e-12 1.45542e-10) (1.42642e-11 2.29959e-11 1.05919e-10) (1.4349e-11 7.25275e-12 2.07959e-10) (-1.50587e-12 -1.04201e-12 2.02853e-10) (7.97754e-12 2.55106e-16 2.08885e-10)
800           (-6.14398e-12 1.44973e-13 1.42834e-11) (-2.27978e-12 -1.70808e-12 7.31653e-11) (7.87975e-12 -7.84663e-12 1.29557e-10) (1.35723e-11 1.31395e-12 1.27538e-10) (8.65864e-12 8.67217e-12 1.11567e-10) (-1.12698e-12 2.25676e-11 1.40794e-10) (1.52878e-11 -9.27615e-12 1.46906e-10) (7.26059e-12 -6.9472e-12 1.5335e-10) (1.38335e-11 9.72116e-12 1.59639e-10) (6.77571e-12 -7.42197e-12 1.7299e-10) (-1.65546e-11 -1.18747e-13 1.56863e-10)
850           (-2.06765e-11 9.19323e-13 -7.68885e-13) (-3.54469e-14 -9.51697e-12 -1.3869e-11) (9.12575e-14 6.70435e-12 5.15412e-11) (4.33479e-13 1.48828e-11 1.4688e-11) (-8.26237e-12 7.24096e-14 1.17721e-11) (-7.61704e-12 -7.05379e-12 -2.37081e-12) (3.84647e-13 -1.5793e-11 -1.61363e-11) (1.47194e-12 1.05404e-12 -1.95608e-11) (8.74101e-12 -8.34627e-12 -1.17801e-11) (-4.03625e-13 -5.78731e-12 -3.49967e-11) (1.51327e-12 -7.3703e-12 -3.51871e-11)
900           (-4.37004e-13 2.25704e-11 1.64952e-11) (6.82228e-13 7.42759e-14 3.7151e-11) (-3.78661e-13 -6.05128e-14 2.94625e-11) (7.51618e-12 1.62555e-11 6.32191e-11) (7.01747e-12 -5.06726e-13 7.24564e-11) (-1.12235e-12 4.19451e-13 1.44442e-10) (5.79392e-13 -8.41188e-12 1.2759e-10) (-1.67937e-11 -7.70227e-12 1.49503e-10) (2.20801e-11 -2.62355e-13 1.50647e-10) (8.75553e-12 -8.03675e-12 1.1416e-10) (-3.38615e-13 -7.77318e-12 1.32484e-10)
950           (8.11497e-12 -7.57595e-12 1.72264e-11) (1.01015e-12 9.90369e-13 1.31917e-11) (-6.80884e-12 7.34719e-12 6.19269e-11) (-1.46033e-12 -1.67381e-13 2.97057e-11) (-1.52446e-11 -1.62423e-12 8.50027e-11) (-6.88787e-12 -1.38961e-11 5.44718e-11) (-5.04474e-13 -1.25519e-12 6.6722e-11) (8.0716e-12 7.28857e-13 3.23663e-11) (-2.51814e-11 -7.87316e-12 7.01068e-11) (2.06571e-11 -8.16092e-12 5.81086e-11) (6.82782e-12 -8.79584e-13 2.45181e-11)
1000          (-7.14556e-14 -7.06425e-12 -3.03279e-11) (-3.49015e-13 7.28418e-12 -2.7451e-11) (7.29029e-13 -6.41962e-12 -3.87747e-11) (4.22612e-13 2.28082e-13 -1.52468e-10) (-6.30101e-12 -9.02212e-12 -1.48821e-10) (-7.55796e-12 7.3445e-12 -1.08677e-10) (-1.47396e-11 2.46595e-11 -2.49662e-11) (-8.21778e-12 -8.09406e-12 1.79527e-11) (5.65081e-12 -7.21735e-12 3.81109e-12) (-7.08728e-12 -1.12892e-12 1.49964e-11) (-9.12666e-12 -5.7089e-12 5.16107e-11)
1050          (1.38891e-11 1.53896e-11 1.39651e-11) (1.56954e-11 1.68164e-11 1.06352e-10) (-6.03493e-12 2.37056e-11 8.32213e-11) (-7.29724e-13 -9.88434e-14 8.38728e-11) (-7.37912e-12 -6.22113e-12 1.91818e-10) (6.26575e-12 -7.32596e-12 2.52303e-10) (7.9979e-12 9.02458e-12 2.98573e-10) (7.55831e-12 -6.7453e-12 3.32472e-10) (-7.92066e-12 1.64453e-11 3.91148e-10) (4.39386e-15 -8.12289e-12 4.19904e-10) (-1.54135e-11 -6.86195e-12 3.81981e-10)
1100          (5.8437e-13 1.41932e-11 -2.77728e-11) (1.4781e-12 1.65988e-11 1.24575e-11) (-8.08344e-12 -7.85716e-13 6.8765e-11) (-6.80039e-12 -7.97708e-12 1.22403e-11) (-6.49463e-12 -7.92242e-12 8.75272e-11) (1.55225e-11 -8.97972e-12 1.21874e-10) (1.61031e-11 7.41029e-12 1.99432e-10) (8.13851e-12 5.19919e-14 1.14624e-10) (7.83107e-12 1.50792e-11 1.75313e-10) (-2.03239e-12 -2.55031e-11 1.90504e-10) (-2.56171e-13 8.75502e-12 1.94152e-10)
1150          (-8.41915e-12 1.48652e-12 -4.92456e-13) (-1.41855e-11 -1.98657e-14 7.10045e-11) (-9.64296e-12 -1.68364e-11 2.33859e-11) (-2.48366e-13 7.08592e-13 6.96009e-11) (-7.45128e-12 1.58018e-11 2.54673e-11) (7.95117e-13 -6.98633e-12 1.65553e-11) (-1.37791e-12 -8.16078e-12 2.77338e-11) (-6.62598e-13 5.04098e-13 9.36137e-11) (-3.53541e-13 1.54355e-11 7.3204e-11) (-7.94766e-12 -3.93628e-13 2.94608e-11) (7.64673e-12 -1.05031e-12 -3.4832e-11)
1200          (3.46353e-13 8.36861e-12 2.35698e-12) (-7.87428e-13 6.97876e-13 -2.15374e-11) (-2.47371e-12 7.45796e-12 -1.81332e-11) (7.982e-12 5.40948e-13 -3.50812e-11) (-8.84517e-12 -8.39211e-12 1.81853e-11) (1.44875e-11 7.16144e-12 -1.59194e-11) (-8.08508e-12 -1.57668e-11 3.21234e-11) (3.84928e-13 1.38404e-13 3.86259e-12) (7.34086e-12 -9.9899e-14 -1.80021e-11) (5.29631e-13 1.48432e-11 1.25862e-11) (8.56129e-13 5.32233e-13 3.14945e-12)
1250          (7.71131e-13 6.50657e-12 -2.80968e-13) (-7.30321e-12 -6.96348e-12 -1.02711e-11) (7.61757e-12 -7.74323e-12 -2.81971e-11) (-7.62917e-12 -9.25802e-12 -7.08615e-11) (-1.64015e-11 7.61276e-12 -4.86534e-11) (8.68461e-12 -8.45763e-12 -4.72871e-11) (5.94468e-12 -5.84126e-12 -5.04631e-11) (-1.51364e-11 -6.77756e-12 -9.3115e-11) (2.92834e-13 1.30411e-11 -6.6465e-11) (-5.43776e-12 1.94025e-12 -9.87307e-11) (-6.78776e-13 -6.74731e-12 -6.08472e-11)
1300          (1.34621e-12 1.60369e-11 3.47721e-12) (-7.03288e-12 -6.5909e-12 2.89791e-11) (-9.16855e-12 -7.64017e-12 8.62809e-11) (-9.05764e-14 8.34867e-12 4.50607e-12) (-1.43776e-11 7.38371e-12 -8.73823e-12) (-1.36979e-11 1.43048e-11 -3.0978e-11) (-6.74392e-12 -1.19046e-12 -1.19467e-10) (-5.21939e-13 -5.09311e-12 -1.17889e-10) (-8.36555e-12 -9.07706e-13 -1.74272e-10) (1.37039e-11 1.56658e-11 -1.21768e-10) (-9.06086e-12 -1.62607e-11 -1.40965e-10)
1350          (-5.55868e-15 -1.3313e-11 1.34971e-11) (-6.38135e-12 -6.10929e-13 -5.41045e-11) (1.55931e-11 1.40157e-11 1.04686e-11) (-1.31865e-11 -9.93043e-13 -3.12765e-11) (1.32972e-11 -6.78277e-12 -4.98913e-11) (-7.73734e-12 -9.95938e-13 -9.2249e-11) (-1.5227e-11 -2.19809e-11 -8.14753e-11) (-7.1835e-12 -7.45909e-12 -1.05742e-10) (9.49048e-12 1.95207e-13 -7.16871e-11) (1.69586e-12 -4.00552e-13 -1.57667e-10) (8.46481e-12 7.25328e-14 -1.25011e-10)
1400          (-8.19225e-12 -8.0094e-12 -1.27183e-12) (8.24963e-12 -1.07334e-12 -6.92852e-12) (1.59433e-11 -8.9963e-13 -6.17812e-11) (7.96813e-12 1.53083e-11 -4.71072e-11) (-9.20912e-12 8.07722e-12 -6.0167e-11) (8.61585e-12 8.39013e-12 -4.83687e-11) (5.79315e-12 -6.17257e-13 -7.43055e-11) (2.27209e-11 -7.01326e-13 2.84908e-14) (-6.02728e-12 9.92501e-12 1.08304e-11) (1.58945e-12 -1.34112e-12 -3.09722e-11) (1.04774e-11 1.97566e-12 1.44873e-10)
1450          (-1.4551e-11 -7.36214e-13 2.96943e-11) (-6.03635e-13 -5.91518e-13 6.41383e-11) (9.09162e-12 9.03681e-12 7.85662e-11) (-1.53374e-11 -1.48322e-11 1.69047e-10) (-7.04771e-12 -7.13672e-12 1.66311e-10) (8.11008e-12 9.12078e-13 1.50769e-10) (-6.96472e-13 8.09919e-12 1.49142e-10) (-7.00025e-12 7.78329e-12 8.34045e-11) (5.07288e-12 7.67187e-12 9.83212e-11) (5.50984e-12 -8.20122e-12 9.2251e-11) (1.09108e-12 9.36008e-13 1.11422e-10)
1500          (-1.51628e-13 -7.70009e-12 9.12832e-13) (-7.52402e-12 5.44203e-12 2.80148e-11) (8.01478e-12 3.54563e-12 9.09614e-11) (8.67856e-12 -5.92203e-14 8.78945e-11) (4.95116e-13 7.44419e-12 4.48407e-11) (-4.29013e-13 -1.28534e-12 6.17858e-11) (8.1346e-12 -7.24588e-12 3.81619e-11) (-8.68086e-12 8.11717e-13 5.42275e-11) (7.65004e-12 6.45819e-12 1.14309e-12) (2.51379e-12 6.28616e-12 3.55615e-11) (8.56516e-12 9.25967e-12 -3.71405e-11)
1550          (-1.52263e-11 1.34069e-11 2.0178e-12) (-7.44977e-12 2.96801e-13 8.49418e-11) (6.33458e-13 5.88167e-13 8.69459e-11) (1.63166e-11 8.16439e-12 1.17076e-10) (6.14092e-13 7.11621e-12 1.90012e-10) (8.70017e-12 9.85675e-13 1.88695e-10) (8.04078e-12 1.46299e-11 8.93058e-11) (1.87021e-14 -1.49681e-11 8.28272e-11) (-8.85484e-12 7.04331e-12 4.33603e-11) (-1.82932e-12 2.19994e-11 4.59242e-11) (-1.55052e-11 6.87209e-12 1.77875e-11)
1600          (7.00087e-12 2.45818e-13 1.59667e-11) (8.23435e-12 6.15041e-12 7.42993e-13) (7.02038e-12 7.1797e-12 7.41832e-12) (-1.83041e-12 -5.50659e-12 1.28804e-12) (-9.25358e-12 -1.27766e-12 -1.25053e-11) (4.33981e-13 7.91191e-13 -6.54502e-12) (6.47866e-12 2.62005e-13 -8.11844e-12) (-8.16149e-12 -2.99489e-13 5.624e-12) (4.35283e-13 1.52805e-11 1.62089e-11) (7.57026e-12 1.18043e-12 -2.73529e-11) (-8.387e-12 4.17293e-13 9.77168e-12)
1650          (6.6356e-12 -8.57764e-13 -1.28276e-11) (1.59273e-11 -6.95496e-13 5.4787e-11) (6.04676e-13 -7.64639e-12 1.94913e-11) (7.2127e-12 2.61778e-13 5.92805e-11) (-8.66738e-12 -9.70488e-12 1.01391e-10) (7.65618e-12 6.76984e-13 4.16901e-11) (9.48977e-13 -1.28171e-11 6.51911e-11) (-9.27257e-13 -2.35327e-13 1.47603e-10) (-8.22514e-12 -2.17785e-11 1.04707e-10) (1.99586e-11 -1.54365e-11 6.36841e-11) (-7.56082e-12 7.73765e-13 1.06451e-12)
1700          (-6.75333e-12 -1.05667e-12 5.57714e-14) (-8.3096e-12 7.16447e-12 -1.36884e-11) (-1.17208e-12 -1.05829e-12 6.42616e-11) (-1.44546e-14 9.47112e-12 1.21002e-10) (5.86015e-13 1.375e-11 8.50965e-11) (7.66207e-12 7.64926e-12 1.34693e-10) (-2.17608e-12 -1.35938e-11 1.4569e-10) (-7.02263e-12 1.56238e-13 2.13244e-10) (-1.08361e-12 -3.20265e-13 1.89614e-10) (-1.76359e-11 8.60391e-12 2.41878e-10) (1.44569e-11 9.78245e-13 3.46745e-10)
1750          (8.99174e-12 6.82238e-12 1.30409e-12) (-7.61616e-12 -1.20394e-12 4.8565e-12) (8.30511e-12 8.84812e-12 9.66946e-11) (-2.38439e-11 1.64324e-11 1.85773e-10) (-1.16707e-13 -2.01728e-12 2.43238e-10) (-6.09756e-12 -7.94874e-12 1.07415e-10) (9.61411e-12 1.17239e-12 1.3419e-10) (-1.57681e-11 -7.50229e-12 1.93367e-10) (-1.51854e-11 1.50998e-11 1.93694e-10) (-8.10918e-12 -3.20513e-13 1.48654e-10) (-2.17115e-11 -8.35369e-12 1.83629e-10)
1800          (-3.4946e-13 7.54469e-12 1.4841e-11) (-2.28561e-11 -8.12727e-12 -2.65781e-11) (-1.40617e-11 3.74585e-13 -2.46507e-11) (2.28453e-13 -7.53398e-12 -3.83867e-13) (-8.18886e-13 -9.88658e-14 2.64876e-11) (-1.31002e-11 9.15492e-13 -1.20549e-11) (7.95528e-12 -7.61763e-12 -3.34841e-11) (-1.40372e-12 7.11505e-12 4.85223e-12) (-1.28206e-12 -1.62891e-11 -1.7023e-11) (2.22663e-11 7.56617e-12 -1.24056e-10) (3.13201e-13 -2.99936e-13 -1.27096e-10)
1850          (-1.37281e-13 -8.51578e-13 -2.90508e-11) (-9.57436e-12 -2.51403e-13 6.1215e-11) (3.83117e-13 6.53362e-12 4.31622e-11) (7.7493e-12 8.16053e-12 1.08586e-10) (4.99752e-13 6.61703e-14 4.48276e-11) (-6.56087e-12 7.19438e-12 1.36016e-11) (-6.42889e-12 -7.13974e-12 6.27833e-12) (8.00684e-12 1.57934e-11 7.56117e-11) (2.1765e-11 -1.30637e-12 9.46916e-11) (7.63618e-12 -9.40218e-14 1.29495e-11) (9.46406e-12 -1.10166e-12 -6.02849e-12)
1900          (2.81638e-13 -6.02981e-12 -9.47476e-13) (4.5935e-13 -6.24337e-12 1.17726e-10) (5.60173e-13 9.23873e-12 7.435e-11) (-9.23426e-12 -9.50139e-12 5.40645e-11) (7.67358e-12 -6.91199e-13 8.82392e-11) (9.16514e-12 8.3531e-12 1.20242e-10) (-8.09759e-12 1.10736e-12 8.68874e-11) (-7.70187e-12 -1.34837e-11 1.10561e-10) (-1.91948e-12 1.05334e-13 8.71497e-11) (8.76693e-12 -6.85913e-12 6.99003e-11) (1.54325e-11 9.42337e-13 1.30859e-10)
1950          (-1.52437e-11 6.65847e-12 -6.1993e-13) (-7.24868e-12 1.48044e-11 6.45941e-11) (1.5577e-11 -1.60545e-13 2.11007e-11) (1.15465e-11 8.29103e-12 5.4986e-11) (-9.04233e-12 -6.03909e-13 -1.22091e-11) (7.88268e-12 -7.835e-12 -1.89023e-12) (1.3583e-11 -8.16282e-12 2.77659e-11) (1.05654e-12 -1.50143e-12 -1.97343e-11) (7.80116e-12 1.02054e-12 6.44429e-11) (1.14705e-11 9.3857e-12 1.99953e-11) (6.59453e-13 3.97861e-13 6.12023e-11)
2000          (-8.12823e-12 1.59347e-13 -1.30133e-11) (-4.53979e-13 -6.93525e-13 2.79211e-12) (-8.62644e-12 -3.56447e-13 1.6357e-11) (5.12602e-12 -8.15327e-13 -2.7641e-11) (-7.75133e-12 7.99653e-12 5.32567e-11) (-1.00106e-11 -6.9637e-12 2.90466e-12) (-4.205e-13 1.4905e-12 4.95712e-11) (-9.09361e-12 -1.61944e-11 -8.30817e-12) (4.1684e-13 1.25176e-12 8.67057e-12) (6.65765e-12 3.98872e-13 -6.85518e-11) (-1.49847e-11 8.01498e-12 -4.72901e-11)
2050          (7.12367e-12 8.24884e-12 1.34325e-11) (6.82747e-12 -8.93968e-12 3.90539e-12) (3.05595e-13 -1.45112e-11 4.05607e-11) (7.83731e-12 7.32249e-12 4.34258e-11) (-1.52384e-11 -8.13631e-12 9.29596e-11) (-7.71216e-12 -1.51762e-11 9.22291e-11) (-7.28884e-12 7.51789e-12 1.19498e-10) (-7.68094e-12 1.51403e-11 1.50271e-10) (6.90267e-13 8.01007e-12 1.53034e-10) (-7.72123e-12 7.76247e-12 1.3575e-10) (1.52301e-12 8.39861e-12 1.23718e-10)
2100          (-1.40707e-11 7.57317e-12 2.53036e-12) (6.44035e-12 -7.5933e-12 -2.48493e-11) (-1.98368e-12 -6.6747e-12 1.64097e-10) (6.74504e-12 6.59662e-12 1.58509e-10) (-7.42586e-12 -8.64622e-12 2.18197e-10) (2.13924e-11 -1.28006e-12 2.42351e-10) (7.46023e-12 8.03e-12 2.94681e-10) (9.59986e-12 1.14634e-11 3.2509e-10) (-1.26673e-12 9.45871e-12 3.33335e-10) (-7.14894e-12 -2.18815e-12 2.37475e-10) (-2.01483e-12 8.09138e-12 2.83057e-10)
2150          (-2.39408e-13 8.67782e-13 1.4494e-11) (-5.1875e-13 8.4582e-12 -1.29544e-12) (-5.66996e-12 1.67832e-12 -4.84917e-11) (-8.27316e-13 -1.62495e-13 -6.43056e-11) (-6.77418e-12 -1.38294e-11 2.48424e-11) (8.33624e-12 -7.16791e-12 -3.15985e-11) (-8.10158e-12 -1.05648e-12 -3.14567e-11) (1.58352e-12 1.04227e-12 -7.08543e-11) (1.13042e-12 -1.43386e-11 -1.17095e-10) (8.73287e-12 -1.41078e-11 -6.17955e-11) (-2.2147e-13 6.98729e-12 -6.66105e-11)
2200          (-7.1238e-12 -1.041e-12 1.647e-11) (-7.46119e-12 -7.01173e-12 3.69569e-11) (-1.54731e-11 -6.25928e-12 7.1837e-11) (-4.39311e-14 -7.71539e-12 7.87033e-11) (7.72924e-12 8.67771e-12 5.77801e-11) (1.57458e-11 7.50815e-12 8.4401e-11) (-1.19657e-12 -1.42344e-12 4.24644e-11) (5.57193e-12 -7.30276e-12 -4.33434e-11) (1.44493e-11 7.2305e-12 -6.05072e-11) (5.71118e-13 -1.53923e-11 -6.59696e-11) (-1.35063e-12 -1.5104e-11 -5.85153e-11)
2250          (-3.9274e-13 -8.6681e-12 1.41133e-11) (3.51725e-15 -2.24501e-12 5.12545e-11) (7.87063e-12 1.52353e-11 5.34288e-11) (7.93172e-12 -8.67169e-13 8.82693e-11) (6.72223e-12 2.20015e-11 7.25964e-11) (2.21102e-11 7.79417e-12 1.06911e-10) (-2.71483e-13 1.29951e-12 1.01771e-10) (-2.94891e-13 -1.20327e-13 1.02001e-10) (1.35035e-12 6.41994e-12 1.05766e-10) (1.49444e-12 4.29568e-13 8.39663e-11) (7.18759e-12 -1.43902e-12 2.36287e-11)
2300          (-2.40458e-12 -7.63629e-12 1.4938e-11) (-1.20155e-12 -6.12997e-12 -1.57036e-11) (1.5177e-11 3.47501e-13 -9.29295e-11) (-6.8573e-12 -1.5263e-11 -1.32488e-10) (7.76903e-12 -1.37368e-11 -2.14436e-10) (1.43005e-11 1.44499e-11 -1.94114e-10) (2.22817e-12 -1.60921e-11 -1.68997e-10) (-6.50407e-13 4.9128e-13 -1.96075e-10) (-7.7581e-12 1.3792e-13 -2.32998e-10) (-5.35869e-14 -8.22719e-12 -2.45317e-10) (-7.07348e-12 -6.90909e-12 -1.79713e-10)
2350          (-9.70799e-12 -4.13571e-13 -2.80692e-11) (-9.47722e-13 8.45838e-12 6.93492e-11) (4.19114e-13 -5.48688e-12 1.0254e-10) (1.60389e-11 -6.05065e-12 1.36127e-10) (-1.67745e-11 -7.47111e-12 2.52542e-10) (7.09046e-12 -1.79103e-11 2.41216e-10) (2.17271e-14 3.9271e-13 2.06641e-10) (7.10631e-12 -7.71108e-12 2.85571e-10) (-1.47402e-11 -7.94015e-14 2.6774e-10) (6.62435e-12 -1.54675e-11 2.38855e-10) (7.59282e-12 -7.65124e-12 2.05622e-10)
2400          (1.29296e-11 6.65809e-13 1.35795e-11) (-3.72338e-13 -6.90278e-12 -5.37225e-11) (-9.96847e-13 -1.48155e-13 -6.63156e-11) (-5.52177e-13 -5.77939e-12 -4.26978e-11) (5.47944e-13 -1.42152e-11 -1.59664e-10) (1.10733e-12 -7.74009e-13 -1.6378e-10) (7.31496e-12 8.54355e-12 -1.65692e-10) (-2.14448e-11 -3.07912e-11 -2.09494e-10) (-1.62165e-11 -2.20466e-11 -2.56427e-10) (7.17054e-12 7.33671e-13 -1.99104e-10) (-9.59791e-13 6.96829e-12 -3.1012e-10)
2450          (-1.06474e-13 -5.9014e-12 1.87964e-11) (1.47142e-11 -8.64784e-12 -5.24284e-13) (-7.30578e-13 -1.15777e-13 9.67673e-12) (5.81929e-12 5.74043e-14 6.45182e-11) (7.06555e-13 -5.88034e-12 3.99928e-11) (7.33421e-12 -1.47376e-12 1.12633e-10) (7.97088e-12 5.80872e-12 1.51355e-10) (-6.4844e-12 6.67073e-12 1.51337e-10) (-1.30617e-12 4.02107e-13 1.71289e-10) (5.09723e-12 -9.9781e-12 1.93057e-10) (4.61665e-13 -1.09538e-12 2.08577e-10)
2500          (4.36917e-13 2.22084e-11 -1.39977e-11) (8.90556e-12 -1.25756e-13 5.55408e-11) (1.47421e-11 7.09886e-12 9.90743e-11) (-9.31467e-13 -8.59596e-12 8.26744e-11) (-7.7753e-12 7.97068e-12 7.41108e-11) (-5.86715e-12 -7.52985e-12 1.17431e-10) (6.35147e-13 1.44858e-11 1.31076e-10) (1.85034e-12 1.42271e-11 1.36152e-10) (-1.25779e-12 -7.46329e-12 1.84552e-10) (1.95466e-12 3.76944e-13 3.78026e-11) (-7.57763e-12 1.25566e-13 1.07838e-10)
2550          (-1.3276e-11 -7.60965e-12 -2.90521e-13) (2.55818e-13 -6.57707e-12 1.35334e-11) (8.33414e-12 1.84227e-12 -2.78757e-11) (5.56767e-13 6.72117e-12 -2.65396e-11) (-7.12512e-12 2.24871e-13 -4.57491e-11) (-1.56214e-11 1.59045e-11 -6.95839e-11) (-7.67134e-13 -7.04244e-12 -3.73995e-11) (8.26106e-12 -9.49638e-12 -3.66789e-11) (1.37247e-11 1.50365e-11 -2.51625e-11) (-7.82578e-12 -1.56373e-11 9.60801e-12) (-8.61151e-12 7.0006e-12 -2.20484e-12)
2600          (-1.43257e-11 -1.52294e-11 1.55189e-11) (8.95687e-13 -7.95291e-12 8.42242e-11) (1.5031e-11 1.49194e-13 6.59887e-11) (1.46023e-11 6.46057e-14 7.54117e-11) (-1.24399e-13 -6.87116e-12 9.09795e-11) (1.35589e-11 -1.63719e-11 1.10743e-10) (-6.9676e-12 -1.04331e-11 1.55662e-10) (7.68771e-12 -8.99162e-13 1.46931e-10) (-7.50916e-12 -1.96553e-12 1.21323e-10) (7.41605e-15 8.59073e-12 1.03693e-10) (-1.14329e-12 8.84961e-12 4.6395e-11)
2650          (1.66147e-11 -1.49955e-12 9.04375e-13) (-1.42174e-11 -1.65741e-12 -2.06205e-11) (-6.91107e-12 -1.46557e-11 8.72962e-11) (5.64241e-13 8.88385e-12 1.29825e-10) (8.86152e-12 -6.27312e-12 1.39135e-10) (-7.58776e-12 -5.4561e-12 9.37639e-11) (1.31227e-11 7.88737e-12 1.09056e-10) (-7.26524e-13 -2.91955e-12 1.04039e-10) (-2.00192e-13 6.71293e-12 1.53322e-10) (-8.00815e-12 -7.94109e-12 1.22103e-10) (8.97947e-12 7.46699e-12 1.49e-10)
2700          (-6.5543e-12 6.37593e-13 2.95064e-11) (1.6238e-11 1.43479e-11 3.84976e-11) (3.4617e-14 8.63435e-13 -1.26876e-11) (-8.74419e-12 -6.68269e-12 1.11034e-10) (-8.02805e-12 -7.09212e-12 1.00046e-10) (9.47625e-12 -3.39298e-13 1.16178e-10) (7.97721e-12 1.7522e-11 8.72804e-11) (-1.06709e-12 -7.34381e-12 -1.38179e-11) (-4.55314e-14 7.70262e-12 -5.77855e-11) (2.33547e-11 6.54859e-12 1.79706e-11) (-9.04025e-13 -6.85558e-13 -2.96629e-11)
2750          (-1.95051e-13 -1.8219e-13 -1.07804e-11) (-1.0729e-12 1.47427e-11 1.9619e-11) (-1.40789e-11 -7.46796e-12 8.16215e-11) (2.20222e-12 8.54553e-12 8.02006e-11) (-1.38001e-11 8.29918e-12 1.22653e-10) (-1.29607e-11 1.62764e-11 3.27488e-11) (3.21586e-13 4.48111e-13 3.66061e-11) (8.17744e-12 -1.5098e-11 8.167e-11) (1.60167e-11 8.26694e-12 6.82612e-11) (-6.37891e-12 -1.47622e-11 5.94865e-11) (-9.23799e-12 4.35884e-13 3.4219e-11)
2800          (1.71105e-11 1.36147e-12 3.45334e-12) (4.0281e-13 -1.48118e-11 1.76212e-11) (-6.11019e-12 8.48042e-13 8.03293e-13) (8.5053e-12 6.92894e-13 -1.91384e-11) (8.57586e-12 -6.62728e-12 -3.79566e-11) (7.57912e-12 8.5127e-12 -9.55815e-11) (-7.86774e-12 1.45074e-11 -8.83867e-11) (-8.42731e-13 -8.12164e-12 -9.78637e-11) (1.67716e-11 -3.64134e-13 -6.51509e-11) (-1.05254e-12 -6.85106e-12 -1.6381e-10) (7.68969e-12 -4.08023e-13 -1.53271e-10)
2850          (8.65653e-12 1.75665e-12 1.59376e-11) (8.72076e-12 1.28467e-12 3.44556e-12) (-7.68589e-15 -1.27324e-12 1.2949e-10) (3.19839e-13 -3.05004e-13 1.23762e-10) (1.37454e-12 9.60674e-13 2.19428e-11) (2.76121e-13 1.52284e-12 4.19837e-11) (-2.32622e-12 -1.11479e-12 5.60978e-11) (7.99629e-12 -8.9685e-12 9.37732e-11) (6.49848e-12 -7.1478e-13 3.69146e-11) (-8.75357e-12 6.29817e-12 1.05076e-10) (-4.79109e-13 1.10263e-12 1.85794e-10)
2900          (-6.47946e-12 6.27634e-12 -1.37457e-11) (7.75733e-12 7.91215e-12 3.4428e-11) (1.16428e-12 1.02655e-11 4.88223e-11) (3.66884e-13 6.70914e-12 3.08842e-11) (-2.01075e-12 -6.8696e-12 2.06745e-11) (7.11424e-12 1.00701e-12 2.50052e-12) (-7.618e-12 -6.92687e-12 6.47409e-12) (-7.31801e-12 -8.29088e-12 3.57286e-11) (8.9679e-13 -8.74498e-12 5.90371e-11) (6.75798e-12 8.78691e-12 1.67461e-11) (-8.22046e-14 8.43219e-12 1.9564e-11)
2950          (9.49143e-12 5.18366e-13 1.592e-11) (9.14742e-12 -1.92911e-13 1.8769e-11) (1.42859e-12 8.46567e-12 -1.10102e-11) (3.66115e-13 6.69011e-12 -6.34067e-12) (8.14225e-12 -3.77677e-13 -7.1649e-11) (4.06037e-14 -5.84131e-12 -1.15299e-10) (-7.47579e-12 -7.66639e-12 -1.73669e-10) (-6.98553e-12 9.87572e-12 -1.64962e-10) (-3.54101e-14 -1.88419e-13 -1.66673e-10) (1.32681e-12 3.61071e-12 -1.8882e-10) (-3.29168e-13 9.22509e-12 -1.85472e-10)
3000          (-7.0637e-12 5.81415e-12 1.51786e-11) (-7.4261e-12 -9.64438e-13 4.74332e-11) (1.62283e-12 5.97105e-13 9.08553e-11) (-1.40517e-13 -5.3459e-12 1.67885e-10) (6.78335e-12 4.2614e-13 2.01417e-10) (1.42507e-12 6.79444e-12 1.57668e-10) (-8.49152e-12 -6.92109e-12 2.58975e-10) (1.01247e-12 8.6657e-12 2.93178e-10) (-1.86704e-13 9.6984e-13 3.29114e-10) (-9.72437e-12 -2.70302e-12 2.7017e-10) (9.61118e-14 6.8263e-13 2.69558e-10)
3050          (-1.52119e-11 7.50841e-12 1.6818e-11) (2.23585e-11 -3.25228e-13 2.46407e-11) (5.0385e-13 -2.3001e-11 2.14627e-10) (9.22721e-13 -8.92315e-12 2.45733e-10) (6.33735e-12 2.73951e-13 3.8503e-10) (-5.25752e-12 1.69465e-12 2.90845e-10) (-1.33957e-11 -6.73868e-12 3.56995e-10) (-2.29305e-11 -1.54009e-11 3.61742e-10) (5.75472e-13 -2.54247e-13 3.34906e-10) (5.2636e-12 -1.04339e-11 3.77772e-10) (-1.12812e-12 8.59622e-12 3.98117e-10)
3100          (2.95101e-12 1.74125e-15 2.35093e-12) (-1.462e-11 2.54569e-13 -4.033e-12) (-7.56908e-12 5.26746e-13 6.9709e-12) (-2.8478e-13 -7.20428e-12 -2.26273e-11) (-8.06871e-13 9.15025e-12 -2.23814e-11) (7.43353e-13 9.62685e-13 -4.36521e-11) (8.84632e-12 9.26315e-12 -5.49043e-11) (-8.9877e-12 7.49731e-12 -4.57016e-11) (-2.58796e-12 -8.18738e-12 -9.3975e-12) (-7.91892e-12 -7.48864e-12 -1.60893e-11) (-1.38609e-11 -7.92282e-12 -7.07085e-11)
3150          (8.65393e-12 1.72862e-11 5.00884e-14) (-9.7307e-13 2.67703e-12 1.57713e-10) (1.81571e-11 8.39156e-12 2.45517e-10) (-1.62744e-11 -9.04127e-12 2.28288e-10) (2.42341e-11 -8.76812e-12 2.5977e-10) (-1.53295e-11 2.97092e-11 3.59361e-10) (2.27836e-11 -1.55694e-11 2.7666e-10) (8.41553e-12 -1.6765e-11 3.44705e-10) (7.65814e-12 -1.30398e-13 3.5895e-10) (2.23989e-11 1.41913e-11 3.69963e-10) (-8.27097e-12 9.23579e-12 3.77652e-10)
3200          (-1.50347e-11 1.86202e-12 -9.40539e-13) (-3.24289e-13 1.60279e-13 4.25506e-11) (-1.14727e-12 -1.63965e-11 4.11419e-11) (-1.52789e-12 -1.51648e-11 1.95071e-11) (8.72056e-12 8.39152e-12 1.14103e-10) (8.28101e-13 8.27457e-12 9.70218e-11) (1.53919e-12 -9.39402e-12 1.04344e-10) (5.70022e-13 8.80244e-12 1.28822e-10) (-1.41221e-12 7.87517e-12 6.52041e-11) (-1.5556e-11 -8.66304e-12 3.58681e-11) (-6.59971e-12 6.32069e-12 2.37734e-11)
3250          (7.18439e-12 -5.8361e-13 1.45337e-12) (-7.18587e-13 -7.42579e-13 6.85424e-11) (6.49298e-13 9.47986e-12 1.06855e-10) (-6.99396e-14 -9.39147e-12 1.26895e-10) (5.81604e-13 -1.45305e-11 1.78798e-10) (9.18653e-12 1.60736e-11 1.5441e-10) (7.55083e-12 9.28368e-13 2.33874e-10) (-1.47568e-11 6.72624e-13 2.16029e-10) (-9.58808e-12 1.27475e-12 2.45301e-10) (2.23546e-11 -6.62251e-12 1.70882e-10) (-1.65017e-11 -6.88453e-12 1.22057e-10)
3300          (-2.99051e-11 1.5296e-11 -1.96347e-12) (-1.23786e-12 -9.26374e-13 1.94135e-11) (1.5601e-12 -1.92381e-12 2.23017e-11) (2.03321e-12 1.66839e-12 -8.07914e-12) (6.69709e-12 -1.74375e-12 -7.93914e-11) (-3.64199e-13 -3.14244e-13 5.80257e-11) (-2.33966e-11 -2.27183e-11 1.04882e-10) (-9.03575e-12 1.06804e-11 1.39908e-10) (1.09845e-13 -1.5992e-11 1.39792e-10) (-7.39176e-12 3.97086e-14 1.41018e-10) (-7.24002e-12 -1.87371e-12 8.60823e-11)
3350          (-8.9852e-14 2.305e-11 -1.45894e-11) (8.47246e-13 7.70885e-13 3.99246e-11) (-5.67514e-12 -2.27729e-11 9.1712e-11) (7.25783e-12 3.684e-13 7.29169e-11) (3.53649e-13 -7.71569e-12 2.83354e-11) (-7.06763e-12 -9.57745e-13 3.35173e-11) (-6.14138e-13 7.22125e-12 4.57185e-11) (5.28643e-13 7.66619e-14 7.88449e-11) (-6.80047e-13 -1.58805e-11 6.51477e-11) (5.70899e-13 -8.33892e-12 6.79123e-11) (-9.31972e-13 7.97657e-12 1.13113e-11)
3400          (-8.03948e-12 -6.05024e-12 3.31593e-13) (9.43014e-12 -5.32786e-12 2.77777e-12) (8.24115e-12 -2.25964e-12 2.06176e-11) (1.4399e-12 -1.33766e-12 3.1225e-11) (-6.1027e-12 1.2842e-12 2.06204e-11) (9.89405e-13 -1.36586e-11 -3.93277e-11) (1.31782e-11 -7.30567e-13 -1.48931e-11) (1.51877e-11 -8.09781e-13 -2.81526e-11) (-8.00653e-12 -2.13215e-12 3.50097e-11) (1.51594e-11 -6.26503e-12 6.37299e-11) (-8.94266e-12 -1.98483e-13 3.12244e-11)
3450          (-1.24544e-12 -8.79356e-12 3.02286e-11) (-7.82627e-12 1.31668e-13 4.11985e-11) (-3.10576e-11 -1.07876e-12 1.13821e-10) (6.88179e-12 7.00809e-12 1.56151e-10) (-7.9396e-12 8.29459e-12 1.59473e-10) (-5.87775e-13 -2.00295e-11 1.3886e-10) (-1.58117e-11 -5.59432e-12 1.78161e-10) (9.08252e-12 8.64852e-12 1.96889e-10) (-1.50441e-11 1.28472e-14 1.01708e-10) (8.36254e-12 7.77105e-13 1.77776e-10) (-7.36256e-12 -7.52737e-12 1.77005e-10)
3500          (-1.45872e-12 -6.3311e-12 1.57783e-12) (-9.59227e-13 -1.0325e-12 1.44402e-11) (4.36189e-14 6.6101e-12 -4.38472e-11) (7.37435e-12 9.45766e-13 -7.91723e-11) (8.79286e-12 7.54972e-13 -1.27316e-10) (-1.34681e-11 8.74354e-12 -1.34368e-10) (-7.33343e-12 -1.42968e-11 -1.38903e-10) (-2.16893e-13 -1.45513e-11 -1.38148e-10) (7.16283e-12 6.94349e-12 -1.15288e-10) (1.16136e-12 7.3729e-12 -1.6161e-10) (7.81705e-12 4.12665e-13 -2.76896e-10)
3550          (7.10726e-12 6.96515e-12 -1.13917e-12) (-7.9023e-12 -4.84485e-15 -2.99811e-11) (-1.37722e-11 6.42464e-13 3.7835e-11) (7.17041e-12 -7.28659e-12 7.12541e-11) (9.09822e-13 -4.77785e-12 1.03824e-11) (1.09581e-12 8.43999e-13 7.27509e-12) (1.59555e-11 4.97719e-13 -2.31614e-11) (8.30448e-13 1.00872e-11 -1.96438e-11) (6.34298e-12 -5.37881e-12 -1.67817e-11) (-1.48448e-11 1.63334e-11 1.05255e-11) (1.56471e-11 -6.53653e-12 2.23866e-11)
3600          (1.38384e-11 2.215e-12 3.09845e-11) (9.03628e-12 1.0032e-12 -4.49106e-11) (9.1009e-13 -7.60027e-12 -6.64691e-11) (7.85188e-12 -1.33451e-11 -7.12971e-11) (9.27117e-12 -8.08373e-12 -8.31861e-11) (4.03426e-14 -1.92673e-12 -9.28989e-11) (2.2472e-11 1.67171e-12 -5.62151e-11) (6.04161e-12 -5.98474e-12 -7.60948e-11) (-1.22921e-12 2.75177e-13 -1.46783e-11) (7.36981e-12 -8.18526e-14 -6.85305e-11) (-7.20867e-12 6.11093e-13 -7.49572e-11)
3650          (-8.00412e-12 7.43652e-13 1.68722e-12) (-1.5454e-11 6.84812e-12 9.45088e-12) (-6.41694e-12 1.89506e-13 2.4661e-11) (-1.67762e-11 8.00526e-13 1.23367e-10) (1.69388e-11 1.60115e-11 1.66017e-10) (-1.50235e-11 -6.97565e-13 1.45897e-10) (-1.38935e-11 -1.59331e-11 1.88814e-10) (-2.30602e-12 1.7581e-11 1.12604e-10) (-7.36691e-12 1.09926e-12 1.58265e-10) (-1.20824e-11 6.79394e-13 2.04097e-10) (1.43651e-11 -1.68307e-11 1.58754e-10)
3700          (-6.45408e-12 4.7741e-12 1.46613e-11) (-1.87428e-13 -7.01566e-12 3.40277e-11) (-1.9929e-13 -1.53341e-11 4.45203e-14) (-1.62703e-11 -9.77382e-12 4.24225e-11) (1.44252e-11 7.74596e-13 6.14333e-11) (-1.91523e-13 2.85716e-12 3.94409e-11) (-1.32991e-11 -8.31158e-12 5.45568e-11) (1.48056e-11 -7.01463e-12 1.931e-11) (-9.80596e-13 -7.46676e-12 4.00526e-11) (-5.65156e-13 -6.21625e-12 9.76638e-11) (-2.30825e-11 5.42668e-13 9.94224e-11)
3750          (-1.45251e-11 -8.77167e-12 1.61568e-11) (2.08839e-13 -1.52397e-11 5.7361e-11) (1.49136e-11 -2.18693e-11 5.6251e-11) (5.88881e-13 -5.3036e-13 4.83979e-11) (-7.66618e-14 9.32332e-12 -2.9048e-11) (-7.9185e-12 1.58322e-11 -4.73531e-11) (-2.20146e-13 -1.25777e-12 6.35696e-12) (-5.31408e-13 1.61428e-13 9.93627e-12) (4.50721e-13 8.14127e-12 -7.7777e-12) (1.32318e-12 -7.60437e-12 -5.38488e-11) (8.54337e-12 1.5485e-11 -8.39114e-11)
3800          (2.18772e-11 2.20527e-11 -1.44433e-11) (-9.27247e-12 9.38282e-12 8.12784e-11) (3.16009e-13 9.85109e-12 5.94365e-11) (-5.71339e-13 -7.42553e-12 6.72101e-11) (-6.17455e-12 -7.8875e-12 7.05749e-11) (2.41539e-13 -1.67956e-12 1.02163e-10) (8.11533e-12 -1.43805e-11 1.41123e-10) (-7.12046e-12 1.76892e-12 4.22842e-11) (-1.42581e-11 3.285e-13 9.88719e-11) (9.921e-13 -1.95052e-12 4.15232e-11) (-6.83567e-13 7.31037e-12 4.9601e-11)
3850          (-6.64662e-12 6.06543e-12 -1.24571e-11) (-7.71977e-12 6.64664e-12 -7.98789e-12) (1.46522e-11 7.13962e-13 6.42739e-12) (-8.56038e-12 7.51459e-12 5.94018e-11) (-7.95614e-12 1.55855e-11 1.54264e-11) (1.14302e-12 1.5892e-12 5.94581e-11) (5.11216e-13 1.53713e-11 6.18467e-11) (-1.27567e-11 -9.35413e-12 1.5997e-10) (-2.04263e-11 1.50629e-11 1.3466e-10) (7.40676e-12 1.49909e-11 1.25782e-10) (8.19933e-12 7.36553e-12 1.78439e-10)
3900          (-7.87203e-12 -7.34459e-12 1.36055e-11) (-6.19809e-13 3.23627e-14 1.004e-10) (1.58622e-11 -8.73828e-12 1.35507e-10) (-5.46844e-12 -1.33102e-11 1.03369e-10) (-3.995e-13 7.72001e-12 1.67352e-10) (1.49764e-11 8.58022e-12 1.89704e-10) (-1.42865e-11 8.45916e-12 1.47509e-10) (6.64089e-12 -9.18722e-12 1.56162e-10) (1.32638e-11 -8.03229e-13 1.50268e-10) (1.57697e-11 1.43182e-11 1.26673e-10) (-6.65287e-12 7.58086e-12 1.1843e-10)
3950          (1.29586e-12 -1.50581e-11 1.37273e-11) (-7.80132e-12 -5.02605e-13 9.90503e-11) (-6.02609e-13 -7.09843e-12 1.71836e-10) (7.49495e-12 -7.75916e-12 1.735e-10) (-1.47202e-13 8.03856e-12 1.38618e-10) (-6.60297e-12 -8.01571e-12 7.88662e-11) (-1.27067e-12 7.10562e-12 1.40908e-10) (-1.27315e-12 7.9995e-12 1.29571e-10) (6.18095e-12 -1.52154e-11 8.82748e-11) (7.47548e-12 2.14128e-11 9.85181e-11) (-7.61863e-12 7.70423e-12 1.19526e-10)
4000          (7.88799e-12 -6.20347e-12 1.56319e-13) (-7.48924e-12 -2.14486e-12 3.13471e-11) (-6.59619e-12 8.66083e-12 1.58281e-11) (-6.29688e-12 7.41679e-12 4.11626e-11) (-6.20477e-12 -1.52593e-11 4.65308e-11) (1.59696e-11 -6.23494e-12 7.56324e-11) (1.69798e-12 4.74684e-12 2.70147e-11) (7.467e-12 -8.70874e-13 1.6996e-10) (7.44278e-12 1.48458e-11 2.57533e-10) (-8.40124e-13 2.12363e-12 2.51828e-10) (1.50241e-11 7.96882e-12 2.06056e-10)
4050          (1.57994e-11 -5.15312e-13 2.71097e-12) (-9.9909e-12 7.04903e-12 2.88375e-11) (-6.78595e-12 -1.03379e-11 6.48411e-11) (6.87186e-12 -1.8898e-12 1.09427e-10) (-7.29408e-12 6.50312e-12 1.12465e-10) (-6.88734e-12 -7.54731e-12 6.49473e-11) (-8.41225e-12 -6.35104e-15 8.69789e-11) (8.32984e-12 3.47198e-14 1.35379e-10) (-1.55889e-12 -7.86967e-12 8.02695e-11) (-7.55374e-12 1.44166e-12 -7.32169e-12) (7.42568e-12 3.00872e-13 -2.89681e-11)
4100          (-7.96161e-13 -5.22462e-13 3.09656e-13) (-2.56458e-13 -1.55692e-11 4.99991e-11) (-1.44511e-11 -1.47205e-11 2.6075e-11) (-2.42787e-15 -4.79525e-13 4.77431e-11) (4.60475e-13 -1.18398e-12 1.10625e-10) (1.21225e-12 -2.1009e-13 9.67079e-11) (1.47127e-12 -1.94597e-13 7.95926e-11) (7.88146e-12 7.57331e-12 1.30922e-10) (-8.45454e-13 -7.524e-12 9.48943e-11) (1.42649e-11 9.16651e-12 8.74845e-11) (8.47976e-12 1.53501e-11 7.21761e-11)
4150          (7.77486e-12 -1.71338e-13 -1.09905e-11) (2.30627e-11 -1.43287e-11 -3.28574e-11) (9.63045e-12 1.66706e-11 7.90899e-12) (1.13555e-13 5.02121e-13 1.89819e-11) (-1.44473e-11 -1.62066e-12 -5.85379e-11) (-7.04195e-12 -6.45161e-13 2.06671e-11) (6.3642e-12 6.74772e-12 4.27621e-11) (-8.79554e-12 -2.26888e-12 5.54266e-11) (-1.12557e-13 -4.85539e-13 8.75219e-11) (1.72332e-12 1.54857e-11 4.60579e-11) (-8.75705e-12 7.86036e-12 4.73734e-11)
4200          (-7.18989e-12 -7.51521e-12 1.53533e-11) (7.99902e-12 -6.89429e-12 -1.617e-11) (7.02154e-12 9.52048e-12 -7.70183e-12) (-1.24255e-12 -1.68474e-11 2.36776e-11) (7.90776e-12 5.54076e-12 5.55265e-11) (7.46987e-12 7.95605e-12 -7.13846e-12) (2.27609e-11 7.02474e-12 1.80735e-12) (-2.22995e-11 6.55686e-12 3.12718e-13) (-1.39351e-11 2.52687e-13 4.38756e-11) (1.58812e-11 2.49214e-12 7.7082e-11) (7.81522e-13 1.91421e-13 1.44811e-11)
4250          (2.06375e-11 -1.38752e-11 1.84727e-11) (-1.05792e-11 -3.98638e-13 5.23615e-11) (6.5048e-12 1.30801e-12 5.03807e-11) (-1.96127e-13 1.49652e-11 6.35421e-11) (1.44616e-12 -6.3339e-12 9.40421e-11) (1.59817e-13 1.43709e-11 1.77295e-11) (-7.00787e-13 -8.16772e-12 3.9215e-11) (-7.61352e-12 -1.38919e-13 7.78139e-11) (-2.16793e-11 -5.24803e-13 5.71993e-11) (4.90303e-13 -6.84639e-12 2.53898e-11) (1.49941e-11 9.17157e-12 -2.9813e-11)
4300          (-8.33063e-12 -1.20238e-12 2.62278e-12) (-1.66806e-11 -1.45057e-11 1.03996e-10) (-2.21784e-11 1.67945e-12 6.59236e-11) (8.55808e-12 7.8301e-12 9.96024e-11) (-7.00964e-13 -8.247e-13 1.5907e-10) (-6.31958e-12 7.94804e-12 2.57534e-10) (-1.48987e-11 -1.77682e-12 2.97018e-10) (-1.58272e-11 -7.57283e-12 3.26434e-10) (6.00698e-13 -1.69957e-11 3.27375e-10) (4.01949e-13 -7.26776e-12 2.96631e-10) (7.23212e-12 1.10324e-13 2.75397e-10)
4350          (1.48121e-11 -1.98968e-12 3.17228e-11) (8.20407e-12 -2.29424e-12 8.7083e-11) (-2.23347e-13 -9.52453e-13 2.84955e-11) (7.00503e-12 -1.62284e-11 1.07145e-10) (-9.89299e-13 -7.11724e-12 1.13052e-10) (1.5618e-11 2.43632e-14 1.31309e-10) (-1.99899e-12 1.47066e-11 1.18363e-10) (1.75809e-12 -5.43574e-13 9.52855e-11) (-8.96596e-12 1.56808e-11 6.14511e-11) (-8.14251e-12 -1.27753e-12 3.07738e-11) (-7.26118e-12 -1.16569e-12 3.12607e-11)
4400          (5.38719e-12 -7.95537e-12 8.3178e-13) (6.83844e-12 -7.3847e-12 2.62949e-11) (9.01621e-13 -8.0056e-12 1.20914e-10) (-7.74072e-12 -6.31865e-12 1.09577e-10) (-7.93335e-12 8.31721e-12 1.42134e-10) (6.46382e-13 1.4294e-11 1.47818e-10) (2.19634e-12 5.94172e-13 1.40972e-10) (6.94165e-12 7.19191e-12 1.24887e-10) (-5.31893e-13 1.525e-11 1.10736e-10) (-5.08423e-13 6.91871e-12 1.61717e-10) (2.4436e-13 8.4763e-12 1.68826e-10)
4450          (8.87159e-12 -6.57673e-12 1.57031e-13) (7.90767e-12 -2.96365e-13 1.81355e-11) (5.44561e-13 4.27765e-13 3.24888e-11) (1.43096e-11 -7.79901e-12 6.70928e-11) (8.89659e-12 1.7478e-13 1.10384e-10) (-1.0882e-12 7.71076e-12 5.38571e-11) (8.28372e-12 2.56492e-12 4.32126e-11) (8.65665e-12 -9.75623e-12 -6.19878e-11) (8.30012e-12 -8.25403e-13 -8.12857e-11) (7.09417e-12 -6.29782e-12 -2.49604e-12) (7.66957e-12 -2.57247e-13 1.36095e-11)
4500          (-8.53907e-12 -9.70081e-12 -1.56927e-11) (1.39283e-11 9.37896e-14 5.51369e-11) (-5.91939e-12 -5.25722e-14 4.36803e-11) (-1.53465e-11 -8.70465e-12 6.118e-11) (-6.82549e-13 1.4163e-11 1.13955e-10) (7.937e-12 -6.77829e-12 1.45843e-10) (6.67685e-12 1.44708e-11 2.0932e-10) (8.64491e-12 -6.09497e-12 2.31991e-10) (-7.6573e-12 -7.24083e-13 1.17197e-10) (-1.84795e-12 -6.14757e-13 1.61949e-10) (-1.37891e-12 4.07958e-13 1.15958e-10)
4550          (2.78935e-13 -6.53413e-12 -2.04755e-13) (5.48321e-13 7.68194e-12 7.32049e-11) (-7.72241e-12 -8.15052e-12 4.54774e-11) (1.55536e-11 -9.10528e-12 9.72657e-11) (-1.63307e-11 -6.92567e-12 9.74488e-11) (5.16127e-13 6.03122e-12 9.63614e-11) (2.6009e-13 -1.57635e-11 1.39129e-10) (-9.96056e-13 -8.8289e-12 9.85655e-11) (2.78712e-13 6.85621e-13 1.42463e-10) (3.48605e-13 -8.33021e-13 1.08404e-10) (-1.13547e-12 -7.21335e-13 1.13622e-10)
4600          (-2.21341e-11 -1.45027e-11 -1.06137e-11) (-1.24974e-12 -6.14214e-12 -4.2615e-11) (1.58271e-11 7.07271e-12 -2.81056e-11) (5.58289e-13 1.14051e-12 -4.36079e-11) (5.67099e-13 9.11474e-12 -6.66966e-11) (1.34386e-11 -6.04667e-12 -4.61019e-11) (1.2461e-12 8.11917e-13 -6.95091e-11) (-7.55576e-12 7.31509e-12 -8.09074e-11) (-4.97138e-13 -6.15217e-12 -2.34288e-11) (-6.3002e-13 1.73385e-11 -3.43378e-11) (3.92082e-13 6.75314e-12 -4.46801e-11)
4650          (-1.41112e-11 -8.20363e-12 -9.21179e-13) (3.92357e-14 -1.51944e-11 4.24928e-11) (-7.88275e-12 7.55756e-12 5.62923e-12) (1.73641e-12 8.04206e-12 9.55848e-14) (-7.24106e-13 -8.9618e-12 -1.26413e-10) (-8.54526e-12 -8.84908e-12 -9.23833e-11) (5.77735e-13 1.54262e-11 -1.65335e-10) (6.71442e-12 -7.48004e-12 -1.57412e-10) (1.6931e-11 8.2275e-12 -1.02707e-10) (-9.41921e-12 1.36168e-11 -9.60459e-11) (1.60981e-11 1.57288e-11 -5.01263e-11)
4700          (1.74867e-12 2.24875e-11 1.46303e-11) (-7.30593e-12 -1.42152e-11 -5.24264e-11) (-1.00897e-11 2.12e-11 -1.9958e-11) (-4.55897e-13 7.31473e-13 -3.83067e-11) (4.72689e-12 6.77033e-12 1.71912e-11) (-9.45065e-12 -8.30785e-13 6.45763e-11) (8.65632e-12 -9.15138e-12 6.59633e-11) (-1.61979e-11 3.06918e-11 1.05333e-10) (7.32115e-12 -9.46293e-12 9.2386e-11) (7.10928e-12 -7.43369e-12 7.88489e-11) (-8.31449e-12 7.05756e-12 1.12455e-10)
4750          (-7.18153e-12 -7.57489e-13 1.39058e-11) (7.82453e-12 9.40046e-13 -2.33853e-13) (7.25065e-12 -4.83879e-13 2.19113e-11) (1.96626e-12 1.43923e-11 1.0227e-10) (-9.2267e-12 1.01539e-13 1.12057e-10) (-1.80874e-14 1.54598e-13 1.19391e-10) (5.83129e-12 -1.51553e-11 1.75823e-10) (7.32545e-12 -6.53996e-12 1.948e-10) (-3.99568e-13 -7.78005e-12 1.67987e-10) (-1.51586e-11 -1.78651e-11 1.63918e-10) (-7.97077e-12 8.10553e-12 2.09752e-10)
4800          (6.35253e-12 8.90523e-12 -1.27767e-11) (8.12996e-13 1.74144e-12 5.07345e-11) (8.56214e-12 7.71514e-12 5.46886e-11) (8.81807e-12 -6.77188e-14 3.81018e-11) (7.79188e-14 1.49822e-11 7.74971e-11) (-6.262e-12 8.25151e-12 4.69486e-11) (-9.16481e-12 1.4606e-13 4.30932e-11) (1.18266e-13 2.20773e-11 4.62499e-11) (-7.42799e-12 3.08535e-12 3.94735e-11) (7.24673e-12 6.87218e-12 1.33143e-11) (-8.57595e-12 7.3869e-13 2.28054e-11)
4850          (-2.20001e-13 5.51849e-12 -1.41808e-11) (5.71826e-12 -9.2947e-13 1.46909e-10) (7.27085e-12 9.50908e-13 5.23026e-11) (-1.10892e-12 1.17348e-12 2.65967e-11) (-2.18719e-11 1.4456e-11 7.30536e-11) (-7.38706e-12 6.43811e-13 5.83359e-11) (-7.95983e-12 1.77141e-11 1.11785e-10) (-8.31105e-12 -5.09295e-12 6.36339e-11) (-7.94205e-13 2.22501e-13 5.20362e-11) (-6.09112e-12 -6.57402e-12 9.89198e-11) (-8.32547e-12 -7.19647e-12 1.13814e-10)
4900          (-1.26461e-11 -7.75003e-12 2.91462e-11) (8.25911e-12 -1.72555e-13 3.31858e-12) (-7.8525e-12 -3.5697e-13 2.52156e-11) (5.36151e-12 8.57365e-12 5.98573e-11) (2.66543e-13 1.19644e-12 1.29625e-10) (-6.19238e-13 1.74593e-12 1.51585e-10) (-7.38663e-12 -7.45477e-12 2.09855e-10) (-7.99374e-12 -6.45204e-13 2.44581e-10) (2.34326e-11 2.17541e-12 2.06409e-10) (-1.62228e-11 -8.37437e-12 1.97966e-10) (-2.46604e-11 -6.18316e-14 1.831e-10)
4950          (-8.05465e-12 7.93666e-12 4.19113e-11) (-8.03443e-12 5.03126e-13 -1.44701e-12) (6.82414e-12 -1.58436e-11 1.1749e-11) (-9.56462e-12 -3.39762e-14 -8.45999e-11) (-7.32642e-14 1.41318e-11 -6.63764e-11) (8.20798e-12 8.06151e-13 -2.98894e-11) (-7.49573e-12 1.28477e-13 6.58768e-12) (-8.77046e-12 8.30454e-12 6.94797e-11) (-5.99148e-12 2.90945e-13 7.18e-11) (1.50681e-11 -2.49155e-11 1.83183e-10) (-1.55005e-12 -1.55241e-11 2.09825e-10)
5000          (2.39999e-11 -7.44353e-12 -1.41447e-11) (9.5687e-12 3.4789e-13 2.99874e-11) (7.79198e-12 6.86018e-12 -1.28816e-11) (-9.3142e-13 -7.5081e-12 4.92396e-11) (1.41592e-11 -1.60202e-13 1.34433e-11) (1.61407e-11 6.85688e-12 1.04037e-11) (7.78278e-12 -7.90585e-12 2.08913e-11) (6.66517e-12 6.18293e-12 4.99043e-11) (1.47326e-11 1.66545e-11 9.57744e-11) (1.34041e-11 9.56532e-12 8.10166e-11) (-6.97768e-12 -1.63257e-11 8.85728e-11)
