# Probe 0 (0.0015 0.0015 0)
# Probe 1 (0.0015 0.0015 0.002)
# Probe 2 (0.0015 0.0015 0.004)
# Probe 3 (0.0015 0.0015 0.006)
# Probe 4 (0.0015 0.0015 0.008)
# Probe 5 (0.0015 0.0015 0.01)
# Probe 6 (0.0015 0.0015 0.012)
# Probe 7 (0.0015 0.0015 0.014)
# Probe 8 (0.0015 0.0015 0.016)
# Probe 9 (0.0015 0.0015 0.018)
# Probe 10 (0.0015 0.0015 0.02)
# Time        0             1             2             3             4             5             6             7             8             9             10           
50            140378        57470.8       18181.5       6908.31       2967.78       1665.9        1293.85       1329.9        1776.54       3202.21       8415.46      
100           162340        88632.9       32329.2       12215.8       4798.48       2258.48       1467.52       1433.95       1923.62       3501.28       8715.19      
150           173879        111889        50567.5       20140.7       7701.15       3218.72       1746.12       1581.05       2098.18       3837.69       9043.92      
200           180933        127182        68597.5       30501.7       11949.3       4676.51       2172.04       1786.79       2302.71       4199.23       9371.95      
250           185800        137900        83496.5       42237.9       17705.6       6777.22       2799.34       2072.17       2542.62       4577.45       9681.79      
300           189405        145890        95293         53829.4       24862.9       9666.38       3696.56       2464.63       2826.65       4968.24       9967.36      
350           192202        152116        104748        64275.6       32955.3       13454.4       4949.78       3001.51       3168.41       5371.62       10229.5      
400           194451        157138        112506        73359.1       41292.3       18150.2       6654.34       3727.27       3585.5        5791.34       10473.1      
450           196312        161302        119015        81224.3       49311.4       23614.9       8906.78       4699.3        4103.5        6235.77       10705.2      
500           197888        164833        124578        88082.8       56747.1       29573         11778.1       5979.93       4754.06       6717.85       10934.3      
550           199245        167880        129409        94123.2       63547.4       35700.5       15283.8       7635.14       5575.74       7255.27       11170.5      
600           200433        170549        133663        99498.2       69750.3       41738.1       19360.1       9726.08       6615.74       7871.65       11425.1      
650           201487        172917        137453        104327        75422.1       47537.2       23870.3       12294.9       7926.16       8595.92       11710.9      
700           202431        175042        140865        108705        80632.2       53041.1       28646.4       15351.4       9559.36       9461.48       12041.9      
750           203286        176968        143967        112707        85445.9       58247.1       33539.4       18863.1       11559.1       10503.6       12432.9      
800           204067        178729        146811        116394        89922.1       63177.1       38443.6       22754.5       13947.3       11754.7       12897.6      
850           204788        180354        149441        119820        94112         67859.2       43291.5       26915.8       16711.4       13237.6       13447.3      
900           205458        181865        151893        123025        98056.8       72317.5       48037.2       31223.4       19796.5       14957.1       14086.9      
950           206085        183280        154193        126040        101786        76566.6       52642.9       35559.3       23112.4       16894.6       14813.8      
1000          206675        184612        156360        128888        105319        80611.2       57074.9       39825.4       26549.7       19007.2       15616.2      
1050          207231        185868        158405        131578        108661        84448.1       61302.7       43947.3       29999.8       21232         16473.5      
1100          207756        187054        160335        134115        111814        88070         65301         47871.1       33369.3       23496.9       17360        
1150          208250        188170        162151        136502        114777        91468.7       69049.9       51559.4       36586.7       25730.8       18247.7      
1200          208714        189216        163853        138735        117544        94636.7       72535.2       54987.7       39602.2       27873.5       19110.7      
1250          209146        190191        165437        140811        120111        97568.6       75749.2       58143         42386.6       29881.6       19928.1      
1300          209547        191095        166904        142730        122479        100262        78688.7       61019         44924.1       31726.6       20685.6      
1350          209917        191930        168255        144493        124647        102719        81356.4       63618.3       47211.9       33395.8       21374.8      
1400          210256        192694        169491        146102        126619        104944        83760.2       65949.8       49256.3       34888         21993        
1450          210565        193389        170613        147560        128401        106947        85911.9       68027.1       51070         36209.5       22541.4      
1500          210843        194017        171625        148872        129999        108738        87826.7       69867.3       52669.4       37371.8       23024        
1550          211094        194580        172533        150045        131426        110330        89521.4       71489.2       54072.8       38388.4       23446.2      
1600          211317        195083        173341        151089        132692        111739        91014.5       72912.6       55299.4       39274.2       23813.8      
1650          211516        195529        174058        152013        133810        112979        92324.6       74157.3       56368         40043.3       24132.8      
1700          211691        195923        174690        152827        134793        114068        93470         75242.2       57296.5       40709.8       24408.9      
1750          211845        196270        175246        153542        135655        115019        94468.4       76185.4       58101.3       41286.1       24647.6      
1800          211980        196573        175732        154166        136406        115848        95336.6       77003.4       58798.1       41784         24853.4      
1850          212098        196838        176157        154711        137061        116569        96089.5       77711.8       59399.8       42213.2       25030.9      
1900          212201        197069        176526        155184        137630        117194        96741.4       78324.1       59918.9       42582.8       25183.7      
1950          212290        197270        176847        155595        138123        117735        97304.9       78852.6       60366.3       42901         25315.2      
2000          212368        197444        177125        155951        138549        118203        97791.3       79308.2       60751.5       43174.6       25428.2      
2050          212435        197595        177366        156259        138918        118607        98210.9       79700.7       61083.2       43409.8       25525.2      
2100          212492        197725        177573        156525        139236        118955        98571.9       80038.5       61368.1       43611.7       25608.8      
2150          212542        197837        177752        156753        139510        119255        98882.6       80328.8       61612.8       43785.2       25680.3      
2200          212585        197934        177907        156951        139746        119513        99149.8       80578.1       61823         43934.2       25741.6      
2250          212622        198017        178039        157120        139948        119734        99379         80792.2       62003.1       44061.9       25794.4      
2300          212654        198088        178153        157266        140122        119924        99576         80975.8       62157.9       44171.1       25839.5      
2350          212681        198150        178251        157391        140272        120088        99744.9       81133.5       62290.6       44264.9       25878.2      
2400          212705        198202        178335        157498        140400        120228        99890         81268.8       62404.3       44345.4       25911.4      
2450          212725        198248        178408        157591        140511        120349        100015        81384.9       62501.9       44414.4       25939.9      
2500          212743        198287        178470        157670        140605        120452        100121        81484.4       62585.6       44473.6       25964.3      
2550          212758        198320        178523        157738        140687        120540        100213        81569.6       62657.2       44524.3       25985.2      
2600          212770        198348        178568        157795        140755        120615        100291        81641.7       62718.2       44567.3       26002.9      
2650          212781        198372        178606        157844        140813        120678        100356        81702.8       62769.4       44603.5       26017.8      
2700          212790        198392        178639        157885        140863        120733        100412        81755.9       62813.7       44635.3       26030.7      
2750          212798        198410        178667        157922        140906        120781        100461        81801.4       62852.2       44662.2       26042        
2800          212804        198425        178691        157952        140942        120820        100502        81839.2       62884.5       44684.8       26051.4      
2850          212810        198438        178712        157979        140974        120855        100538        81873         62912.8       44705         26059.7      
2900          212815        198449        178729        158001        141001        120884        100568        81901.1       62936.1       44721.5       26066.5      
2950          212819        198458        178744        158019        141023        120908        100593        81924.2       62955.6       44735.2       26072.2      
3000          212823        198466        178757        158036        141043        120930        100616        81945.6       62973.4       44748.1       26077.3      
3050          212826        198473        178767        158049        141059        120947        100633        81962.3       62987         44758.4       26081.3      
3100          212828        198479        178777        158061        141073        120963        100650        81977.2       63000.1       44766.9       26085.1      
3150          212831        198484        178785        158071        141085        120976        100663        81989.9       63010.7       44774.4       26088.3      
3200          212833        198488        178792        158080        141096        120988        100676        82001.3       63020.2       44781.1       26091.1      
3250          212834        198491        178797        158087        141104        120997        100685        82009.8       63027.3       44786.3       26093.2      
3300          212835        198494        178802        158093        141111        121004        100693        82017.2       63033.9       44791         26095        
3350          212837        198497        178806        158099        141118        121012        100701        82024.7       63040.2       44795.3       26096.8      
3400          212837        198499        178809        158103        141123        121017        100706        82029.7       63044.3       44798.4       26098        
3450          212838        198501        178812        158107        141127        121022        100711        82034.6       63048.5       44801.4       26099.3      
3500          212839        198502        178814        158110        141131        121026        100716        82038.5       63051.9       44803.7       26100.3      
3550          212839        198504        178817        158112        141134        121030        100719        82042         63054.9       44805.7       26101.1      
3600          212840        198504        178818        158114        141136        121032        100721        82044         63056.5       44807         26101.7      
3650          212840        198505        178819        158115        141137        121033        100723        82045.4       63057.6       44807.7       26102        
3700          212840        198506        178820        158116        141139        121035        100725        82047.3       63059.5       44809.1       26102.6      
3750          212840        198506        178820        158116        141139        121035        100725        82047.3       63059.4       44809.2       26102.6      
3800          212840        198506        178820        158116        141139        121035        100725        82047.3       63059.4       44809.2       26102.6      
3850          212840        198506        178820        158116        141139        121035        100725        82047.3       63059.4       44809.2       26102.6      
3900          212840        198506        178820        158116        141139        121035        100725        82047.3       63059.4       44809.2       26102.6      
3950          212840        198506        178820        158116        141139        121035        100725        82047.3       63059.4       44809.2       26102.6      
4000          212840        198506        178820        158116        141139        121035        100725        82047.3       63059.4       44809.2       26102.6      
4050          212840        198506        178820        158116        141139        121035        100725        82047.3       63059.4       44809.2       26102.6      
4100          212840        198506        178820        158116        141139        121035        100725        82047.3       63059.4       44809.2       26102.6      
4150          212840        198506        178820        158116        141139        121035        100725        82047.3       63059.4       44809.2       26102.6      
4200          212840        198506        178820        158116        141139        121035        100725        82047.3       63059.4       44809.2       26102.6      
4250          212840        198506        178820        158116        141139        121035        100725        82047.3       63059.4       44809.2       26102.6      
4300          212840        198506        178820        158116        141139        121035        100725        82047.3       63059.4       44809.2       26102.6      
4350          212840        198506        178820        158116        141139        121035        100725        82047.3       63059.4       44809.2       26102.6      
4400          212840        198506        178820        158116        141139        121035        100725        82047.3       63059.4       44809.2       26102.6      
4450          212840        198506        178820        158116        141139        121035        100725        82047.3       63059.4       44809.2       26102.6      
4500          212840        198506        178820        158116        141139        121035        100725        82047.3       63059.4       44809.2       26102.6      
4550          212840        198506        178820        158116        141139        121035        100725        82047.3       63059.4       44809.2       26102.6      
4600          212840        198506        178820        158116        141139        121035        100725        82047.3       63059.4       44809.2       26102.6      
4650          212840        198506        178820        158116        141139        121035        100725        82047.3       63059.4       44809.2       26102.6      
4700          212840        198506        178820        158116        141139        121035        100725        82047.3       63059.4       44809.2       26102.6      
4750          212840        198506        178820        158116        141139        121035        100725        82047.3       63059.4       44809.2       26102.6      
4800          212840        198506        178820        158116        141139        121035        100725        82047.3       63059.4       44809.2       26102.6      
4850          212840        198506        178820        158116        141139        121035        100725        82047.3       63059.4       44809.2       26102.6      
4900          212840        198506        178820        158116        141139        121035        100725        82047.3       63059.4       44809.2       26102.6      
4950          212840        198506        178820        158116        141139        121035        100725        82047.3       63059.4       44809.2       26102.6      
5000          212840        198506        178820        158116        141139        121035        100725        82047.3       63059.4       44809.2       26102.6      
