# Probe 0 (0.0015 0.0015 0)
# Probe 1 (0.0015 0.0015 0.002)
# Probe 2 (0.0015 0.0015 0.004)
# Probe 3 (0.0015 0.0015 0.006)
# Probe 4 (0.0015 0.0015 0.008)
# Probe 5 (0.0015 0.0015 0.01)
# Probe 6 (0.0015 0.0015 0.012)
# Probe 7 (0.0015 0.0015 0.014)
# Probe 8 (0.0015 0.0015 0.016)
# Probe 9 (0.0015 0.0015 0.018)
# Probe 10 (0.0015 0.0015 0.02)
# Time        0             1             2             3             4             5             6             7             8             9             10           
50            0.00261797    0.000240484   0.000226872   0.00127952    0.000295465   0.00147551    0.000277895   0.00063995    0.000382193   0.000210454   0.000955004  
100           0.00261797    0.000240484   0.000226872   0.00127952    0.000295465   0.00147551    0.000277895   0.00063995    0.000382193   0.000210454   0.000955004  
150           0.00261797    0.000240484   0.000226872   0.00127952    0.000295465   0.00147551    0.000277895   0.00063995    0.000382193   0.000210454   0.000955004  
200           0.00261797    0.000240484   0.000226872   0.00127952    0.000295465   0.00147551    0.000277895   0.00063995    0.000382193   0.000210454   0.000955004  
250           0.00261797    0.000240484   0.000226872   0.00127952    0.000295465   0.00147551    0.000277895   0.00063995    0.000382193   0.000210454   0.000955004  
300           0.00261797    0.000240484   0.000226872   0.00127952    0.000295465   0.00147551    0.000277895   0.00063995    0.000382193   0.000210454   0.000955004  
350           0.00261797    0.000240484   0.000226872   0.00127952    0.000295465   0.00147551    0.000277895   0.00063995    0.000382193   0.000210454   0.000955004  
400           0.00261797    0.000240484   0.000226872   0.00127952    0.000295465   0.00147551    0.000277895   0.00063995    0.000382193   0.000210454   0.000955004  
450           0.00261797    0.000240484   0.000226872   0.00127952    0.000295465   0.00147551    0.000277895   0.00063995    0.000382193   0.000210454   0.000955004  
500           0.00261797    0.000240484   0.000226872   0.00127952    0.000295465   0.00147551    0.000277895   0.00063995    0.000382193   0.000210454   0.000955004  
550           0.00261797    0.000240484   0.000226872   0.00127952    0.000295465   0.00147551    0.000277895   0.00063995    0.000382193   0.000210454   0.000955004  
600           0.00261797    0.000240484   0.000226872   0.00127952    0.000295465   0.00147551    0.000277895   0.00063995    0.000382193   0.000210454   0.000955004  
650           0.00261797    0.000240484   0.000226872   0.00127952    0.000295465   0.00147551    0.000277895   0.00063995    0.000382193   0.000210454   0.000955004  
700           0.00261797    0.000240484   0.000226872   0.00127952    0.000295465   0.00147551    0.000277895   0.00063995    0.000382193   0.000210454   0.000955004  
750           0.00261797    0.000240484   0.000226872   0.00127952    0.000295465   0.00147551    0.000277895   0.00063995    0.000382193   0.000210454   0.000955004  
800           0.00261797    0.000240484   0.000226872   0.00127952    0.000295465   0.00147551    0.000277895   0.00063995    0.000382193   0.000210454   0.000955004  
850           0.00261797    0.000240484   0.000226872   0.00127952    0.000295465   0.00147551    0.000277895   0.00063995    0.000382193   0.000210454   0.000955004  
900           0.00261797    0.000240484   0.000226872   0.00127952    0.000295465   0.00147551    0.000277895   0.00063995    0.000382193   0.000210454   0.000955004  
950           0.00261797    0.000240484   0.000226872   0.00127952    0.000295465   0.00147551    0.000277895   0.00063995    0.000382193   0.000210454   0.000955004  
1000          0.00261797    0.000240484   0.000226872   0.00127952    0.000295465   0.00147551    0.000277895   0.00063995    0.000382193   0.000210454   0.000955004  
1050          0.00261797    0.000240484   0.000226872   0.00127952    0.000295465   0.00147551    0.000277895   0.00063995    0.000382193   0.000210454   0.000955004  
1100          0.00261797    0.000240484   0.000226872   0.00127952    0.000295465   0.00147551    0.000277895   0.00063995    0.000382193   0.000210454   0.000955004  
1150          0.00261797    0.000240484   0.000226872   0.00127952    0.000295465   0.00147551    0.000277895   0.00063995    0.000382193   0.000210454   0.000955004  
1200          0.00261797    0.000240484   0.000226872   0.00127952    0.000295465   0.00147551    0.000277895   0.00063995    0.000382193   0.000210454   0.000955004  
1250          0.00261797    0.000240484   0.000226872   0.00127952    0.000295465   0.00147551    0.000277895   0.00063995    0.000382193   0.000210454   0.000955004  
1300          0.00261797    0.000240484   0.000226872   0.00127952    0.000295465   0.00147551    0.000277895   0.00063995    0.000382193   0.000210454   0.000955004  
1350          0.00261797    0.000240484   0.000226872   0.00127952    0.000295465   0.00147551    0.000277895   0.00063995    0.000382193   0.000210454   0.000955004  
1400          0.00261797    0.000240484   0.000226872   0.00127952    0.000295465   0.00147551    0.000277895   0.00063995    0.000382193   0.000210454   0.000955004  
1450          0.00261797    0.000240484   0.000226872   0.00127952    0.000295465   0.00147551    0.000277895   0.00063995    0.000382193   0.000210454   0.000955004  
1500          0.00261797    0.000240484   0.000226872   0.00127952    0.000295465   0.00147551    0.000277895   0.00063995    0.000382193   0.000210454   0.000955004  
1550          0.00261797    0.000240484   0.000226872   0.00127952    0.000295465   0.00147551    0.000277895   0.00063995    0.000382193   0.000210454   0.000955004  
1600          0.00261797    0.000240484   0.000226872   0.00127952    0.000295465   0.00147551    0.000277895   0.00063995    0.000382193   0.000210454   0.000955004  
1650          0.00261797    0.000240484   0.000226872   0.00127952    0.000295465   0.00147551    0.000277895   0.00063995    0.000382193   0.000210454   0.000955004  
1700          0.00261797    0.000240484   0.000226872   0.00127952    0.000295465   0.00147551    0.000277895   0.00063995    0.000382193   0.000210454   0.000955004  
1750          0.00261797    0.000240484   0.000226872   0.00127952    0.000295465   0.00147551    0.000277895   0.00063995    0.000382193   0.000210454   0.000955004  
1800          0.00261797    0.000240484   0.000226872   0.00127952    0.000295465   0.00147551    0.000277895   0.00063995    0.000382193   0.000210454   0.000955004  
1850          0.00261797    0.000240484   0.000226872   0.00127952    0.000295465   0.00147551    0.000277895   0.00063995    0.000382193   0.000210454   0.000955004  
1900          0.00261797    0.000240484   0.000226872   0.00127952    0.000295465   0.00147551    0.000277895   0.00063995    0.000382193   0.000210454   0.000955004  
1950          0.00261797    0.000240484   0.000226872   0.00127952    0.000295465   0.00147551    0.000277895   0.00063995    0.000382193   0.000210454   0.000955004  
2000          0.00261797    0.000240484   0.000226872   0.00127952    0.000295465   0.00147551    0.000277895   0.00063995    0.000382193   0.000210454   0.000955004  
2050          0.00261797    0.000240484   0.000226872   0.00127952    0.000295465   0.00147551    0.000277895   0.00063995    0.000382193   0.000210454   0.000955004  
2100          0.00261797    0.000240484   0.000226872   0.00127952    0.000295465   0.00147551    0.000277895   0.00063995    0.000382193   0.000210454   0.000955004  
2150          0.00261797    0.000240484   0.000226872   0.00127952    0.000295465   0.00147551    0.000277895   0.00063995    0.000382193   0.000210454   0.000955004  
2200          0.00261797    0.000240484   0.000226872   0.00127952    0.000295465   0.00147551    0.000277895   0.00063995    0.000382193   0.000210454   0.000955004  
2250          0.00261797    0.000240484   0.000226872   0.00127952    0.000295465   0.00147551    0.000277895   0.00063995    0.000382193   0.000210454   0.000955004  
2300          0.00261797    0.000240484   0.000226872   0.00127952    0.000295465   0.00147551    0.000277895   0.00063995    0.000382193   0.000210454   0.000955004  
2350          0.00261797    0.000240484   0.000226872   0.00127952    0.000295465   0.00147551    0.000277895   0.00063995    0.000382193   0.000210454   0.000955004  
2400          0.00261797    0.000240484   0.000226872   0.00127952    0.000295465   0.00147551    0.000277895   0.00063995    0.000382193   0.000210454   0.000955004  
2450          0.00261797    0.000240484   0.000226872   0.00127952    0.000295465   0.00147551    0.000277895   0.00063995    0.000382193   0.000210454   0.000955004  
2500          0.00261797    0.000240484   0.000226872   0.00127952    0.000295465   0.00147551    0.000277895   0.00063995    0.000382193   0.000210454   0.000955004  
2550          0.00261797    0.000240484   0.000226872   0.00127952    0.000295465   0.00147551    0.000277895   0.00063995    0.000382193   0.000210454   0.000955004  
2600          0.00261797    0.000240484   0.000226872   0.00127952    0.000295465   0.00147551    0.000277895   0.00063995    0.000382193   0.000210454   0.000955004  
2650          0.00261797    0.000240484   0.000226872   0.00127952    0.000295465   0.00147551    0.000277895   0.00063995    0.000382193   0.000210454   0.000955004  
2700          0.00261797    0.000240484   0.000226872   0.00127952    0.000295465   0.00147551    0.000277895   0.00063995    0.000382193   0.000210454   0.000955004  
2750          0.00261797    0.000240484   0.000226872   0.00127952    0.000295465   0.00147551    0.000277895   0.00063995    0.000382193   0.000210454   0.000955004  
2800          0.00261797    0.000240484   0.000226872   0.00127952    0.000295465   0.00147551    0.000277895   0.00063995    0.000382193   0.000210454   0.000955004  
2850          0.00261797    0.000240484   0.000226872   0.00127952    0.000295465   0.00147551    0.000277895   0.00063995    0.000382193   0.000210454   0.000955004  
2900          0.00261797    0.000240484   0.000226872   0.00127952    0.000295465   0.00147551    0.000277895   0.00063995    0.000382193   0.000210454   0.000955004  
2950          0.00261797    0.000240484   0.000226872   0.00127952    0.000295465   0.00147551    0.000277895   0.00063995    0.000382193   0.000210454   0.000955004  
3000          0.00261797    0.000240484   0.000226872   0.00127952    0.000295465   0.00147551    0.000277895   0.00063995    0.000382193   0.000210454   0.000955004  
3050          0.00261797    0.000240484   0.000226872   0.00127952    0.000295465   0.00147551    0.000277895   0.00063995    0.000382193   0.000210454   0.000955004  
3100          0.00261797    0.000240484   0.000226872   0.00127952    0.000295465   0.00147551    0.000277895   0.00063995    0.000382193   0.000210454   0.000955004  
3150          0.00261797    0.000240484   0.000226872   0.00127952    0.000295465   0.00147551    0.000277895   0.00063995    0.000382193   0.000210454   0.000955004  
3200          0.00261797    0.000240484   0.000226872   0.00127952    0.000295465   0.00147551    0.000277895   0.00063995    0.000382193   0.000210454   0.000955004  
3250          0.00261797    0.000240484   0.000226872   0.00127952    0.000295465   0.00147551    0.000277895   0.00063995    0.000382193   0.000210454   0.000955004  
3300          0.00261797    0.000240484   0.000226872   0.00127952    0.000295465   0.00147551    0.000277895   0.00063995    0.000382193   0.000210454   0.000955004  
3350          0.00261797    0.000240484   0.000226872   0.00127952    0.000295465   0.00147551    0.000277895   0.00063995    0.000382193   0.000210454   0.000955004  
3400          0.00261797    0.000240484   0.000226872   0.00127952    0.000295465   0.00147551    0.000277895   0.00063995    0.000382193   0.000210454   0.000955004  
3450          0.00261797    0.000240484   0.000226872   0.00127952    0.000295465   0.00147551    0.000277895   0.00063995    0.000382193   0.000210454   0.000955004  
3500          0.00261797    0.000240484   0.000226872   0.00127952    0.000295465   0.00147551    0.000277895   0.00063995    0.000382193   0.000210454   0.000955004  
3550          0.00261797    0.000240484   0.000226872   0.00127952    0.000295465   0.00147551    0.000277895   0.00063995    0.000382193   0.000210454   0.000955004  
3600          0.00261797    0.000240484   0.000226872   0.00127952    0.000295465   0.00147551    0.000277895   0.00063995    0.000382193   0.000210454   0.000955004  
3650          0.00261797    0.000240484   0.000226872   0.00127952    0.000295465   0.00147551    0.000277895   0.00063995    0.000382193   0.000210454   0.000955004  
3700          0.00261797    0.000240484   0.000226872   0.00127952    0.000295465   0.00147551    0.000277895   0.00063995    0.000382193   0.000210454   0.000955004  
3750          0.00261797    0.000240484   0.000226872   0.00127952    0.000295465   0.00147551    0.000277895   0.00063995    0.000382193   0.000210454   0.000955004  
3800          0.00261797    0.000240484   0.000226872   0.00127952    0.000295465   0.00147551    0.000277895   0.00063995    0.000382193   0.000210454   0.000955004  
3850          0.00261797    0.000240484   0.000226872   0.00127952    0.000295465   0.00147551    0.000277895   0.00063995    0.000382193   0.000210454   0.000955004  
3900          0.00261797    0.000240484   0.000226872   0.00127952    0.000295465   0.00147551    0.000277895   0.00063995    0.000382193   0.000210454   0.000955004  
3950          0.00261797    0.000240484   0.000226872   0.00127952    0.000295465   0.00147551    0.000277895   0.00063995    0.000382193   0.000210454   0.000955004  
4000          0.00261797    0.000240484   0.000226872   0.00127952    0.000295465   0.00147551    0.000277895   0.00063995    0.000382193   0.000210454   0.000955004  
4050          0.00261797    0.000240484   0.000226872   0.00127952    0.000295465   0.00147551    0.000277895   0.00063995    0.000382193   0.000210454   0.000955004  
4100          0.00261797    0.000240484   0.000226872   0.00127952    0.000295465   0.00147551    0.000277895   0.00063995    0.000382193   0.000210454   0.000955004  
4150          0.00261797    0.000240484   0.000226872   0.00127952    0.000295465   0.00147551    0.000277895   0.00063995    0.000382193   0.000210454   0.000955004  
4200          0.00261797    0.000240484   0.000226872   0.00127952    0.000295465   0.00147551    0.000277895   0.00063995    0.000382193   0.000210454   0.000955004  
4250          0.00261797    0.000240484   0.000226872   0.00127952    0.000295465   0.00147551    0.000277895   0.00063995    0.000382193   0.000210454   0.000955004  
4300          0.00261797    0.000240484   0.000226872   0.00127952    0.000295465   0.00147551    0.000277895   0.00063995    0.000382193   0.000210454   0.000955004  
4350          0.00261797    0.000240484   0.000226872   0.00127952    0.000295465   0.00147551    0.000277895   0.00063995    0.000382193   0.000210454   0.000955004  
4400          0.00261797    0.000240484   0.000226872   0.00127952    0.000295465   0.00147551    0.000277895   0.00063995    0.000382193   0.000210454   0.000955004  
4450          0.00261797    0.000240484   0.000226872   0.00127952    0.000295465   0.00147551    0.000277895   0.00063995    0.000382193   0.000210454   0.000955004  
4500          0.00261797    0.000240484   0.000226872   0.00127952    0.000295465   0.00147551    0.000277895   0.00063995    0.000382193   0.000210454   0.000955004  
4550          0.00261797    0.000240484   0.000226872   0.00127952    0.000295465   0.00147551    0.000277895   0.00063995    0.000382193   0.000210454   0.000955004  
4600          0.00261797    0.000240484   0.000226872   0.00127952    0.000295465   0.00147551    0.000277895   0.00063995    0.000382193   0.000210454   0.000955004  
4650          0.00261797    0.000240484   0.000226872   0.00127952    0.000295465   0.00147551    0.000277895   0.00063995    0.000382193   0.000210454   0.000955004  
4700          0.00261797    0.000240484   0.000226872   0.00127952    0.000295465   0.00147551    0.000277895   0.00063995    0.000382193   0.000210454   0.000955004  
4750          0.00261797    0.000240484   0.000226872   0.00127952    0.000295465   0.00147551    0.000277895   0.00063995    0.000382193   0.000210454   0.000955004  
4800          0.00261797    0.000240484   0.000226872   0.00127952    0.000295465   0.00147551    0.000277895   0.00063995    0.000382193   0.000210454   0.000955004  
4850          0.00261797    0.000240484   0.000226872   0.00127952    0.000295465   0.00147551    0.000277895   0.00063995    0.000382193   0.000210454   0.000955004  
4900          0.00261797    0.000240484   0.000226872   0.00127952    0.000295465   0.00147551    0.000277895   0.00063995    0.000382193   0.000210454   0.000955004  
4950          0.00261797    0.000240484   0.000226872   0.00127952    0.000295465   0.00147551    0.000277895   0.00063995    0.000382193   0.000210454   0.000955004  
5000          0.00261797    0.000240484   0.000226872   0.00127952    0.000295465   0.00147551    0.000277895   0.00063995    0.000382193   0.000210454   0.000955004  
