# Probe 0 (0.0015 0.0015 0)
# Probe 1 (0.0015 0.0015 0.002)
# Probe 2 (0.0015 0.0015 0.004)
# Probe 3 (0.0015 0.0015 0.006)
# Probe 4 (0.0015 0.0015 0.008)
# Probe 5 (0.0015 0.0015 0.01)
# Probe 6 (0.0015 0.0015 0.012)
# Probe 7 (0.0015 0.0015 0.014)
# Probe 8 (0.0015 0.0015 0.016)
# Probe 9 (0.0015 0.0015 0.018)
# Probe 10 (0.0015 0.0015 0.02)
# Time        0             1             2             3             4             5             6             7             8             9             10           
50            (-1846.37 11108.3 33492.1) (1546.03 -568.32 52704.3) (402.946 -1679.48 10448.5) (-102.5 -176.82 1567.29) (110.584 88.4177 1784.21) (-7.12881 4.15099 153.735) (2.67271 -0.357888 58.6621) (2.73716 5.81745 -68.8358) (6.33242 1.67815 -324.36) (190.029 254.271 -696.937) (-4143.1 -24.8322 -2162.84)
100           (-1747.06 9658.25 24671.4) (951.043 -983.723 60462.6) (767.468 -2350.45 18190.1) (-188.937 -306.802 2890.88) (211.231 168.47 3445.07) (-15.0188 8.02911 311.814) (7.53502 0.873591 152.49) (3.13983 2.60076 -65.0433) (7.06473 1.76587 -361.987) (194.229 237.409 -758.187) (-4188.38 -32.9856 -2048.64)
150           (-1493.69 8086.79 20081) (537.244 -1116 55544.7) (1316.93 -2178.34 25902) (-303.497 -446.701 4692.59) (364.759 295.689 5980.91) (-28.4467 14.3502 564.886) (15.3058 3.03394 313.418) (3.45447 -3.83099 -47.7292) (7.88493 1.84472 -399.575) (198.238 218.647 -824.771) (-4234.42 -41.723 -1922.16)
200           (-1307.01 7064.67 17284.3) (299.702 -1079.73 49553.4) (1688.87 -1448.78 29797.4) (-416.74 -542.333 6593.62) (573.82 480.112 9438.59) (-49.9003 23.9363 940.968) (26.8942 6.54204 568.376) (3.58756 -14.8674 -9.89234) (8.74655 1.90158 -432.762) (200.8 197.658 -890.128) (-4249.8 -48.8174 -1794.25)
250           (-1173.77 6343.27 15356.8) (105.992 -1026.75 44829.3) (1803.82 -906.501 30295.8) (-506.903 -573.211 7994.64) (822.076 716.031 13537.8) (-82.9795 37.5799 1464.71) (43.1731 11.954 950.288) (3.42384 -32.2266 57.1205) (9.61949 1.92517 -456.844) (201.192 174.838 -948.709) (-4218.7 -52.916 -1672.16)
300           (-1073.47 5803.02 13930.2) (-44.9467 -980.232 41162.4) (1826.77 -556.091 29584.9) (-565.966 -566.118 8619.64) (1071.28 965.433 17551.2) (-132.369 55.591 2144.67) (64.7328 20.0453 1499.37) (2.81663 -57.9643 164.027) (10.4794 1.90623 -466.651) (199.159 151.066 -996.286) (-4141.56 -54.0637 -1559.15)
350           (-994.911 5380.04 12823.6) (-163.365 -940.809 38242.6) (1825.95 -305.197 28627.1) (-590.607 -545.939 8704.56) (1278.03 1168.63 20622) (-203.023 77.2453 2953.1) (91.3449 31.8343 2260.36) (1.5619 -94.5365 324.262) (11.3187 1.83823 -455.81) (194.703 127.455 -1029.43) (-4025.63 -53.0694 -1455.62)
400           (-931.242 5037.91 11933.9) (-258.968 -907.253 35852.7) (1816.81 -111.412 27673.1) (-593.439 -522.436 8562.78) (1416 1293.59 22375) (-298.081 101.519 3805.29) (121.134 48.4657 3273.78) (-0.604483 -144.318 552.902) (12.1007 1.71844 -417.096) (187.954 105.155 -1045.33) (-3878.04 -50.7568 -1360.03)
450           (-878.207 4753.97 11197.7) (-338.228 -878.487 33850.2) (1804.19 45.0115 26785.5) (-586.929 -499.269 8346.4) (1487.71 1357.57 23048.6) (-415.428 128.772 4573.07) (150.112 70.6635 4554) (-4.04334 -209.412 865.706) (12.7979 1.54641 -341.171) (179 85.3127 -1040.8) (-3702.21 -47.685 -1269.74)
500           (-833.155 4513.03 10574.6) (-405.403 -853.515 32139.2) (1790.36 175.293 25975.9) (-577.065 -477.588 8110.38) (1514.41 1390.83 23071.5) (-542.908 158.586 5146.16) (172.791 97.7044 6062.47) (-9.18658 -290.448 1276) (13.3316 1.33321 -217.886) (167.812 68.8978 -1012.54) (-3497.24 -44.1264 -1181.38)
550           (-794.155 4304.84 10037.7) (-463.345 -831.506 30654.1) (1776.55 286.544 25240.2) (-565.96 -457.647 7874.19) (1516.54 1410.09 22760.5) (-659.337 186.503 5493.7) (184.502 126.328 7681.25) (-16.5876 -385.888 1791.11) (13.5374 1.10236 -35.9141) (154.181 56.5361 -956.974) (-3258.21 -40.1077 -1091.04)
600           (-759.927 4122.33 9567.91) (-514.083 -811.927 29346.8) (1763.07 383.152 24570) (-554.595 -439.345 7645.75) (1506.09 1421.26 22289) (-748.641 207.75 5658.51) (183.868 151.513 9233.66) (-26.762 -490.837 2404.75) (13.1894 0.893151 216.149) (137.669 48.6223 -869.501) (-2976.02 -35.5337 -994.308)
650           (-729.508 3960.27 9151.48) (-559.09 -794.334 28182.2) (1750.13 468.302 23956.9) (-543.382 -422.515 7428.01) (1489.1 1427.13 21743.4) (-808.043 221.606 5704.41) (173.533 168.973 10551.4) (-40.0205 -597.087 3091.88) (11.9556 0.756632 547.462) (117.608 45.0589 -745.067) (-2638.34 -30.2183 -886.274)
700           (-702.177 3814.78 8778.13) (-599.465 -778.382 27133.5) (1737.77 544.298 23392.9) (-532.502 -406.978 7221.64) (1468.57 1429.37 21166.4) (-843.655 229.88 5680.16) (157.821 177.613 11544.7) (-56.1494 -694.714 3807.47) (9.43444 0.736848 961.69) (93.1401 45.1169 -578.562) (-2230.53 -23.9378 -761.562)
750           (-677.378 3682.87 8440.02) (-636.045 -763.794 26180.4) (1725.99 612.864 22871.1) (-522.017 -392.558 7026.17) (1446.08 1429.1 20578.7) (-862.961 234.504 5614.27) (140.047 179.387 12217.2) (-74.1932 -775.036 4494.47) (5.24697 0.83441 1452.8) (63.2976 47.2038 -365.85) (-1737.1 -16.4739 -614.571)
800           (-654.655 3562.16 8131.13) (-669.477 -750.319 25306.7) (1714.83 675.415 22385.2) (-511.883 -379.094 6840.5) (1422.45 1427.1 19990) (-871.319 236.811 5522.23) (122.024 177.176 12629.3) (-92.638 -833.514 5101.04) (-0.817198 0.956436 2001.61) (27.1501 48.6212 -105.552) (-1144.56 -7.64089 -440.014)
850           (-633.694 3450.79 7846.29) (-700.319 -737.821 24498.4) (1704.06 732.829 21929.3) (-502.164 -366.444 6663.64) (1398.25 1423.69 19406.7) (-872.859 237.564 5413.4) (104.369 173.138 12854.8) (-109.874 -870.662 5596.96) (-8.64278 0.939413 2575.5) (-15.911 45.6778 199.463) (-443.943 2.57634 -233.592)
900           (-614.18 3347.16 7581.52) (-728.997 -726.12 23745.1) (1693.72 786.082 21499.5) (-492.8 -354.495 6494.67) (1373.86 1419.39 18832.9) (-869.828 237.326 5294.42) (87.371 168.371 12957.1) (-124.91 -890.557 5980.83) (-17.7828 0.573941 3136.08) (-65.9999 34.0285 540.182) (364.172 14.0945 6.77229)
950           (-595.892 3250.08 7333.64) (-755.856 -715.107 23038.3) (1683.8 835.848 21092.4) (-483.794 -343.168 6333.16) (1349.7 1414.56 18273.2) (-864.069 236.482 5170.82) (71.06 163.348 12984.4) (-137.483 -898.403 6271.02) (-27.5951 -0.24324 3650.32) (-122.479 9.9929 902.43) (1268.45 26.653 280.202)
1000          (-578.648 3158.77 7100.38) (-781.166 -704.733 22372.2) (1674.25 882.535 20706.6) (-475.185 -332.442 6179.06) (1326.15 1409.58 17732.8) (-857.081 235.279 5047.3) (55.4533 158.236 12969.9) (-147.833 -898.69 6492.33) (-37.5628 -1.43776 4100) (-183.869 -28.0654 1269.36) (2247.28 39.9086 582.432)
1050          (-562.403 3072.56 6880.45) (-805.004 -694.902 21743.6) (1665.24 926.625 20341.2) (-466.979 -322.261 6032.75) (1303.54 1404.59 17216.2) (-849.465 234.003 4927.14) (40.6649 153.341 12935.2) (-156.554 -895.063 6667.07) (-47.0296 -2.85023 4482.83) (-248.277 -79.3927 1625.45) (3269.33 53.3778 905.837)
1100          (-547.077 2991.23 6672.95) (-827.495 -685.628 21150.6) (1656.73 968.217 19996.5) (-459.233 -312.655 5894.67) (1282.17 1399.86 16728.3) (-842.029 232.749 4813.14) (26.7576 148.706 12894.3) (-164.038 -889.593 6811.3) (-55.8468 -4.28802 4807.19) (-313.337 -140.621 1959.06) (4301.84 66.6948 1240.75)
1150          (-532.651 2914.66 6477.56) (-848.673 -676.91 20592.6) (1648.78 1007.39 19672.8) (-451.982 -303.638 5765.28) (1262.25 1395.54 16272.4) (-835.164 231.602 4707.08) (13.8013 144.415 12855.2) (-170.62 -883.657 6935.93) (-63.9167 -5.63762 5085.07) (-376.878 -207.303 2263.95) (5313.29 79.5383 1576.63)
1200          (-519.126 2842.86 6294.24) (-868.538 -668.755 20069.7) (1641.4 1044.16 19370.9) (-445.253 -295.226 5644.98) (1243.91 1391.7 15850.8) (-829.088 230.608 4610) (1.84072 140.521 12822.9) (-176.523 -878.077 7047.85) (-71.2302 -6.85354 5327.45) (-437.183 -275.105 2538.48) (6277.8 91.6765 1903.58)
1250          (-506.577 2775.99 6123.48) (-887.038 -661.175 19582.7) (1634.69 1078.61 19091.2) (-439.07 -287.375 5534.08) (1227.12 1388.2 15463.3) (-823.84 229.83 4522) (-9.12398 137.136 12799) (-181.959 -873.453 7151.27) (-77.704 -7.93501 5542.21) (-493.245 -340.747 2784.41) (7176.54 102.877 2213.58)
1300          (-494.899 2713.97 5964.98) (-904.206 -654.175 19132) (1628.49 1110.42 18833.7) (-433.416 -280.214 5432.44) (1212.05 1385.36 15112.4) (-819.518 229.174 4443.67) (-19.0666 134.072 12784.8) (-186.861 -869.635 7248.03) (-83.6289 -8.8809 5735.46) (-544.224 -401.818 3003) (8000.25 113.23 2501.05)
1350          (-484.134 2656.78 5818.69) (-920.046 -647.75 18716.9) (1622.89 1139.8 18598.4) (-428.301 -273.674 5340.15) (1198.63 1383.05 14797) (-816.065 228.687 4374.71) (-28.0137 131.413 12779.8) (-191.352 -866.851 7339.26) (-88.9251 -9.71004 5910.15) (-590.062 -457.25 3197.28) (8743.54 122.602 2762.72)
1400          (-474.282 2604.41 5684.65) (-934.556 -641.895 18337.5) (1617.86 1166.72 18385) (-423.707 -267.745 5256.94) (1186.76 1381.19 14515.5) (-813.389 228.348 4314.5) (-36.0095 129.132 12782.8) (-195.459 -865.02 7425.2) (-93.6383 -10.435 6068.31) (-630.868 -506.654 3369.67) (9406.84 130.998 2997.51)
1450          (-465.329 2556.79 5562.68) (-947.753 -636.594 17992.9) (1613.39 1191.24 18192.6) (-419.608 -262.404 5182.42) (1176.33 1379.73 14266) (-811.379 228.135 4262.3) (-43.11 127.192 12792.1) (-199.198 -864 7505.66) (-97.8142 -11.0674 6211.21) (-666.921 -550.131 3522.28) (9993.74 138.455 3205.85)
1500          (-457.246 2513.79 5452.46) (-959.676 -631.828 17682.2) (1609.42 1213.4 18020.3) (-415.973 -257.624 5116.09) (1167.23 1378.59 14046) (-809.917 228.021 4217.31) (-49.3799 125.551 12806.1) (-202.583 -863.626 7580.37) (-101.498 -11.6177 6339.82) (-698.591 -588.063 3656.98) (10509.7 145.029 3389.19)
1550          (-449.995 2475.2 5353.48) (-970.379 -627.567 17403.6) (1605.93 1233.31 17866.9) (-412.767 -253.371 5057.37) (1159.31 1377.74 13853.1) (-808.895 227.983 4178.69) (-54.8896 124.168 12823.2) (-205.628 -863.735 7649.09) (-104.735 -12.0955 6454.97) (-726.284 -620.961 3775.49) (10960.9 150.791 3549.56)
1600          (-443.529 2440.78 5265.12) (-979.93 -623.781 17155.4) (1602.87 1251.09 17731.1) (-409.951 -249.606 5005.64) (1152.45 1377.1 13684.5) (-808.211 228 4145.64) (-59.7111 123.007 12842) (-208.35 -864.184 7711.71) (-107.569 -12.5095 6557.53) (-750.413 -649.383 3879.42) (11354.1 155.82 3689.19)
1650          (-437.728 2410.49 5186.69) (-988.414 -620.437 16935.4) (1600.15 1266.8 17611.5) (-407.476 -246.317 4960.27) (1146.54 1376.67 13537.7) (-807.726 228.011 4117.42) (-63.8826 121.996 12861.4) (-210.72 -864.83 7768.32) (-110.083 -12.8556 6648.37) (-771.347 -673.764 3970.21) (11696.2 160.24 3810.34)
1700          (-432.672 2383.5 5117.4) (-995.898 -617.488 16741.4) (1597.83 1280.75 17506.4) (-405.33 -243.406 4920.59) (1141.43 1376.33 13410.4) (-807.483 228.094 4093.31) (-67.5428 121.178 12880.6) (-212.868 -865.633 7819.01) (-112.228 -13.1688 6728.51) (-789.519 -694.842 4049.45) (11992.1 164.028 3915.25)
1750          (-428.228 2359.75 5056.44) (-1002.48 -614.902 16570.8) (1595.81 1293.04 17414.5) (-403.465 -240.857 4886.02) (1137.04 1376.09 13300.1) (-807.378 228.191 4072.78) (-70.718 120.495 12899.1) (-214.756 -866.487 7864.13) (-114.092 -13.4367 6798.88) (-805.244 -712.959 4118.34) (12248.2 167.304 4005.88)
1800          (-424.392 2338.77 5003.11) (-1008.23 -612.629 16421.8) (1594.12 1303.89 17334.2) (-401.848 -238.612 4856) (1133.25 1375.9 13204.6) (-807.306 228.331 4055.02) (-73.4759 119.962 12916.6) (-216.447 -867.373 7903.92) (-115.651 -13.6811 6860.47) (-818.882 -728.65 4178.19) (12468.7 170.101 4084.09)
1850          (-420.989 2320.63 4956.45) (-1013.27 -610.661 16291.5) (1592.6 1313.28 17264.5) (-400.448 -236.683 4829.94) (1130 1375.79 13122.3) (-807.354 228.427 4040.11) (-75.8511 119.471 12932.5) (-217.886 -868.203 7939.07) (-117.055 -13.8782 6914.15) (-830.595 -741.987 4229.95) (12659.5 172.548 4151.49)
1900          (-418.024 2304.84 4915.79) (-1017.66 -608.951 16178.2) (1591.3 1321.47 17204.1) (-399.239 -235.01 4807.39) (1127.22 1375.72 13051.4) (-807.44 228.521 4027.41) (-77.9002 119.057 12947) (-219.14 -868.986 7969.89) (-118.268 -14.0476 6960.82) (-840.689 -753.429 4274.7) (12824 174.657 4209.51)
1950          (-415.45 2291.11 4880.46) (-1021.47 -607.467 16079.7) (1590.17 1328.58 17151.7) (-398.196 -233.561 4787.91) (1124.84 1375.68 12990.3) (-807.546 228.61 4016.59) (-79.6662 118.708 12960.1) (-220.229 -869.712 7996.8) (-119.314 -14.1932 7001.31) (-849.378 -763.241 4313.33) (12965.5 176.472 4259.42)
2000          (-413.218 2279.21 4849.83) (-1024.78 -606.183 15994.4) (1589.2 1334.75 17106.5) (-397.297 -232.309 4771.1) (1122.8 1375.66 12937.8) (-807.661 228.692 4007.35) (-81.1867 118.412 12971.7) (-221.172 -870.374 8020.24) (-120.216 -14.3183 7036.37) (-856.854 -771.654 4346.64) (13087.3 178.034 4302.33)
2050          (-411.284 2269.01 4823.32) (-1027.67 -605.099 15920.5) (1588.29 1340.05 17067.3) (-396.551 -231.24 4756.63) (1121.03 1375.66 12892.7) (-807.917 228.73 3999.42) (-82.5283 118.136 12982.2) (-221.946 -870.839 8040.38) (-121.047 -14.4158 7066.73) (-863.237 -778.722 4375.48) (13192.2 179.383 4339.17)
2100          (-409.595 2260.29 4800.46) (-1030.12 -604.122 15856.7) (1587.62 1344.66 17033.9) (-395.874 -230.297 4744.07) (1119.55 1375.68 12854.2) (-807.996 228.809 3992.64) (-83.6471 117.936 12991.3) (-222.663 -871.401 8058.02) (-121.704 -14.5091 7092.89) (-868.775 -784.965 4400.15) (13282.2 180.535 4370.86)
2150          (-408.157 2252.68 4780.75) (-1032.25 -603.285 15801.6) (1587.02 1348.62 17005.1) (-395.295 -229.495 4733.28) (1118.27 1375.69 12821) (-808.093 228.87 3986.91) (-84.612 117.751 12999.2) (-223.278 -871.893 8073.35) (-122.276 -14.5906 7115.39) (-873.515 -790.242 4421.39) (13359.4 181.528 4398.03)
2200          (-406.92 2246 4763.7) (-1034.08 -602.577 15754.5) (1586.47 1352.06 16979.8) (-394.805 -228.809 4724.13) (1117.14 1375.68 12792.2) (-808.156 228.932 3981.97) (-85.4307 117.606 13006.1) (-223.812 -872.309 8086.52) (-122.749 -14.6641 7134.78) (-877.603 -794.806 4439.66) (13425.4 182.38 4421.33)
2250          (-405.897 2240 4749.05) (-1035.65 -601.957 15713.9) (1586.07 1355.06 16958.4) (-394.361 -228.206 4716.19) (1116.22 1375.68 12767.7) (-808.141 229.008 3977.83) (-86.1207 117.497 13012) (-224.294 -872.789 8098.04) (-123.12 -14.7272 7151.43) (-881.128 -798.831 4455.2) (13482.1 183.095 4441.36)
2300          (-404.996 2235.18 4736.55) (-1037.03 -601.438 15678.6) (1585.66 1357.53 16940.4) (-394.011 -227.711 4709.28) (1115.45 1375.74 12747.3) (-808.3 229.008 3974.13) (-86.7491 117.362 13017.5) (-224.636 -873.007 8107.57) (-123.532 -14.7688 7165.79) (-884.068 -801.975 4468.74) (13531.2 183.73 4458.46)
2350          (-404.204 2230.97 4725.71) (-1038.2 -600.99 15648.7) (1585.32 1359.72 16924.4) (-393.702 -227.275 4703.49) (1114.75 1375.74 12729.1) (-808.355 229.045 3971.05) (-87.27 117.27 13022) (-224.97 -873.274 8115.88) (-123.838 -14.8124 7178.17) (-886.632 -804.854 4480.22) (13573 184.268 4473.17)
2400          (-403.523 2227.36 4716.39) (-1039.2 -600.603 15622.9) (1585.03 1361.6 16910.7) (-393.436 -226.899 4698.51) (1114.15 1375.75 12713.6) (-808.41 229.079 3968.45) (-87.7176 117.189 13026) (-225.259 -873.517 8123.12) (-124.103 -14.8495 7188.76) (-888.836 -807.317 4490.1) (13608.9 184.728 4485.77)
2450          (-402.938 2224.26 4708.39) (-1040.06 -600.271 15600.7) (1584.78 1363.21 16899) (-393.207 -226.575 4694.23) (1113.64 1375.75 12700.3) (-808.46 229.109 3966.22) (-88.1017 117.12 13029.3) (-225.508 -873.73 8129.36) (-124.33 -14.8814 7197.84) (-890.727 -809.426 4498.58) (13639.5 185.121 4496.57)
2500          (-402.436 2221.6 4701.51) (-1040.8 -599.985 15581.7) (1584.57 1364.6 16889) (-393.011 -226.297 4690.56) (1113.2 1375.76 12688.8) (-808.505 229.135 3964.32) (-88.4312 117.061 13032.3) (-225.721 -873.916 8134.73) (-124.524 -14.9086 7205.64) (-892.349 -811.233 4505.85) (13665.9 185.459 4505.83)
2550          (-402.022 2219.27 4695.63) (-1041.41 -599.726 15565.4) (1584.42 1365.8 16880.4) (-392.828 -226.056 4687.36) (1112.82 1375.75 12679.1) (-808.477 229.184 3962.63) (-88.69 117.035 13034.7) (-225.94 -874.147 8139.37) (-124.644 -14.9431 7212.32) (-893.775 -812.902 4512.09) (13688 185.741 4513.78)
2600          (-401.606 2217.75 4690.66) (-1041.96 -599.539 15551.7) (1584.25 1366.85 16873.1) (-392.708 -225.829 4684.79) (1112.51 1375.77 12670.6) (-808.69 229.184 3961.27) (-88.9925 116.968 13037.3) (-226.044 -874.097 8143.02) (-124.85 -14.9506 7218.1) (-894.925 -814.299 4517.19) (13707.3 185.974 4520.5)
2650          (-401.311 2215.95 4686.48) (-1042.4 -599.356 15540.1) (1584.1 1367.63 16866.9) (-392.585 -225.687 4682.52) (1112.23 1375.75 12663.8) (-808.605 229.188 3960.05) (-89.1582 116.937 13038.7) (-226.182 -874.286 8146.38) (-124.945 -14.9687 7222.7) (-895.914 -815.211 4521.85) (13723.6 186.197 4526.17)
2700          (-401.073 2214.29 4682.82) (-1042.81 -599.226 15530.2) (1583.96 1368.38 16861.3) (-392.488 -225.538 4680.68) (1111.95 1375.73 12657.1) (-808.646 229.205 3959.19) (-89.3355 116.885 13039.8) (-226.304 -874.437 8149.47) (-125.067 -14.9819 7226.71) (-896.774 -816.103 4525.75) (13737.4 186.376 4531.06)
2750          (-400.856 2213.06 4679.72) (-1043.18 -599.099 15521.3) (1583.91 1369.07 16857.2) (-392.386 -225.404 4678.91) (1111.81 1375.8 12652.2) (-808.703 229.207 3958.24) (-89.505 116.853 13041.6) (-226.376 -874.4 8151.78) (-125.188 -14.9872 7230.38) (-897.515 -817.06 4528.87) (13749.7 186.543 4535.34)
2800          (-400.693 2212.07 4677.14) (-1043.46 -598.992 15514) (1583.84 1369.6 16853.4) (-392.327 -225.291 4677.46) (1111.65 1375.81 12648.1) (-808.795 229.225 3957.36) (-89.6578 116.829 13042.9) (-226.463 -874.408 8153.54) (-125.255 -15.0095 7233.46) (-898.131 -817.804 4531.72) (13759.6 186.645 4538.9)
2850          (-400.441 2211.54 4674.79) (-1043.65 -598.859 15507.6) (1583.77 1369.98 16850) (-392.22 -225.217 4676.17) (1111.5 1375.8 12644.2) (-808.613 229.247 3956.69) (-89.6912 116.827 13043.8) (-226.567 -874.632 8155.51) (-125.252 -15.0289 7236.09) (-898.725 -818.556 4534.12) (13768.3 186.787 4542.09)
2900          (-400.324 2210.62 4672.86) (-1043.87 -598.793 15502.3) (1583.68 1370.39 16847) (-392.192 -225.132 4675.2) (1111.35 1375.77 12641) (-808.705 229.237 3956.26) (-89.8186 116.808 13044.3) (-226.606 -874.65 8157.06) (-125.345 -15.0231 7238.19) (-899.138 -818.806 4536.31) (13776.2 186.876 4544.65)
2950          (-400.205 2210.03 4671.28) (-1044.04 -598.724 15497.9) (1583.63 1370.69 16844.7) (-392.146 -225.07 4674.33) (1111.25 1375.77 12638.4) (-808.705 229.24 3955.79) (-89.8914 116.795 13045) (-226.652 -874.695 8158.26) (-125.385 -15.0304 7240.01) (-899.511 -819.218 4538.02) (13782.4 186.955 4546.81)
3000          (-400.11 2209.33 4669.81) (-1044.21 -598.669 15493.9) (1583.58 1370.99 16842.5) (-392.097 -225.016 4673.58) (1111.15 1375.76 12635.7) (-808.67 229.248 3955.43) (-89.9491 116.774 13045.5) (-226.706 -874.782 8159.56) (-125.426 -15.0357 7241.59) (-899.873 -819.602 4539.54) (13787.8 187.03 4548.77)
3050          (-400.024 2208.99 4668.65) (-1044.31 -598.612 15490.8) (1583.61 1371.32 16840.9) (-392.059 -224.939 4672.98) (1111.06 1375.74 12633.5) (-808.706 229.297 3955.11) (-90.0291 116.797 13045.9) (-226.798 -874.845 8160.65) (-125.437 -15.0422 7242.76) (-900.211 -820.082 4540.76) (13791.3 187.058 4550.3)
3100          (-399.952 2208.47 4667.64) (-1044.44 -598.578 15487.9) (1583.51 1371.43 16839.3) (-392.036 -224.929 4672.42) (1111 1375.77 12632) (-808.688 229.255 3954.85) (-90.0536 116.753 13046.3) (-226.767 -874.831 8161.25) (-125.49 -15.0447 7244.11) (-900.376 -820.172 4541.8) (13796.2 187.14 4551.72)
3150          (-399.889 2208.14 4666.78) (-1044.54 -598.549 15485.3) (1583.46 1371.53 16838.2) (-392.006 -224.9 4671.87) (1110.98 1375.78 12631) (-808.684 229.243 3954.48) (-90.0701 116.74 13046.9) (-226.784 -874.884 8161.74) (-125.524 -15.0512 7245.11) (-900.58 -820.392 4542.84) (13799.7 187.189 4552.92)
3200          (-399.859 2207.68 4665.99) (-1044.65 -598.519 15483.1) (1583.49 1371.79 16837.2) (-391.988 -224.86 4671.46) (1110.96 1375.85 12629.8) (-808.742 229.248 3954.22) (-90.1553 116.731 13047.4) (-226.817 -874.805 8162.39) (-125.557 -15.0467 7245.97) (-900.767 -820.612 4543.56) (13802.7 187.22 4553.97)
3250          (-399.766 2207.87 4665.38) (-1044.69 -598.491 15481.5) (1583.48 1371.92 16836.4) (-391.978 -224.806 4671.15) (1110.93 1375.82 12628.9) (-808.83 229.268 3954.05) (-90.2092 116.747 13047.8) (-226.847 -874.801 8162.85) (-125.576 -15.047 7246.58) (-900.94 -820.891 4544.28) (13804.7 187.228 4554.77)
3300          (-399.77 2207.42 4664.9) (-1044.73 -598.455 15480.2) (1583.52 1372.19 16835.5) (-391.96 -224.766 4670.92) (1110.83 1375.76 12627.4) (-808.824 229.309 3953.97) (-90.2485 116.797 13047.8) (-226.891 -874.762 8163.36) (-125.548 -15.0493 7247.22) (-901.116 -821.197 4544.71) (13806.2 187.246 4555.49)
3350          (-399.684 2207.39 4664.41) (-1044.81 -598.459 15478.8) (1583.38 1372.07 16834.7) (-391.951 -224.805 4670.64) (1110.81 1375.81 12626.7) (-808.822 229.239 3953.85) (-90.2343 116.692 13048) (-226.838 -874.76 8163.6) (-125.653 -15.0485 7247.81) (-901.136 -821.067 4545.26) (13808.8 187.319 4556.16)
3400          (-399.719 2207.12 4664.06) (-1044.86 -598.464 15477.8) (1583.38 1372.1 16834.1) (-391.936 -224.777 4670.49) (1110.79 1375.73 12625.8) (-808.786 229.263 3953.82) (-90.2274 116.686 13048) (-226.874 -875.007 8164.07) (-125.602 -15.0671 7248.12) (-901.252 -821.299 4545.7) (13809.9 187.288 4556.63)
3450          (-399.702 2206.99 4663.72) (-1044.91 -598.445 15476.9) (1583.44 1372.29 16833.9) (-391.91 -224.734 4670.24) (1110.77 1375.73 12625.5) (-808.707 229.293 3953.62) (-90.2372 116.738 13048.3) (-226.891 -874.861 8164.22) (-125.613 -15.0675 7248.59) (-901.379 -821.484 4545.94) (13811.1 187.298 4557.13)
3500          (-399.627 2207.2 4663.48) (-1044.89 -598.418 15476.2) (1583.39 1372.31 16833.3) (-391.93 -224.749 4670.14) (1110.76 1375.78 12625.1) (-808.884 229.262 3953.55) (-90.3319 116.698 13048.3) (-226.887 -874.756 8164.31) (-125.668 -15.0527 7248.85) (-901.388 -821.441 4546.24) (13812.3 187.345 4557.48)
3550          (-399.645 2206.8 4663.26) (-1044.95 -598.423 15475.6) (1583.36 1372.3 16833) (-391.919 -224.76 4670.01) (1110.75 1375.83 12624.7) (-808.838 229.244 3953.47) (-90.3025 116.661 13048.4) (-226.874 -874.816 8164.4) (-125.689 -15.0589 7249.14) (-901.406 -821.369 4546.58) (13813.3 187.382 4557.8)
3600          (-399.591 2206.99 4663.12) (-1044.94 -598.404 15475.3) (1583.35 1372.35 16832.7) (-391.921 -224.747 4669.97) (1110.71 1375.78 12624.3) (-808.865 229.248 3953.5) (-90.3286 116.68 13048.2) (-226.885 -874.774 8164.69) (-125.697 -15.0543 7249.14) (-901.467 -821.442 4546.71) (13814 187.393 4557.99)
3650          (-399.62 2206.69 4663.03) (-1044.95 -598.385 15475) (1583.38 1372.37 16832.6) (-391.902 -224.74 4669.87) (1110.72 1375.79 12624.4) (-808.707 229.266 3953.42) (-90.2833 116.715 13048.3) (-226.909 -874.933 8164.7) (-125.62 -15.0607 7249.43) (-901.489 -821.396 4546.78) (13814.5 187.38 4558.13)
3700          (-399.617 2206.59 4662.92) (-1044.99 -598.41 15474.7) (1583.34 1372.37 16832.4) (-391.906 -224.741 4669.84) (1110.69 1375.8 12623.8) (-808.827 229.25 3953.42) (-90.3006 116.655 13048.3) (-226.893 -874.845 8164.82) (-125.716 -15.0665 7249.37) (-901.51 -821.489 4547.04) (13814.7 187.402 4558.34)
3750          (-399.607 2206.82 4662.9) (-1044.95 -598.379 15474.7) (1583.42 1372.52 16832.4) (-391.905 -224.695 4669.83) (1110.69 1375.73 12623.8) (-808.828 229.304 3953.39) (-90.3463 116.748 13048.4) (-226.944 -874.83 8164.88) (-125.612 -15.0619 7249.44) (-901.594 -821.674 4546.96) (13814.5 187.344 4558.36)
3800          (-399.607 2206.82 4662.9) (-1044.95 -598.379 15474.7) (1583.42 1372.52 16832.4) (-391.905 -224.695 4669.83) (1110.69 1375.73 12623.8) (-808.828 229.304 3953.39) (-90.3463 116.748 13048.4) (-226.944 -874.83 8164.88) (-125.612 -15.0619 7249.44) (-901.594 -821.674 4546.96) (13814.5 187.344 4558.36)
3850          (-399.607 2206.82 4662.9) (-1044.95 -598.379 15474.7) (1583.42 1372.52 16832.4) (-391.905 -224.695 4669.83) (1110.69 1375.73 12623.8) (-808.828 229.304 3953.39) (-90.3463 116.748 13048.4) (-226.944 -874.83 8164.88) (-125.612 -15.0619 7249.44) (-901.594 -821.674 4546.96) (13814.5 187.344 4558.36)
3900          (-399.607 2206.82 4662.9) (-1044.95 -598.379 15474.7) (1583.42 1372.52 16832.4) (-391.905 -224.695 4669.83) (1110.69 1375.73 12623.8) (-808.828 229.304 3953.39) (-90.3463 116.748 13048.4) (-226.944 -874.83 8164.88) (-125.612 -15.0619 7249.44) (-901.594 -821.674 4546.96) (13814.5 187.344 4558.36)
3950          (-399.607 2206.82 4662.9) (-1044.95 -598.379 15474.7) (1583.42 1372.52 16832.4) (-391.905 -224.695 4669.83) (1110.69 1375.73 12623.8) (-808.828 229.304 3953.39) (-90.3463 116.748 13048.4) (-226.944 -874.83 8164.88) (-125.612 -15.0619 7249.44) (-901.594 -821.674 4546.96) (13814.5 187.344 4558.36)
4000          (-399.607 2206.82 4662.9) (-1044.95 -598.379 15474.7) (1583.42 1372.52 16832.4) (-391.905 -224.695 4669.83) (1110.69 1375.73 12623.8) (-808.828 229.304 3953.39) (-90.3463 116.748 13048.4) (-226.944 -874.83 8164.88) (-125.612 -15.0619 7249.44) (-901.594 -821.674 4546.96) (13814.5 187.344 4558.36)
4050          (-399.607 2206.82 4662.9) (-1044.95 -598.379 15474.7) (1583.42 1372.52 16832.4) (-391.905 -224.695 4669.83) (1110.69 1375.73 12623.8) (-808.828 229.304 3953.39) (-90.3463 116.748 13048.4) (-226.944 -874.83 8164.88) (-125.612 -15.0619 7249.44) (-901.594 -821.674 4546.96) (13814.5 187.344 4558.36)
4100          (-399.607 2206.82 4662.9) (-1044.95 -598.379 15474.7) (1583.42 1372.52 16832.4) (-391.905 -224.695 4669.83) (1110.69 1375.73 12623.8) (-808.828 229.304 3953.39) (-90.3463 116.748 13048.4) (-226.944 -874.83 8164.88) (-125.612 -15.0619 7249.44) (-901.594 -821.674 4546.96) (13814.5 187.344 4558.36)
4150          (-399.607 2206.82 4662.9) (-1044.95 -598.379 15474.7) (1583.42 1372.52 16832.4) (-391.905 -224.695 4669.83) (1110.69 1375.73 12623.8) (-808.828 229.304 3953.39) (-90.3463 116.748 13048.4) (-226.944 -874.83 8164.88) (-125.612 -15.0619 7249.44) (-901.594 -821.674 4546.96) (13814.5 187.344 4558.36)
4200          (-399.607 2206.82 4662.9) (-1044.95 -598.379 15474.7) (1583.42 1372.52 16832.4) (-391.905 -224.695 4669.83) (1110.69 1375.73 12623.8) (-808.828 229.304 3953.39) (-90.3463 116.748 13048.4) (-226.944 -874.83 8164.88) (-125.612 -15.0619 7249.44) (-901.594 -821.674 4546.96) (13814.5 187.344 4558.36)
4250          (-399.607 2206.82 4662.9) (-1044.95 -598.379 15474.7) (1583.42 1372.52 16832.4) (-391.905 -224.695 4669.83) (1110.69 1375.73 12623.8) (-808.828 229.304 3953.39) (-90.3463 116.748 13048.4) (-226.944 -874.83 8164.88) (-125.612 -15.0619 7249.44) (-901.594 -821.674 4546.96) (13814.5 187.344 4558.36)
4300          (-399.607 2206.82 4662.9) (-1044.95 -598.379 15474.7) (1583.42 1372.52 16832.4) (-391.905 -224.695 4669.83) (1110.69 1375.73 12623.8) (-808.828 229.304 3953.39) (-90.3463 116.748 13048.4) (-226.944 -874.83 8164.88) (-125.612 -15.0619 7249.44) (-901.594 -821.674 4546.96) (13814.5 187.344 4558.36)
4350          (-399.607 2206.82 4662.9) (-1044.95 -598.379 15474.7) (1583.42 1372.52 16832.4) (-391.905 -224.695 4669.83) (1110.69 1375.73 12623.8) (-808.828 229.304 3953.39) (-90.3463 116.748 13048.4) (-226.944 -874.83 8164.88) (-125.612 -15.0619 7249.44) (-901.594 -821.674 4546.96) (13814.5 187.344 4558.36)
4400          (-399.607 2206.82 4662.9) (-1044.95 -598.379 15474.7) (1583.42 1372.52 16832.4) (-391.905 -224.695 4669.83) (1110.69 1375.73 12623.8) (-808.828 229.304 3953.39) (-90.3463 116.748 13048.4) (-226.944 -874.83 8164.88) (-125.612 -15.0619 7249.44) (-901.594 -821.674 4546.96) (13814.5 187.344 4558.36)
4450          (-399.607 2206.82 4662.9) (-1044.95 -598.379 15474.7) (1583.42 1372.52 16832.4) (-391.905 -224.695 4669.83) (1110.69 1375.73 12623.8) (-808.828 229.304 3953.39) (-90.3463 116.748 13048.4) (-226.944 -874.83 8164.88) (-125.612 -15.0619 7249.44) (-901.594 -821.674 4546.96) (13814.5 187.344 4558.36)
4500          (-399.607 2206.82 4662.9) (-1044.95 -598.379 15474.7) (1583.42 1372.52 16832.4) (-391.905 -224.695 4669.83) (1110.69 1375.73 12623.8) (-808.828 229.304 3953.39) (-90.3463 116.748 13048.4) (-226.944 -874.83 8164.88) (-125.612 -15.0619 7249.44) (-901.594 -821.674 4546.96) (13814.5 187.344 4558.36)
4550          (-399.607 2206.82 4662.9) (-1044.95 -598.379 15474.7) (1583.42 1372.52 16832.4) (-391.905 -224.695 4669.83) (1110.69 1375.73 12623.8) (-808.828 229.304 3953.39) (-90.3463 116.748 13048.4) (-226.944 -874.83 8164.88) (-125.612 -15.0619 7249.44) (-901.594 -821.674 4546.96) (13814.5 187.344 4558.36)
4600          (-399.607 2206.82 4662.9) (-1044.95 -598.379 15474.7) (1583.42 1372.52 16832.4) (-391.905 -224.695 4669.83) (1110.69 1375.73 12623.8) (-808.828 229.304 3953.39) (-90.3463 116.748 13048.4) (-226.944 -874.83 8164.88) (-125.612 -15.0619 7249.44) (-901.594 -821.674 4546.96) (13814.5 187.344 4558.36)
4650          (-399.607 2206.82 4662.9) (-1044.95 -598.379 15474.7) (1583.42 1372.52 16832.4) (-391.905 -224.695 4669.83) (1110.69 1375.73 12623.8) (-808.828 229.304 3953.39) (-90.3463 116.748 13048.4) (-226.944 -874.83 8164.88) (-125.612 -15.0619 7249.44) (-901.594 -821.674 4546.96) (13814.5 187.344 4558.36)
4700          (-399.607 2206.82 4662.9) (-1044.95 -598.379 15474.7) (1583.42 1372.52 16832.4) (-391.905 -224.695 4669.83) (1110.69 1375.73 12623.8) (-808.828 229.304 3953.39) (-90.3463 116.748 13048.4) (-226.944 -874.83 8164.88) (-125.612 -15.0619 7249.44) (-901.594 -821.674 4546.96) (13814.5 187.344 4558.36)
4750          (-399.607 2206.82 4662.9) (-1044.95 -598.379 15474.7) (1583.42 1372.52 16832.4) (-391.905 -224.695 4669.83) (1110.69 1375.73 12623.8) (-808.828 229.304 3953.39) (-90.3463 116.748 13048.4) (-226.944 -874.83 8164.88) (-125.612 -15.0619 7249.44) (-901.594 -821.674 4546.96) (13814.5 187.344 4558.36)
4800          (-399.607 2206.82 4662.9) (-1044.95 -598.379 15474.7) (1583.42 1372.52 16832.4) (-391.905 -224.695 4669.83) (1110.69 1375.73 12623.8) (-808.828 229.304 3953.39) (-90.3463 116.748 13048.4) (-226.944 -874.83 8164.88) (-125.612 -15.0619 7249.44) (-901.594 -821.674 4546.96) (13814.5 187.344 4558.36)
4850          (-399.607 2206.82 4662.9) (-1044.95 -598.379 15474.7) (1583.42 1372.52 16832.4) (-391.905 -224.695 4669.83) (1110.69 1375.73 12623.8) (-808.828 229.304 3953.39) (-90.3463 116.748 13048.4) (-226.944 -874.83 8164.88) (-125.612 -15.0619 7249.44) (-901.594 -821.674 4546.96) (13814.5 187.344 4558.36)
4900          (-399.607 2206.82 4662.9) (-1044.95 -598.379 15474.7) (1583.42 1372.52 16832.4) (-391.905 -224.695 4669.83) (1110.69 1375.73 12623.8) (-808.828 229.304 3953.39) (-90.3463 116.748 13048.4) (-226.944 -874.83 8164.88) (-125.612 -15.0619 7249.44) (-901.594 -821.674 4546.96) (13814.5 187.344 4558.36)
4950          (-399.607 2206.82 4662.9) (-1044.95 -598.379 15474.7) (1583.42 1372.52 16832.4) (-391.905 -224.695 4669.83) (1110.69 1375.73 12623.8) (-808.828 229.304 3953.39) (-90.3463 116.748 13048.4) (-226.944 -874.83 8164.88) (-125.612 -15.0619 7249.44) (-901.594 -821.674 4546.96) (13814.5 187.344 4558.36)
5000          (-399.607 2206.82 4662.9) (-1044.95 -598.379 15474.7) (1583.42 1372.52 16832.4) (-391.905 -224.695 4669.83) (1110.69 1375.73 12623.8) (-808.828 229.304 3953.39) (-90.3463 116.748 13048.4) (-226.944 -874.83 8164.88) (-125.612 -15.0619 7249.44) (-901.594 -821.674 4546.96) (13814.5 187.344 4558.36)
