# Probe 0 (0.0015 0.0015 0)
# Probe 1 (0.0015 0.0015 0.002)
# Probe 2 (0.0015 0.0015 0.004)
# Probe 3 (0.0015 0.0015 0.006)
# Probe 4 (0.0015 0.0015 0.008)
# Probe 5 (0.0015 0.0015 0.01)
# Probe 6 (0.0015 0.0015 0.012)
# Probe 7 (0.0015 0.0015 0.014)
# Probe 8 (0.0015 0.0015 0.016)
# Probe 9 (0.0015 0.0015 0.018)
# Probe 10 (0.0015 0.0015 0.02)
# Time        0             1             2             3             4             5             6             7             8             9             10           
50            195355        161445        126933        101068        83711.3       72657.4       65133.3       58655.5       51167.5       40955.2       26721.7      
100           203962        178671        150397        125105        103571        85964         71705.9       59650.3       48449.3       36900.3       24207.8      
150           207343        185633        160713        137242        115652        96226.1       79002.1       63719.5       49856.3       36762.6       23845.2      
200           209065        189211        166161        143980        122919        103186        84902.5       68073.5       52559.3       38084.9       24283.3      
250           210078        191325        169431        148138        127603        107967        89343.1       71789.3       55294         39754.8       24962.7      
300           210732        192697        171574        150907        130800        111348        92635.1       74719.9       57620.8       41299         25630.2      
350           211182        193641        173057        152842        133062        113784        95064.8       76948.3       59453.5       42561.5       26190.6      
400           211501        194313        174114        154227        134693        115555        96850.9       78609.1       60841.7       43534.3       26627.9      
450           211731        194797        174878        155228        135875        116844        98157.9       79831.9       61870.9       44261.1       26956.5      
500           211898        195148        175431        155955        136735        117782        99110.3       80724.9       62624.7       44795.1       27198.5      
550           212019        195402        175833        156483        137358        118463        99802         81373.9       63173         45183.9       27374.9      
600           212107        195587        176124        156865        137810        118956        100303        81843.8       63570         45465.6       27502.7      
650           212170        195720        176334        157141        138136        119313        100665        82183.3       63856.8       45669         27595.1      
700           212216        195817        176486        157341        138372        119570        100926        82428.1       64063.5       45815.6       27661.7      
750           212249        195886        176595        157484        138542        119755        101114        82604.2       64212.3       45921.1       27709.4      
800           212273        195936        176674        157588        138663        119888        101249        82730.8       64319.2       45996.9       27743.9      
850           212289        195972        176730        157661        138751        119983        101345        82821.3       64395.6       46051.1       27768.5      
900           212301        195996        176769        157712        138811        120049        101412        82884.3       64448.8       46088.9       27785.7      
950           212310        196014        176798        157750        138855        120097        101461        82930.2       64487.7       46116.5       27798.3      
1000          212316        196027        176818        157776        138887        120132        101496        82963.1       64515.6       46136.2       27807.4      
1050          212321        196036        176832        157795        138908        120155        101520        82985.7       64534.4       46150         27813.1      
1100          212323        196042        176841        157807        138922        120171        101536        83000.6       64547.3       46158.8       27817.5      
1150          212325        196046        176848        157816        138934        120183        101549        83012.2       64557.3       46165.9       27820.7      
1200          212327        196049        176853        157823        138941        120192        101557        83020.5       64564.3       46171         27823        
1250          212328        196051        176856        157826        138946        120196        101562        83025.2       64568.2       46173.8       27824.3      
1300          212328        196052        176857        157828        138948        120199        101565        83027.8       64570.5       46175.4       27825        
1350          212328        196052        176858        157829        138949        120201        101567        83029.4       64571.8       46176.4       27825.5      
1400          212329        196053        176859        157831        138951        120202        101568        83031         64573.2       46177.4       27825.9      
1450          212329        196053        176859        157831        138951        120202        101568        83031         64573.2       46177.4       27825.9      
1500          212329        196053        176859        157831        138951        120202        101568        83031         64573.2       46177.4       27825.9      
1550          212329        196053        176859        157831        138951        120202        101568        83031         64573.2       46177.4       27825.9      
1600          212329        196053        176859        157831        138951        120202        101568        83031         64573.2       46177.4       27825.9      
1650          212329        196053        176859        157831        138951        120202        101568        83031         64573.2       46177.4       27825.9      
1700          212329        196053        176859        157831        138951        120202        101568        83031         64573.2       46177.4       27825.9      
1750          212329        196053        176859        157831        138951        120202        101568        83031         64573.2       46177.4       27825.9      
1800          212329        196053        176859        157831        138951        120202        101568        83031         64573.2       46177.4       27825.9      
1850          212329        196053        176859        157831        138951        120202        101568        83031         64573.2       46177.4       27825.9      
1900          212329        196053        176859        157831        138951        120202        101568        83031         64573.2       46177.4       27825.9      
1950          212329        196053        176859        157831        138951        120202        101568        83031         64573.2       46177.4       27825.9      
2000          212329        196053        176859        157831        138951        120202        101568        83031         64573.2       46177.4       27825.9      
2050          212329        196053        176859        157831        138951        120202        101568        83031         64573.2       46177.4       27825.9      
2100          212329        196053        176859        157831        138951        120202        101568        83031         64573.2       46177.4       27825.9      
2150          212329        196053        176859        157831        138951        120202        101568        83031         64573.2       46177.4       27825.9      
2200          212329        196053        176859        157831        138951        120202        101568        83031         64573.2       46177.4       27825.9      
2250          212329        196053        176859        157831        138951        120202        101568        83031         64573.2       46177.4       27825.9      
2300          212329        196053        176859        157831        138951        120202        101568        83031         64573.2       46177.4       27825.9      
2350          212329        196053        176859        157831        138951        120202        101568        83031         64573.2       46177.4       27825.9      
2400          212329        196053        176859        157831        138951        120202        101568        83031         64573.2       46177.4       27825.9      
2450          212329        196053        176859        157831        138951        120202        101568        83031         64573.2       46177.4       27825.9      
2500          212329        196053        176859        157831        138951        120202        101568        83031         64573.2       46177.4       27825.9      
2550          212329        196053        176859        157831        138951        120202        101568        83031         64573.2       46177.4       27825.9      
2600          212329        196053        176859        157831        138951        120202        101568        83031         64573.2       46177.4       27825.9      
2650          212329        196053        176859        157831        138951        120202        101568        83031         64573.2       46177.4       27825.9      
2700          212329        196053        176859        157831        138951        120202        101568        83031         64573.2       46177.4       27825.9      
2750          212329        196053        176859        157831        138951        120202        101568        83031         64573.2       46177.4       27825.9      
2800          212329        196053        176859        157831        138951        120202        101568        83031         64573.2       46177.4       27825.9      
2850          212329        196053        176859        157831        138951        120202        101568        83031         64573.2       46177.4       27825.9      
2900          212329        196053        176859        157831        138951        120202        101568        83031         64573.2       46177.4       27825.9      
2950          212329        196053        176859        157831        138951        120202        101568        83031         64573.2       46177.4       27825.9      
3000          212329        196053        176859        157831        138951        120202        101568        83031         64573.2       46177.4       27825.9      
3050          212329        196053        176859        157831        138951        120202        101568        83031         64573.2       46177.4       27825.9      
3100          212329        196053        176859        157831        138951        120202        101568        83031         64573.2       46177.4       27825.9      
3150          212329        196053        176859        157831        138951        120202        101568        83031         64573.2       46177.4       27825.9      
3200          212329        196053        176859        157831        138951        120202        101568        83031         64573.2       46177.4       27825.9      
3250          212329        196053        176859        157831        138951        120202        101568        83031         64573.2       46177.4       27825.9      
3300          212329        196053        176859        157831        138951        120202        101568        83031         64573.2       46177.4       27825.9      
3350          212329        196053        176859        157831        138951        120202        101568        83031         64573.2       46177.4       27825.9      
3400          212329        196053        176859        157831        138951        120202        101568        83031         64573.2       46177.4       27825.9      
3450          212329        196053        176859        157831        138951        120202        101568        83031         64573.2       46177.4       27825.9      
3500          212329        196053        176859        157831        138951        120202        101568        83031         64573.2       46177.4       27825.9      
3550          212329        196053        176859        157831        138951        120202        101568        83031         64573.2       46177.4       27825.9      
3600          212329        196053        176859        157831        138951        120202        101568        83031         64573.2       46177.4       27825.9      
3650          212329        196053        176859        157831        138951        120202        101568        83031         64573.2       46177.4       27825.9      
3700          212329        196053        176859        157831        138951        120202        101568        83031         64573.2       46177.4       27825.9      
3750          212329        196053        176859        157831        138951        120202        101568        83031         64573.2       46177.4       27825.9      
3800          212329        196053        176859        157831        138951        120202        101568        83031         64573.2       46177.4       27825.9      
3850          212329        196053        176859        157831        138951        120202        101568        83031         64573.2       46177.4       27825.9      
3900          212329        196053        176859        157831        138951        120202        101568        83031         64573.2       46177.4       27825.9      
3950          212329        196053        176859        157831        138951        120202        101568        83031         64573.2       46177.4       27825.9      
4000          212329        196053        176859        157831        138951        120202        101568        83031         64573.2       46177.4       27825.9      
4050          212329        196053        176859        157831        138951        120202        101568        83031         64573.2       46177.4       27825.9      
4100          212329        196053        176859        157831        138951        120202        101568        83031         64573.2       46177.4       27825.9      
4150          212329        196053        176859        157831        138951        120202        101568        83031         64573.2       46177.4       27825.9      
4200          212329        196053        176859        157831        138951        120202        101568        83031         64573.2       46177.4       27825.9      
4250          212329        196053        176859        157831        138951        120202        101568        83031         64573.2       46177.4       27825.9      
4300          212329        196053        176859        157831        138951        120202        101568        83031         64573.2       46177.4       27825.9      
4350          212329        196053        176859        157831        138951        120202        101568        83031         64573.2       46177.4       27825.9      
4400          212329        196053        176859        157831        138951        120202        101568        83031         64573.2       46177.4       27825.9      
4450          212329        196053        176859        157831        138951        120202        101568        83031         64573.2       46177.4       27825.9      
4500          212329        196053        176859        157831        138951        120202        101568        83031         64573.2       46177.4       27825.9      
4550          212329        196053        176859        157831        138951        120202        101568        83031         64573.2       46177.4       27825.9      
4600          212329        196053        176859        157831        138951        120202        101568        83031         64573.2       46177.4       27825.9      
4650          212329        196053        176859        157831        138951        120202        101568        83031         64573.2       46177.4       27825.9      
4700          212329        196053        176859        157831        138951        120202        101568        83031         64573.2       46177.4       27825.9      
4750          212329        196053        176859        157831        138951        120202        101568        83031         64573.2       46177.4       27825.9      
4800          212329        196053        176859        157831        138951        120202        101568        83031         64573.2       46177.4       27825.9      
4850          212329        196053        176859        157831        138951        120202        101568        83031         64573.2       46177.4       27825.9      
4900          212329        196053        176859        157831        138951        120202        101568        83031         64573.2       46177.4       27825.9      
4950          212329        196053        176859        157831        138951        120202        101568        83031         64573.2       46177.4       27825.9      
5000          212329        196053        176859        157831        138951        120202        101568        83031         64573.2       46177.4       27825.9      
