# Probe 0 (0.0015 0.0015 0)
# Probe 1 (0.0015 0.0015 0.002)
# Probe 2 (0.0015 0.0015 0.004)
# Probe 3 (0.0015 0.0015 0.006)
# Probe 4 (0.0015 0.0015 0.008)
# Probe 5 (0.0015 0.0015 0.01)
# Probe 6 (0.0015 0.0015 0.012)
# Probe 7 (0.0015 0.0015 0.014)
# Probe 8 (0.0015 0.0015 0.016)
# Probe 9 (0.0015 0.0015 0.018)
# Probe 10 (0.0015 0.0015 0.02)
# Time        0             1             2             3             4             5             6             7             8             9             10           
50            0.000834232   0.000834232   0.000834232   0.000834232   0.000834232   0.000834232   0.000834232   0.000834232   0.000834232   0.000834232   0.000834232  
100           0.000834232   0.000834232   0.000834232   0.000834232   0.000834232   0.000834232   0.000834232   0.000834232   0.000834232   0.000834232   0.000834232  
150           0.000834232   0.000834232   0.000834232   0.000834232   0.000834232   0.000834232   0.000834232   0.000834232   0.000834232   0.000834232   0.000834232  
200           0.000834232   0.000834232   0.000834232   0.000834232   0.000834232   0.000834232   0.000834232   0.000834232   0.000834232   0.000834232   0.000834232  
250           0.000834232   0.000834232   0.000834232   0.000834232   0.000834232   0.000834232   0.000834232   0.000834232   0.000834232   0.000834232   0.000834232  
300           0.000834232   0.000834232   0.000834232   0.000834232   0.000834232   0.000834232   0.000834232   0.000834232   0.000834232   0.000834232   0.000834232  
350           0.000834232   0.000834232   0.000834232   0.000834232   0.000834232   0.000834232   0.000834232   0.000834232   0.000834232   0.000834232   0.000834232  
400           0.000834232   0.000834232   0.000834232   0.000834232   0.000834232   0.000834232   0.000834232   0.000834232   0.000834232   0.000834232   0.000834232  
450           0.000834232   0.000834232   0.000834232   0.000834232   0.000834232   0.000834232   0.000834232   0.000834232   0.000834232   0.000834232   0.000834232  
500           0.000834232   0.000834232   0.000834232   0.000834232   0.000834232   0.000834232   0.000834232   0.000834232   0.000834232   0.000834232   0.000834232  
550           0.000834232   0.000834232   0.000834232   0.000834232   0.000834232   0.000834232   0.000834232   0.000834232   0.000834232   0.000834232   0.000834232  
600           0.000834232   0.000834232   0.000834232   0.000834232   0.000834232   0.000834232   0.000834232   0.000834232   0.000834232   0.000834232   0.000834232  
650           0.000834232   0.000834232   0.000834232   0.000834232   0.000834232   0.000834232   0.000834232   0.000834232   0.000834232   0.000834232   0.000834232  
700           0.000834232   0.000834232   0.000834232   0.000834232   0.000834232   0.000834232   0.000834232   0.000834232   0.000834232   0.000834232   0.000834232  
750           0.000834232   0.000834232   0.000834232   0.000834232   0.000834232   0.000834232   0.000834232   0.000834232   0.000834232   0.000834232   0.000834232  
800           0.000834232   0.000834232   0.000834232   0.000834232   0.000834232   0.000834232   0.000834232   0.000834232   0.000834232   0.000834232   0.000834232  
850           0.000834232   0.000834232   0.000834232   0.000834232   0.000834232   0.000834232   0.000834232   0.000834232   0.000834232   0.000834232   0.000834232  
900           0.000834232   0.000834232   0.000834232   0.000834232   0.000834232   0.000834232   0.000834232   0.000834232   0.000834232   0.000834232   0.000834232  
950           0.000834232   0.000834232   0.000834232   0.000834232   0.000834232   0.000834232   0.000834232   0.000834232   0.000834232   0.000834232   0.000834232  
1000          0.000834232   0.000834232   0.000834232   0.000834232   0.000834232   0.000834232   0.000834232   0.000834232   0.000834232   0.000834232   0.000834232  
1050          0.000834232   0.000834232   0.000834232   0.000834232   0.000834232   0.000834232   0.000834232   0.000834232   0.000834232   0.000834232   0.000834232  
1100          0.000834232   0.000834232   0.000834232   0.000834232   0.000834232   0.000834232   0.000834232   0.000834232   0.000834232   0.000834232   0.000834232  
1150          0.000834232   0.000834232   0.000834232   0.000834232   0.000834232   0.000834232   0.000834232   0.000834232   0.000834232   0.000834232   0.000834232  
1200          0.000834232   0.000834232   0.000834232   0.000834232   0.000834232   0.000834232   0.000834232   0.000834232   0.000834232   0.000834232   0.000834232  
1250          0.000834232   0.000834232   0.000834232   0.000834232   0.000834232   0.000834232   0.000834232   0.000834232   0.000834232   0.000834232   0.000834232  
1300          0.000834232   0.000834232   0.000834232   0.000834232   0.000834232   0.000834232   0.000834232   0.000834232   0.000834232   0.000834232   0.000834232  
1350          0.000834232   0.000834232   0.000834232   0.000834232   0.000834232   0.000834232   0.000834232   0.000834232   0.000834232   0.000834232   0.000834232  
1400          0.000834232   0.000834232   0.000834232   0.000834232   0.000834232   0.000834232   0.000834232   0.000834232   0.000834232   0.000834232   0.000834232  
1450          0.000834232   0.000834232   0.000834232   0.000834232   0.000834232   0.000834232   0.000834232   0.000834232   0.000834232   0.000834232   0.000834232  
1500          0.000834232   0.000834232   0.000834232   0.000834232   0.000834232   0.000834232   0.000834232   0.000834232   0.000834232   0.000834232   0.000834232  
1550          0.000834232   0.000834232   0.000834232   0.000834232   0.000834232   0.000834232   0.000834232   0.000834232   0.000834232   0.000834232   0.000834232  
1600          0.000834232   0.000834232   0.000834232   0.000834232   0.000834232   0.000834232   0.000834232   0.000834232   0.000834232   0.000834232   0.000834232  
1650          0.000834232   0.000834232   0.000834232   0.000834232   0.000834232   0.000834232   0.000834232   0.000834232   0.000834232   0.000834232   0.000834232  
1700          0.000834232   0.000834232   0.000834232   0.000834232   0.000834232   0.000834232   0.000834232   0.000834232   0.000834232   0.000834232   0.000834232  
1750          0.000834232   0.000834232   0.000834232   0.000834232   0.000834232   0.000834232   0.000834232   0.000834232   0.000834232   0.000834232   0.000834232  
1800          0.000834232   0.000834232   0.000834232   0.000834232   0.000834232   0.000834232   0.000834232   0.000834232   0.000834232   0.000834232   0.000834232  
1850          0.000834232   0.000834232   0.000834232   0.000834232   0.000834232   0.000834232   0.000834232   0.000834232   0.000834232   0.000834232   0.000834232  
1900          0.000834232   0.000834232   0.000834232   0.000834232   0.000834232   0.000834232   0.000834232   0.000834232   0.000834232   0.000834232   0.000834232  
1950          0.000834232   0.000834232   0.000834232   0.000834232   0.000834232   0.000834232   0.000834232   0.000834232   0.000834232   0.000834232   0.000834232  
2000          0.000834232   0.000834232   0.000834232   0.000834232   0.000834232   0.000834232   0.000834232   0.000834232   0.000834232   0.000834232   0.000834232  
2050          0.000834232   0.000834232   0.000834232   0.000834232   0.000834232   0.000834232   0.000834232   0.000834232   0.000834232   0.000834232   0.000834232  
2100          0.000834232   0.000834232   0.000834232   0.000834232   0.000834232   0.000834232   0.000834232   0.000834232   0.000834232   0.000834232   0.000834232  
2150          0.000834232   0.000834232   0.000834232   0.000834232   0.000834232   0.000834232   0.000834232   0.000834232   0.000834232   0.000834232   0.000834232  
2200          0.000834232   0.000834232   0.000834232   0.000834232   0.000834232   0.000834232   0.000834232   0.000834232   0.000834232   0.000834232   0.000834232  
2250          0.000834232   0.000834232   0.000834232   0.000834232   0.000834232   0.000834232   0.000834232   0.000834232   0.000834232   0.000834232   0.000834232  
2300          0.000834232   0.000834232   0.000834232   0.000834232   0.000834232   0.000834232   0.000834232   0.000834232   0.000834232   0.000834232   0.000834232  
2350          0.000834232   0.000834232   0.000834232   0.000834232   0.000834232   0.000834232   0.000834232   0.000834232   0.000834232   0.000834232   0.000834232  
2400          0.000834232   0.000834232   0.000834232   0.000834232   0.000834232   0.000834232   0.000834232   0.000834232   0.000834232   0.000834232   0.000834232  
2450          0.000834232   0.000834232   0.000834232   0.000834232   0.000834232   0.000834232   0.000834232   0.000834232   0.000834232   0.000834232   0.000834232  
2500          0.000834232   0.000834232   0.000834232   0.000834232   0.000834232   0.000834232   0.000834232   0.000834232   0.000834232   0.000834232   0.000834232  
2550          0.000834232   0.000834232   0.000834232   0.000834232   0.000834232   0.000834232   0.000834232   0.000834232   0.000834232   0.000834232   0.000834232  
2600          0.000834232   0.000834232   0.000834232   0.000834232   0.000834232   0.000834232   0.000834232   0.000834232   0.000834232   0.000834232   0.000834232  
2650          0.000834232   0.000834232   0.000834232   0.000834232   0.000834232   0.000834232   0.000834232   0.000834232   0.000834232   0.000834232   0.000834232  
2700          0.000834232   0.000834232   0.000834232   0.000834232   0.000834232   0.000834232   0.000834232   0.000834232   0.000834232   0.000834232   0.000834232  
2750          0.000834232   0.000834232   0.000834232   0.000834232   0.000834232   0.000834232   0.000834232   0.000834232   0.000834232   0.000834232   0.000834232  
2800          0.000834232   0.000834232   0.000834232   0.000834232   0.000834232   0.000834232   0.000834232   0.000834232   0.000834232   0.000834232   0.000834232  
2850          0.000834232   0.000834232   0.000834232   0.000834232   0.000834232   0.000834232   0.000834232   0.000834232   0.000834232   0.000834232   0.000834232  
2900          0.000834232   0.000834232   0.000834232   0.000834232   0.000834232   0.000834232   0.000834232   0.000834232   0.000834232   0.000834232   0.000834232  
2950          0.000834232   0.000834232   0.000834232   0.000834232   0.000834232   0.000834232   0.000834232   0.000834232   0.000834232   0.000834232   0.000834232  
3000          0.000834232   0.000834232   0.000834232   0.000834232   0.000834232   0.000834232   0.000834232   0.000834232   0.000834232   0.000834232   0.000834232  
3050          0.000834232   0.000834232   0.000834232   0.000834232   0.000834232   0.000834232   0.000834232   0.000834232   0.000834232   0.000834232   0.000834232  
3100          0.000834232   0.000834232   0.000834232   0.000834232   0.000834232   0.000834232   0.000834232   0.000834232   0.000834232   0.000834232   0.000834232  
3150          0.000834232   0.000834232   0.000834232   0.000834232   0.000834232   0.000834232   0.000834232   0.000834232   0.000834232   0.000834232   0.000834232  
3200          0.000834232   0.000834232   0.000834232   0.000834232   0.000834232   0.000834232   0.000834232   0.000834232   0.000834232   0.000834232   0.000834232  
3250          0.000834232   0.000834232   0.000834232   0.000834232   0.000834232   0.000834232   0.000834232   0.000834232   0.000834232   0.000834232   0.000834232  
3300          0.000834232   0.000834232   0.000834232   0.000834232   0.000834232   0.000834232   0.000834232   0.000834232   0.000834232   0.000834232   0.000834232  
3350          0.000834232   0.000834232   0.000834232   0.000834232   0.000834232   0.000834232   0.000834232   0.000834232   0.000834232   0.000834232   0.000834232  
3400          0.000834232   0.000834232   0.000834232   0.000834232   0.000834232   0.000834232   0.000834232   0.000834232   0.000834232   0.000834232   0.000834232  
3450          0.000834232   0.000834232   0.000834232   0.000834232   0.000834232   0.000834232   0.000834232   0.000834232   0.000834232   0.000834232   0.000834232  
3500          0.000834232   0.000834232   0.000834232   0.000834232   0.000834232   0.000834232   0.000834232   0.000834232   0.000834232   0.000834232   0.000834232  
3550          0.000834232   0.000834232   0.000834232   0.000834232   0.000834232   0.000834232   0.000834232   0.000834232   0.000834232   0.000834232   0.000834232  
3600          0.000834232   0.000834232   0.000834232   0.000834232   0.000834232   0.000834232   0.000834232   0.000834232   0.000834232   0.000834232   0.000834232  
3650          0.000834232   0.000834232   0.000834232   0.000834232   0.000834232   0.000834232   0.000834232   0.000834232   0.000834232   0.000834232   0.000834232  
3700          0.000834232   0.000834232   0.000834232   0.000834232   0.000834232   0.000834232   0.000834232   0.000834232   0.000834232   0.000834232   0.000834232  
3750          0.000834232   0.000834232   0.000834232   0.000834232   0.000834232   0.000834232   0.000834232   0.000834232   0.000834232   0.000834232   0.000834232  
3800          0.000834232   0.000834232   0.000834232   0.000834232   0.000834232   0.000834232   0.000834232   0.000834232   0.000834232   0.000834232   0.000834232  
3850          0.000834232   0.000834232   0.000834232   0.000834232   0.000834232   0.000834232   0.000834232   0.000834232   0.000834232   0.000834232   0.000834232  
3900          0.000834232   0.000834232   0.000834232   0.000834232   0.000834232   0.000834232   0.000834232   0.000834232   0.000834232   0.000834232   0.000834232  
3950          0.000834232   0.000834232   0.000834232   0.000834232   0.000834232   0.000834232   0.000834232   0.000834232   0.000834232   0.000834232   0.000834232  
4000          0.000834232   0.000834232   0.000834232   0.000834232   0.000834232   0.000834232   0.000834232   0.000834232   0.000834232   0.000834232   0.000834232  
4050          0.000834232   0.000834232   0.000834232   0.000834232   0.000834232   0.000834232   0.000834232   0.000834232   0.000834232   0.000834232   0.000834232  
4100          0.000834232   0.000834232   0.000834232   0.000834232   0.000834232   0.000834232   0.000834232   0.000834232   0.000834232   0.000834232   0.000834232  
4150          0.000834232   0.000834232   0.000834232   0.000834232   0.000834232   0.000834232   0.000834232   0.000834232   0.000834232   0.000834232   0.000834232  
4200          0.000834232   0.000834232   0.000834232   0.000834232   0.000834232   0.000834232   0.000834232   0.000834232   0.000834232   0.000834232   0.000834232  
4250          0.000834232   0.000834232   0.000834232   0.000834232   0.000834232   0.000834232   0.000834232   0.000834232   0.000834232   0.000834232   0.000834232  
4300          0.000834232   0.000834232   0.000834232   0.000834232   0.000834232   0.000834232   0.000834232   0.000834232   0.000834232   0.000834232   0.000834232  
4350          0.000834232   0.000834232   0.000834232   0.000834232   0.000834232   0.000834232   0.000834232   0.000834232   0.000834232   0.000834232   0.000834232  
4400          0.000834232   0.000834232   0.000834232   0.000834232   0.000834232   0.000834232   0.000834232   0.000834232   0.000834232   0.000834232   0.000834232  
4450          0.000834232   0.000834232   0.000834232   0.000834232   0.000834232   0.000834232   0.000834232   0.000834232   0.000834232   0.000834232   0.000834232  
4500          0.000834232   0.000834232   0.000834232   0.000834232   0.000834232   0.000834232   0.000834232   0.000834232   0.000834232   0.000834232   0.000834232  
4550          0.000834232   0.000834232   0.000834232   0.000834232   0.000834232   0.000834232   0.000834232   0.000834232   0.000834232   0.000834232   0.000834232  
4600          0.000834232   0.000834232   0.000834232   0.000834232   0.000834232   0.000834232   0.000834232   0.000834232   0.000834232   0.000834232   0.000834232  
4650          0.000834232   0.000834232   0.000834232   0.000834232   0.000834232   0.000834232   0.000834232   0.000834232   0.000834232   0.000834232   0.000834232  
4700          0.000834232   0.000834232   0.000834232   0.000834232   0.000834232   0.000834232   0.000834232   0.000834232   0.000834232   0.000834232   0.000834232  
4750          0.000834232   0.000834232   0.000834232   0.000834232   0.000834232   0.000834232   0.000834232   0.000834232   0.000834232   0.000834232   0.000834232  
4800          0.000834232   0.000834232   0.000834232   0.000834232   0.000834232   0.000834232   0.000834232   0.000834232   0.000834232   0.000834232   0.000834232  
4850          0.000834232   0.000834232   0.000834232   0.000834232   0.000834232   0.000834232   0.000834232   0.000834232   0.000834232   0.000834232   0.000834232  
4900          0.000834232   0.000834232   0.000834232   0.000834232   0.000834232   0.000834232   0.000834232   0.000834232   0.000834232   0.000834232   0.000834232  
4950          0.000834232   0.000834232   0.000834232   0.000834232   0.000834232   0.000834232   0.000834232   0.000834232   0.000834232   0.000834232   0.000834232  
5000          0.000834232   0.000834232   0.000834232   0.000834232   0.000834232   0.000834232   0.000834232   0.000834232   0.000834232   0.000834232   0.000834232  
