0 	0.93661 	0.93661 	-7.75376e+06 	-0.000781487 	-0.000781487 	6468.44
0.00020202 	4.0267 	4.0267 	-7.48492e+06 	-0.00335807 	-0.00335807 	5558.96
0.00040404 	1.16477 	1.16477 	-7.74402e+06 	-0.00083832 	-0.00083832 	5371.55
0.000606061 	6.02107 	6.02107 	-8.04911e+06 	-0.00388785 	-0.00388785 	5224
0.000808081 	0.188559 	0.188559 	-9.84111e+06 	-0.000178016 	-0.000178016 	6365.07
0.0010101 	3.11287 	3.11287 	-1.15639e+07 	-0.001534 	-0.00153401 	7460.23
0.00121212 	-2.3752 	-2.3752 	-1.19708e+07 	0.00145763 	0.00145763 	7682.96
0.00141414 	-3.40396 	-3.40395 	-1.22321e+07 	0.002213 	0.002213 	7842.9
0.00161616 	-2.59378 	-2.59378 	-1.0558e+07 	0.00185685 	0.00185685 	7168.8
0.00181818 	1.69425 	1.69425 	-8.96386e+06 	-0.0014134 	-0.0014134 	6509.7
0.0020202 	-0.0242488 	-0.0242486 	-8.17775e+06 	2.02291e-05 	2.02289e-05 	6002.42
0.00222222 	9.34607 	9.34607 	-7.51296e+06 	-0.0077728 	-0.0077728 	5534.55
0.00242424 	3.13701 	3.13701 	-7.82974e+06 	-0.00203042 	-0.00203042 	5385.49
0.00262626 	15.1259 	15.1259 	-8.32397e+06 	-0.00977198 	-0.00977198 	5395.23
0.00282828 	1.46138 	1.46138 	-1.00057e+07 	-0.000871889 	-0.000871889 	6467.62
0.0030303 	5.38935 	5.38935 	-1.14816e+07 	-0.00262501 	-0.00262501 	7403.55
0.00323232 	-2.7834 	-2.7834 	-1.17913e+07 	0.00172473 	0.00172473 	7566.22
0.00343434 	-2.1937 	-2.1937 	-1.17766e+07 	0.00146593 	0.00146593 	7593.91
0.00363636 	-2.13179 	-2.13179 	-1.01783e+07 	0.00140858 	0.00140858 	6962.75
0.00383838 	4.63454 	4.63454 	-8.7491e+06 	-0.00386628 	-0.00386628 	6364.6
0.0040404 	2.35173 	2.35173 	-8.04049e+06 	-0.00196189 	-0.00196189 	5907.33
0.00424242 	13.3776 	13.3776 	-7.55938e+06 	-0.0110883 	-0.0110883 	5522.81
0.00444444 	6.93019 	6.93019 	-7.9341e+06 	-0.00452282 	-0.00452282 	5411.96
0.00464646 	18.4777 	18.4777 	-8.58445e+06 	-0.0119449 	-0.0119449 	5557.7
0.00484848 	2.64685 	2.64685 	-1.01574e+07 	-0.00151662 	-0.00151662 	6562.38
0.00505051 	4.52024 	4.52024 	-1.13903e+07 	-0.00213749 	-0.00213749 	7341.6
0.00525253 	-4.15075 	-4.15075 	-1.1603e+07 	0.00261151 	0.00261151 	7444.36
0.00545455 	-5.54998 	-5.54998 	-1.13468e+07 	0.00367044 	0.00367044 	7360.37
0.00565657 	-2.08866 	-2.08866 	-9.82292e+06 	0.00134694 	0.00134694 	6771.56
0.00585859 	2.81452 	2.81452 	-8.55773e+06 	-0.00234796 	-0.00234796 	6235.25
0.00606061 	5.089 	5.089 	-7.92595e+06 	-0.00424541 	-0.00424541 	5827.56
0.00626263 	14.1513 	14.1513 	-7.62426e+06 	-0.011654 	-0.011654 	5523.71
0.00646465 	12.0585 	12.0585 	-8.05727e+06 	-0.00787373 	-0.00787373 	5450.96
0.00666667 	21.0066 	21.0066 	-8.83108e+06 	-0.0135756 	-0.0135756 	5711.75
0.00686869 	5.26794 	5.26794 	-1.02967e+07 	-0.0028677 	-0.0028677 	6649.66
0.00707071 	5.95557 	5.95557 	-1.129e+07 	-0.00278936 	-0.00278936 	7274.35
0.00727273 	-4.65185 	-4.65185 	-1.14059e+07 	0.00296371 	0.00296371 	7317.31
0.00747475 	-5.94291 	-5.94291 	-1.09421e+07 	0.00397264 	0.00397264 	7141.98
0.00767677 	-2.13745 	-2.13745 	-9.4912e+06 	0.00140373 	0.00140373 	6594.96
0.00787879 	1.20559 	1.20559 	-8.38948e+06 	-0.00100574 	-0.00100574 	6121.46
0.00808081 	6.54373 	6.54373 	-7.83396e+06 	-0.00545899 	-0.00545899 	5762.99
0.00828283 	11.9567 	11.9567 	-7.70778e+06 	-0.00976597 	-0.00976597 	5537.25
0.00848485 	15.1271 	15.1271 	-8.19946e+06 	-0.00983922 	-0.00983922 	5502.54
0.00868687 	18.5714 	18.5714 	-9.06441e+06 	-0.0120081 	-0.0120081 	5857.73
0.00888889 	6.42569 	6.42569 	-1.04241e+07 	-0.00341358 	-0.00341359 	6729.74
0.00909091 	4.71264 	4.71264 	-1.11807e+07 	-0.00212906 	-0.00212906 	7201.82
0.00929293 	-5.16206 	-5.16206 	-1.12e+07 	0.00330164 	0.00330164 	7185.04
0.00949495 	-5.99239 	-5.99239 	-1.05619e+07 	0.00401705 	0.00401705 	6938.45
0.00969697 	-1.27011 	-1.27011 	-9.18265e+06 	0.000751455 	0.000751455 	6432.73
0.00989899 	0.987635 	0.987635 	-8.24408e+06 	-0.000823917 	-0.000823918 	6023.07
0.010101 	9.23259 	9.23259 	-7.76423e+06 	-0.00770213 	-0.00770213 	5713.43
0.010303 	11.2802 	11.2802 	-7.80996e+06 	-0.00911221 	-0.00911221 	5563.35
0.0105051 	19.8007 	19.8007 	-8.36069e+06 	-0.0128757 	-0.0128757 	5566.59
0.0107071 	17.2644 	17.2644 	-9.28469e+06 	-0.0111623 	-0.0111623 	5995.77
0.0109091 	8.45917 	8.45917 	-1.05397e+07 	-0.004411 	-0.004411 	6802.69
0.0111111 	3.92862 	3.92862 	-1.1062e+07 	-0.00168887 	-0.00168887 	7123.73
0.0113131 	-6.33153 	-6.33153 	-1.09847e+07 	0.00406834 	0.00406834 	7047.22
0.0115152 	-6.35291 	-6.35291 	-1.02054e+07 	0.00426803 	0.00426803 	6749.37
0.0117172 	-2.64811 	-2.64811 	-8.89658e+06 	0.00195852 	0.00195852 	6284.52
0.0119192 	-0.629829 	-0.629829 	-8.12129e+06 	0.000525423 	0.000525423 	5939.92
0.0121212 	8.22571 	8.22571 	-7.71679e+06 	-0.00686216 	-0.00686216 	5678.89
0.0123232 	8.00956 	8.00956 	-7.93131e+06 	-0.00631445 	-0.00631445 	5602.23
0.0125253 	19.4404 	19.4404 	-8.54163e+06 	-0.0126353 	-0.0126353 	5643.47
0.0127273 	12.5392 	12.5392 	-9.49292e+06 	-0.00806118 	-0.00806118 	6126.54
0.0129293 	9.10529 	9.10529 	-1.06445e+07 	-0.00469117 	-0.00469117 	6869.15
0.0131313 	2.74068 	2.74068 	-1.09345e+07 	-0.00111688 	-0.00111688 	7040.48
0.0133333 	-6.38544 	-6.38544 	-1.07606e+07 	0.0041365 	0.0041365 	6904.19
0.0135354 	-5.67628 	-5.67628 	-9.87262e+06 	0.00389525 	0.00389525 	6574.85
0.0137374 	-6.4994 	-6.4994 	-8.63293e+06 	0.00527289 	0.00527289 	6150.41
0.0139394 	-3.35954 	-3.35954 	-8.02123e+06 	0.00280264 	0.00280264 	5872.09
0.0141414 	1.63936 	1.63936 	-7.69163e+06 	-0.0013676 	-0.0013676 	5659.4
0.0143434 	2.52061 	2.52061 	-8.07207e+06 	-0.00181913 	-0.00181913 	5653.98
0.0145455 	14.2577 	14.2577 	-8.74255e+06 	-0.0092135 	-0.0092135 	5733.23
0.0147475 	6.75763 	6.75763 	-9.68946e+06 	-0.00431681 	-0.00431681 	6250.26
0.0149495 	6.66219 	6.66219 	-1.07387e+07 	-0.00338979 	-0.00338979 	6929.26
0.0151515 	1.40634 	1.40634 	-1.07979e+07 	-0.00057234 	-0.00057234 	6951.85
0.0153535 	-6.95446 	-6.95446 	-1.05272e+07 	0.00450159 	0.00450159 	6755.67
0.0155556 	-3.15702 	-3.15702 	-9.56277e+06 	0.00209685 	0.00209685 	6414.53
0.0157576 	-8.69399 	-8.69399 	-8.39107e+06 	0.00720761 	0.00720761 	6030.08
0.0159596 	-1.90723 	-1.90723 	-7.9436e+06 	0.00159107 	0.00159107 	5819.38
0.0161616 	-5.38689 	-5.38689 	-7.68859e+06 	0.00449392 	0.00449392 	5654.82
0.0163636 	0.768169 	0.768169 	-8.23252e+06 	-0.000373199 	-0.000373199 	5718.64
0.0165657 	4.81627 	4.81627 	-8.9638e+06 	-0.00313083 	-0.00313083 	5836
0.0167677 	2.30674 	2.30674 	-9.87486e+06 	-0.00148899 	-0.00148899 	6367.27
0.0169697 	1.61739 	1.61739 	-1.08227e+07 	-0.000842808 	-0.000842808 	6983.32
0.0171717 	-0.50158 	-0.50158 	-1.06523e+07 	0.00035672 	0.00035672 	6857.89
0.0173737 	-2.77468 	-2.77468 	-1.02846e+07 	0.00179045 	0.00179045 	6601.63
0.0175758 	-0.387399 	-0.387399 	-9.27555e+06 	0.000112874 	0.000112874 	6268.29
0.0177778 	2.21668 	2.21669 	-8.1707e+06 	-0.00186694 	-0.00186694 	5923.47
0.0179798 	2.47951 	2.47951 	-7.88834e+06 	-0.00206849 	-0.00206849 	5781.76
0.0181818 	4.1671 	4.1671 	-7.7077e+06 	-0.00347633 	-0.00347633 	5665.19
0.0183838 	2.8899 	2.8899 	-8.41292e+06 	-0.00221792 	-0.00221792 	5796.3
0.0185859 	4.85427 	4.85427 	-9.20575e+06 	-0.00315455 	-0.00315455 	5951.9
0.0187879 	0.56184 	0.56184 	-1.00494e+07 	-0.000479039 	-0.000479039 	6477.78
0.0189899 	-0.255585 	-0.255584 	-1.08969e+07 	0.000118718 	0.000118718 	7031.51
0.0191919 	-2.70393 	-2.70393 	-1.04976e+07 	0.00162418 	0.00162418 	6758.51
0.0193939 	2.74645 	2.74645 	-1.00326e+07 	-0.00177606 	-0.00177606 	6441.98
0.019596 	-3.93631 	-3.93631 	-9.0107e+06 	0.00293037 	0.00293037 	6136.12
0.019798 	0.395407 	0.395408 	-7.97164e+06 	-0.00033362 	-0.00033362 	5830.59
0.02 	-4.21637 	-4.21637 	-7.30541e+06 	0.00351732 	0.00351732 	6094.41
