# Probe 0 (0.0015 0.0015 0)
# Probe 1 (0.0015 0.0015 0.002)
# Probe 2 (0.0015 0.0015 0.004)
# Probe 3 (0.0015 0.0015 0.006)
# Probe 4 (0.0015 0.0015 0.008)
# Probe 5 (0.0015 0.0015 0.01)
# Probe 6 (0.0015 0.0015 0.012)
# Probe 7 (0.0015 0.0015 0.014)
# Probe 8 (0.0015 0.0015 0.016)
# Probe 9 (0.0015 0.0015 0.018)
# Probe 10 (0.0015 0.0015 0.02)
# Time        0             1             2             3             4             5             6             7             8             9             10           
50            (0.0615919 0.0615919 12711.2) (0.0333468 0.0333468 12358.1) (-0.00576737 -0.00576737 9816.43) (-0.0264365 -0.0264365 6921.4) (-0.0281528 -0.0281528 4501.65) (-0.0246767 -0.0246767 2947.6) (-0.0182316 -0.0182316 2245.45) (-0.0140367 -0.0140367 2252.72) (-0.00602909 -0.00602909 2845.09) (0.00247427 0.00247427 3914.35) (0.00674143 0.00674143 5275.24)
100           (0.0396718 0.0396718 9095.32) (0.0427168 0.0427168 9682.66) (0.0304915 0.0304915 8828.86) (0.015305 0.015305 7677.52) (-0.00412467 -0.00412467 6377.23) (-0.0180778 -0.0180778 5156.8) (-0.022628 -0.022628 4235.14) (-0.0201281 -0.0201281 3731.66) (-0.0158898 -0.0158898 3644.97) (-0.00519875 -0.00519875 3881.53) (0.00311846 0.00311846 4269.59)
150           (0.082136 0.082136 7669.03) (0.0387544 0.0387544 8470.5) (0.0329684 0.0329684 8025.21) (0.0131625 0.0131625 7434.68) (-0.00843195 -0.00843195 6732.46) (-0.0279912 -0.0279912 5982.42) (-0.0402462 -0.0402462 5273.83) (-0.0408946 -0.0408946 4699.43) (-0.0324513 -0.0324513 4322.16) (-0.0223688 -0.0223688 4151.79) (0.00282781 0.00282781 4136.24)
200           (0.0165741 0.0165741 6941.68) (0.00693704 0.00693704 7826.8) (0.0109507 0.0109507 7535.14) (0.00628765 0.00628765 7163.14) (0.00264281 0.00264281 6720.63) (-0.00124792 -0.00124792 6228.17) (-0.00488916 -0.00488916 5718.25) (-0.00716006 -0.00716006 5233.7) (-0.00872128 -0.00872128 4819.76) (-0.00864589 -0.00864589 4513) (-0.00505129 -0.00505129 4330.48)
250           (-0.00395673 -0.00395673 6513.57) (-0.00323127 -0.00323127 7439.19) (-0.00428894 -0.00428894 7218.72) (-0.00411546 -0.00411546 6949.65) (-0.00343363 -0.00343363 6634.85) (-0.00216521 -0.00216521 6281.87) (-0.000352623 -0.000352623 5903.83) (0.00174051 0.00174051 5520.49) (0.0035147 0.0035147 5157.46) (0.00310689 0.00310689 4845.51) (-0.000291872 -0.000291872 4620.85)
300           (-0.00211061 -0.00211061 6236.6) (-0.00170319 -0.00170319 7184.51) (-0.002463 -0.002463 7002.62) (-0.00249664 -0.00249664 6789.72) (-0.00231643 -0.00231643 6546.53) (-0.00187584 -0.00187584 6276.26) (-0.00115112 -0.00115112 5985.05) (-0.00015423 -0.00015423 5683.29) (0.00102776 0.00102776 5385.96) (0.00136784 0.00136784 5114.8) (0.00180735 0.00180735 4903.48)
350           (-0.000326021 -0.000326021 6046.27) (-0.000458309 -0.000458309 7008.03) (-0.00108155 -0.00108155 6849.64) (-0.0012431 -0.0012431 6671.2) (-0.00132777 -0.00132777 6472.85) (-0.00130608 -0.00130608 6256.17) (-0.00114777 -0.00114777 6024.55) (-0.000814199 -0.000814199 5784.25) (-0.000252325 -0.000252325 5544.79) (-3.1154e-05 -3.1154e-05 5321.24) (0.00103573 0.00103573 5139.82)
400           (-0.0187918 -0.0187918 5911.11) (-0.00963538 -0.00963538 6882.15) (-0.00885862 -0.00885862 6739.34) (-0.0074772 -0.0074772 6583.89) (-0.00557137 -0.00557137 6415.76) (-0.00310371 -0.00310371 6235.92) (-0.000110032 -0.000110032 6046.46) (0.00332582 0.00332582 5851.58) (0.00706742 0.00706742 5657.7) (0.0105259 0.0105259 5475.38) (0.0251223 0.0251223 5323.88)
450           (-0.0184841 -0.0184841 5813.68) (-0.00769287 -0.00769287 6791.28) (-0.00605109 -0.00605109 6659.36) (-0.00407903 -0.00407903 6520.01) (-0.00182335 -0.00182335 6373.16) (0.000744448 0.000744448 6219.45) (0.0035344 0.0035344 6060.3) (0.0064388 0.0064388 5898.68) (0.00949171 0.00949171 5739.06) (0.0119477 0.0119477 5588.89) (0.0239069 0.0239069 5462.07)
500           (-0.0180687 -0.0180687 5743.06) (-0.00756476 -0.00756476 6725.38) (-0.00401611 -0.00401611 6601.29) (0.000221292 0.000221292 6473.48) (0.00458102 0.00458102 6341.92) (0.00813272 0.00813272 6207.03) (0.0100685 0.0100685 6069.8) (0.010027 0.010027 5932.39) (0.00830582 0.00830582 5797.95) (0.00565541 0.00565541 5671.79) (0.0130052 0.0130052 5563.82)
550           (-0.0135149 -0.0135149 5691.82) (-0.00564764 -0.00564764 6677.57) (-0.00273318 -0.00273318 6559.14) (0.000589431 0.000589431 6439.7) (0.00374463 0.00374463 6319.19) (0.0060578 0.0060578 6197.93) (0.00711962 0.00711962 6076.57) (0.00690352 0.00690352 5956.72) (0.0057537 0.0057537 5840.61) (0.00414817 0.00414817 5732) (0.00985236 0.00985236 5637.98)
600           (-0.00982441 -0.00982441 5654.7) (-0.00404398 -0.00404398 6642.93) (-0.00190911 -0.00190911 6528.62) (0.000510737 0.000510737 6415.25) (0.00278835 0.00278835 6302.76) (0.00443673 0.00443673 6191.36) (0.00517415 0.00517415 6081.49) (0.00499884 0.00499884 5974.34) (0.00416818 0.00416818 5871.48) (0.00302311 0.00302311 5775.59) (0.00719236 0.00719236 5691.71)
650           (-0.00711165 -0.00711165 5627.83) (-0.00286275 -0.00286275 6617.87) (-0.0013201 -0.0013201 6506.55) (0.000425436 0.000425436 6397.58) (0.00206645 0.00206645 6290.9) (0.0032511 0.0032511 6186.65) (0.00377678 0.00377678 6085.07) (0.00364338 0.00364338 5987.09) (0.00303734 0.00303734 5893.79) (0.00220512 0.00220512 5807.06) (0.00522734 0.00522734 5730.51)
700           (-0.0671863 -0.0671863 5608.49) (-0.0404475 -0.0404475 6599.71) (-0.0322781 -0.0322781 6490.69) (-0.0295586 -0.0295586 6384.81) (-0.0178946 -0.0178946 6282.37) (-0.0068364 -0.0068364 6183.26) (0.00785455 0.00785455 6087.66) (0.025848 0.025848 5996.3) (0.0434486 0.0434486 5909.87) (0.0558478 0.0558478 5829.74) (0.0834892 0.0834892 5758.48)
750           (0.0323443 0.0323443 5594.53) (-0.00365392 -0.00365392 6586.56) (0.010682 0.010682 6479.39) (-0.000790958 -0.000790958 6375.67) (0.00307309 0.00307309 6276.36) (-0.00216246 -0.00216246 6180.94) (-0.00658862 -0.00658862 6089.66) (-0.0112818 -0.0112818 6003.06) (-0.0185123 -0.0185123 5921.53) (-0.0241575 -0.0241575 5846.16) (-0.0533684 -0.0533684 5778.63)
800           (0.00508806 0.00508806 5584.47) (0.00998148 0.00998148 6577.26) (0.0208658 0.0208658 6471.04) (0.0145544 0.0145544 6369.08) (0.0154115 0.0154115 6271.87) (0.0124333 0.0124333 6179.16) (0.00858357 0.00858357 6090.96) (0.00666867 0.00666867 6007.79) (0.00269737 0.00269737 5929.83) (0.00115188 0.00115188 5857.87) (0.0206849 0.0206849 5793.07)
850           (0.00660603 0.00660603 5577.34) (-0.0150585 -0.0150585 6570.45) (0.00289589 0.00289589 6465.22) (-0.00925069 -0.00925069 6364.31) (-0.00501498 -0.00501498 6268.72) (-0.00720124 -0.00720124 6177.88) (-0.00658371 -0.00658371 6091.91) (-0.00582533 -0.00582533 6011.17) (-0.00507032 -0.00507032 5935.75) (-0.00324308 -0.00324308 5866.22) (-0.00830548 -0.00830548 5803.42)
900           (-0.0223895 -0.0223895 5572.35) (-0.0184231 -0.0184231 6565.96) (-0.00543742 -0.00543742 6461.04) (-0.00564818 -0.00564818 6361.09) (0.00204636 0.00204637 6266.5) (0.00458996 0.00458996 6176.96) (0.0119412 0.0119412 6092.58) (0.0129469 0.0129469 6013.46) (0.0184243 0.0184243 5939.9) (0.0177701 0.0177701 5872.04) (0.0275822 0.0275822 5810.63)
950           (-0.00373078 -0.00373078 5568.66) (0.00355644 0.00355644 6562.69) (0.0054909 0.0054909 6457.93) (0.012643 0.012643 6358.76) (0.00983743 0.00983743 6264.81) (0.0135702 0.0135702 6176.33) (0.0146166 0.0146166 6093.04) (0.00968736 0.00968736 6015.15) (0.012488 0.012488 5942.93) (0.00834645 0.00834645 5876.27) (0.00873416 0.00873416 5815.92)
1000          (-0.000455709 -0.000455709 5566.08) (-0.00235427 -0.00235427 6560.24) (-0.00165911 -0.00165911 6455.83) (-0.00350418 -0.00350418 6356.97) (-0.00209268 -0.00209268 6263.68) (-0.00298554 -0.00298554 6175.82) (-0.00221744 -0.00221744 6093.33) (-0.00180695 -0.00180695 6016.38) (-9.57169e-05 -9.57169e-05 5945.03) (-0.000879785 -0.000879785 5879.31) (0.00117771 0.00117771 5819.71)
1050          (-0.000598472 -0.000598472 5564.3) (-0.00658112 -0.00658112 6558.62) (-0.00732939 -0.0073294 6454.36) (-0.00757959 -0.00757959 6355.83) (-0.00889085 -0.00889085 6262.89) (-0.00938791 -0.00938791 6175.52) (-0.00620781 -0.00620781 6093.59) (-0.00943348 -0.00943348 6017.21) (-0.00338254 -0.00338254 5946.53) (-0.000713729 -0.000713729 5881.43) (-0.00488181 -0.00488181 5822.22)
1100          (0.00211854 0.00211854 5563.14) (0.00175315 0.00175315 6557.52) (0.00184347 0.00184347 6453.4) (0.00194342 0.00194342 6355.05) (0.000991505 0.000991505 6262.35) (1.74677e-05 1.7468e-05 6175.29) (0.000160269 0.000160269 6093.7) (-0.00313272 -0.00313272 6017.75) (0.000800853 0.000800852 5947.48) (-0.00537621 -0.00537621 5882.76) (9.071e-05 9.07099e-05 5823.99)
1150          (-0.00117057 -0.00117057 5562.24) (-0.00503173 -0.00503173 6556.68) (-0.00571336 -0.00571336 6452.67) (-0.00457121 -0.00457121 6354.48) (-0.00673808 -0.00673808 6261.96) (-0.00473699 -0.00473699 6175.16) (-0.00379469 -0.00379469 6093.86) (-0.00574389 -0.00574389 6018.19) (0.00780533 0.00780533 5948.39) (-0.00886391 -0.00886391 5883.78) (0.00249823 0.00249823 5825.37)
1200          (0.0146833 0.0146833 5561.62) (0.00813768 0.00813769 6556.1) (0.00923165 0.00923165 6452.15) (0.00680615 0.00680615 6354.02) (0.00568132 0.00568132 6261.66) (0.00345903 0.00345903 6175.01) (-0.00268383 -0.00268383 6093.86) (0.000691096 0.000691096 6018.54) (-0.010324 -0.010324 5948.76) (-0.0152283 -0.0152283 5884.61) (-0.015452 -0.015452 5826.33)
1250          (0.016189 0.016189 5561.27) (0.0149981 0.0149981 6555.79) (0.0175684 0.0175684 6451.88) (0.0146087 0.0146087 6353.81) (0.0119669 0.0119669 6261.53) (0.00784877 0.00784877 6174.96) (0.00164272 0.00164272 6093.94) (0.000872085 0.000872085 6018.72) (-0.00835684 -0.00835684 5949.09) (-0.01149 -0.01149 5885.06) (-0.00281495 -0.00281495 5826.87)
1300          (-0.00469348 -0.00469348 5561.07) (-0.00520616 -0.00520616 6555.58) (-0.0115532 -0.0115532 6451.69) (-0.00793834 -0.00793834 6353.65) (-0.00662178 -0.00662178 6261.41) (-0.00523308 -0.00523308 6174.89) (-0.00151754 -0.00151754 6093.92) (0.00557226 0.00557226 6018.81) (0.0136557 0.0136557 5949.23) (-0.00607454 -0.00607454 5885.23) (-0.00159447 -0.00159447 5827.17)
1350          (-0.0148267 -0.0148267 5560.95) (-0.0136791 -0.0136791 6555.48) (-0.0161987 -0.0161987 6451.6) (-0.012923 -0.012923 6353.57) (-0.00930291 -0.00930291 6261.35) (-0.00565235 -0.00565236 6174.85) (0.000107673 0.000107672 6093.94) (0.00718126 0.00718126 6018.81) (0.0118956 0.0118956 5949.29) (0.00215177 0.00215177 5885.41) (0.00472284 0.00472284 5827.36)
1400          (-0.00338445 -0.00338445 5560.83) (-0.00165416 -0.00165416 6555.36) (-0.00502345 -0.00502345 6451.49) (-0.00366814 -0.00366814 6353.48) (-0.00232972 -0.00232972 6261.27) (-0.00210428 -0.00210428 6174.8) (0.000968521 0.000968521 6093.93) (0.00624417 0.00624417 6018.83) (0.00886106 0.00886106 5949.35) (-0.00208225 -0.00208225 5885.54) (-0.000367939 -0.000367939 5827.53)
1450          (-0.00338445 -0.00338445 5560.83) (-0.00165416 -0.00165416 6555.36) (-0.00502345 -0.00502345 6451.49) (-0.00366814 -0.00366814 6353.48) (-0.00232972 -0.00232972 6261.27) (-0.00210428 -0.00210428 6174.8) (0.000968521 0.000968521 6093.93) (0.00624417 0.00624417 6018.83) (0.00886106 0.00886106 5949.35) (-0.00208225 -0.00208225 5885.54) (-0.000367939 -0.000367939 5827.53)
1500          (-0.00338445 -0.00338445 5560.83) (-0.00165416 -0.00165416 6555.36) (-0.00502345 -0.00502345 6451.49) (-0.00366814 -0.00366814 6353.48) (-0.00232972 -0.00232972 6261.27) (-0.00210428 -0.00210428 6174.8) (0.000968521 0.000968521 6093.93) (0.00624417 0.00624417 6018.83) (0.00886106 0.00886106 5949.35) (-0.00208225 -0.00208225 5885.54) (-0.000367939 -0.000367939 5827.53)
1550          (-0.00338445 -0.00338445 5560.83) (-0.00165416 -0.00165416 6555.36) (-0.00502345 -0.00502345 6451.49) (-0.00366814 -0.00366814 6353.48) (-0.00232972 -0.00232972 6261.27) (-0.00210428 -0.00210428 6174.8) (0.000968521 0.000968521 6093.93) (0.00624417 0.00624417 6018.83) (0.00886106 0.00886106 5949.35) (-0.00208225 -0.00208225 5885.54) (-0.000367939 -0.000367939 5827.53)
1600          (-0.00338445 -0.00338445 5560.83) (-0.00165416 -0.00165416 6555.36) (-0.00502345 -0.00502345 6451.49) (-0.00366814 -0.00366814 6353.48) (-0.00232972 -0.00232972 6261.27) (-0.00210428 -0.00210428 6174.8) (0.000968521 0.000968521 6093.93) (0.00624417 0.00624417 6018.83) (0.00886106 0.00886106 5949.35) (-0.00208225 -0.00208225 5885.54) (-0.000367939 -0.000367939 5827.53)
1650          (-0.00338445 -0.00338445 5560.83) (-0.00165416 -0.00165416 6555.36) (-0.00502345 -0.00502345 6451.49) (-0.00366814 -0.00366814 6353.48) (-0.00232972 -0.00232972 6261.27) (-0.00210428 -0.00210428 6174.8) (0.000968521 0.000968521 6093.93) (0.00624417 0.00624417 6018.83) (0.00886106 0.00886106 5949.35) (-0.00208225 -0.00208225 5885.54) (-0.000367939 -0.000367939 5827.53)
1700          (-0.00338445 -0.00338445 5560.83) (-0.00165416 -0.00165416 6555.36) (-0.00502345 -0.00502345 6451.49) (-0.00366814 -0.00366814 6353.48) (-0.00232972 -0.00232972 6261.27) (-0.00210428 -0.00210428 6174.8) (0.000968521 0.000968521 6093.93) (0.00624417 0.00624417 6018.83) (0.00886106 0.00886106 5949.35) (-0.00208225 -0.00208225 5885.54) (-0.000367939 -0.000367939 5827.53)
1750          (-0.00338445 -0.00338445 5560.83) (-0.00165416 -0.00165416 6555.36) (-0.00502345 -0.00502345 6451.49) (-0.00366814 -0.00366814 6353.48) (-0.00232972 -0.00232972 6261.27) (-0.00210428 -0.00210428 6174.8) (0.000968521 0.000968521 6093.93) (0.00624417 0.00624417 6018.83) (0.00886106 0.00886106 5949.35) (-0.00208225 -0.00208225 5885.54) (-0.000367939 -0.000367939 5827.53)
1800          (-0.00338445 -0.00338445 5560.83) (-0.00165416 -0.00165416 6555.36) (-0.00502345 -0.00502345 6451.49) (-0.00366814 -0.00366814 6353.48) (-0.00232972 -0.00232972 6261.27) (-0.00210428 -0.00210428 6174.8) (0.000968521 0.000968521 6093.93) (0.00624417 0.00624417 6018.83) (0.00886106 0.00886106 5949.35) (-0.00208225 -0.00208225 5885.54) (-0.000367939 -0.000367939 5827.53)
1850          (-0.00338445 -0.00338445 5560.83) (-0.00165416 -0.00165416 6555.36) (-0.00502345 -0.00502345 6451.49) (-0.00366814 -0.00366814 6353.48) (-0.00232972 -0.00232972 6261.27) (-0.00210428 -0.00210428 6174.8) (0.000968521 0.000968521 6093.93) (0.00624417 0.00624417 6018.83) (0.00886106 0.00886106 5949.35) (-0.00208225 -0.00208225 5885.54) (-0.000367939 -0.000367939 5827.53)
1900          (-0.00338445 -0.00338445 5560.83) (-0.00165416 -0.00165416 6555.36) (-0.00502345 -0.00502345 6451.49) (-0.00366814 -0.00366814 6353.48) (-0.00232972 -0.00232972 6261.27) (-0.00210428 -0.00210428 6174.8) (0.000968521 0.000968521 6093.93) (0.00624417 0.00624417 6018.83) (0.00886106 0.00886106 5949.35) (-0.00208225 -0.00208225 5885.54) (-0.000367939 -0.000367939 5827.53)
1950          (-0.00338445 -0.00338445 5560.83) (-0.00165416 -0.00165416 6555.36) (-0.00502345 -0.00502345 6451.49) (-0.00366814 -0.00366814 6353.48) (-0.00232972 -0.00232972 6261.27) (-0.00210428 -0.00210428 6174.8) (0.000968521 0.000968521 6093.93) (0.00624417 0.00624417 6018.83) (0.00886106 0.00886106 5949.35) (-0.00208225 -0.00208225 5885.54) (-0.000367939 -0.000367939 5827.53)
2000          (-0.00338445 -0.00338445 5560.83) (-0.00165416 -0.00165416 6555.36) (-0.00502345 -0.00502345 6451.49) (-0.00366814 -0.00366814 6353.48) (-0.00232972 -0.00232972 6261.27) (-0.00210428 -0.00210428 6174.8) (0.000968521 0.000968521 6093.93) (0.00624417 0.00624417 6018.83) (0.00886106 0.00886106 5949.35) (-0.00208225 -0.00208225 5885.54) (-0.000367939 -0.000367939 5827.53)
2050          (-0.00338445 -0.00338445 5560.83) (-0.00165416 -0.00165416 6555.36) (-0.00502345 -0.00502345 6451.49) (-0.00366814 -0.00366814 6353.48) (-0.00232972 -0.00232972 6261.27) (-0.00210428 -0.00210428 6174.8) (0.000968521 0.000968521 6093.93) (0.00624417 0.00624417 6018.83) (0.00886106 0.00886106 5949.35) (-0.00208225 -0.00208225 5885.54) (-0.000367939 -0.000367939 5827.53)
2100          (-0.00338445 -0.00338445 5560.83) (-0.00165416 -0.00165416 6555.36) (-0.00502345 -0.00502345 6451.49) (-0.00366814 -0.00366814 6353.48) (-0.00232972 -0.00232972 6261.27) (-0.00210428 -0.00210428 6174.8) (0.000968521 0.000968521 6093.93) (0.00624417 0.00624417 6018.83) (0.00886106 0.00886106 5949.35) (-0.00208225 -0.00208225 5885.54) (-0.000367939 -0.000367939 5827.53)
2150          (-0.00338445 -0.00338445 5560.83) (-0.00165416 -0.00165416 6555.36) (-0.00502345 -0.00502345 6451.49) (-0.00366814 -0.00366814 6353.48) (-0.00232972 -0.00232972 6261.27) (-0.00210428 -0.00210428 6174.8) (0.000968521 0.000968521 6093.93) (0.00624417 0.00624417 6018.83) (0.00886106 0.00886106 5949.35) (-0.00208225 -0.00208225 5885.54) (-0.000367939 -0.000367939 5827.53)
2200          (-0.00338445 -0.00338445 5560.83) (-0.00165416 -0.00165416 6555.36) (-0.00502345 -0.00502345 6451.49) (-0.00366814 -0.00366814 6353.48) (-0.00232972 -0.00232972 6261.27) (-0.00210428 -0.00210428 6174.8) (0.000968521 0.000968521 6093.93) (0.00624417 0.00624417 6018.83) (0.00886106 0.00886106 5949.35) (-0.00208225 -0.00208225 5885.54) (-0.000367939 -0.000367939 5827.53)
2250          (-0.00338445 -0.00338445 5560.83) (-0.00165416 -0.00165416 6555.36) (-0.00502345 -0.00502345 6451.49) (-0.00366814 -0.00366814 6353.48) (-0.00232972 -0.00232972 6261.27) (-0.00210428 -0.00210428 6174.8) (0.000968521 0.000968521 6093.93) (0.00624417 0.00624417 6018.83) (0.00886106 0.00886106 5949.35) (-0.00208225 -0.00208225 5885.54) (-0.000367939 -0.000367939 5827.53)
2300          (-0.00338445 -0.00338445 5560.83) (-0.00165416 -0.00165416 6555.36) (-0.00502345 -0.00502345 6451.49) (-0.00366814 -0.00366814 6353.48) (-0.00232972 -0.00232972 6261.27) (-0.00210428 -0.00210428 6174.8) (0.000968521 0.000968521 6093.93) (0.00624417 0.00624417 6018.83) (0.00886106 0.00886106 5949.35) (-0.00208225 -0.00208225 5885.54) (-0.000367939 -0.000367939 5827.53)
2350          (-0.00338445 -0.00338445 5560.83) (-0.00165416 -0.00165416 6555.36) (-0.00502345 -0.00502345 6451.49) (-0.00366814 -0.00366814 6353.48) (-0.00232972 -0.00232972 6261.27) (-0.00210428 -0.00210428 6174.8) (0.000968521 0.000968521 6093.93) (0.00624417 0.00624417 6018.83) (0.00886106 0.00886106 5949.35) (-0.00208225 -0.00208225 5885.54) (-0.000367939 -0.000367939 5827.53)
2400          (-0.00338445 -0.00338445 5560.83) (-0.00165416 -0.00165416 6555.36) (-0.00502345 -0.00502345 6451.49) (-0.00366814 -0.00366814 6353.48) (-0.00232972 -0.00232972 6261.27) (-0.00210428 -0.00210428 6174.8) (0.000968521 0.000968521 6093.93) (0.00624417 0.00624417 6018.83) (0.00886106 0.00886106 5949.35) (-0.00208225 -0.00208225 5885.54) (-0.000367939 -0.000367939 5827.53)
2450          (-0.00338445 -0.00338445 5560.83) (-0.00165416 -0.00165416 6555.36) (-0.00502345 -0.00502345 6451.49) (-0.00366814 -0.00366814 6353.48) (-0.00232972 -0.00232972 6261.27) (-0.00210428 -0.00210428 6174.8) (0.000968521 0.000968521 6093.93) (0.00624417 0.00624417 6018.83) (0.00886106 0.00886106 5949.35) (-0.00208225 -0.00208225 5885.54) (-0.000367939 -0.000367939 5827.53)
2500          (-0.00338445 -0.00338445 5560.83) (-0.00165416 -0.00165416 6555.36) (-0.00502345 -0.00502345 6451.49) (-0.00366814 -0.00366814 6353.48) (-0.00232972 -0.00232972 6261.27) (-0.00210428 -0.00210428 6174.8) (0.000968521 0.000968521 6093.93) (0.00624417 0.00624417 6018.83) (0.00886106 0.00886106 5949.35) (-0.00208225 -0.00208225 5885.54) (-0.000367939 -0.000367939 5827.53)
2550          (-0.00338445 -0.00338445 5560.83) (-0.00165416 -0.00165416 6555.36) (-0.00502345 -0.00502345 6451.49) (-0.00366814 -0.00366814 6353.48) (-0.00232972 -0.00232972 6261.27) (-0.00210428 -0.00210428 6174.8) (0.000968521 0.000968521 6093.93) (0.00624417 0.00624417 6018.83) (0.00886106 0.00886106 5949.35) (-0.00208225 -0.00208225 5885.54) (-0.000367939 -0.000367939 5827.53)
2600          (-0.00338445 -0.00338445 5560.83) (-0.00165416 -0.00165416 6555.36) (-0.00502345 -0.00502345 6451.49) (-0.00366814 -0.00366814 6353.48) (-0.00232972 -0.00232972 6261.27) (-0.00210428 -0.00210428 6174.8) (0.000968521 0.000968521 6093.93) (0.00624417 0.00624417 6018.83) (0.00886106 0.00886106 5949.35) (-0.00208225 -0.00208225 5885.54) (-0.000367939 -0.000367939 5827.53)
2650          (-0.00338445 -0.00338445 5560.83) (-0.00165416 -0.00165416 6555.36) (-0.00502345 -0.00502345 6451.49) (-0.00366814 -0.00366814 6353.48) (-0.00232972 -0.00232972 6261.27) (-0.00210428 -0.00210428 6174.8) (0.000968521 0.000968521 6093.93) (0.00624417 0.00624417 6018.83) (0.00886106 0.00886106 5949.35) (-0.00208225 -0.00208225 5885.54) (-0.000367939 -0.000367939 5827.53)
2700          (-0.00338445 -0.00338445 5560.83) (-0.00165416 -0.00165416 6555.36) (-0.00502345 -0.00502345 6451.49) (-0.00366814 -0.00366814 6353.48) (-0.00232972 -0.00232972 6261.27) (-0.00210428 -0.00210428 6174.8) (0.000968521 0.000968521 6093.93) (0.00624417 0.00624417 6018.83) (0.00886106 0.00886106 5949.35) (-0.00208225 -0.00208225 5885.54) (-0.000367939 -0.000367939 5827.53)
2750          (-0.00338445 -0.00338445 5560.83) (-0.00165416 -0.00165416 6555.36) (-0.00502345 -0.00502345 6451.49) (-0.00366814 -0.00366814 6353.48) (-0.00232972 -0.00232972 6261.27) (-0.00210428 -0.00210428 6174.8) (0.000968521 0.000968521 6093.93) (0.00624417 0.00624417 6018.83) (0.00886106 0.00886106 5949.35) (-0.00208225 -0.00208225 5885.54) (-0.000367939 -0.000367939 5827.53)
2800          (-0.00338445 -0.00338445 5560.83) (-0.00165416 -0.00165416 6555.36) (-0.00502345 -0.00502345 6451.49) (-0.00366814 -0.00366814 6353.48) (-0.00232972 -0.00232972 6261.27) (-0.00210428 -0.00210428 6174.8) (0.000968521 0.000968521 6093.93) (0.00624417 0.00624417 6018.83) (0.00886106 0.00886106 5949.35) (-0.00208225 -0.00208225 5885.54) (-0.000367939 -0.000367939 5827.53)
2850          (-0.00338445 -0.00338445 5560.83) (-0.00165416 -0.00165416 6555.36) (-0.00502345 -0.00502345 6451.49) (-0.00366814 -0.00366814 6353.48) (-0.00232972 -0.00232972 6261.27) (-0.00210428 -0.00210428 6174.8) (0.000968521 0.000968521 6093.93) (0.00624417 0.00624417 6018.83) (0.00886106 0.00886106 5949.35) (-0.00208225 -0.00208225 5885.54) (-0.000367939 -0.000367939 5827.53)
2900          (-0.00338445 -0.00338445 5560.83) (-0.00165416 -0.00165416 6555.36) (-0.00502345 -0.00502345 6451.49) (-0.00366814 -0.00366814 6353.48) (-0.00232972 -0.00232972 6261.27) (-0.00210428 -0.00210428 6174.8) (0.000968521 0.000968521 6093.93) (0.00624417 0.00624417 6018.83) (0.00886106 0.00886106 5949.35) (-0.00208225 -0.00208225 5885.54) (-0.000367939 -0.000367939 5827.53)
2950          (-0.00338445 -0.00338445 5560.83) (-0.00165416 -0.00165416 6555.36) (-0.00502345 -0.00502345 6451.49) (-0.00366814 -0.00366814 6353.48) (-0.00232972 -0.00232972 6261.27) (-0.00210428 -0.00210428 6174.8) (0.000968521 0.000968521 6093.93) (0.00624417 0.00624417 6018.83) (0.00886106 0.00886106 5949.35) (-0.00208225 -0.00208225 5885.54) (-0.000367939 -0.000367939 5827.53)
3000          (-0.00338445 -0.00338445 5560.83) (-0.00165416 -0.00165416 6555.36) (-0.00502345 -0.00502345 6451.49) (-0.00366814 -0.00366814 6353.48) (-0.00232972 -0.00232972 6261.27) (-0.00210428 -0.00210428 6174.8) (0.000968521 0.000968521 6093.93) (0.00624417 0.00624417 6018.83) (0.00886106 0.00886106 5949.35) (-0.00208225 -0.00208225 5885.54) (-0.000367939 -0.000367939 5827.53)
3050          (-0.00338445 -0.00338445 5560.83) (-0.00165416 -0.00165416 6555.36) (-0.00502345 -0.00502345 6451.49) (-0.00366814 -0.00366814 6353.48) (-0.00232972 -0.00232972 6261.27) (-0.00210428 -0.00210428 6174.8) (0.000968521 0.000968521 6093.93) (0.00624417 0.00624417 6018.83) (0.00886106 0.00886106 5949.35) (-0.00208225 -0.00208225 5885.54) (-0.000367939 -0.000367939 5827.53)
3100          (-0.00338445 -0.00338445 5560.83) (-0.00165416 -0.00165416 6555.36) (-0.00502345 -0.00502345 6451.49) (-0.00366814 -0.00366814 6353.48) (-0.00232972 -0.00232972 6261.27) (-0.00210428 -0.00210428 6174.8) (0.000968521 0.000968521 6093.93) (0.00624417 0.00624417 6018.83) (0.00886106 0.00886106 5949.35) (-0.00208225 -0.00208225 5885.54) (-0.000367939 -0.000367939 5827.53)
3150          (-0.00338445 -0.00338445 5560.83) (-0.00165416 -0.00165416 6555.36) (-0.00502345 -0.00502345 6451.49) (-0.00366814 -0.00366814 6353.48) (-0.00232972 -0.00232972 6261.27) (-0.00210428 -0.00210428 6174.8) (0.000968521 0.000968521 6093.93) (0.00624417 0.00624417 6018.83) (0.00886106 0.00886106 5949.35) (-0.00208225 -0.00208225 5885.54) (-0.000367939 -0.000367939 5827.53)
3200          (-0.00338445 -0.00338445 5560.83) (-0.00165416 -0.00165416 6555.36) (-0.00502345 -0.00502345 6451.49) (-0.00366814 -0.00366814 6353.48) (-0.00232972 -0.00232972 6261.27) (-0.00210428 -0.00210428 6174.8) (0.000968521 0.000968521 6093.93) (0.00624417 0.00624417 6018.83) (0.00886106 0.00886106 5949.35) (-0.00208225 -0.00208225 5885.54) (-0.000367939 -0.000367939 5827.53)
3250          (-0.00338445 -0.00338445 5560.83) (-0.00165416 -0.00165416 6555.36) (-0.00502345 -0.00502345 6451.49) (-0.00366814 -0.00366814 6353.48) (-0.00232972 -0.00232972 6261.27) (-0.00210428 -0.00210428 6174.8) (0.000968521 0.000968521 6093.93) (0.00624417 0.00624417 6018.83) (0.00886106 0.00886106 5949.35) (-0.00208225 -0.00208225 5885.54) (-0.000367939 -0.000367939 5827.53)
3300          (-0.00338445 -0.00338445 5560.83) (-0.00165416 -0.00165416 6555.36) (-0.00502345 -0.00502345 6451.49) (-0.00366814 -0.00366814 6353.48) (-0.00232972 -0.00232972 6261.27) (-0.00210428 -0.00210428 6174.8) (0.000968521 0.000968521 6093.93) (0.00624417 0.00624417 6018.83) (0.00886106 0.00886106 5949.35) (-0.00208225 -0.00208225 5885.54) (-0.000367939 -0.000367939 5827.53)
3350          (-0.00338445 -0.00338445 5560.83) (-0.00165416 -0.00165416 6555.36) (-0.00502345 -0.00502345 6451.49) (-0.00366814 -0.00366814 6353.48) (-0.00232972 -0.00232972 6261.27) (-0.00210428 -0.00210428 6174.8) (0.000968521 0.000968521 6093.93) (0.00624417 0.00624417 6018.83) (0.00886106 0.00886106 5949.35) (-0.00208225 -0.00208225 5885.54) (-0.000367939 -0.000367939 5827.53)
3400          (-0.00338445 -0.00338445 5560.83) (-0.00165416 -0.00165416 6555.36) (-0.00502345 -0.00502345 6451.49) (-0.00366814 -0.00366814 6353.48) (-0.00232972 -0.00232972 6261.27) (-0.00210428 -0.00210428 6174.8) (0.000968521 0.000968521 6093.93) (0.00624417 0.00624417 6018.83) (0.00886106 0.00886106 5949.35) (-0.00208225 -0.00208225 5885.54) (-0.000367939 -0.000367939 5827.53)
3450          (-0.00338445 -0.00338445 5560.83) (-0.00165416 -0.00165416 6555.36) (-0.00502345 -0.00502345 6451.49) (-0.00366814 -0.00366814 6353.48) (-0.00232972 -0.00232972 6261.27) (-0.00210428 -0.00210428 6174.8) (0.000968521 0.000968521 6093.93) (0.00624417 0.00624417 6018.83) (0.00886106 0.00886106 5949.35) (-0.00208225 -0.00208225 5885.54) (-0.000367939 -0.000367939 5827.53)
3500          (-0.00338445 -0.00338445 5560.83) (-0.00165416 -0.00165416 6555.36) (-0.00502345 -0.00502345 6451.49) (-0.00366814 -0.00366814 6353.48) (-0.00232972 -0.00232972 6261.27) (-0.00210428 -0.00210428 6174.8) (0.000968521 0.000968521 6093.93) (0.00624417 0.00624417 6018.83) (0.00886106 0.00886106 5949.35) (-0.00208225 -0.00208225 5885.54) (-0.000367939 -0.000367939 5827.53)
3550          (-0.00338445 -0.00338445 5560.83) (-0.00165416 -0.00165416 6555.36) (-0.00502345 -0.00502345 6451.49) (-0.00366814 -0.00366814 6353.48) (-0.00232972 -0.00232972 6261.27) (-0.00210428 -0.00210428 6174.8) (0.000968521 0.000968521 6093.93) (0.00624417 0.00624417 6018.83) (0.00886106 0.00886106 5949.35) (-0.00208225 -0.00208225 5885.54) (-0.000367939 -0.000367939 5827.53)
3600          (-0.00338445 -0.00338445 5560.83) (-0.00165416 -0.00165416 6555.36) (-0.00502345 -0.00502345 6451.49) (-0.00366814 -0.00366814 6353.48) (-0.00232972 -0.00232972 6261.27) (-0.00210428 -0.00210428 6174.8) (0.000968521 0.000968521 6093.93) (0.00624417 0.00624417 6018.83) (0.00886106 0.00886106 5949.35) (-0.00208225 -0.00208225 5885.54) (-0.000367939 -0.000367939 5827.53)
3650          (-0.00338445 -0.00338445 5560.83) (-0.00165416 -0.00165416 6555.36) (-0.00502345 -0.00502345 6451.49) (-0.00366814 -0.00366814 6353.48) (-0.00232972 -0.00232972 6261.27) (-0.00210428 -0.00210428 6174.8) (0.000968521 0.000968521 6093.93) (0.00624417 0.00624417 6018.83) (0.00886106 0.00886106 5949.35) (-0.00208225 -0.00208225 5885.54) (-0.000367939 -0.000367939 5827.53)
3700          (-0.00338445 -0.00338445 5560.83) (-0.00165416 -0.00165416 6555.36) (-0.00502345 -0.00502345 6451.49) (-0.00366814 -0.00366814 6353.48) (-0.00232972 -0.00232972 6261.27) (-0.00210428 -0.00210428 6174.8) (0.000968521 0.000968521 6093.93) (0.00624417 0.00624417 6018.83) (0.00886106 0.00886106 5949.35) (-0.00208225 -0.00208225 5885.54) (-0.000367939 -0.000367939 5827.53)
3750          (-0.00338445 -0.00338445 5560.83) (-0.00165416 -0.00165416 6555.36) (-0.00502345 -0.00502345 6451.49) (-0.00366814 -0.00366814 6353.48) (-0.00232972 -0.00232972 6261.27) (-0.00210428 -0.00210428 6174.8) (0.000968521 0.000968521 6093.93) (0.00624417 0.00624417 6018.83) (0.00886106 0.00886106 5949.35) (-0.00208225 -0.00208225 5885.54) (-0.000367939 -0.000367939 5827.53)
3800          (-0.00338445 -0.00338445 5560.83) (-0.00165416 -0.00165416 6555.36) (-0.00502345 -0.00502345 6451.49) (-0.00366814 -0.00366814 6353.48) (-0.00232972 -0.00232972 6261.27) (-0.00210428 -0.00210428 6174.8) (0.000968521 0.000968521 6093.93) (0.00624417 0.00624417 6018.83) (0.00886106 0.00886106 5949.35) (-0.00208225 -0.00208225 5885.54) (-0.000367939 -0.000367939 5827.53)
3850          (-0.00338445 -0.00338445 5560.83) (-0.00165416 -0.00165416 6555.36) (-0.00502345 -0.00502345 6451.49) (-0.00366814 -0.00366814 6353.48) (-0.00232972 -0.00232972 6261.27) (-0.00210428 -0.00210428 6174.8) (0.000968521 0.000968521 6093.93) (0.00624417 0.00624417 6018.83) (0.00886106 0.00886106 5949.35) (-0.00208225 -0.00208225 5885.54) (-0.000367939 -0.000367939 5827.53)
3900          (-0.00338445 -0.00338445 5560.83) (-0.00165416 -0.00165416 6555.36) (-0.00502345 -0.00502345 6451.49) (-0.00366814 -0.00366814 6353.48) (-0.00232972 -0.00232972 6261.27) (-0.00210428 -0.00210428 6174.8) (0.000968521 0.000968521 6093.93) (0.00624417 0.00624417 6018.83) (0.00886106 0.00886106 5949.35) (-0.00208225 -0.00208225 5885.54) (-0.000367939 -0.000367939 5827.53)
3950          (-0.00338445 -0.00338445 5560.83) (-0.00165416 -0.00165416 6555.36) (-0.00502345 -0.00502345 6451.49) (-0.00366814 -0.00366814 6353.48) (-0.00232972 -0.00232972 6261.27) (-0.00210428 -0.00210428 6174.8) (0.000968521 0.000968521 6093.93) (0.00624417 0.00624417 6018.83) (0.00886106 0.00886106 5949.35) (-0.00208225 -0.00208225 5885.54) (-0.000367939 -0.000367939 5827.53)
4000          (-0.00338445 -0.00338445 5560.83) (-0.00165416 -0.00165416 6555.36) (-0.00502345 -0.00502345 6451.49) (-0.00366814 -0.00366814 6353.48) (-0.00232972 -0.00232972 6261.27) (-0.00210428 -0.00210428 6174.8) (0.000968521 0.000968521 6093.93) (0.00624417 0.00624417 6018.83) (0.00886106 0.00886106 5949.35) (-0.00208225 -0.00208225 5885.54) (-0.000367939 -0.000367939 5827.53)
4050          (-0.00338445 -0.00338445 5560.83) (-0.00165416 -0.00165416 6555.36) (-0.00502345 -0.00502345 6451.49) (-0.00366814 -0.00366814 6353.48) (-0.00232972 -0.00232972 6261.27) (-0.00210428 -0.00210428 6174.8) (0.000968521 0.000968521 6093.93) (0.00624417 0.00624417 6018.83) (0.00886106 0.00886106 5949.35) (-0.00208225 -0.00208225 5885.54) (-0.000367939 -0.000367939 5827.53)
4100          (-0.00338445 -0.00338445 5560.83) (-0.00165416 -0.00165416 6555.36) (-0.00502345 -0.00502345 6451.49) (-0.00366814 -0.00366814 6353.48) (-0.00232972 -0.00232972 6261.27) (-0.00210428 -0.00210428 6174.8) (0.000968521 0.000968521 6093.93) (0.00624417 0.00624417 6018.83) (0.00886106 0.00886106 5949.35) (-0.00208225 -0.00208225 5885.54) (-0.000367939 -0.000367939 5827.53)
4150          (-0.00338445 -0.00338445 5560.83) (-0.00165416 -0.00165416 6555.36) (-0.00502345 -0.00502345 6451.49) (-0.00366814 -0.00366814 6353.48) (-0.00232972 -0.00232972 6261.27) (-0.00210428 -0.00210428 6174.8) (0.000968521 0.000968521 6093.93) (0.00624417 0.00624417 6018.83) (0.00886106 0.00886106 5949.35) (-0.00208225 -0.00208225 5885.54) (-0.000367939 -0.000367939 5827.53)
4200          (-0.00338445 -0.00338445 5560.83) (-0.00165416 -0.00165416 6555.36) (-0.00502345 -0.00502345 6451.49) (-0.00366814 -0.00366814 6353.48) (-0.00232972 -0.00232972 6261.27) (-0.00210428 -0.00210428 6174.8) (0.000968521 0.000968521 6093.93) (0.00624417 0.00624417 6018.83) (0.00886106 0.00886106 5949.35) (-0.00208225 -0.00208225 5885.54) (-0.000367939 -0.000367939 5827.53)
4250          (-0.00338445 -0.00338445 5560.83) (-0.00165416 -0.00165416 6555.36) (-0.00502345 -0.00502345 6451.49) (-0.00366814 -0.00366814 6353.48) (-0.00232972 -0.00232972 6261.27) (-0.00210428 -0.00210428 6174.8) (0.000968521 0.000968521 6093.93) (0.00624417 0.00624417 6018.83) (0.00886106 0.00886106 5949.35) (-0.00208225 -0.00208225 5885.54) (-0.000367939 -0.000367939 5827.53)
4300          (-0.00338445 -0.00338445 5560.83) (-0.00165416 -0.00165416 6555.36) (-0.00502345 -0.00502345 6451.49) (-0.00366814 -0.00366814 6353.48) (-0.00232972 -0.00232972 6261.27) (-0.00210428 -0.00210428 6174.8) (0.000968521 0.000968521 6093.93) (0.00624417 0.00624417 6018.83) (0.00886106 0.00886106 5949.35) (-0.00208225 -0.00208225 5885.54) (-0.000367939 -0.000367939 5827.53)
4350          (-0.00338445 -0.00338445 5560.83) (-0.00165416 -0.00165416 6555.36) (-0.00502345 -0.00502345 6451.49) (-0.00366814 -0.00366814 6353.48) (-0.00232972 -0.00232972 6261.27) (-0.00210428 -0.00210428 6174.8) (0.000968521 0.000968521 6093.93) (0.00624417 0.00624417 6018.83) (0.00886106 0.00886106 5949.35) (-0.00208225 -0.00208225 5885.54) (-0.000367939 -0.000367939 5827.53)
4400          (-0.00338445 -0.00338445 5560.83) (-0.00165416 -0.00165416 6555.36) (-0.00502345 -0.00502345 6451.49) (-0.00366814 -0.00366814 6353.48) (-0.00232972 -0.00232972 6261.27) (-0.00210428 -0.00210428 6174.8) (0.000968521 0.000968521 6093.93) (0.00624417 0.00624417 6018.83) (0.00886106 0.00886106 5949.35) (-0.00208225 -0.00208225 5885.54) (-0.000367939 -0.000367939 5827.53)
4450          (-0.00338445 -0.00338445 5560.83) (-0.00165416 -0.00165416 6555.36) (-0.00502345 -0.00502345 6451.49) (-0.00366814 -0.00366814 6353.48) (-0.00232972 -0.00232972 6261.27) (-0.00210428 -0.00210428 6174.8) (0.000968521 0.000968521 6093.93) (0.00624417 0.00624417 6018.83) (0.00886106 0.00886106 5949.35) (-0.00208225 -0.00208225 5885.54) (-0.000367939 -0.000367939 5827.53)
4500          (-0.00338445 -0.00338445 5560.83) (-0.00165416 -0.00165416 6555.36) (-0.00502345 -0.00502345 6451.49) (-0.00366814 -0.00366814 6353.48) (-0.00232972 -0.00232972 6261.27) (-0.00210428 -0.00210428 6174.8) (0.000968521 0.000968521 6093.93) (0.00624417 0.00624417 6018.83) (0.00886106 0.00886106 5949.35) (-0.00208225 -0.00208225 5885.54) (-0.000367939 -0.000367939 5827.53)
4550          (-0.00338445 -0.00338445 5560.83) (-0.00165416 -0.00165416 6555.36) (-0.00502345 -0.00502345 6451.49) (-0.00366814 -0.00366814 6353.48) (-0.00232972 -0.00232972 6261.27) (-0.00210428 -0.00210428 6174.8) (0.000968521 0.000968521 6093.93) (0.00624417 0.00624417 6018.83) (0.00886106 0.00886106 5949.35) (-0.00208225 -0.00208225 5885.54) (-0.000367939 -0.000367939 5827.53)
4600          (-0.00338445 -0.00338445 5560.83) (-0.00165416 -0.00165416 6555.36) (-0.00502345 -0.00502345 6451.49) (-0.00366814 -0.00366814 6353.48) (-0.00232972 -0.00232972 6261.27) (-0.00210428 -0.00210428 6174.8) (0.000968521 0.000968521 6093.93) (0.00624417 0.00624417 6018.83) (0.00886106 0.00886106 5949.35) (-0.00208225 -0.00208225 5885.54) (-0.000367939 -0.000367939 5827.53)
4650          (-0.00338445 -0.00338445 5560.83) (-0.00165416 -0.00165416 6555.36) (-0.00502345 -0.00502345 6451.49) (-0.00366814 -0.00366814 6353.48) (-0.00232972 -0.00232972 6261.27) (-0.00210428 -0.00210428 6174.8) (0.000968521 0.000968521 6093.93) (0.00624417 0.00624417 6018.83) (0.00886106 0.00886106 5949.35) (-0.00208225 -0.00208225 5885.54) (-0.000367939 -0.000367939 5827.53)
4700          (-0.00338445 -0.00338445 5560.83) (-0.00165416 -0.00165416 6555.36) (-0.00502345 -0.00502345 6451.49) (-0.00366814 -0.00366814 6353.48) (-0.00232972 -0.00232972 6261.27) (-0.00210428 -0.00210428 6174.8) (0.000968521 0.000968521 6093.93) (0.00624417 0.00624417 6018.83) (0.00886106 0.00886106 5949.35) (-0.00208225 -0.00208225 5885.54) (-0.000367939 -0.000367939 5827.53)
4750          (-0.00338445 -0.00338445 5560.83) (-0.00165416 -0.00165416 6555.36) (-0.00502345 -0.00502345 6451.49) (-0.00366814 -0.00366814 6353.48) (-0.00232972 -0.00232972 6261.27) (-0.00210428 -0.00210428 6174.8) (0.000968521 0.000968521 6093.93) (0.00624417 0.00624417 6018.83) (0.00886106 0.00886106 5949.35) (-0.00208225 -0.00208225 5885.54) (-0.000367939 -0.000367939 5827.53)
4800          (-0.00338445 -0.00338445 5560.83) (-0.00165416 -0.00165416 6555.36) (-0.00502345 -0.00502345 6451.49) (-0.00366814 -0.00366814 6353.48) (-0.00232972 -0.00232972 6261.27) (-0.00210428 -0.00210428 6174.8) (0.000968521 0.000968521 6093.93) (0.00624417 0.00624417 6018.83) (0.00886106 0.00886106 5949.35) (-0.00208225 -0.00208225 5885.54) (-0.000367939 -0.000367939 5827.53)
4850          (-0.00338445 -0.00338445 5560.83) (-0.00165416 -0.00165416 6555.36) (-0.00502345 -0.00502345 6451.49) (-0.00366814 -0.00366814 6353.48) (-0.00232972 -0.00232972 6261.27) (-0.00210428 -0.00210428 6174.8) (0.000968521 0.000968521 6093.93) (0.00624417 0.00624417 6018.83) (0.00886106 0.00886106 5949.35) (-0.00208225 -0.00208225 5885.54) (-0.000367939 -0.000367939 5827.53)
4900          (-0.00338445 -0.00338445 5560.83) (-0.00165416 -0.00165416 6555.36) (-0.00502345 -0.00502345 6451.49) (-0.00366814 -0.00366814 6353.48) (-0.00232972 -0.00232972 6261.27) (-0.00210428 -0.00210428 6174.8) (0.000968521 0.000968521 6093.93) (0.00624417 0.00624417 6018.83) (0.00886106 0.00886106 5949.35) (-0.00208225 -0.00208225 5885.54) (-0.000367939 -0.000367939 5827.53)
4950          (-0.00338445 -0.00338445 5560.83) (-0.00165416 -0.00165416 6555.36) (-0.00502345 -0.00502345 6451.49) (-0.00366814 -0.00366814 6353.48) (-0.00232972 -0.00232972 6261.27) (-0.00210428 -0.00210428 6174.8) (0.000968521 0.000968521 6093.93) (0.00624417 0.00624417 6018.83) (0.00886106 0.00886106 5949.35) (-0.00208225 -0.00208225 5885.54) (-0.000367939 -0.000367939 5827.53)
5000          (-0.00338445 -0.00338445 5560.83) (-0.00165416 -0.00165416 6555.36) (-0.00502345 -0.00502345 6451.49) (-0.00366814 -0.00366814 6353.48) (-0.00232972 -0.00232972 6261.27) (-0.00210428 -0.00210428 6174.8) (0.000968521 0.000968521 6093.93) (0.00624417 0.00624417 6018.83) (0.00886106 0.00886106 5949.35) (-0.00208225 -0.00208225 5885.54) (-0.000367939 -0.000367939 5827.53)
