# Probe 0 (0 0 0)
# Time        0            
1             500          
2             499.575      
3             505.951      
4             512.305      
5             518.636      
6             524.944      
7             531.227      
8             537.486      
9             543.718      
10            549.923      
11            556.101      
12            562.251      
13            568.371      
14            574.461      
15            580.52       
16            586.547      
17            592.542      
18            598.504      
19            604.431      
20            610.323      
21            616.179      
22            621.999      
23            627.781      
24            633.524      
25            639.229      
26            644.893      
27            650.517      
28            656.099      
29            661.638      
30            667.135      
31            672.588      
32            677.996      
33            683.359      
34            688.676      
35            693.946      
36            699.169      
37            704.344      
38            709.47       
39            714.547      
40            719.574      
41            724.55       
42            729.476      
43            734.35       
44            739.173      
45            743.942      
46            748.659      
47            753.323      
48            757.933      
49            762.488      
50            766.99       
51            771.436      
52            775.828      
53            780.164      
54            784.445      
55            788.669      
56            792.838      
57            796.951      
58            801.008      
59            805.009      
60            808.953      
61            812.84       
62            816.672      
63            820.447      
64            824.165      
65            827.828      
66            831.434      
67            834.984      
68            838.479      
69            841.918      
70            845.301      
71            848.629      
72            851.902      
73            855.12       
74            858.284      
75            861.394      
76            864.45       
77            867.453      
78            870.402      
79            873.299      
80            876.144      
81            878.937      
82            881.678      
83            884.369      
84            887.009      
85            889.6        
86            892.141      
87            894.633      
88            897.077      
89            899.473      
90            901.822      
91            904.124      
92            906.38       
93            908.591      
94            910.756      
95            912.877      
96            914.955      
97            916.989      
98            918.981      
99            920.931      
100           922.84       
101           924.708      
102           926.536      
103           928.324      
104           930.074      
105           931.786      
106           933.46       
107           935.097      
108           936.697      
109           938.262      
110           939.792      
111           941.288      
112           942.75       
113           944.178      
114           945.574      
115           946.938      
116           948.27       
117           949.571      
118           950.843      
119           952.084      
120           953.297      
121           954.481      
122           955.637      
123           956.766      
124           957.867      
125           958.943      
126           959.993      
127           961.017      
128           962.017      
129           962.993      
130           963.945      
131           964.874      
132           965.78       
133           966.664      
134           967.526      
135           968.367      
136           969.188      
137           969.988      
138           970.768      
139           971.529      
140           972.271      
141           972.994      
142           973.7        
143           974.387      
144           975.058      
145           975.711      
146           976.348      
147           976.969      
148           977.574      
149           978.164      
150           978.738      
151           979.298      
152           979.844      
153           980.376      
154           980.894      
155           981.399      
156           981.891      
157           982.371      
158           982.838      
159           983.292      
160           983.736      
161           984.167      
162           984.588      
163           984.997      
164           985.396      
165           985.785      
166           986.163      
167           986.532      
168           986.891      
169           987.241      
170           987.581      
171           987.913      
172           988.235      
173           988.55       
174           988.856      
175           989.154      
176           989.444      
177           989.727      
178           990.002      
179           990.27       
180           990.531      
181           990.785      
182           991.032      
183           991.272      
184           991.507      
185           991.735      
186           991.957      
187           992.173      
188           992.383      
189           992.588      
190           992.787      
191           992.982      
192           993.17       
193           993.354      
194           993.533      
195           993.707      
196           993.877      
197           994.042      
198           994.203      
199           994.359      
200           994.511      
201           994.659      
202           994.803      
203           994.943      
204           995.08       
205           995.213      
206           995.342      
207           995.468      
208           995.59       
209           995.709      
210           995.825      
211           995.938      
212           996.048      
213           996.155      
214           996.259      
215           996.36       
216           996.458      
217           996.554      
218           996.648      
219           996.738      
220           996.827      
221           996.912      
222           996.996      
223           997.077      
224           997.157      
225           997.234      
226           997.308      
227           997.381      
228           997.452      
229           997.521      
230           997.589      
231           997.654      
232           997.717      
233           997.779      
234           997.84       
235           997.898      
236           997.955      
237           998.011      
238           998.064      
239           998.117      
240           998.168      
241           998.218      
242           998.266      
243           998.313      
244           998.359      
245           998.403      
246           998.447      
247           998.489      
248           998.53       
249           998.57       
250           998.609      
251           998.646      
252           998.683      
253           998.719      
254           998.754      
255           998.787      
256           998.82       
257           998.852      
258           998.884      
259           998.914      
260           998.943      
261           998.972      
262           999          
263           999.027      
264           999.054      
265           999.079      
266           999.104      
267           999.129      
268           999.152      
269           999.175      
270           999.198      
271           999.219      
272           999.241      
273           999.261      
274           999.281      
275           999.301      
276           999.32       
277           999.338      
278           999.356      
279           999.374      
280           999.391      
281           999.407      
282           999.424      
283           999.439      
284           999.454      
285           999.469      
286           999.484      
287           999.498      
288           999.511      
289           999.525      
290           999.538      
291           999.55       
292           999.562      
293           999.574      
294           999.586      
