# Probe 0 (0 0 0)
# Time        0            
1             500          
2             499.575      
3             505.949      
4             512.301      
5             518.63       
6             524.936      
7             531.218      
8             537.474      
9             543.704      
10            549.908      
11            556.084      
12            562.231      
13            568.35       
14            574.438      
15            580.495      
16            586.521      
17            592.514      
18            598.474      
19            604.4        
20            610.29       
21            616.145      
22            621.963      
23            627.743      
24            633.485      
25            639.188      
26            644.851      
27            650.473      
28            656.054      
29            661.592      
30            667.087      
31            672.539      
32            677.945      
33            683.307      
34            688.623      
35            693.892      
36            699.113      
37            704.287      
38            709.412      
39            714.488      
40            719.514      
41            724.49       
42            729.415      
43            734.288      
44            739.109      
45            743.878      
46            748.595      
47            753.257      
48            757.867      
49            762.422      
50            766.922      
51            771.368      
52            775.759      
53            780.095      
54            784.375      
55            788.6        
56            792.768      
57            796.881      
58            800.937      
59            804.937      
60            808.881      
61            812.769      
62            816.6        
63            820.375      
64            824.093      
65            827.756      
66            831.362      
67            834.912      
68            838.407      
69            841.846      
70            845.229      
71            848.557      
72            851.83       
73            855.049      
74            858.213      
75            861.323      
76            864.379      
77            867.382      
78            870.332      
79            873.229      
80            876.074      
81            878.868      
82            881.61       
83            884.301      
84            886.942      
85            889.533      
86            892.074      
87            894.567      
88            897.011      
89            899.408      
90            901.757      
91            904.06       
92            906.317      
93            908.528      
94            910.694      
95            912.816      
96            914.894      
97            916.929      
98            918.921      
99            920.872      
100           922.781      
101           924.65       
102           926.479      
103           928.268      
104           930.018      
105           931.73       
106           933.405      
107           935.043      
108           936.644      
109           938.21       
110           939.741      
111           941.237      
112           942.699      
113           944.128      
114           945.525      
115           946.889      
116           948.222      
117           949.525      
118           950.796      
119           952.039      
120           953.252      
121           954.437      
122           955.593      
123           956.723      
124           957.825      
125           958.901      
126           959.952      
127           960.977      
128           961.978      
129           962.954      
130           963.907      
131           964.836      
132           965.743      
133           966.628      
134           967.491      
135           968.332      
136           969.153      
137           969.954      
138           970.735      
139           971.496      
140           972.239      
141           972.963      
142           973.669      
143           974.357      
144           975.028      
145           975.682      
146           976.319      
147           976.941      
148           977.546      
149           978.136      
150           978.712      
151           979.272      
152           979.819      
153           980.351      
154           980.87       
155           981.375      
156           981.867      
157           982.347      
158           982.815      
159           983.27       
160           983.714      
161           984.146      
162           984.567      
163           984.977      
164           985.376      
165           985.765      
166           986.144      
167           986.513      
168           986.872      
169           987.222      
170           987.563      
171           987.895      
172           988.218      
173           988.533      
174           988.839      
175           989.138      
176           989.428      
177           989.711      
178           989.987      
179           990.255      
180           990.516      
181           990.77       
182           991.018      
183           991.259      
184           991.493      
185           991.722      
186           991.944      
187           992.16       
188           992.371      
189           992.576      
190           992.776      
191           992.97       
192           993.159      
193           993.343      
194           993.522      
195           993.697      
196           993.867      
197           994.032      
198           994.193      
199           994.349      
200           994.502      
201           994.65       
202           994.794      
203           994.935      
204           995.071      
205           995.204      
206           995.334      
207           995.46       
208           995.582      
209           995.702      
210           995.818      
211           995.931      
212           996.041      
213           996.148      
214           996.252      
215           996.353      
216           996.452      
217           996.548      
218           996.641      
219           996.732      
220           996.82       
221           996.907      
222           996.99       
223           997.072      
224           997.151      
225           997.228      
226           997.303      
227           997.376      
228           997.447      
229           997.516      
230           997.584      
231           997.649      
232           997.713      
233           997.775      
234           997.835      
235           997.894      
236           997.951      
237           998.006      
238           998.06       
239           998.113      
240           998.164      
241           998.214      
242           998.262      
243           998.31       
244           998.355      
245           998.4        
246           998.443      
247           998.486      
248           998.527      
249           998.567      
250           998.606      
251           998.643      
252           998.68       
253           998.716      
254           998.751      
255           998.785      
256           998.818      
257           998.85       
258           998.881      
259           998.911      
260           998.941      
261           998.97       
262           998.998      
263           999.025      
264           999.051      
265           999.077      
266           999.102      
267           999.127      
268           999.15       
269           999.173      
270           999.196      
271           999.218      
272           999.239      
273           999.26       
274           999.28       
275           999.299      
276           999.318      
277           999.337      
278           999.355      
279           999.372      
280           999.389      
281           999.406      
282           999.422      
283           999.438      
284           999.453      
285           999.468      
286           999.482      
287           999.496      
288           999.51       
289           999.523      
290           999.536      
291           999.549      
292           999.561      
293           999.573      
294           999.585      
