# Probe 0 (0 0 0)
# Time        0            
1             500          
2             499.575      
3             505.927      
4             512.258      
5             518.566      
6             524.851      
7             531.112      
8             537.347      
9             543.557      
10            549.74       
11            555.896      
12            562.024      
13            568.123      
14            574.191      
15            580.23       
16            586.236      
17            592.211      
18            598.152      
19            604.059      
20            609.932      
21            615.769      
22            621.57       
23            627.333      
24            633.058      
25            638.745      
26            644.391      
27            649.998      
28            655.563      
29            661.086      
30            666.567      
31            672.004      
32            677.397      
33            682.745      
34            688.048      
35            693.304      
36            698.513      
37            703.675      
38            708.788      
39            713.853      
40            718.868      
41            723.834      
42            728.748      
43            733.612      
44            738.424      
45            743.185      
46            747.892      
47            752.547      
48            757.149      
49            761.697      
50            766.191      
51            770.631      
52            775.016      
53            779.346      
54            783.622      
55            787.841      
56            792.006      
57            796.115      
58            800.168      
59            804.165      
60            808.106      
61            811.992      
62            815.821      
63            819.595      
64            823.312      
65            826.974      
66            830.58       
67            834.13       
68            837.625      
69            841.065      
70            844.449      
71            847.778      
72            851.053      
73            854.274      
74            857.44       
75            860.553      
76            863.612      
77            866.618      
78            869.571      
79            872.472      
80            875.321      
81            878.119      
82            880.865      
83            883.561      
84            886.206      
85            888.802      
86            891.349      
87            893.847      
88            896.297      
89            898.699      
90            901.055      
91            903.363      
92            905.626      
93            907.844      
94            910.016      
95            912.145      
96            914.229      
97            916.271      
98            918.271      
99            920.228      
100           922.145      
101           924.02       
102           925.856      
103           927.653      
104           929.41       
105           931.13       
106           932.812      
107           934.457      
108           936.066      
109           937.639      
110           939.177      
111           940.681      
112           942.151      
113           943.587      
114           944.992      
115           946.363      
116           947.704      
117           949.014      
118           950.293      
119           951.543      
120           952.763      
121           953.956      
122           955.12       
123           956.256      
124           957.366      
125           958.449      
126           959.507      
127           960.539      
128           961.547      
129           962.53       
130           963.49       
131           964.426      
132           965.34       
133           966.231      
134           967.101      
135           967.95       
136           968.777      
137           969.584      
138           970.372      
139           971.139      
140           971.888      
141           972.618      
142           973.33       
143           974.025      
144           974.702      
145           975.361      
146           976.005      
147           976.632      
148           977.243      
149           977.839      
150           978.42       
151           978.986      
152           979.538      
153           980.075      
154           980.599      
155           981.11       
156           981.607      
157           982.092      
158           982.565      
159           983.025      
160           983.473      
161           983.91       
162           984.336      
163           984.75       
164           985.154      
165           985.547      
166           985.931      
167           986.304      
168           986.667      
169           987.021      
170           987.366      
171           987.702      
172           988.029      
173           988.348      
174           988.658      
175           988.96       
176           989.255      
177           989.541      
178           989.82       
179           990.092      
180           990.356      
181           990.614      
182           990.864      
183           991.109      
184           991.346      
185           991.578      
186           991.803      
187           992.023      
188           992.236      
189           992.444      
190           992.646      
191           992.844      
192           993.035      
193           993.222      
194           993.404      
195           993.581      
196           993.753      
197           993.921      
198           994.084      
199           994.243      
200           994.398      
201           994.548      
202           994.695      
203           994.837      
204           994.976      
205           995.111      
206           995.243      
207           995.371      
208           995.495      
209           995.616      
210           995.734      
211           995.849      
212           995.961      
213           996.07       
214           996.176      
215           996.279      
216           996.379      
217           996.477      
218           996.572      
219           996.664      
220           996.754      
221           996.841      
222           996.927      
223           997.009      
224           997.09       
225           997.169      
226           997.245      
227           997.319      
228           997.392      
229           997.462      
230           997.531      
231           997.597      
232           997.662      
233           997.725      
234           997.787      
235           997.846      
236           997.905      
237           997.961      
238           998.016      
239           998.07       
240           998.122      
241           998.173      
242           998.222      
243           998.27       
244           998.317      
245           998.362      
246           998.407      
247           998.45       
248           998.492      
249           998.532      
250           998.572      
251           998.611      
252           998.648      
253           998.685      
254           998.72       
255           998.755      
256           998.789      
257           998.821      
258           998.853      
259           998.884      
260           998.915      
261           998.944      
262           998.972      
263           999          
264           999.027      
265           999.054      
266           999.079      
267           999.104      
268           999.128      
269           999.152      
270           999.175      
271           999.197      
272           999.219      
273           999.24       
274           999.261      
275           999.281      
276           999.3        
277           999.319      
278           999.338      
279           999.355      
280           999.373      
281           999.39       
282           999.406      
283           999.422      
284           999.438      
285           999.453      
286           999.468      
287           999.483      
288           999.497      
289           999.51       
290           999.523      
291           999.536      
292           999.549      
293           999.561      
294           999.573      
