# Probe 0 (0 0 0)
# Time        0            
2             1000         
4             986.391      
6             974.371      
8             962.967      
10            952.127      
12            941.805      
14            931.959      
16            922.553      
18            913.555      
20            904.935      
22            896.668      
24            888.73       
26            881.099      
28            873.755      
30            866.681      
32            859.86       
34            853.278      
36            846.921      
38            840.777      
40            834.833      
42            829.079      
44            823.505      
46            818.103      
48            812.863      
50            807.777      
52            802.839      
54            798.04       
56            793.376      
58            788.839      
60            784.425      
62            780.127      
64            775.942      
66            771.863      
68            767.887      
70            764.01       
72            760.228      
74            756.536      
76            752.933      
78            749.413      
80            745.975      
82            742.615      
84            739.33       
86            736.117      
88            732.975      
90            729.901      
92            726.892      
94            723.946      
96            721.062      
98            718.236      
100           715.468      
102           712.756      
104           710.097      
106           707.49       
108           704.933      
110           702.426      
112           699.966      
114           697.552      
116           695.183      
118           692.857      
120           690.574      
122           688.332      
124           686.13       
126           683.966      
128           681.841      
130           679.752      
132           677.699      
134           675.681      
136           673.697      
138           671.747      
140           669.828      
142           667.941      
144           666.085      
146           664.258      
148           662.461      
150           660.693      
152           658.952      
154           657.238      
156           655.551      
158           653.89       
160           652.254      
162           650.643      
164           649.057      
166           647.494      
168           645.954      
170           644.436      
172           642.941      
174           641.468      
176           640.016      
178           638.584      
180           637.173      
182           635.782      
184           634.411      
186           633.058      
188           631.724      
190           630.409      
192           629.111      
194           627.831      
196           626.569      
198           625.323      
200           624.094      
202           622.881      
204           621.685      
206           620.503      
208           619.338      
210           618.187      
212           617.051      
214           615.93       
216           614.823      
218           613.73       
220           612.651      
222           611.586      
224           610.533      
226           609.494      
228           608.468      
230           607.454      
232           606.452      
234           605.463      
236           604.486      
238           603.52       
240           602.566      
242           601.624      
244           600.692      
246           599.772      
248           598.863      
250           597.964      
252           597.075      
254           596.197      
256           595.329      
258           594.471      
260           593.623      
262           592.784      
264           591.955      
266           591.136      
268           590.325      
270           589.524      
272           588.732      
274           587.948      
276           587.173      
278           586.407      
280           585.649      
282           584.899      
284           584.158      
286           583.425      
288           582.699      
290           581.982      
292           581.272      
294           580.569      
296           579.874      
298           579.187      
300           578.507      
302           577.834      
304           577.168      
306           576.509      
308           575.857      
310           575.211      
312           574.573      
314           573.941      
316           573.315      
318           572.696      
320           572.084      
322           571.477      
324           570.877      
326           570.282      
328           569.694      
330           569.112      
332           568.535      
334           567.965      
336           567.4        
338           566.84       
340           566.286      
342           565.738      
344           565.195      
346           564.657      
348           564.125      
350           563.598      
352           563.076      
354           562.559      
356           562.047      
358           561.54       
360           561.038      
362           560.541      
364           560.048      
366           559.56       
368           559.077      
370           558.599      
372           558.125      
374           557.655      
376           557.19       
378           556.73       
380           556.273      
382           555.821      
384           555.373      
386           554.93       
388           554.49       
390           554.055      
392           553.623      
394           553.196      
396           552.772      
398           552.353      
400           551.937      
402           551.525      
404           551.117      
406           550.712      
408           550.311      
410           549.914      
412           549.521      
414           549.131      
416           548.744      
418           548.361      
420           547.982      
422           547.605      
424           547.233      
426           546.863      
428           546.497      
430           546.134      
432           545.774      
434           545.418      
436           545.064      
438           544.714      
440           544.367      
442           544.023      
444           543.681      
446           543.343      
448           543.008      
450           542.676      
452           542.346      
454           542.02       
456           541.696      
458           541.375      
460           541.057      
462           540.742      
464           540.429      
466           540.119      
468           539.812      
470           539.507      
472           539.205      
474           538.906      
476           538.609      
478           538.314      
480           538.022      
482           537.733      
484           537.446      
486           537.161      
488           536.879      
490           536.599      
492           536.322      
494           536.047      
496           535.774      
498           535.503      
500           535.235      
502           534.969      
504           534.705      
506           534.443      
508           534.184      
510           533.927      
512           533.671      
514           533.418      
516           533.167      
518           532.919      
520           532.672      
522           532.427      
524           532.184      
526           531.943      
528           531.704      
530           531.468      
532           531.233      
534           531          
536           530.768      
538           530.539      
540           530.312      
542           530.086      
544           529.862      
546           529.641      
548           529.42       
550           529.202      
552           528.986      
554           528.771      
556           528.558      
558           528.346      
560           528.136      
562           527.928      
564           527.722      
566           527.517      
568           527.314      
570           527.113      
572           526.913      
574           526.715      
576           526.518      
578           526.323      
580           526.129      
582           525.937      
584           525.747      
586           525.558      
588           525.37       
590           525.184      
592           525          
594           524.817      
596           524.635      
598           524.455      
600           524.276      
602           524.098      
604           523.922      
606           523.748      
608           523.575      
610           523.403      
612           523.232      
614           523.063      
616           522.895      
618           522.728      
620           522.563      
622           522.399      
624           522.236      
626           522.074      
628           521.914      
630           521.755      
632           521.597      
634           521.441      
636           521.285      
638           521.131      
640           520.978      
642           520.826      
644           520.676      
646           520.526      
648           520.378      
650           520.23       
652           520.084      
654           519.939      
656           519.796      
658           519.653      
660           519.511      
662           519.37       
664           519.231      
666           519.092      
668           518.955      
670           518.819      
672           518.683      
674           518.549      
676           518.416      
678           518.284      
680           518.152      
682           518.022      
684           517.893      
686           517.764      
688           517.637      
690           517.511      
692           517.385      
694           517.261      
696           517.137      
698           517.015      
700           516.893      
702           516.772      
704           516.652      
706           516.533      
708           516.415      
710           516.298      
712           516.182      
714           516.066      
716           515.952      
718           515.838      
720           515.725      
722           515.613      
724           515.502      
726           515.391      
728           515.282      
730           515.173      
732           515.065      
734           514.958      
736           514.852      
738           514.746      
740           514.641      
742           514.537      
744           514.434      
746           514.332      
748           514.23       
750           514.129      
752           514.029      
754           513.929      
756           513.831      
758           513.733      
760           513.636      
762           513.539      
764           513.443      
766           513.348      
768           513.254      
770           513.16       
772           513.067      
774           512.974      
776           512.883      
778           512.792      
780           512.701      
782           512.612      
784           512.523      
786           512.434      
788           512.347      
790           512.259      
792           512.173      
794           512.087      
796           512.002      
798           511.917      
800           511.833      
802           511.75       
804           511.667      
806           511.585      
808           511.504      
810           511.423      
812           511.342      
814           511.263      
816           511.184      
818           511.105      
820           511.027      
822           510.949      
824           510.872      
826           510.796      
828           510.72       
830           510.645      
832           510.57       
834           510.496      
836           510.423      
838           510.349      
840           510.277      
842           510.205      
844           510.133      
846           510.062      
848           509.992      
850           509.922      
852           509.852      
854           509.783      
856           509.715      
858           509.647      
860           509.579      
862           509.512      
864           509.446      
866           509.38       
868           509.314      
870           509.249      
872           509.185      
874           509.12       
876           509.057      
878           508.993      
880           508.931      
882           508.868      
884           508.806      
886           508.745      
888           508.684      
890           508.623      
892           508.563      
894           508.503      
896           508.444      
898           508.385      
900           508.327      
902           508.269      
904           508.211      
906           508.154      
908           508.097      
910           508.041      
912           507.985      
914           507.929      
916           507.874      
918           507.819      
920           507.765      
922           507.711      
924           507.657      
926           507.604      
928           507.551      
930           507.498      
932           507.446      
934           507.395      
936           507.343      
938           507.292      
940           507.241      
942           507.191      
944           507.141      
946           507.092      
948           507.042      
950           506.993      
952           506.945      
954           506.897      
956           506.849      
958           506.801      
960           506.754      
962           506.707      
964           506.661      
966           506.615      
968           506.569      
970           506.523      
972           506.478      
974           506.433      
976           506.389      
978           506.344      
980           506.3        
982           506.257      
984           506.213      
986           506.17       
988           506.128      
990           506.085      
992           506.043      
994           506.001      
996           505.96       
998           505.918      
1000          505.877      
1002          505.837      
1004          505.796      
1006          505.756      
1008          505.717      
1010          505.677      
1012          505.638      
1014          505.599      
1016          505.56       
1018          505.522      
1020          505.483      
1022          505.446      
1024          505.408      
1026          505.371      
1028          505.334      
1030          505.297      
1032          505.26       
1034          505.224      
1036          505.188      
1038          505.152      
1040          505.116      
1042          505.081      
1044          505.046      
1046          505.011      
1048          504.977      
1050          504.942      
1052          504.908      
1054          504.874      
1056          504.841      
1058          504.807      
1060          504.774      
1062          504.741      
1064          504.708      
1066          504.676      
1068          504.644      
1070          504.612      
1072          504.58       
1074          504.548      
1076          504.517      
1078          504.486      
1080          504.455      
1082          504.424      
1084          504.394      
1086          504.364      
1088          504.334      
1090          504.304      
1092          504.274      
1094          504.245      
1096          504.215      
1098          504.186      
1100          504.158      
1102          504.129      
1104          504.101      
1106          504.072      
1108          504.044      
1110          504.016      
1112          503.989      
1114          503.961      
1116          503.934      
1118          503.907      
1120          503.88       
1122          503.854      
1124          503.827      
1126          503.801      
1128          503.775      
1130          503.749      
1132          503.723      
1134          503.697      
1136          503.672      
1138          503.647      
1140          503.622      
1142          503.597      
1144          503.572      
1146          503.547      
1148          503.523      
1150          503.499      
1152          503.475      
1154          503.451      
1156          503.427      
1158          503.404      
1160          503.38       
1162          503.357      
1164          503.334      
1166          503.311      
1168          503.288      
1170          503.266      
1172          503.243      
1174          503.221      
1176          503.199      
1178          503.177      
1180          503.155      
1182          503.134      
1184          503.112      
1186          503.091      
1188          503.07       
1190          503.049      
1192          503.028      
1194          503.007      
1196          502.986      
1198          502.966      
1200          502.945      
1202          502.925      
1204          502.905      
1206          502.885      
1208          502.865      
1210          502.846      
1212          502.826      
1214          502.807      
1216          502.788      
1218          502.769      
1220          502.75       
1222          502.731      
1224          502.712      
1226          502.693      
1228          502.675      
1230          502.657      
1232          502.638      
1234          502.62       
1236          502.602      
1238          502.585      
1240          502.567      
1242          502.549      
1244          502.532      
1246          502.515      
1248          502.497      
1250          502.48       
1252          502.463      
1254          502.446      
1256          502.43       
1258          502.413      
1260          502.396      
1262          502.38       
1264          502.364      
1266          502.348      
1268          502.331      
1270          502.316      
1272          502.3        
1274          502.284      
1276          502.268      
1278          502.253      
1280          502.237      
1282          502.222      
1284          502.207      
1286          502.192      
1288          502.177      
1290          502.162      
1292          502.147      
1294          502.132      
1296          502.118      
1298          502.103      
1300          502.089      
1302          502.075      
1304          502.06       
1306          502.046      
1308          502.032      
1310          502.018      
1312          502.005      
1314          501.991      
1316          501.977      
1318          501.964      
1320          501.95       
1322          501.937      
1324          501.924      
1326          501.911      
1328          501.898      
1330          501.885      
1332          501.872      
1334          501.859      
1336          501.846      
1338          501.834      
1340          501.821      
1342          501.809      
1344          501.796      
1346          501.784      
1348          501.772      
1350          501.76       
1352          501.748      
1354          501.736      
1356          501.724      
1358          501.712      
1360          501.7        
1362          501.689      
1364          501.677      
1366          501.666      
1368          501.654      
1370          501.643      
1372          501.632      
1374          501.621      
1376          501.61       
1378          501.599      
1380          501.588      
1382          501.577      
1384          501.566      
1386          501.555      
1388          501.545      
1390          501.534      
1392          501.524      
1394          501.513      
1396          501.503      
1398          501.493      
1400          501.483      
1402          501.472      
1404          501.462      
1406          501.452      
1408          501.442      
1410          501.433      
1412          501.423      
1414          501.413      
1416          501.404      
1418          501.394      
1420          501.384      
1422          501.375      
1424          501.366      
1426          501.356      
1428          501.347      
1430          501.338      
1432          501.329      
1434          501.32       
1436          501.311      
1438          501.302      
1440          501.293      
1442          501.284      
1444          501.275      
1446          501.266      
1448          501.258      
1450          501.249      
1452          501.241      
1454          501.232      
1456          501.224      
1458          501.216      
1460          501.207      
1462          501.199      
1464          501.191      
1466          501.183      
1468          501.175      
1470          501.167      
1472          501.159      
1474          501.151      
1476          501.143      
1478          501.135      
1480          501.127      
1482          501.12       
1484          501.112      
1486          501.104      
1488          501.097      
1490          501.089      
1492          501.082      
1494          501.075      
1496          501.067      
1498          501.06       
1500          501.053      
1502          501.046      
1504          501.038      
1506          501.031      
1508          501.024      
1510          501.017      
1512          501.01       
1514          501.004      
1516          500.997      
1518          500.99       
1520          500.983      
1522          500.976      
1524          500.97       
1526          500.963      
1528          500.957      
1530          500.95       
1532          500.944      
1534          500.937      
1536          500.931      
1538          500.924      
1540          500.918      
1542          500.912      
1544          500.906      
1546          500.9        
1548          500.893      
1550          500.887      
1552          500.881      
1554          500.875      
1556          500.869      
1558          500.863      
1560          500.857      
1562          500.852      
1564          500.846      
1566          500.84       
1568          500.834      
1570          500.829      
1572          500.823      
1574          500.817      
1576          500.812      
1578          500.806      
1580          500.801      
1582          500.795      
1584          500.79       
1586          500.785      
1588          500.779      
1590          500.774      
1592          500.769      
1594          500.763      
1596          500.758      
1598          500.753      
1600          500.748      
1602          500.743      
1604          500.738      
1606          500.733      
1608          500.728      
1610          500.723      
1612          500.718      
1614          500.713      
1616          500.708      
1618          500.703      
1620          500.698      
1622          500.694      
1624          500.689      
1626          500.684      
1628          500.68       
1630          500.675      
1632          500.67       
1634          500.666      
1636          500.661      
1638          500.657      
1640          500.652      
1642          500.648      
1644          500.643      
1646          500.639      
1648          500.635      
1650          500.63       
1652          500.626      
1654          500.622      
1656          500.618      
1658          500.613      
1660          500.609      
1662          500.605      
1664          500.601      
1666          500.597      
1668          500.593      
1670          500.589      
1672          500.585      
1674          500.581      
1676          500.577      
1678          500.573      
1680          500.569      
1682          500.565      
1684          500.561      
1686          500.557      
1688          500.554      
1690          500.55       
1692          500.546      
1694          500.542      
1696          500.539      
1698          500.535      
1700          500.531      
1702          500.528      
1704          500.524      
1706          500.521      
1708          500.517      
1710          500.514      
1712          500.51       
1714          500.507      
1716          500.503      
1718          500.5        
1720          500.496      
1722          500.493      
1724          500.49       
1726          500.486      
1728          500.483      
1730          500.48       
1732          500.476      
1734          500.473      
1736          500.47       
1738          500.467      
1740          500.464      
1742          500.46       
1744          500.457      
1746          500.454      
1748          500.451      
1750          500.448      
1752          500.445      
1754          500.442      
1756          500.439      
1758          500.436      
1760          500.433      
1762          500.43       
1764          500.427      
1766          500.424      
1768          500.421      
1770          500.418      
1772          500.416      
1774          500.413      
1776          500.41       
1778          500.407      
1780          500.404      
1782          500.402      
1784          500.399      
1786          500.396      
1788          500.393      
1790          500.391      
1792          500.388      
1794          500.385      
1796          500.383      
1798          500.38       
1800          500.378      
1802          500.375      
1804          500.373      
1806          500.37       
1808          500.368      
1810          500.365      
1812          500.363      
1814          500.36       
1816          500.358      
1818          500.355      
1820          500.353      
1822          500.35       
1824          500.348      
1826          500.346      
1828          500.343      
1830          500.341      
1832          500.339      
1834          500.336      
1836          500.334      
1838          500.332      
1840          500.329      
1842          500.327      
1844          500.325      
1846          500.323      
1848          500.321      
1850          500.318      
1852          500.316      
1854          500.314      
1856          500.312      
1858          500.31       
1860          500.308      
1862          500.306      
1864          500.304      
1866          500.301      
1868          500.299      
1870          500.297      
1872          500.295      
1874          500.293      
1876          500.291      
1878          500.289      
1880          500.287      
1882          500.285      
1884          500.284      
1886          500.282      
1888          500.28       
1890          500.278      
1892          500.276      
1894          500.274      
1896          500.272      
1898          500.27       
1900          500.268      
1902          500.267      
1904          500.265      
1906          500.263      
1908          500.261      
1910          500.259      
1912          500.258      
1914          500.256      
1916          500.254      
1918          500.252      
1920          500.251      
1922          500.249      
1924          500.247      
1926          500.246      
1928          500.244      
1930          500.242      
1932          500.241      
1934          500.239      
1936          500.237      
1938          500.236      
1940          500.234      
1942          500.233      
1944          500.231      
1946          500.229      
1948          500.228      
1950          500.226      
1952          500.225      
1954          500.223      
1956          500.222      
1958          500.22       
1960          500.219      
1962          500.217      
1964          500.216      
1966          500.214      
1968          500.213      
1970          500.211      
1972          500.21       
1974          500.209      
1976          500.207      
1978          500.206      
1980          500.204      
1982          500.203      
1984          500.202      
1986          500.2        
1988          500.199      
1990          500.197      
1992          500.196      
1994          500.195      
1996          500.193      
1998          500.192      
2000          500.191      
2002          500.19       
2004          500.188      
2006          500.187      
2008          500.186      
2010          500.184      
2012          500.183      
2014          500.182      
2016          500.181      
2018          500.179      
2020          500.178      
2022          500.177      
2024          500.176      
2026          500.175      
2028          500.173      
2030          500.172      
2032          500.171      
2034          500.17       
2036          500.169      
2038          500.168      
2040          500.166      
2042          500.165      
2044          500.164      
2046          500.163      
2048          500.162      
2050          500.161      
2052          500.16       
2054          500.159      
2056          500.158      
2058          500.157      
2060          500.156      
2062          500.154      
2064          500.153      
2066          500.152      
2068          500.151      
2070          500.15       
2072          500.149      
2074          500.148      
2076          500.147      
2078          500.146      
2080          500.145      
2082          500.144      
2084          500.143      
2086          500.142      
2088          500.141      
2090          500.14       
2092          500.139      
2094          500.138      
2096          500.138      
2098          500.137      
2100          500.136      
2102          500.135      
2104          500.134      
2106          500.133      
2108          500.132      
2110          500.131      
2112          500.13       
2114          500.129      
2116          500.128      
2118          500.128      
2120          500.127      
2122          500.126      
2124          500.125      
2126          500.124      
2128          500.123      
2130          500.122      
2132          500.122      
2134          500.121      
2136          500.12       
2138          500.119      
2140          500.118      
2142          500.118      
2144          500.117      
2146          500.116      
2148          500.115      
2150          500.114      
2152          500.114      
2154          500.113      
2156          500.112      
2158          500.111      
2160          500.111      
2162          500.11       
2164          500.109      
2166          500.108      
2168          500.108      
2170          500.107      
2172          500.106      
2174          500.105      
2176          500.105      
2178          500.104      
2180          500.103      
2182          500.103      
2184          500.102      
2186          500.101      
2188          500.1        
2190          500.1        
2192          500.099      
2194          500.098      
2196          500.098      
2198          500.097      
2200          500.096      
2202          500.096      
2204          500.095      
2206          500.094      
2208          500.094      
2210          500.093      
2212          500.093      
2214          500.092      
2216          500.091      
2218          500.091      
2220          500.09       
2222          500.089      
2224          500.089      
2226          500.088      
2228          500.088      
2230          500.087      
2232          500.086      
2234          500.086      
2236          500.085      
2238          500.085      
2240          500.084      
2242          500.084      
2244          500.083      
2246          500.082      
2248          500.082      
2250          500.081      
2252          500.081      
2254          500.08       
2256          500.08       
2258          500.079      
2260          500.079      
2262          500.078      
2264          500.078      
2266          500.077      
2268          500.076      
2270          500.076      
2272          500.075      
2274          500.075      
2276          500.074      
2278          500.074      
2280          500.073      
2282          500.073      
2284          500.072      
2286          500.072      
2288          500.071      
2290          500.071      
2292          500.07       
2294          500.07       
2296          500.07       
2298          500.069      
2300          500.069      
2302          500.068      
2304          500.068      
2306          500.067      
2308          500.067      
2310          500.066      
2312          500.066      
2314          500.065      
2316          500.065      
2318          500.064      
2320          500.064      
2322          500.064      
2324          500.063      
2326          500.063      
2328          500.062      
2330          500.062      
2332          500.061      
2334          500.061      
2336          500.061      
2338          500.06       
2340          500.06       
2342          500.059      
2344          500.059      
2346          500.059      
2348          500.058      
2350          500.058      
2352          500.057      
