# Probe 0 (0.0015 0.0015 0)
# Probe 1 (0.0015 0.0015 0.002)
# Probe 2 (0.0015 0.0015 0.004)
# Probe 3 (0.0015 0.0015 0.006)
# Probe 4 (0.0015 0.0015 0.008)
# Probe 5 (0.0015 0.0015 0.01)
# Probe 6 (0.0015 0.0015 0.012)
# Probe 7 (0.0015 0.0015 0.014)
# Probe 8 (0.0015 0.0015 0.016)
# Probe 9 (0.0015 0.0015 0.018)
# Probe 10 (0.0015 0.0015 0.02)
# Time        0             1             2             3             4             5             6             7             8             9             10           
50            0.000655931   0.000621653   0.000543195   0.000655598   0.00073553    0.000623516   0.000523784   0.000584654   0.000576793   0.000475118   0.000635904  
100           0.000655931   0.000621653   0.000543195   0.000655598   0.00073553    0.000623516   0.000523784   0.000584654   0.000576793   0.000475118   0.000635904  
150           0.000655931   0.000621653   0.000543195   0.000655598   0.00073553    0.000623516   0.000523784   0.000584654   0.000576793   0.000475118   0.000635904  
200           0.000655931   0.000621653   0.000543195   0.000655598   0.00073553    0.000623516   0.000523784   0.000584654   0.000576793   0.000475118   0.000635904  
250           0.000655931   0.000621653   0.000543195   0.000655598   0.00073553    0.000623516   0.000523784   0.000584654   0.000576793   0.000475118   0.000635904  
300           0.000655931   0.000621653   0.000543195   0.000655598   0.00073553    0.000623516   0.000523784   0.000584654   0.000576793   0.000475118   0.000635904  
350           0.000655931   0.000621653   0.000543195   0.000655598   0.00073553    0.000623516   0.000523784   0.000584654   0.000576793   0.000475118   0.000635904  
400           0.000655931   0.000621653   0.000543195   0.000655598   0.00073553    0.000623516   0.000523784   0.000584654   0.000576793   0.000475118   0.000635904  
450           0.000655931   0.000621653   0.000543195   0.000655598   0.00073553    0.000623516   0.000523784   0.000584654   0.000576793   0.000475118   0.000635904  
500           0.000655931   0.000621653   0.000543195   0.000655598   0.00073553    0.000623516   0.000523784   0.000584654   0.000576793   0.000475118   0.000635904  
550           0.000655931   0.000621653   0.000543195   0.000655598   0.00073553    0.000623516   0.000523784   0.000584654   0.000576793   0.000475118   0.000635904  
600           0.000655931   0.000621653   0.000543195   0.000655598   0.00073553    0.000623516   0.000523784   0.000584654   0.000576793   0.000475118   0.000635904  
650           0.000655931   0.000621653   0.000543195   0.000655598   0.00073553    0.000623516   0.000523784   0.000584654   0.000576793   0.000475118   0.000635904  
700           0.000655931   0.000621653   0.000543195   0.000655598   0.00073553    0.000623516   0.000523784   0.000584654   0.000576793   0.000475118   0.000635904  
750           0.000655931   0.000621653   0.000543195   0.000655598   0.00073553    0.000623516   0.000523784   0.000584654   0.000576793   0.000475118   0.000635904  
800           0.000655931   0.000621653   0.000543195   0.000655598   0.00073553    0.000623516   0.000523784   0.000584654   0.000576793   0.000475118   0.000635904  
850           0.000655931   0.000621653   0.000543195   0.000655598   0.00073553    0.000623516   0.000523784   0.000584654   0.000576793   0.000475118   0.000635904  
900           0.000655931   0.000621653   0.000543195   0.000655598   0.00073553    0.000623516   0.000523784   0.000584654   0.000576793   0.000475118   0.000635904  
950           0.000655931   0.000621653   0.000543195   0.000655598   0.00073553    0.000623516   0.000523784   0.000584654   0.000576793   0.000475118   0.000635904  
1000          0.000655931   0.000621653   0.000543195   0.000655598   0.00073553    0.000623516   0.000523784   0.000584654   0.000576793   0.000475118   0.000635904  
1050          0.000655931   0.000621653   0.000543195   0.000655598   0.00073553    0.000623516   0.000523784   0.000584654   0.000576793   0.000475118   0.000635904  
1100          0.000655931   0.000621653   0.000543195   0.000655598   0.00073553    0.000623516   0.000523784   0.000584654   0.000576793   0.000475118   0.000635904  
1150          0.000655931   0.000621653   0.000543195   0.000655598   0.00073553    0.000623516   0.000523784   0.000584654   0.000576793   0.000475118   0.000635904  
1200          0.000655931   0.000621653   0.000543195   0.000655598   0.00073553    0.000623516   0.000523784   0.000584654   0.000576793   0.000475118   0.000635904  
1250          0.000655931   0.000621653   0.000543195   0.000655598   0.00073553    0.000623516   0.000523784   0.000584654   0.000576793   0.000475118   0.000635904  
1300          0.000655931   0.000621653   0.000543195   0.000655598   0.00073553    0.000623516   0.000523784   0.000584654   0.000576793   0.000475118   0.000635904  
1350          0.000655931   0.000621653   0.000543195   0.000655598   0.00073553    0.000623516   0.000523784   0.000584654   0.000576793   0.000475118   0.000635904  
1400          0.000655931   0.000621653   0.000543195   0.000655598   0.00073553    0.000623516   0.000523784   0.000584654   0.000576793   0.000475118   0.000635904  
1450          0.000655931   0.000621653   0.000543195   0.000655598   0.00073553    0.000623516   0.000523784   0.000584654   0.000576793   0.000475118   0.000635904  
1500          0.000655931   0.000621653   0.000543195   0.000655598   0.00073553    0.000623516   0.000523784   0.000584654   0.000576793   0.000475118   0.000635904  
1550          0.000655931   0.000621653   0.000543195   0.000655598   0.00073553    0.000623516   0.000523784   0.000584654   0.000576793   0.000475118   0.000635904  
1600          0.000655931   0.000621653   0.000543195   0.000655598   0.00073553    0.000623516   0.000523784   0.000584654   0.000576793   0.000475118   0.000635904  
1650          0.000655931   0.000621653   0.000543195   0.000655598   0.00073553    0.000623516   0.000523784   0.000584654   0.000576793   0.000475118   0.000635904  
1700          0.000655931   0.000621653   0.000543195   0.000655598   0.00073553    0.000623516   0.000523784   0.000584654   0.000576793   0.000475118   0.000635904  
1750          0.000655931   0.000621653   0.000543195   0.000655598   0.00073553    0.000623516   0.000523784   0.000584654   0.000576793   0.000475118   0.000635904  
1800          0.000655931   0.000621653   0.000543195   0.000655598   0.00073553    0.000623516   0.000523784   0.000584654   0.000576793   0.000475118   0.000635904  
1850          0.000655931   0.000621653   0.000543195   0.000655598   0.00073553    0.000623516   0.000523784   0.000584654   0.000576793   0.000475118   0.000635904  
1900          0.000655931   0.000621653   0.000543195   0.000655598   0.00073553    0.000623516   0.000523784   0.000584654   0.000576793   0.000475118   0.000635904  
1950          0.000655931   0.000621653   0.000543195   0.000655598   0.00073553    0.000623516   0.000523784   0.000584654   0.000576793   0.000475118   0.000635904  
2000          0.000655931   0.000621653   0.000543195   0.000655598   0.00073553    0.000623516   0.000523784   0.000584654   0.000576793   0.000475118   0.000635904  
2050          0.000655931   0.000621653   0.000543195   0.000655598   0.00073553    0.000623516   0.000523784   0.000584654   0.000576793   0.000475118   0.000635904  
2100          0.000655931   0.000621653   0.000543195   0.000655598   0.00073553    0.000623516   0.000523784   0.000584654   0.000576793   0.000475118   0.000635904  
2150          0.000655931   0.000621653   0.000543195   0.000655598   0.00073553    0.000623516   0.000523784   0.000584654   0.000576793   0.000475118   0.000635904  
2200          0.000655931   0.000621653   0.000543195   0.000655598   0.00073553    0.000623516   0.000523784   0.000584654   0.000576793   0.000475118   0.000635904  
2250          0.000655931   0.000621653   0.000543195   0.000655598   0.00073553    0.000623516   0.000523784   0.000584654   0.000576793   0.000475118   0.000635904  
2300          0.000655931   0.000621653   0.000543195   0.000655598   0.00073553    0.000623516   0.000523784   0.000584654   0.000576793   0.000475118   0.000635904  
2350          0.000655931   0.000621653   0.000543195   0.000655598   0.00073553    0.000623516   0.000523784   0.000584654   0.000576793   0.000475118   0.000635904  
2400          0.000655931   0.000621653   0.000543195   0.000655598   0.00073553    0.000623516   0.000523784   0.000584654   0.000576793   0.000475118   0.000635904  
2450          0.000655931   0.000621653   0.000543195   0.000655598   0.00073553    0.000623516   0.000523784   0.000584654   0.000576793   0.000475118   0.000635904  
2500          0.000655931   0.000621653   0.000543195   0.000655598   0.00073553    0.000623516   0.000523784   0.000584654   0.000576793   0.000475118   0.000635904  
2550          0.000655931   0.000621653   0.000543195   0.000655598   0.00073553    0.000623516   0.000523784   0.000584654   0.000576793   0.000475118   0.000635904  
2600          0.000655931   0.000621653   0.000543195   0.000655598   0.00073553    0.000623516   0.000523784   0.000584654   0.000576793   0.000475118   0.000635904  
2650          0.000655931   0.000621653   0.000543195   0.000655598   0.00073553    0.000623516   0.000523784   0.000584654   0.000576793   0.000475118   0.000635904  
2700          0.000655931   0.000621653   0.000543195   0.000655598   0.00073553    0.000623516   0.000523784   0.000584654   0.000576793   0.000475118   0.000635904  
2750          0.000655931   0.000621653   0.000543195   0.000655598   0.00073553    0.000623516   0.000523784   0.000584654   0.000576793   0.000475118   0.000635904  
2800          0.000655931   0.000621653   0.000543195   0.000655598   0.00073553    0.000623516   0.000523784   0.000584654   0.000576793   0.000475118   0.000635904  
2850          0.000655931   0.000621653   0.000543195   0.000655598   0.00073553    0.000623516   0.000523784   0.000584654   0.000576793   0.000475118   0.000635904  
2900          0.000655931   0.000621653   0.000543195   0.000655598   0.00073553    0.000623516   0.000523784   0.000584654   0.000576793   0.000475118   0.000635904  
2950          0.000655931   0.000621653   0.000543195   0.000655598   0.00073553    0.000623516   0.000523784   0.000584654   0.000576793   0.000475118   0.000635904  
3000          0.000655931   0.000621653   0.000543195   0.000655598   0.00073553    0.000623516   0.000523784   0.000584654   0.000576793   0.000475118   0.000635904  
3050          0.000655931   0.000621653   0.000543195   0.000655598   0.00073553    0.000623516   0.000523784   0.000584654   0.000576793   0.000475118   0.000635904  
3100          0.000655931   0.000621653   0.000543195   0.000655598   0.00073553    0.000623516   0.000523784   0.000584654   0.000576793   0.000475118   0.000635904  
3150          0.000655931   0.000621653   0.000543195   0.000655598   0.00073553    0.000623516   0.000523784   0.000584654   0.000576793   0.000475118   0.000635904  
3200          0.000655931   0.000621653   0.000543195   0.000655598   0.00073553    0.000623516   0.000523784   0.000584654   0.000576793   0.000475118   0.000635904  
3250          0.000655931   0.000621653   0.000543195   0.000655598   0.00073553    0.000623516   0.000523784   0.000584654   0.000576793   0.000475118   0.000635904  
3300          0.000655931   0.000621653   0.000543195   0.000655598   0.00073553    0.000623516   0.000523784   0.000584654   0.000576793   0.000475118   0.000635904  
3350          0.000655931   0.000621653   0.000543195   0.000655598   0.00073553    0.000623516   0.000523784   0.000584654   0.000576793   0.000475118   0.000635904  
3400          0.000655931   0.000621653   0.000543195   0.000655598   0.00073553    0.000623516   0.000523784   0.000584654   0.000576793   0.000475118   0.000635904  
3450          0.000655931   0.000621653   0.000543195   0.000655598   0.00073553    0.000623516   0.000523784   0.000584654   0.000576793   0.000475118   0.000635904  
3500          0.000655931   0.000621653   0.000543195   0.000655598   0.00073553    0.000623516   0.000523784   0.000584654   0.000576793   0.000475118   0.000635904  
3550          0.000655931   0.000621653   0.000543195   0.000655598   0.00073553    0.000623516   0.000523784   0.000584654   0.000576793   0.000475118   0.000635904  
3600          0.000655931   0.000621653   0.000543195   0.000655598   0.00073553    0.000623516   0.000523784   0.000584654   0.000576793   0.000475118   0.000635904  
3650          0.000655931   0.000621653   0.000543195   0.000655598   0.00073553    0.000623516   0.000523784   0.000584654   0.000576793   0.000475118   0.000635904  
3700          0.000655931   0.000621653   0.000543195   0.000655598   0.00073553    0.000623516   0.000523784   0.000584654   0.000576793   0.000475118   0.000635904  
3750          0.000655931   0.000621653   0.000543195   0.000655598   0.00073553    0.000623516   0.000523784   0.000584654   0.000576793   0.000475118   0.000635904  
3800          0.000655931   0.000621653   0.000543195   0.000655598   0.00073553    0.000623516   0.000523784   0.000584654   0.000576793   0.000475118   0.000635904  
3850          0.000655931   0.000621653   0.000543195   0.000655598   0.00073553    0.000623516   0.000523784   0.000584654   0.000576793   0.000475118   0.000635904  
3900          0.000655931   0.000621653   0.000543195   0.000655598   0.00073553    0.000623516   0.000523784   0.000584654   0.000576793   0.000475118   0.000635904  
3950          0.000655931   0.000621653   0.000543195   0.000655598   0.00073553    0.000623516   0.000523784   0.000584654   0.000576793   0.000475118   0.000635904  
4000          0.000655931   0.000621653   0.000543195   0.000655598   0.00073553    0.000623516   0.000523784   0.000584654   0.000576793   0.000475118   0.000635904  
4050          0.000655931   0.000621653   0.000543195   0.000655598   0.00073553    0.000623516   0.000523784   0.000584654   0.000576793   0.000475118   0.000635904  
4100          0.000655931   0.000621653   0.000543195   0.000655598   0.00073553    0.000623516   0.000523784   0.000584654   0.000576793   0.000475118   0.000635904  
4150          0.000655931   0.000621653   0.000543195   0.000655598   0.00073553    0.000623516   0.000523784   0.000584654   0.000576793   0.000475118   0.000635904  
4200          0.000655931   0.000621653   0.000543195   0.000655598   0.00073553    0.000623516   0.000523784   0.000584654   0.000576793   0.000475118   0.000635904  
4250          0.000655931   0.000621653   0.000543195   0.000655598   0.00073553    0.000623516   0.000523784   0.000584654   0.000576793   0.000475118   0.000635904  
4300          0.000655931   0.000621653   0.000543195   0.000655598   0.00073553    0.000623516   0.000523784   0.000584654   0.000576793   0.000475118   0.000635904  
4350          0.000655931   0.000621653   0.000543195   0.000655598   0.00073553    0.000623516   0.000523784   0.000584654   0.000576793   0.000475118   0.000635904  
4400          0.000655931   0.000621653   0.000543195   0.000655598   0.00073553    0.000623516   0.000523784   0.000584654   0.000576793   0.000475118   0.000635904  
4450          0.000655931   0.000621653   0.000543195   0.000655598   0.00073553    0.000623516   0.000523784   0.000584654   0.000576793   0.000475118   0.000635904  
4500          0.000655931   0.000621653   0.000543195   0.000655598   0.00073553    0.000623516   0.000523784   0.000584654   0.000576793   0.000475118   0.000635904  
4550          0.000655931   0.000621653   0.000543195   0.000655598   0.00073553    0.000623516   0.000523784   0.000584654   0.000576793   0.000475118   0.000635904  
4600          0.000655931   0.000621653   0.000543195   0.000655598   0.00073553    0.000623516   0.000523784   0.000584654   0.000576793   0.000475118   0.000635904  
4650          0.000655931   0.000621653   0.000543195   0.000655598   0.00073553    0.000623516   0.000523784   0.000584654   0.000576793   0.000475118   0.000635904  
4700          0.000655931   0.000621653   0.000543195   0.000655598   0.00073553    0.000623516   0.000523784   0.000584654   0.000576793   0.000475118   0.000635904  
4750          0.000655931   0.000621653   0.000543195   0.000655598   0.00073553    0.000623516   0.000523784   0.000584654   0.000576793   0.000475118   0.000635904  
4800          0.000655931   0.000621653   0.000543195   0.000655598   0.00073553    0.000623516   0.000523784   0.000584654   0.000576793   0.000475118   0.000635904  
4850          0.000655931   0.000621653   0.000543195   0.000655598   0.00073553    0.000623516   0.000523784   0.000584654   0.000576793   0.000475118   0.000635904  
4900          0.000655931   0.000621653   0.000543195   0.000655598   0.00073553    0.000623516   0.000523784   0.000584654   0.000576793   0.000475118   0.000635904  
4950          0.000655931   0.000621653   0.000543195   0.000655598   0.00073553    0.000623516   0.000523784   0.000584654   0.000576793   0.000475118   0.000635904  
5000          0.000655931   0.000621653   0.000543195   0.000655598   0.00073553    0.000623516   0.000523784   0.000584654   0.000576793   0.000475118   0.000635904  
