# Probe 0 (0.0015 0.0015 0)
# Probe 1 (0.0015 0.0015 0.002)
# Probe 2 (0.0015 0.0015 0.004)
# Probe 3 (0.0015 0.0015 0.006)
# Probe 4 (0.0015 0.0015 0.008)
# Probe 5 (0.0015 0.0015 0.01)
# Probe 6 (0.0015 0.0015 0.012)
# Probe 7 (0.0015 0.0015 0.014)
# Probe 8 (0.0015 0.0015 0.016)
# Probe 9 (0.0015 0.0015 0.018)
# Probe 10 (0.0015 0.0015 0.02)
# Time        0             1             2             3             4             5             6             7             8             9             10           
50            (-409.185 -39.4153 33952.4) (551.373 -70.5526 24342) (45.4849 58.3101 9525.38) (1.51675 -49.6509 3217) (18.1289 0.725504 917.902) (-2.61344 -0.966026 338.725) (-1.05386 1.33837 84.2461) (-1.21363 7.32312 -46.7668) (-2.44647 1.2103 -211.657) (3.23282 13.0584 -702.203) (-26.3116 -4.31278 -1990.87)
100           (-1215.9 -98.9626 27836) (16.264 -191.445 25052.2) (131.11 111.469 14644.9) (-3.99837 -60.8044 5706.22) (34.4677 3.83677 1730.28) (-2.11957 0.181683 672.921) (1.42671 1.61502 172.972) (-0.873445 6.8391 -29.0734) (-2.42374 1.57979 -234.263) (4.73173 9.50621 -750.791) (-32.7603 -12.2938 -1930.09)
150           (-1439.1 -135.394 23076.4) (-495.38 -235.328 22330.1) (265.37 336.912 17791.2) (-22.4774 -8.27103 8670.76) (56.6178 5.94282 2940.24) (-1.60988 1.68725 1193.79) (5.32561 2.1531 318.688) (-0.379443 6.07379 7.66403) (-2.33145 1.94084 -254.008) (6.26894 5.53477 -802.161) (-38.7318 -20.823 -1861.75)
200           (-1531.3 -151.27 19987.9) (-733.343 -245.19 19821.9) (297.738 601.382 18369) (-68.1619 140.198 11119.2) (78.3047 -0.871769 4514.76) (-1.50102 3.00894 1931.75) (10.9439 3.13816 538.731) (0.289452 4.98964 70.7404) (-2.16572 2.2597 -267.118) (7.77048 1.15089 -850.273) (-42.8793 -28.0113 -1788.51)
250           (-1585.66 -160.032 17875.1) (-875.333 -247.633 17944.6) (281.777 752.337 17760) (-111.647 337.759 12379) (88.5321 -28.5302 6288.48) (-2.67749 2.53036 2898.29) (18.5652 4.89304 854.693) (1.16149 3.54427 170.086) (-1.90546 2.50299 -269.084) (9.18846 -3.60625 -890.239) (-44.9559 -32.8881 -1712.28)
300           (-1622.59 -166.009 16317.6) (-974.686 -248.66 16511.4) (280.262 839.017 16885.6) (-126.945 508.612 12620) (83.138 -79.9364 7944.32) (-6.80794 -3.51196 4054.92) (28.2681 7.97604 1290.49) (2.24667 1.7324 318.119) (-1.52877 2.63086 -254.647) (10.5025 -8.66273 -918.24) (-45.3891 -35.6351 -1634.03)
350           (-1649.94 -170.417 15102.6) (-1049.87 -248.988 15372.2) (287.089 898.202 16037.6) (-131.464 638.367 12342.7) (69.6091 -142.354 9179.26) (-16.4566 -20.8893 5282.16) (39.5461 13.297 1865.28) (3.50214 -0.326982 529.185) (-1.01933 2.59829 -217.519) (11.7389 -13.9418 -930.882) (-44.7786 -36.9516 -1553.83)
400           (-1671.27 -173.9 14117.8) (-1109.61 -249.026 14438.4) (294.975 942.874 15278.4) (-134.485 740.934 11885.6) (54.9785 -199.099 9911.98) (-34.3929 -51.474 6397.24) (50.8971 22.033 2581.83) (4.76287 -2.32185 817.647) (-0.373092 2.34873 -150.097) (12.9353 -19.3425 -924.585) (-43.591 -37.4636 -1470.9)
450           (-1688.62 -176.734 13298.1) (-1158.75 -248.912 13655.3) (302.247 978.549 14609.9) (-136.701 825.398 11394) (40.1011 -244.752 10253.2) (-62.2894 -86.9068 7241.18) (59.4865 34.8763 3414.38) (5.6325 -3.54237 1194.56) (0.350642 1.8137 -44.0387) (14.1645 -24.8109 -895.445) (-42.1475 -37.591 -1383.59)
500           (-1703.09 -179.098 12601.9) (-1200.13 -248.724 12986.7) (308.726 1007.97 14020.1) (-138.182 896.502 10915.7) (24.9397 -281.548 10354.2) (-98.1097 -115.08 7761.26) (61.4547 50.5297 4301.12) (5.34508 -2.8706 1663.11) (0.999003 0.895028 109.638) (15.498 -30.3371 -838.835) (-40.6101 -37.5294 -1289.3)
550           (-1715.42 -181.111 12000.4) (-1235.63 -248.497 12406.4) (314.494 1032.79 13495.3) (-139.117 957.528 10463.4) (10.2226 -312.536 10324) (-136.235 -133.077 8003.67) (53.1552 65.6648 5154.69) (2.69004 1.1486 2212.68) (1.26867 -0.556553 319.502) (17.0149 -35.9917 -749.303) (-39.0333 -37.3374 -1184.47)
600           (-1726.09 -182.856 11472.5) (-1266.61 -248.248 11895.2) (319.669 1054.16 13023.6) (-139.67 1010.86 10039.4) (-3.53719 -339.561 10224.3) (-171.546 -145.928 8052.92) (33.396 77.5929 5893.35) (-3.75219 10.0054 2813.95) (0.649074 -2.77888 591.664) (18.8145 -41.9566 -620.78) (-37.4035 -37.0085 -1064.49)
650           (-1735.47 -184.391 11002.5) (-1294.04 -247.99 11438.6) (324.354 1072.88 12595.5) (-139.96 1058.22 9642.4) (-16.2465 -363.638 10087.8) (-202.091 -157.791 7984.3) (5.07704 86.2939 6471.42) (-14.8348 24.826 3419.93) (-1.58285 -6.13648 927.172) (21.0344 -48.549 -447.135) (-35.6687 -36.5175 -923.867)
700           (-1743.85 -185.763 10578.9) (-1318.66 -247.728 11025.8) (328.633 1089.53 12203.2) (-140.067 1100.84 9270.05) (-27.9994 -385.389 9931.79) (-228.237 -169.698 7848.18) (-26.4793 93.2871 6886.08) (-29.8679 46.3603 3976.6) (-6.25614 -11.1086 1319.68) (23.8695 -56.2299 -223.129) (-33.7583 -35.8496 -756.404)
750           (-1751.42 -187.002 10192.8) (-1341.02 -247.466 10648.7) (332.574 1104.53 11840.8) (-140.048 1139.65 8919.84) (-38.9261 -405.249 9765.91) (-250.987 -181.409 7673.67) (-57.0034 99.7442 7162.38) (-46.6043 75.1198 4440.35) (-14.0571 -18.1755 1754.21) (27.5861 -65.592 54.0599) (-31.5986 -35.0198 -555.772)
800           (-1758.3 -188.137 9837.63) (-1361.49 -247.212 10301.2) (336.206 1118.17 11503.7) (-139.966 1175.22 8589.27) (-49.1241 -423.458 9595.26) (-271.167 -192.621 7476.86) (-84.6914 106.055 7333.81) (-62.6992 110.731 4791.23) (-25.1231 -27.5867 2207.89) (32.4989 -77.2611 382.825) (-29.1051 -34.065 -316.477)
850           (-1764.67 -189.181 9508.08) (-1380.46 -246.958 9978.09) (339.623 1130.75 11187.9) (-139.794 1208.32 8275.88) (-58.7441 -440.46 9423.34) (-289.48 -203.282 7266.88) (-109.688 112.203 7431.58) (-77.1708 151.686 5034.12) (-38.9874 -39.2958 2653.77) (38.9691 -91.9445 755.264) (-26.2797 -33.139 -34.9847)
900           (-1770.59 -190.151 9200.07) (-1398.15 -246.71 9675.7) (342.835 1142.43 10890.4) (-139.58 1239.24 7977.85) (-67.8418 -456.369 9252.25) (-306.325 -213.384 7050.56) (-132.541 118.116 7480.4) (-90.1493 195.359 5189.79) (-54.4431 -52.7496 3067.67) (47.205 -110.003 1157.28) (-23.106 -32.3779 288.614)
950           (-1776.13 -191.059 8910.54) (-1414.75 -246.468 9391.11) (345.867 1153.35 10609.1) (-139.34 1268.32 7694.04) (-76.4721 -471.341 9084.18) (-322.008 -222.971 6833.56) (-153.793 123.739 7498.99) (-102.081 239.409 5283.68) (-70.296 -67.1472 3434.32) (57.1663 -131.4 1570.8) (-19.6264 -31.9423 649.945)
1000          (-1781.35 -191.913 8637.31) (-1430.39 -246.235 9122.36) (348.737 1163.63 10342.5) (-139.092 1295.75 7424.04) (-84.6636 -485.48 8921.32) (-336.725 -232.073 6620.84) (-173.745 129.061 7500.76) (-113.233 282.267 5338.23) (-85.7769 -81.6641 3749.69) (68.4948 -155.575 1977.85) (-15.919 -31.952 1040.34)
1050          (-1786.27 -192.721 8379.06) (-1445.18 -246.013 8868.28) (351.454 1173.33 10090.3) (-138.85 1321.68 7168.04) (-92.4234 -498.849 8765.74) (-350.583 -240.703 6416.54) (-192.511 134.085 7494.8) (-123.69 323.061 5370.03) (-100.553 -95.6595 4018.38) (80.6053 -181.549 2364.32) (-12.0823 -32.4464 1447.9)
1100          (-1790.93 -193.483 8135.16) (-1459.14 -245.805 8628.36) (354.019 1182.5 9852.17) (-138.63 1346.17 6926.56) (-99.7427 -511.47 8619.17) (-363.64 -248.861 6223.65) (-210.118 138.821 7486.9) (-133.474 361.369 5390.18) (-114.511 -108.756 4248.99) (92.8749 -208.176 2721.86) (-8.21942 -33.375 1859.42)
1150          (-1795.32 -194.203 7905.5) (-1472.3 -245.612 8402.56) (356.434 1191.14 9628.56) (-138.428 1369.23 6700.28) (-106.612 -523.344 8482.83) (-375.888 -256.525 6044.58) (-226.534 143.26 7480.47) (-142.562 396.949 5405.58) (-127.563 -120.792 4450.24) (104.769 -234.388 3047.13) (-4.42237 -34.6164 2262.22)
1200          (-1799.45 -194.88 7690.16) (-1484.66 -245.436 8191.02) (358.694 1199.27 9419.74) (-138.254 1390.83 6489.76) (-113.016 -534.459 8357.6) (-387.33 -263.687 5880.58) (-241.742 147.404 7477.43) (-150.961 429.704 5420.29) (-139.645 -131.74 4628.98) (115.947 -259.372 3340.44) (-0.774291 -36.0257 2645.92)
1250          (-1803.32 -195.514 7489.41) (-1496.19 -245.277 7994.03) (360.795 1206.88 9226.07) (-138.111 1410.96 6295.41) (-118.942 -544.799 8243.85) (-397.955 -270.332 5732.2) (-255.728 151.249 7478.53) (-158.674 459.601 5436.44) (-150.708 -141.629 4789.92) (126.216 -282.599 3603.74) (2.65911 -37.4708 3003.15)
1300          (-1806.92 -196.104 7303.49) (-1506.89 -245.135 7811.81) (362.737 1213.95 9047.72) (-137.997 1429.58 6117.38) (-124.385 -554.354 8141.56) (-407.754 -276.455 5599.38) (-268.496 154.792 7483.75) (-165.71 486.668 5454.79) (-160.734 -150.512 4935.98) (135.501 -303.782 3839.43) (5.83007 -38.8557 3329.63)
1350          (-1810.26 -196.657 7132.64) (-1516.77 -245.02 7644.55) (364.529 1220.5 8884.77) (-137.887 1446.75 5955.5) (-129.364 -563.165 8050.4) (-416.758 -282.085 5481.33) (-280.084 158.017 7492.6) (-172.069 511.029 5475.17) (-169.775 -158.487 5068.85) (143.814 -322.892 4049.82) (8.7022 -40.1555 3623.73)
1400          (-1813.3 -197.155 6976.62) (-1525.78 -244.909 7492.01) (366.148 1226.48 8736.86) (-137.825 1462.35 5809.45) (-133.854 -571.138 7969.73) (-424.908 -287.162 5377.66) (-290.493 160.963 7504.21) (-177.804 532.726 5497.28) (-177.793 -165.536 5189.49) (151.159 -339.813 4237.06) (11.2826 -41.2816 3885.58)
1450          (-1816.09 -197.584 6835.23) (-1533.97 -244.792 7353.95) (367.618 1231.96 8603.52) (-137.793 1476.55 5678.57) (-137.896 -578.367 7898.89) (-432.274 -291.72 5286.87) (-299.844 163.645 7517.79) (-182.955 552.05 5520.35) (-184.907 -171.765 5298.52) (157.632 -354.759 4403.13) (13.5245 -42.2969 4116.82)
1500          (-1818.6 -197.996 6707.88) (-1541.35 -244.71 7229.74) (368.931 1236.88 8484.17) (-137.767 1489.26 5561.96) (-141.5 -584.838 7836.95) (-438.869 -295.82 5208.03) (-308.11 166.024 7532.57) (-187.508 569.014 5543.53) (-191.148 -177.251 5396.66) (163.285 -367.822 4549.75) (15.5382 -43.1415 4319.67)
1550          (-1820.85 -198.367 6593.85) (-1547.97 -244.64 7118.65) (370.104 1241.31 8377.92) (-137.754 1500.62 5458.66) (-144.702 -590.618 7783.16) (-444.747 -299.472 5139.87) (-315.414 168.142 7547.88) (-191.532 583.905 5566.25) (-196.614 -182.061 5484.44) (168.208 -379.206 4678.69) (17.2952 -43.8673 4496.72)
1600          (-1822.87 -198.698 6492.36) (-1553.86 -244.581 7019.88) (371.146 1245.26 8283.83) (-137.751 1510.72 5367.61) (-147.531 -595.75 7736.57) (-449.957 -302.706 5081.08) (-321.838 170.018 7563.12) (-195.072 596.926 5587.99) (-201.384 -186.262 5562.49) (172.483 -389.093 4791.68) (18.8215 -44.4886 4650.68)
1650          (-1824.66 -198.992 6402.51) (-1559.09 -244.53 6932.53) (372.066 1248.76 8200.92) (-137.754 1519.66 5287.69) (-150.02 -600.283 7696.33) (-454.552 -305.556 5030.48) (-327.467 171.672 7577.83) (-198.173 608.276 5608.4) (-205.534 -189.919 5631.53) (176.186 -397.656 4890.38) (20.1429 -45.0196 4784.2)
1700          (-1826.24 -199.257 6323.37) (-1563.7 -244.489 6855.64) (372.875 1251.85 8128.16) (-137.759 1527.51 5217.82) (-152.196 -604.263 7661.64) (-458.58 -308.06 4986.96) (-332.368 173.118 7591.71) (-200.877 618.113 5627.25) (-209.126 -193.095 5692.29) (179.384 -405.042 4976.35) (21.2895 -45.4656 4899.72)
1750          (-1827.63 -199.485 6253.93) (-1567.74 -244.452 6788.24) (373.584 1254.58 8064.55) (-137.77 1534.41 5156.92) (-154.1 -607.755 7631.77) (-462.111 -310.247 4949.62) (-336.648 174.388 7604.55) (-203.235 626.671 5644.41) (-212.245 -195.848 5745.56) (182.147 -411.432 5051.02) (22.2732 -45.8539 4999.51)
1800          (-1828.85 -199.702 6193.27) (-1571.28 -244.429 6729.38) (374.19 1256.95 8009.1) (-137.795 1540.39 5104.04) (-155.743 -610.758 7606.02) (-465.167 -312.135 4917.58) (-340.34 175.504 7616.18) (-205.275 634.046 5659.95) (-214.911 -198.204 5792.06) (184.514 -416.887 5115.8) (23.1522 -46.1525 5085.57)
1850          (-1829.92 -199.874 6140.4) (-1574.37 -244.401 6678.11) (374.729 1259.04 7960.92) (-137.806 1545.65 5058.12) (-157.184 -613.416 7583.95) (-467.847 -313.794 4890.1) (-343.563 176.467 7626.76) (-207.05 640.451 5673.74) (-217.242 -200.264 5832.57) (186.567 -421.636 5171.8) (23.8763 -46.4405 5159.73)
1900          (-1830.84 -200.023 6094.44) (-1577.05 -244.377 6633.57) (375.199 1260.85 7919.15) (-137.817 1550.21 5018.39) (-158.432 -615.724 7565.03) (-470.171 -315.233 4866.55) (-346.35 177.301 7636.23) (-208.585 645.975 5685.97) (-219.251 -202.041 5867.74) (188.334 -425.721 5220.16) (24.4992 -46.6868 5223.55)
1950          (-1831.65 -200.153 6054.59) (-1579.38 -244.357 6594.96) (375.605 1262.42 7883) (-137.828 1554.17 4984.07) (-159.512 -617.723 7548.79) (-472.183 -316.478 4846.39) (-348.756 178.023 7644.63) (-209.91 650.735 5696.74) (-220.981 -203.572 5898.21) (189.853 -429.232 5261.87) (25.0343 -46.8974 5278.43)
2000          (-1832.35 -200.266 6020.1) (-1581.4 -244.34 6561.56) (375.957 1263.79 7851.76) (-137.837 1557.6 4954.46) (-160.444 -619.451 7534.87) (-473.921 -317.554 4829.12) (-350.831 178.646 7652.04) (-211.053 654.832 5706.19) (-222.469 -204.889 5924.56) (191.157 -432.248 5297.8) (25.4937 -47.0775 5325.59)
2050          (-1832.95 -200.363 5990.31) (-1583.15 -244.325 6532.72) (376.26 1264.96 7824.82) (-137.847 1560.55 4928.95) (-161.247 -620.943 7522.94) (-475.421 -318.482 4814.33) (-352.617 179.184 7658.54) (-212.037 658.355 5714.45) (-223.748 -206.022 5947.3) (192.277 -434.837 5328.72) (25.888 -47.2316 5366.1)
2100          (-1833.47 -200.447 5964.62) (-1584.65 -244.313 6507.85) (376.522 1265.98 7801.61) (-137.855 1563.1 4907) (-161.939 -622.23 7512.72) (-476.714 -319.282 4801.67) (-354.154 179.648 7664.22) (-212.884 661.383 5721.63) (-224.847 -206.995 5966.91) (193.239 -437.059 5355.31) (26.2262 -47.3634 5400.86)
2150          (-1833.92 -200.52 5942.48) (-1585.95 -244.302 6486.43) (376.747 1266.86 7781.64) (-137.863 1565.3 4888.12) (-162.535 -623.337 7503.96) (-477.826 -319.97 4790.83) (-355.475 180.047 7669.17) (-213.612 663.984 5727.86) (-225.79 -207.83 5983.79) (194.063 -438.964 5378.15) (26.5163 -47.4761 5430.68)
2200          (-1834.31 -200.582 5923.43) (-1587.06 -244.293 6468) (376.941 1267.61 7764.46) (-137.869 1567.19 4871.9) (-163.047 -624.29 7496.46) (-478.783 -320.562 4781.54) (-356.61 180.39 7673.46) (-214.237 666.215 5733.26) (-226.599 -208.547 5998.31) (194.77 -440.598 5397.77) (26.7649 -47.5726 5456.26)
2250          (-1834.62 -200.658 5907.06) (-1588 -244.299 6452.16) (377.111 1268.23 7749.73) (-137.849 1568.74 4857.99) (-163.478 -625.103 7490.03) (-479.572 -321.087 4773.53) (-357.52 180.645 7677.19) (-214.741 668.01 5737.93) (-227.26 -209.163 6010.78) (195.368 -441.935 5414.62) (26.9951 -47.6316 5478.19)
2300          (-1834.91 -200.701 5893.01) (-1588.83 -244.291 6438.56) (377.253 1268.79 7737.06) (-137.858 1570.14 4846.04) (-163.856 -625.806 7484.52) (-480.282 -321.521 4766.73) (-358.365 180.904 7680.4) (-215.206 669.668 5741.95) (-227.86 -209.69 6021.49) (195.888 -443.144 5429.05) (27.1753 -47.7057 5496.98)
2350          (-1835.17 -200.718 5880.94) (-1589.57 -244.274 6426.89) (377.379 1269.31 7726.21) (-137.885 1571.43 4835.73) (-164.19 -626.427 7479.89) (-480.942 -321.901 4760.86) (-359.157 181.156 7683.25) (-215.647 671.191 5745.33) (-228.42 -210.163 6030.71) (196.347 -444.271 5441.36) (27.3116 -47.8001 5513.11)
2400          (-1835.37 -200.767 5870.57) (-1590.15 -244.275 6416.86) (377.478 1269.69 7716.87) (-137.878 1572.38 4827) (-164.457 -626.922 7475.78) (-481.415 -322.209 4755.95) (-359.714 181.322 7685.54) (-215.954 672.311 5748.38) (-228.812 -210.526 6038.58) (196.715 -445.067 5452.02) (27.4626 -47.8212 5526.87)
2450          (-1835.56 -200.785 5861.69) (-1590.69 -244.266 6408.26) (377.573 1270.07 7708.92) (-137.89 1573.32 4819.42) (-164.701 -627.378 7472.4) (-481.891 -322.489 4751.64) (-360.281 181.497 7687.66) (-216.266 673.411 5750.88) (-229.219 -210.871 6045.36) (197.051 -445.875 5461.06) (27.5656 -47.8856 5538.69)
2500          (-1835.72 -200.808 5854.11) (-1591.13 -244.262 6400.88) (377.653 1270.38 7702.18) (-137.895 1574.08 4812.97) (-164.903 -627.76 7469.46) (-482.266 -322.719 4747.98) (-360.728 181.636 7689.41) (-216.512 674.303 5753.03) (-229.538 -211.149 6051.14) (197.328 -446.514 5468.77) (27.6602 -47.926 5548.77)
2550          (-1835.84 -200.829 5847.68) (-1591.51 -244.259 6394.68) (377.716 1270.64 7696.33) (-137.899 1574.72 4807.55) (-165.081 -628.082 7466.89) (-482.594 -322.92 4744.95) (-361.112 181.754 7690.89) (-216.723 675.056 5754.93) (-229.812 -211.394 6056) (197.567 -447.066 5475.42) (27.7386 -47.96 5557.34)
2600          (-1835.96 -200.845 5842.14) (-1591.83 -244.255 6389.34) (377.771 1270.85 7691.32) (-137.9 1575.27 4802.86) (-165.229 -628.359 7464.73) (-482.87 -323.09 4742.3) (-361.441 181.853 7692.16) (-216.902 675.697 5756.55) (-230.043 -211.601 6060.22) (197.77 -447.534 5481.1) (27.8106 -47.9864 5564.71)
2650          (-1836.07 -200.883 5837.38) (-1592.12 -244.259 6384.75) (377.824 1271.05 7687.03) (-137.901 1575.73 4798.85) (-165.355 -628.591 7462.88) (-483.1 -323.233 4740.01) (-361.719 181.937 7693.24) (-217.073 676.22 5757.93) (-230.229 -211.765 6063.84) (197.957 -447.912 5485.98) (27.867 -48.0043 5571.03)
2700          (-1836.14 -200.878 5833.4) (-1592.35 -244.249 6380.93) (377.861 1271.19 7683.37) (-137.899 1576.13 4795.44) (-165.465 -628.802 7461.31) (-483.303 -323.356 4738.07) (-361.969 182.004 7694.08) (-217.186 676.72 5759.08) (-230.404 -211.919 6066.93) (198.098 -448.272 5490.1) (27.9275 -48.0284 5576.38)
2750          (-1836.21 -200.892 5829.92) (-1592.55 -244.252 6377.54) (377.892 1271.34 7680.31) (-137.899 1576.48 4792.56) (-165.551 -628.964 7460) (-483.471 -323.462 4736.44) (-362.158 182.071 7694.93) (-217.296 677.11 5760.07) (-230.553 -212.054 6069.49) (198.218 -448.556 5493.6) (27.967 -48.0439 5580.94)
2800          (-1836.27 -200.919 5826.98) (-1592.72 -244.258 6374.71) (377.924 1271.43 7677.64) (-137.893 1576.73 4790.04) (-165.629 -629.114 7458.83) (-483.606 -323.559 4735) (-362.31 182.108 7695.59) (-217.383 677.401 5760.93) (-230.654 -212.155 6071.76) (198.328 -448.775 5496.64) (28.0179 -48.0458 5584.88)
2850          (-1836.31 -200.899 5824.52) (-1592.87 -244.24 6372.33) (377.953 1271.54 7675.39) (-137.906 1577 4787.87) (-165.701 -629.239 7457.85) (-483.754 -323.637 4733.78) (-362.495 182.164 7696.15) (-217.478 677.756 5761.65) (-230.783 -212.255 6073.7) (198.42 -449.034 5499.19) (28.041 -48.0735 5588.2)
2900          (-1836.37 -200.926 5822.36) (-1593 -244.249 6370.25) (377.976 1271.63 7673.48) (-137.901 1577.22 4786.1) (-165.759 -629.351 7457.02) (-483.853 -323.698 4732.8) (-362.612 182.198 7696.64) (-217.543 677.992 5762.28) (-230.864 -212.326 6075.31) (198.506 -449.192 5501.38) (28.0676 -48.0803 5591.02)
2950          (-1836.4 -200.926 5820.49) (-1593.11 -244.251 6368.42) (377.987 1271.71 7671.82) (-137.904 1577.42 4784.56) (-165.797 -629.429 7456.39) (-483.95 -323.758 4731.88) (-362.722 182.243 7697.14) (-217.611 678.209 5762.77) (-230.957 -212.411 6076.65) (198.563 -449.37 5503.24) (28.092 -48.0911 5593.48)
3000          (-1836.42 -200.941 5818.99) (-1593.17 -244.254 6366.97) (377.997 1271.74 7670.44) (-137.904 1577.49 4783.26) (-165.838 -629.489 7455.69) (-484.001 -323.804 4731.18) (-362.773 182.25 7697.41) (-217.637 678.31 5763.26) (-230.98 -212.448 6077.85) (198.609 -449.438 5504.83) (28.1422 -48.0689 5595.52)
3050          (-1836.45 -200.929 5817.75) (-1593.26 -244.241 6365.77) (378.02 1271.82 7669.32) (-137.906 1577.68 4782.18) (-165.881 -629.575 7455.2) (-484.084 -323.841 4730.58) (-362.889 182.286 7697.71) (-217.696 678.527 5763.59) (-231.061 -212.506 6078.83) (198.665 -449.595 5506.09) (28.1316 -48.1025 5597.21)
3100          (-1836.48 -200.931 5816.59) (-1593.33 -244.242 6364.66) (378.027 1271.86 7668.28) (-137.911 1577.8 4781.2) (-165.911 -629.632 7454.79) (-484.149 -323.878 4730) (-362.962 182.312 7697.99) (-217.736 678.676 5763.92) (-231.115 -212.55 6079.68) (198.71 -449.7 5507.27) (28.1476 -48.1096 5598.73)
3150          (-1836.5 -200.934 5815.67) (-1593.39 -244.242 6363.76) (378.039 1271.9 7667.45) (-137.908 1577.9 4780.4) (-165.936 -629.684 7454.44) (-484.199 -323.912 4729.52) (-363.018 182.326 7698.22) (-217.768 678.784 5764.17) (-231.16 -212.591 6080.39) (198.746 -449.788 5508.23) (28.1563 -48.1181 5599.98)
3200          (-1836.51 -200.933 5814.85) (-1593.43 -244.239 6362.97) (378.048 1271.93 7666.71) (-137.908 1577.97 4779.71) (-165.956 -629.72 7454.11) (-484.234 -323.934 4729.14) (-363.065 182.34 7698.4) (-217.796 678.869 5764.4) (-231.19 -212.62 6081.02) (198.773 -449.853 5509.06) (28.164 -48.1212 5601.08)
3250          (-1836.53 -200.948 5814.13) (-1593.48 -244.244 6362.27) (378.052 1271.96 7666.07) (-137.912 1578.03 4779.12) (-165.977 -629.755 7453.79) (-484.266 -323.95 4728.83) (-363.101 182.353 7698.53) (-217.816 678.95 5764.63) (-231.209 -212.633 6081.57) (198.802 -449.897 5509.79) (28.1815 -48.1176 5602.03)
3300          (-1836.56 -200.961 5813.46) (-1593.52 -244.248 6361.63) (378.065 1271.99 7665.47) (-137.904 1578.11 4778.56) (-165.996 -629.789 7453.53) (-484.297 -323.972 4728.53) (-363.142 182.361 7698.69) (-217.837 679.022 5764.81) (-231.237 -212.662 6082.09) (198.828 -449.954 5510.44) (28.1887 -48.1226 5602.92)
3350          (-1836.56 -200.947 5812.97) (-1593.55 -244.243 6361.16) (378.066 1272.01 7665.03) (-137.909 1578.17 4778.12) (-166.007 -629.816 7453.4) (-484.336 -323.994 4728.21) (-363.181 182.375 7698.83) (-217.857 679.104 5764.94) (-231.276 -212.691 6082.42) (198.848 -450.016 5511.01) (28.191 -48.1315 5603.57)
3400          (-1836.56 -200.941 5812.62) (-1593.57 -244.244 6360.81) (378.061 1272.01 7664.72) (-137.921 1578.19 4777.81) (-166.026 -629.841 7453.23) (-484.363 -324.013 4728.03) (-363.197 182.381 7698.93) (-217.861 679.144 5765.03) (-231.284 -212.7 6082.73) (198.859 -450.042 5511.32) (28.2218 -48.1211 5604.09)
3450          (-1836.57 -200.944 5812.26) (-1593.59 -244.241 6360.46) (378.073 1272.04 7664.38) (-137.915 1578.24 4777.49) (-166.032 -629.853 7453.1) (-484.379 -324.019 4727.86) (-363.223 182.39 7698.99) (-217.88 679.186 5765.13) (-231.304 -212.718 6082.99) (198.872 -450.071 5511.73) (28.2182 -48.1253 5604.56)
3500          (-1836.57 -200.943 5811.97) (-1593.6 -244.239 6360.19) (378.071 1272.04 7664.11) (-137.911 1578.26 4777.26) (-166.036 -629.873 7452.97) (-484.385 -324.024 4727.73) (-363.251 182.394 7699.04) (-217.895 679.238 5765.21) (-231.319 -212.728 6083.21) (198.89 -450.124 5512.03) (28.1897 -48.148 5604.96)
3550          (-1836.58 -200.944 5811.69) (-1593.62 -244.238 6359.91) (378.081 1272.06 7663.85) (-137.913 1578.3 4777.01) (-166.047 -629.878 7452.85) (-484.399 -324.032 4727.59) (-363.248 182.394 7699.09) (-217.885 679.24 5765.29) (-231.325 -212.74 6083.42) (198.886 -450.1 5512.33) (28.237 -48.1226 5605.35)
3600          (-1836.58 -200.945 5811.57) (-1593.62 -244.24 6359.8) (378.077 1272.06 7663.74) (-137.912 1578.29 4776.91) (-166.044 -629.881 7452.79) (-484.397 -324.036 4727.53) (-363.255 182.392 7699.1) (-217.892 679.249 5765.32) (-231.328 -212.744 6083.51) (198.894 -450.124 5512.46) (28.2196 -48.1322 5605.53)
3650          (-1836.58 -200.946 5811.45) (-1593.64 -244.239 6359.68) (378.081 1272.07 7663.63) (-137.908 1578.32 4776.79) (-166.052 -629.898 7452.75) (-484.412 -324.041 4727.45) (-363.276 182.403 7699.14) (-217.909 679.29 5765.34) (-231.341 -212.752 6083.6) (198.907 -450.157 5512.59) (28.2105 -48.1404 5605.71)
3700          (-1836.58 -200.947 5811.34) (-1593.64 -244.239 6359.57) (378.079 1272.07 7663.52) (-137.912 1578.32 4776.7) (-166.052 -629.895 7452.68) (-484.413 -324.041 4727.39) (-363.277 182.402 7699.14) (-217.908 679.291 5765.37) (-231.34 -212.752 6083.69) (198.906 -450.154 5512.73) (28.2183 -48.137 5605.89)
3750          (-1836.59 -200.948 5811.22) (-1593.65 -244.24 6359.45) (378.082 1272.07 7663.42) (-137.908 1578.33 4776.59) (-166.057 -629.905 7452.64) (-484.42 -324.048 4727.31) (-363.285 182.404 7699.16) (-217.914 679.307 5765.38) (-231.347 -212.761 6083.77) (198.913 -450.172 5512.85) (28.2185 -48.1388 5606.08)
3800          (-1836.59 -200.948 5811.22) (-1593.65 -244.24 6359.45) (378.082 1272.07 7663.42) (-137.908 1578.33 4776.59) (-166.057 -629.905 7452.64) (-484.42 -324.048 4727.31) (-363.285 182.404 7699.16) (-217.914 679.307 5765.38) (-231.347 -212.761 6083.77) (198.913 -450.172 5512.85) (28.2185 -48.1388 5606.08)
3850          (-1836.59 -200.948 5811.22) (-1593.65 -244.24 6359.45) (378.082 1272.07 7663.42) (-137.908 1578.33 4776.59) (-166.057 -629.905 7452.64) (-484.42 -324.048 4727.31) (-363.285 182.404 7699.16) (-217.914 679.307 5765.38) (-231.347 -212.761 6083.77) (198.913 -450.172 5512.85) (28.2185 -48.1388 5606.08)
3900          (-1836.59 -200.948 5811.22) (-1593.65 -244.24 6359.45) (378.082 1272.07 7663.42) (-137.908 1578.33 4776.59) (-166.057 -629.905 7452.64) (-484.42 -324.048 4727.31) (-363.285 182.404 7699.16) (-217.914 679.307 5765.38) (-231.347 -212.761 6083.77) (198.913 -450.172 5512.85) (28.2185 -48.1388 5606.08)
3950          (-1836.59 -200.948 5811.22) (-1593.65 -244.24 6359.45) (378.082 1272.07 7663.42) (-137.908 1578.33 4776.59) (-166.057 -629.905 7452.64) (-484.42 -324.048 4727.31) (-363.285 182.404 7699.16) (-217.914 679.307 5765.38) (-231.347 -212.761 6083.77) (198.913 -450.172 5512.85) (28.2185 -48.1388 5606.08)
4000          (-1836.59 -200.948 5811.22) (-1593.65 -244.24 6359.45) (378.082 1272.07 7663.42) (-137.908 1578.33 4776.59) (-166.057 -629.905 7452.64) (-484.42 -324.048 4727.31) (-363.285 182.404 7699.16) (-217.914 679.307 5765.38) (-231.347 -212.761 6083.77) (198.913 -450.172 5512.85) (28.2185 -48.1388 5606.08)
4050          (-1836.59 -200.948 5811.22) (-1593.65 -244.24 6359.45) (378.082 1272.07 7663.42) (-137.908 1578.33 4776.59) (-166.057 -629.905 7452.64) (-484.42 -324.048 4727.31) (-363.285 182.404 7699.16) (-217.914 679.307 5765.38) (-231.347 -212.761 6083.77) (198.913 -450.172 5512.85) (28.2185 -48.1388 5606.08)
4100          (-1836.59 -200.948 5811.22) (-1593.65 -244.24 6359.45) (378.082 1272.07 7663.42) (-137.908 1578.33 4776.59) (-166.057 -629.905 7452.64) (-484.42 -324.048 4727.31) (-363.285 182.404 7699.16) (-217.914 679.307 5765.38) (-231.347 -212.761 6083.77) (198.913 -450.172 5512.85) (28.2185 -48.1388 5606.08)
4150          (-1836.59 -200.948 5811.22) (-1593.65 -244.24 6359.45) (378.082 1272.07 7663.42) (-137.908 1578.33 4776.59) (-166.057 -629.905 7452.64) (-484.42 -324.048 4727.31) (-363.285 182.404 7699.16) (-217.914 679.307 5765.38) (-231.347 -212.761 6083.77) (198.913 -450.172 5512.85) (28.2185 -48.1388 5606.08)
4200          (-1836.59 -200.948 5811.22) (-1593.65 -244.24 6359.45) (378.082 1272.07 7663.42) (-137.908 1578.33 4776.59) (-166.057 -629.905 7452.64) (-484.42 -324.048 4727.31) (-363.285 182.404 7699.16) (-217.914 679.307 5765.38) (-231.347 -212.761 6083.77) (198.913 -450.172 5512.85) (28.2185 -48.1388 5606.08)
4250          (-1836.59 -200.948 5811.22) (-1593.65 -244.24 6359.45) (378.082 1272.07 7663.42) (-137.908 1578.33 4776.59) (-166.057 -629.905 7452.64) (-484.42 -324.048 4727.31) (-363.285 182.404 7699.16) (-217.914 679.307 5765.38) (-231.347 -212.761 6083.77) (198.913 -450.172 5512.85) (28.2185 -48.1388 5606.08)
4300          (-1836.59 -200.948 5811.22) (-1593.65 -244.24 6359.45) (378.082 1272.07 7663.42) (-137.908 1578.33 4776.59) (-166.057 -629.905 7452.64) (-484.42 -324.048 4727.31) (-363.285 182.404 7699.16) (-217.914 679.307 5765.38) (-231.347 -212.761 6083.77) (198.913 -450.172 5512.85) (28.2185 -48.1388 5606.08)
4350          (-1836.59 -200.948 5811.22) (-1593.65 -244.24 6359.45) (378.082 1272.07 7663.42) (-137.908 1578.33 4776.59) (-166.057 -629.905 7452.64) (-484.42 -324.048 4727.31) (-363.285 182.404 7699.16) (-217.914 679.307 5765.38) (-231.347 -212.761 6083.77) (198.913 -450.172 5512.85) (28.2185 -48.1388 5606.08)
4400          (-1836.59 -200.948 5811.22) (-1593.65 -244.24 6359.45) (378.082 1272.07 7663.42) (-137.908 1578.33 4776.59) (-166.057 -629.905 7452.64) (-484.42 -324.048 4727.31) (-363.285 182.404 7699.16) (-217.914 679.307 5765.38) (-231.347 -212.761 6083.77) (198.913 -450.172 5512.85) (28.2185 -48.1388 5606.08)
4450          (-1836.59 -200.948 5811.22) (-1593.65 -244.24 6359.45) (378.082 1272.07 7663.42) (-137.908 1578.33 4776.59) (-166.057 -629.905 7452.64) (-484.42 -324.048 4727.31) (-363.285 182.404 7699.16) (-217.914 679.307 5765.38) (-231.347 -212.761 6083.77) (198.913 -450.172 5512.85) (28.2185 -48.1388 5606.08)
4500          (-1836.59 -200.948 5811.22) (-1593.65 -244.24 6359.45) (378.082 1272.07 7663.42) (-137.908 1578.33 4776.59) (-166.057 -629.905 7452.64) (-484.42 -324.048 4727.31) (-363.285 182.404 7699.16) (-217.914 679.307 5765.38) (-231.347 -212.761 6083.77) (198.913 -450.172 5512.85) (28.2185 -48.1388 5606.08)
4550          (-1836.59 -200.948 5811.22) (-1593.65 -244.24 6359.45) (378.082 1272.07 7663.42) (-137.908 1578.33 4776.59) (-166.057 -629.905 7452.64) (-484.42 -324.048 4727.31) (-363.285 182.404 7699.16) (-217.914 679.307 5765.38) (-231.347 -212.761 6083.77) (198.913 -450.172 5512.85) (28.2185 -48.1388 5606.08)
4600          (-1836.59 -200.948 5811.22) (-1593.65 -244.24 6359.45) (378.082 1272.07 7663.42) (-137.908 1578.33 4776.59) (-166.057 -629.905 7452.64) (-484.42 -324.048 4727.31) (-363.285 182.404 7699.16) (-217.914 679.307 5765.38) (-231.347 -212.761 6083.77) (198.913 -450.172 5512.85) (28.2185 -48.1388 5606.08)
4650          (-1836.59 -200.948 5811.22) (-1593.65 -244.24 6359.45) (378.082 1272.07 7663.42) (-137.908 1578.33 4776.59) (-166.057 -629.905 7452.64) (-484.42 -324.048 4727.31) (-363.285 182.404 7699.16) (-217.914 679.307 5765.38) (-231.347 -212.761 6083.77) (198.913 -450.172 5512.85) (28.2185 -48.1388 5606.08)
4700          (-1836.59 -200.948 5811.22) (-1593.65 -244.24 6359.45) (378.082 1272.07 7663.42) (-137.908 1578.33 4776.59) (-166.057 -629.905 7452.64) (-484.42 -324.048 4727.31) (-363.285 182.404 7699.16) (-217.914 679.307 5765.38) (-231.347 -212.761 6083.77) (198.913 -450.172 5512.85) (28.2185 -48.1388 5606.08)
4750          (-1836.59 -200.948 5811.22) (-1593.65 -244.24 6359.45) (378.082 1272.07 7663.42) (-137.908 1578.33 4776.59) (-166.057 -629.905 7452.64) (-484.42 -324.048 4727.31) (-363.285 182.404 7699.16) (-217.914 679.307 5765.38) (-231.347 -212.761 6083.77) (198.913 -450.172 5512.85) (28.2185 -48.1388 5606.08)
4800          (-1836.59 -200.948 5811.22) (-1593.65 -244.24 6359.45) (378.082 1272.07 7663.42) (-137.908 1578.33 4776.59) (-166.057 -629.905 7452.64) (-484.42 -324.048 4727.31) (-363.285 182.404 7699.16) (-217.914 679.307 5765.38) (-231.347 -212.761 6083.77) (198.913 -450.172 5512.85) (28.2185 -48.1388 5606.08)
4850          (-1836.59 -200.948 5811.22) (-1593.65 -244.24 6359.45) (378.082 1272.07 7663.42) (-137.908 1578.33 4776.59) (-166.057 -629.905 7452.64) (-484.42 -324.048 4727.31) (-363.285 182.404 7699.16) (-217.914 679.307 5765.38) (-231.347 -212.761 6083.77) (198.913 -450.172 5512.85) (28.2185 -48.1388 5606.08)
4900          (-1836.59 -200.948 5811.22) (-1593.65 -244.24 6359.45) (378.082 1272.07 7663.42) (-137.908 1578.33 4776.59) (-166.057 -629.905 7452.64) (-484.42 -324.048 4727.31) (-363.285 182.404 7699.16) (-217.914 679.307 5765.38) (-231.347 -212.761 6083.77) (198.913 -450.172 5512.85) (28.2185 -48.1388 5606.08)
4950          (-1836.59 -200.948 5811.22) (-1593.65 -244.24 6359.45) (378.082 1272.07 7663.42) (-137.908 1578.33 4776.59) (-166.057 -629.905 7452.64) (-484.42 -324.048 4727.31) (-363.285 182.404 7699.16) (-217.914 679.307 5765.38) (-231.347 -212.761 6083.77) (198.913 -450.172 5512.85) (28.2185 -48.1388 5606.08)
5000          (-1836.59 -200.948 5811.22) (-1593.65 -244.24 6359.45) (378.082 1272.07 7663.42) (-137.908 1578.33 4776.59) (-166.057 -629.905 7452.64) (-484.42 -324.048 4727.31) (-363.285 182.404 7699.16) (-217.914 679.307 5765.38) (-231.347 -212.761 6083.77) (198.913 -450.172 5512.85) (28.2185 -48.1388 5606.08)
