# Probe 0 (0.0015 0.0015 0)
# Probe 1 (0.0015 0.0015 0.002)
# Probe 2 (0.0015 0.0015 0.004)
# Probe 3 (0.0015 0.0015 0.006)
# Probe 4 (0.0015 0.0015 0.008)
# Probe 5 (0.0015 0.0015 0.01)
# Probe 6 (0.0015 0.0015 0.012)
# Probe 7 (0.0015 0.0015 0.014)
# Probe 8 (0.0015 0.0015 0.016)
# Probe 9 (0.0015 0.0015 0.018)
# Probe 10 (0.0015 0.0015 0.02)
# Time        0             1             2             3             4             5             6             7             8             9             10           
50            500           500           500           500           500           500           500           500           500           500           500          
100           500           500           500           500           500           500           500           500           500           500           500          
150           500           500           500           500           500           500           500           500           500           500           500          
200           500           500           500           500           500           500           500           500           500           500           500          
250           500           500           500           500           500           500           500           500           500           500           500          
300           500           500           500           500           500           500           500           500           500           500           500          
350           500           500           500           500           500           500           500           500           500           500           500          
400           500           500           500           500           500           500           500           500           500           500           500          
450           500           500           500           500           500           500           500           500           500           500           500          
500           500           500           500           500           500           500           500           500           500           500           500          
550           500           500           500           500           500           500           500           500           500           500           500          
600           500           500           500           500           500           500           500           500           500           500           500          
650           500           500           500           500           500           500           500           500           500           500           500          
700           500           500           500           500           500           500           500           500           500           500           500          
750           500           500           500           500           500           500           500           500           500           500           500          
800           500           500           500           500           500           500           500           500           500           500           500          
850           500           500           500           500           500           500           500           500           500           500           500          
900           500           500           500           500           500           500           500           500           500           500           500          
950           500           500           500           500           500           500           500           500           500           500           500          
1000          500           500           500           500           500           500           500           500           500           500           500          
1050          500           500           500           500           500           500           500           500           500           500           500          
1100          500           500           500           500           500           500           500           500           500           500           500          
1150          500           500           500           500           500           500           500           500           500           500           500          
1200          500           500           500           500           500           500           500           500           500           500           500          
1250          500           500           500           500           500           500           500           500           500           500           500          
1300          500           500           500           500           500           500           500           500           500           500           500          
1350          500           500           500           500           500           500           500           500           500           500           500          
1400          500           500           500           500           500           500           500           500           500           500           500          
1450          500           500           500           500           500           500           500           500           500           500           500          
1500          500           500           500           500           500           500           500           500           500           500           500          
1550          500           500           500           500           500           500           500           500           500           500           500          
1600          500           500           500           500           500           500           500           500           500           500           500          
1650          500           500           500           500           500           500           500           500           500           500           500          
1700          500           500           500           500           500           500           500           500           500           500           500          
1750          500           500           500           500           500           500           500           500           500           500           500          
1800          500           500           500           500           500           500           500           500           500           500           500          
1850          500           500           500           500           500           500           500           500           500           500           500          
1900          500           500           500           500           500           500           500           500           500           500           500          
1950          500           500           500           500           500           500           500           500           500           500           500          
2000          500           500           500           500           500           500           500           500           500           500           500          
2050          500           500           500           500           500           500           500           500           500           500           500          
2100          500           500           500           500           500           500           500           500           500           500           500          
2150          500           500           500           500           500           500           500           500           500           500           500          
2200          500           500           500           500           500           500           500           500           500           500           500          
2250          500           500           500           500           500           500           500           500           500           500           500          
2300          500           500           500           500           500           500           500           500           500           500           500          
2350          500           500           500           500           500           500           500           500           500           500           500          
2400          500           500           500           500           500           500           500           500           500           500           500          
2450          500           500           500           500           500           500           500           500           500           500           500          
2500          500           500           500           500           500           500           500           500           500           500           500          
2550          500           500           500           500           500           500           500           500           500           500           500          
2600          500           500           500           500           500           500           500           500           500           500           500          
2650          500           500           500           500           500           500           500           500           500           500           500          
2700          500           500           500           500           500           500           500           500           500           500           500          
2750          500           500           500           500           500           500           500           500           500           500           500          
2800          500           500           500           500           500           500           500           500           500           500           500          
2850          500           500           500           500           500           500           500           500           500           500           500          
2900          500           500           500           500           500           500           500           500           500           500           500          
2950          500           500           500           500           500           500           500           500           500           500           500          
3000          500           500           500           500           500           500           500           500           500           500           500          
3050          500           500           500           500           500           500           500           500           500           500           500          
3100          500           500           500           500           500           500           500           500           500           500           500          
3150          500           500           500           500           500           500           500           500           500           500           500          
3200          500           500           500           500           500           500           500           500           500           500           500          
3250          500           500           500           500           500           500           500           500           500           500           500          
3300          500           500           500           500           500           500           500           500           500           500           500          
3350          500           500           500           500           500           500           500           500           500           500           500          
3400          500           500           500           500           500           500           500           500           500           500           500          
3450          500           500           500           500           500           500           500           500           500           500           500          
3500          500           500           500           500           500           500           500           500           500           500           500          
3550          500           500           500           500           500           500           500           500           500           500           500          
3600          500           500           500           500           500           500           500           500           500           500           500          
3650          500           500           500           500           500           500           500           500           500           500           500          
3700          500           500           500           500           500           500           500           500           500           500           500          
3750          500           500           500           500           500           500           500           500           500           500           500          
3800          500           500           500           500           500           500           500           500           500           500           500          
3850          500           500           500           500           500           500           500           500           500           500           500          
3900          500           500           500           500           500           500           500           500           500           500           500          
3950          500           500           500           500           500           500           500           500           500           500           500          
4000          500           500           500           500           500           500           500           500           500           500           500          
4050          500           500           500           500           500           500           500           500           500           500           500          
4100          500           500           500           500           500           500           500           500           500           500           500          
4150          500           500           500           500           500           500           500           500           500           500           500          
4200          500           500           500           500           500           500           500           500           500           500           500          
4250          500           500           500           500           500           500           500           500           500           500           500          
4300          500           500           500           500           500           500           500           500           500           500           500          
4350          500           500           500           500           500           500           500           500           500           500           500          
4400          500           500           500           500           500           500           500           500           500           500           500          
4450          500           500           500           500           500           500           500           500           500           500           500          
4500          500           500           500           500           500           500           500           500           500           500           500          
4550          500           500           500           500           500           500           500           500           500           500           500          
4600          500           500           500           500           500           500           500           500           500           500           500          
4650          500           500           500           500           500           500           500           500           500           500           500          
4700          500           500           500           500           500           500           500           500           500           500           500          
4750          500           500           500           500           500           500           500           500           500           500           500          
4800          500           500           500           500           500           500           500           500           500           500           500          
4850          500           500           500           500           500           500           500           500           500           500           500          
4900          500           500           500           500           500           500           500           500           500           500           500          
4950          500           500           500           500           500           500           500           500           500           500           500          
5000          500           500           500           500           500           500           500           500           500           500           500          
