# Probe 0 (0.0015 0.0015 0)
# Probe 1 (0.0015 0.0015 0.002)
# Probe 2 (0.0015 0.0015 0.004)
# Probe 3 (0.0015 0.0015 0.006)
# Probe 4 (0.0015 0.0015 0.008)
# Probe 5 (0.0015 0.0015 0.01)
# Probe 6 (0.0015 0.0015 0.012)
# Probe 7 (0.0015 0.0015 0.014)
# Probe 8 (0.0015 0.0015 0.016)
# Probe 9 (0.0015 0.0015 0.018)
# Probe 10 (0.0015 0.0015 0.02)
# Time        0             1             2             3             4             5             6             7             8             9             10           
50            (1.12211e-09 -1.25264e-09 -3.35523e-10) (3.40309e-09 -3.73159e-09 2.98404e-11) (8.36618e-09 -8.91747e-09 -3.3723e-10) (1.27912e-08 -1.40597e-08 -1.28113e-09) (1.56595e-08 -1.66247e-08 -7.02778e-10) (1.72971e-08 -1.86856e-08 -3.92844e-10) (1.73187e-08 -2.00795e-08 -1.18965e-09) (1.75839e-08 -2.09709e-08 -1.4353e-09) (1.72638e-08 -2.18693e-08 -2.52741e-09) (1.66499e-08 -2.26369e-08 -2.07821e-09) (1.70215e-08 -2.16694e-08 -3.12771e-09)
100           (1.31357e-09 -1.38412e-09 1.0475e-10) (3.83449e-09 -4.7931e-09 -5.64742e-11) (9.47615e-09 -1.05838e-08 4.65172e-10) (1.49175e-08 -1.57177e-08 -9.3051e-10) (1.8043e-08 -1.92961e-08 -2.4514e-10) (2.04664e-08 -2.1912e-08 -6.13464e-10) (2.11102e-08 -2.40389e-08 -1.25966e-10) (2.17859e-08 -2.53404e-08 -4.20908e-10) (2.085e-08 -2.65933e-08 -6.4963e-10) (2.13775e-08 -2.7303e-08 -2.78028e-10) (2.08045e-08 -2.74587e-08 -7.02656e-10)
150           (1.71248e-09 -1.19069e-09 -1.3549e-10) (4.12049e-09 -4.83207e-09 3.03535e-10) (9.51558e-09 -1.09439e-08 -5.92478e-10) (1.50916e-08 -1.60051e-08 1.15912e-10) (1.88413e-08 -1.99882e-08 5.85209e-10) (2.09096e-08 -2.30362e-08 1.51399e-09) (2.1888e-08 -2.50538e-08 1.22479e-09) (2.22259e-08 -2.68756e-08 5.78442e-10) (2.18934e-08 -2.85131e-08 1.12334e-09) (2.21058e-08 -2.8713e-08 1.21322e-10) (2.23644e-08 -2.96799e-08 8.16727e-10)
200           (1.62789e-09 -1.71737e-09 6.90985e-11) (4.31287e-09 -4.94144e-09 1.77002e-10) (9.86349e-09 -1.05234e-08 9.34755e-10) (1.55625e-08 -1.64238e-08 5.72836e-10) (1.88738e-08 -2.0795e-08 3.18109e-10) (2.13804e-08 -2.31182e-08 5.03963e-10) (2.22993e-08 -2.48239e-08 6.45469e-10) (2.24028e-08 -2.66859e-08 -4.85681e-11) (2.22865e-08 -2.76806e-08 -5.12551e-10) (2.22125e-08 -2.86893e-08 -1.12171e-09) (2.2256e-08 -2.87745e-08 -2.67066e-10)
250           (1.34679e-09 -1.40713e-09 1.27357e-10) (4.29081e-09 -4.88495e-09 4.54943e-11) (9.77596e-09 -1.12481e-08 -1.62218e-09) (1.58053e-08 -1.68286e-08 -2.24364e-09) (1.88781e-08 -2.08549e-08 -1.58321e-09) (2.12294e-08 -2.30811e-08 -1.88152e-09) (2.20841e-08 -2.53513e-08 -3.24521e-09) (2.29006e-08 -2.71196e-08 -3.13628e-09) (2.21932e-08 -2.81154e-08 -4.50269e-09) (2.22381e-08 -2.85308e-08 -3.35012e-09) (2.28439e-08 -2.99841e-08 -3.42408e-09)
300           (1.2492e-09 -1.52883e-09 3.7843e-11) (4.20159e-09 -4.40886e-09 -2.67125e-10) (9.76565e-09 -1.05219e-08 -1.12223e-10) (1.5105e-08 -1.72322e-08 -1.58647e-09) (1.89999e-08 -2.06042e-08 -2.52378e-10) (2.15519e-08 -2.33912e-08 -1.61153e-09) (2.21758e-08 -2.56858e-08 -2.17015e-10) (2.25011e-08 -2.79983e-08 -1.88109e-10) (2.26994e-08 -2.83666e-08 -2.62354e-10) (2.25158e-08 -2.90067e-08 -2.2834e-10) (2.23333e-08 -2.91914e-08 -6.59555e-10)
350           (1.45736e-09 -1.54009e-09 -3.10286e-10) (3.73327e-09 -5.11729e-09 -2.28229e-10) (9.36704e-09 -1.08066e-08 -3.19489e-10) (1.50019e-08 -1.70855e-08 5.91223e-11) (1.89013e-08 -2.07686e-08 5.23835e-10) (2.11173e-08 -2.33109e-08 5.81839e-10) (2.2178e-08 -2.58097e-08 1.59277e-09) (2.22091e-08 -2.69147e-08 2.13536e-09) (2.24626e-08 -2.78379e-08 7.15282e-10) (2.22959e-08 -2.89631e-08 5.59063e-10) (2.24258e-08 -2.88669e-08 9.74552e-10)
400           (1.3039e-09 -1.66465e-09 1.35547e-10) (3.47644e-09 -4.70618e-09 -5.1812e-11) (9.4839e-09 -1.05335e-08 -1.08555e-09) (1.49555e-08 -1.58126e-08 -2.6117e-09) (1.79729e-08 -1.9672e-08 -1.41798e-09) (2.04727e-08 -2.31355e-08 -4.94176e-10) (2.20772e-08 -2.50458e-08 -1.04075e-09) (2.2044e-08 -2.69683e-08 -8.95423e-10) (2.21608e-08 -2.78874e-08 -1.72996e-09) (2.25351e-08 -2.87027e-08 -1.11317e-09) (2.17511e-08 -2.94668e-08 -2.72984e-09)
450           (1.23429e-09 -1.33081e-09 -2.75103e-10) (4.00758e-09 -4.48139e-09 -2.21347e-10) (1.00511e-08 -1.11463e-08 -8.47618e-10) (1.53373e-08 -1.64774e-08 -1.17432e-09) (1.92392e-08 -2.07047e-08 3.30147e-10) (2.07901e-08 -2.29187e-08 -5.10121e-10) (2.24511e-08 -2.51748e-08 -2.18557e-10) (2.23794e-08 -2.61002e-08 -7.49075e-11) (2.24617e-08 -2.76541e-08 -4.3444e-10) (2.22299e-08 -2.84578e-08 5.03312e-11) (2.19109e-08 -2.86574e-08 -1.22297e-09)
500           (1.33348e-09 -1.62877e-09 3.47718e-10) (4.30041e-09 -4.30933e-09 1.29004e-09) (9.72676e-09 -1.08804e-08 -9.39796e-11) (1.55476e-08 -1.66658e-08 4.33281e-10) (1.83691e-08 -2.04613e-08 8.68588e-10) (2.08582e-08 -2.34004e-08 9.10896e-10) (2.2372e-08 -2.56015e-08 1.31172e-09) (2.22045e-08 -2.69145e-08 3.8936e-10) (2.30849e-08 -2.84999e-08 6.16848e-10) (2.24168e-08 -2.906e-08 7.4224e-10) (2.23901e-08 -2.95282e-08 9.36134e-10)
550           (1.28611e-09 -1.30211e-09 -1.03719e-10) (3.71151e-09 -4.84509e-09 -3.98726e-10) (9.96983e-09 -1.01851e-08 -2.41795e-10) (1.48189e-08 -1.65107e-08 -2.16272e-10) (1.90416e-08 -2.01207e-08 3.68846e-10) (2.06449e-08 -2.25015e-08 -7.77739e-10) (2.20131e-08 -2.5263e-08 -1.10793e-09) (2.24606e-08 -2.68349e-08 -1.22012e-09) (2.23752e-08 -2.70108e-08 -1.56167e-09) (2.19142e-08 -2.8807e-08 -8.62238e-10) (2.25611e-08 -2.83634e-08 -1.00642e-09)
600           (1.52782e-09 -1.29929e-09 -3.42174e-10) (4.50664e-09 -4.75432e-09 -2.02547e-10) (1.01482e-08 -1.09286e-08 2.0887e-11) (1.48263e-08 -1.64768e-08 3.50571e-10) (1.84276e-08 -2.06101e-08 6.55402e-10) (2.10554e-08 -2.2738e-08 7.47546e-10) (2.17204e-08 -2.57313e-08 1.35907e-09) (2.18708e-08 -2.70411e-08 1.40261e-09) (2.21695e-08 -2.7971e-08 5.10313e-10) (2.21727e-08 -2.90229e-08 5.36062e-10) (2.23325e-08 -2.85524e-08 5.66348e-10)
650           (1.59989e-09 -1.79292e-09 4.91087e-11) (4.7795e-09 -4.13332e-09 2.52258e-10) (9.74211e-09 -1.0797e-08 9.84841e-12) (1.51151e-08 -1.6922e-08 2.19225e-10) (1.82467e-08 -2.0538e-08 6.65689e-10) (2.08074e-08 -2.34973e-08 3.73762e-10) (2.22648e-08 -2.58018e-08 4.36933e-10) (2.24854e-08 -2.72991e-08 3.98837e-11) (2.2345e-08 -2.75412e-08 -2.25608e-10) (2.22844e-08 -2.89968e-08 1.65869e-11) (2.3132e-08 -2.84366e-08 -5.91499e-10)
700           (1.1597e-09 -1.19717e-09 2.68124e-11) (4.02301e-09 -4.75218e-09 -4.28429e-12) (9.60831e-09 -1.07149e-08 -9.17178e-11) (1.50426e-08 -1.62871e-08 -1.07809e-09) (1.88638e-08 -2.06546e-08 -8.91881e-10) (2.07798e-08 -2.33471e-08 -3.84968e-11) (2.23072e-08 -2.55419e-08 7.07695e-10) (2.22863e-08 -2.70112e-08 1.41829e-11) (2.24556e-08 -2.88153e-08 -1.11416e-10) (2.2307e-08 -2.95033e-08 -1.19168e-09) (2.28497e-08 -2.9396e-08 -5.43177e-10)
750           (1.23166e-09 -1.56769e-09 2.08072e-10) (4.22274e-09 -4.54543e-09 -8.32509e-11) (9.6874e-09 -1.11082e-08 -6.59427e-10) (1.57721e-08 -1.66236e-08 8.12437e-10) (1.88414e-08 -2.0478e-08 9.52024e-10) (2.07336e-08 -2.34441e-08 8.96726e-10) (2.2105e-08 -2.50886e-08 4.83324e-10) (2.21862e-08 -2.69775e-08 1.29102e-09) (2.26011e-08 -2.84083e-08 1.22684e-09) (2.27086e-08 -2.9876e-08 5.55542e-10) (2.23305e-08 -2.92508e-08 3.72918e-10)
800           (1.5173e-09 -1.17252e-09 -5.69729e-11) (3.98304e-09 -4.47226e-09 2.25446e-10) (9.34254e-09 -1.09575e-08 -2.10799e-10) (1.52664e-08 -1.62825e-08 -1.28823e-10) (1.85e-08 -1.99626e-08 -1.32306e-10) (2.03588e-08 -2.30585e-08 -5.67376e-10) (2.18683e-08 -2.54972e-08 -1.20556e-09) (2.18698e-08 -2.72314e-08 -5.67022e-10) (2.23975e-08 -2.8242e-08 -3.74795e-10) (2.20966e-08 -2.91785e-08 -1.66157e-09) (2.25142e-08 -2.92544e-08 -1.17997e-09)
850           (1.36502e-09 -1.79043e-09 -4.83651e-11) (4.45993e-09 -4.77435e-09 -1.9598e-11) (9.89138e-09 -1.1239e-08 -1.5165e-09) (1.55334e-08 -1.73917e-08 -2.49058e-09) (1.89683e-08 -2.06304e-08 -1.441e-09) (2.13301e-08 -2.3858e-08 -1.39078e-09) (2.24299e-08 -2.56283e-08 -1.30217e-09) (2.2918e-08 -2.75261e-08 -1.45044e-09) (2.23071e-08 -2.83119e-08 -1.8498e-09) (2.26957e-08 -2.95037e-08 -2.22782e-09) (2.31677e-08 -2.97381e-08 -1.37725e-09)
900           (1.37432e-09 -1.48818e-09 7.83462e-11) (4.02972e-09 -4.86501e-09 1.99391e-10) (9.97876e-09 -1.10907e-08 4.0365e-10) (1.52531e-08 -1.65419e-08 -2.51155e-11) (1.88374e-08 -2.07226e-08 2.38757e-11) (2.14131e-08 -2.3196e-08 3.50052e-10) (2.19546e-08 -2.49339e-08 2.28327e-10) (2.26887e-08 -2.69221e-08 3.18255e-12) (2.24782e-08 -2.80307e-08 -9.63492e-10) (2.2756e-08 -2.97485e-08 -1.51648e-09) (2.23703e-08 -2.90604e-08 -2.26927e-09)
950           (1.08475e-09 -1.28882e-09 1.36356e-10) (4.07966e-09 -4.73808e-09 2.61237e-10) (9.74353e-09 -1.09284e-08 1.04361e-09) (1.56104e-08 -1.647e-08 3.88915e-10) (1.86206e-08 -2.07292e-08 9.66097e-10) (2.1532e-08 -2.31528e-08 1.49104e-09) (2.2535e-08 -2.5548e-08 1.85569e-09) (2.26842e-08 -2.73193e-08 2.38034e-09) (2.24957e-08 -2.82265e-08 1.18341e-09) (2.24911e-08 -2.90503e-08 7.44072e-10) (2.29131e-08 -2.85877e-08 1.10016e-09)
1000          (1.57471e-09 -1.61182e-09 1.56929e-10) (3.50755e-09 -4.55997e-09 1.22756e-10) (9.50287e-09 -1.09092e-08 -1.15516e-10) (1.49619e-08 -1.62065e-08 1.56962e-10) (1.82927e-08 -2.02605e-08 6.30975e-10) (2.10849e-08 -2.36879e-08 -1.59392e-10) (2.20303e-08 -2.54073e-08 7.60815e-10) (2.25555e-08 -2.7405e-08 5.42586e-10) (2.19774e-08 -2.78578e-08 2.4693e-10) (2.23367e-08 -2.87321e-08 -6.98504e-10) (2.293e-08 -2.91351e-08 -1.86051e-10)
1050          (1.15698e-09 -1.58486e-09 1.62776e-10) (4.14828e-09 -4.54713e-09 6.33247e-11) (9.44818e-09 -1.06383e-08 4.29883e-10) (1.47799e-08 -1.65475e-08 -6.22441e-10) (1.8988e-08 -2.01923e-08 -4.06507e-10) (2.1095e-08 -2.35077e-08 -1.32244e-09) (2.23586e-08 -2.54155e-08 -1.19358e-09) (2.2965e-08 -2.72084e-08 -4.91059e-10) (2.25846e-08 -2.86294e-08 -9.82962e-10) (2.23036e-08 -2.94097e-08 -1.29053e-09) (2.28389e-08 -2.88601e-08 -8.56742e-10)
1100          (1.21093e-09 -1.59067e-09 1.25775e-10) (4.45302e-09 -4.40761e-09 1.26192e-10) (9.73046e-09 -1.09581e-08 -3.33184e-10) (1.51978e-08 -1.64387e-08 -5.0567e-10) (1.90713e-08 -2.10105e-08 -1.07437e-09) (2.11558e-08 -2.36381e-08 -2.17111e-10) (2.19129e-08 -2.55469e-08 4.8737e-10) (2.23967e-08 -2.75361e-08 -3.50879e-10) (2.25653e-08 -2.82491e-08 -5.48911e-10) (2.26083e-08 -2.90684e-08 6.09103e-11) (2.32124e-08 -2.93388e-08 -9.68094e-10)
1150          (1.42569e-09 -1.39111e-09 2.69265e-11) (3.96443e-09 -4.51838e-09 -4.79527e-12) (9.60018e-09 -1.07714e-08 3.40142e-10) (1.52544e-08 -1.67135e-08 6.21731e-10) (1.86312e-08 -2.00432e-08 1.54895e-09) (2.06714e-08 -2.36659e-08 1.7571e-09) (2.21155e-08 -2.55698e-08 1.90232e-09) (2.21674e-08 -2.76499e-08 1.15785e-09) (2.19585e-08 -2.80283e-08 1.10104e-09) (2.22542e-08 -2.91478e-08 -8.04411e-11) (2.3052e-08 -2.93941e-08 -8.59321e-10)
1200          (1.33865e-09 -1.10078e-09 3.51241e-10) (4.08455e-09 -4.23334e-09 3.30898e-10) (9.56593e-09 -1.0965e-08 1.78405e-10) (1.51107e-08 -1.63653e-08 -4.71104e-10) (1.85508e-08 -2.05824e-08 7.03027e-10) (2.10072e-08 -2.37543e-08 -3.94454e-10) (2.21378e-08 -2.50738e-08 -1.06543e-09) (2.26825e-08 -2.68062e-08 -1.12006e-09) (2.21681e-08 -2.81325e-08 -1.45385e-09) (2.20314e-08 -2.9048e-08 -2.76156e-09) (2.2175e-08 -2.88656e-08 -2.36308e-09)
1250          (1.10382e-09 -1.71716e-09 1.22318e-11) (3.52049e-09 -4.29204e-09 2.32434e-10) (9.12316e-09 -1.06206e-08 -2.42066e-10) (1.48061e-08 -1.63457e-08 1.02509e-10) (1.88526e-08 -2.02787e-08 2.42979e-10) (2.14762e-08 -2.24941e-08 2.69076e-10) (2.23166e-08 -2.52835e-08 1.59666e-09) (2.26616e-08 -2.70316e-08 1.61445e-09) (2.24483e-08 -2.81928e-08 9.32332e-10) (2.25785e-08 -2.95465e-08 9.27809e-10) (2.26828e-08 -2.87696e-08 1.31672e-09)
1300          (1.20346e-09 -1.39237e-09 1.55682e-12) (4.23351e-09 -4.6194e-09 1.21992e-10) (9.98843e-09 -1.08563e-08 3.2562e-10) (1.46909e-08 -1.62983e-08 5.69469e-10) (1.82927e-08 -2.04876e-08 7.73228e-10) (2.07236e-08 -2.31679e-08 1.61437e-09) (2.2255e-08 -2.51434e-08 7.21618e-10) (2.21542e-08 -2.67009e-08 6.10352e-10) (2.23803e-08 -2.84699e-08 -3.92993e-10) (2.15225e-08 -2.87929e-08 -1.45495e-09) (2.22407e-08 -2.9136e-08 -1.56663e-09)
1350          (1.56019e-09 -1.53245e-09 1.49601e-10) (4.12175e-09 -4.18257e-09 -7.35272e-10) (9.56987e-09 -1.08578e-08 -1.38335e-09) (1.5226e-08 -1.69155e-08 -1.15568e-09) (1.86076e-08 -2.08394e-08 -4.06543e-10) (2.12978e-08 -2.31377e-08 -1.52661e-09) (2.32546e-08 -2.52485e-08 -1.94424e-10) (2.28014e-08 -2.70762e-08 -3.12784e-10) (2.26328e-08 -2.86149e-08 6.31067e-11) (2.24559e-08 -2.95111e-08 3.17357e-10) (2.24921e-08 -2.90311e-08 -7.71107e-10)
1400          (1.05766e-09 -1.91546e-09 1.36649e-10) (4.31699e-09 -4.66268e-09 2.41009e-10) (9.51866e-09 -1.10472e-08 7.29877e-11) (1.51385e-08 -1.63379e-08 9.62286e-10) (1.8332e-08 -2.03376e-08 1.02743e-09) (2.10279e-08 -2.3209e-08 2.05952e-09) (2.24065e-08 -2.60765e-08 2.0716e-09) (2.21297e-08 -2.72438e-08 1.73452e-09) (2.27002e-08 -2.78463e-08 2.42473e-09) (2.23364e-08 -2.87235e-08 1.95242e-09) (2.25979e-08 -2.97048e-08 1.56371e-09)
1450          (1.0573e-09 -1.51961e-09 -1.92443e-10) (3.80664e-09 -4.60908e-09 -3.02108e-10) (9.31269e-09 -1.09875e-08 8.77915e-13) (1.47207e-08 -1.63732e-08 5.50592e-11) (1.81187e-08 -1.99958e-08 9.96177e-10) (2.03252e-08 -2.32417e-08 1.35824e-09) (2.13358e-08 -2.51445e-08 2.44499e-09) (2.20577e-08 -2.7297e-08 2.05104e-09) (2.25923e-08 -2.79423e-08 1.12565e-09) (2.21211e-08 -2.86095e-08 5.96238e-10) (2.25326e-08 -2.95303e-08 4.88044e-10)
1500          (1.19602e-09 -1.10573e-09 -2.67332e-10) (4.078e-09 -4.61618e-09 -4.17246e-10) (9.46202e-09 -1.08304e-08 -4.42087e-10) (1.47269e-08 -1.62614e-08 -1.01112e-09) (1.85761e-08 -2.0071e-08 -1.47139e-10) (2.10419e-08 -2.3193e-08 -4.4989e-10) (2.20176e-08 -2.50865e-08 -1.30499e-09) (2.24431e-08 -2.63965e-08 -1.93745e-09) (2.23985e-08 -2.77044e-08 -2.94108e-09) (2.28194e-08 -2.92286e-08 -2.38116e-09) (2.22233e-08 -2.84018e-08 -1.30427e-09)
1550          (1.01341e-09 -1.44184e-09 -7.98098e-11) (4.5036e-09 -4.52915e-09 -1.51892e-11) (9.45996e-09 -1.04488e-08 -1.45381e-09) (1.48184e-08 -1.64031e-08 -3.93721e-10) (1.86113e-08 -2.03908e-08 -1.08019e-09) (2.15249e-08 -2.3498e-08 -9.8562e-10) (2.189e-08 -2.55125e-08 -1.19971e-09) (2.2669e-08 -2.73919e-08 -1.0885e-09) (2.22347e-08 -2.86235e-08 -7.90968e-10) (2.22153e-08 -2.94961e-08 -2.38815e-09) (2.27214e-08 -2.99696e-08 -1.07632e-09)
1600          (1.53604e-09 -1.36483e-09 2.21537e-10) (4.09678e-09 -4.5143e-09 -1.73616e-10) (9.61814e-09 -1.09362e-08 -4.12942e-10) (1.48933e-08 -1.67747e-08 -6.58791e-10) (1.85734e-08 -1.99887e-08 1.09851e-10) (2.10819e-08 -2.33362e-08 -8.33976e-10) (2.24139e-08 -2.59849e-08 -4.89406e-10) (2.2751e-08 -2.72632e-08 -9.51449e-10) (2.23307e-08 -2.79301e-08 -1.66412e-09) (2.20039e-08 -2.91472e-08 -1.31743e-09) (2.26111e-08 -2.9112e-08 -1.20124e-09)
1650          (9.7224e-10 -1.79616e-09 8.44956e-11) (4.12818e-09 -4.38067e-09 5.57275e-12) (9.62961e-09 -1.0719e-08 -4.18097e-10) (1.45858e-08 -1.63138e-08 -9.16987e-10) (1.81085e-08 -2.03083e-08 1.30389e-10) (2.06789e-08 -2.24651e-08 -8.99958e-10) (2.25706e-08 -2.49084e-08 -8.51326e-11) (2.18907e-08 -2.68357e-08 -8.50194e-10) (2.2259e-08 -2.74075e-08 1.76572e-10) (2.18521e-08 -2.89848e-08 8.22997e-11) (2.20565e-08 -2.8856e-08 -1.35938e-10)
1700          (1.1077e-09 -1.20397e-09 -5.68392e-11) (3.95146e-09 -5.11051e-09 4.62653e-10) (9.43279e-09 -1.0647e-08 6.44974e-10) (1.51716e-08 -1.62297e-08 3.27463e-10) (1.82111e-08 -2.06305e-08 7.65654e-10) (2.04376e-08 -2.31775e-08 1.62633e-09) (2.1507e-08 -2.54818e-08 1.96751e-09) (2.20572e-08 -2.67536e-08 1.90169e-09) (2.19715e-08 -2.8167e-08 1.74485e-09) (2.26545e-08 -2.86265e-08 7.85409e-10) (2.21121e-08 -2.90641e-08 1.43091e-09)
1750          (6.21117e-10 -1.52306e-09 1.93463e-11) (3.60404e-09 -4.42787e-09 9.12531e-11) (9.36249e-09 -1.11999e-08 -1.26358e-10) (1.57582e-08 -1.69558e-08 2.65666e-11) (1.88538e-08 -2.0441e-08 2.23814e-10) (2.02782e-08 -2.30692e-08 4.69039e-10) (2.17326e-08 -2.52299e-08 8.32857e-10) (2.19645e-08 -2.71635e-08 2.07548e-09) (2.29295e-08 -2.80168e-08 1.2809e-09) (2.26575e-08 -2.84778e-08 1.71598e-09) (2.2906e-08 -2.90105e-08 1.89332e-09)
1800          (1.4269e-09 -1.46254e-09 -5.91294e-10) (3.41651e-09 -4.58122e-09 -3.03425e-10) (9.83639e-09 -1.08513e-08 -2.54703e-11) (1.53824e-08 -1.68571e-08 -9.53469e-10) (1.84936e-08 -2.02365e-08 7.69434e-10) (2.09766e-08 -2.34247e-08 4.83232e-10) (2.26834e-08 -2.54197e-08 -1.40062e-10) (2.27504e-08 -2.75066e-08 -2.12663e-10) (2.23353e-08 -2.90314e-08 -4.5884e-10) (2.25672e-08 -2.96092e-08 -5.1461e-10) (2.27931e-08 -2.94792e-08 -8.14486e-11)
1850          (1.47046e-09 -1.74087e-09 1.58945e-10) (4.75304e-09 -4.33082e-09 5.13792e-11) (9.9729e-09 -1.08102e-08 -3.77015e-10) (1.57844e-08 -1.64936e-08 -4.68044e-10) (1.85053e-08 -2.09102e-08 -6.30409e-10) (2.11892e-08 -2.3227e-08 -1.10715e-09) (2.25929e-08 -2.56668e-08 -7.42564e-10) (2.25076e-08 -2.68236e-08 1.43808e-10) (2.29152e-08 -2.81762e-08 -1.04189e-09) (2.24481e-08 -2.92951e-08 -2.17361e-09) (2.24783e-08 -2.95203e-08 -2.52182e-09)
1900          (1.10015e-09 -1.75757e-09 1.30109e-11) (3.65096e-09 -5.05156e-09 1.86717e-10) (9.33942e-09 -1.09785e-08 -6.05699e-10) (1.50239e-08 -1.63417e-08 -7.75887e-10) (1.88928e-08 -2.0331e-08 1.04345e-09) (2.07438e-08 -2.29907e-08 8.12833e-10) (2.25203e-08 -2.48701e-08 4.08495e-10) (2.25627e-08 -2.69958e-08 -2.22994e-10) (2.24594e-08 -2.82723e-08 -6.53984e-11) (2.27243e-08 -2.85541e-08 -1.47607e-09) (2.26405e-08 -2.83841e-08 -2.676e-09)
1950          (1.1573e-09 -1.5773e-09 2.33144e-10) (4.38698e-09 -4.41492e-09 -2.31246e-10) (9.78115e-09 -1.07484e-08 -4.19591e-10) (1.50695e-08 -1.64229e-08 -7.21374e-10) (1.81771e-08 -2.03694e-08 -7.58474e-10) (2.03829e-08 -2.28367e-08 -5.01118e-10) (2.1547e-08 -2.53631e-08 -8.91275e-10) (2.20625e-08 -2.72134e-08 -6.94363e-10) (2.2153e-08 -2.75624e-08 -1.04634e-09) (2.27369e-08 -2.89098e-08 -2.11478e-09) (2.30721e-08 -2.91988e-08 -1.42518e-09)
2000          (1.33783e-09 -1.41938e-09 -4.70325e-10) (4.04421e-09 -4.61775e-09 -6.74209e-10) (9.96308e-09 -1.1017e-08 -1.43596e-10) (1.51307e-08 -1.66886e-08 -6.7943e-10) (1.87454e-08 -2.09751e-08 4.91004e-11) (2.1038e-08 -2.33407e-08 -6.16678e-10) (2.18143e-08 -2.51981e-08 9.00756e-10) (2.25349e-08 -2.7523e-08 1.14879e-09) (2.25726e-08 -2.81579e-08 1.50133e-09) (2.273e-08 -2.90095e-08 2.19768e-10) (2.26164e-08 -2.97111e-08 1.86839e-09)
2050          (1.10415e-09 -1.36077e-09 -2.74694e-10) (3.72147e-09 -4.66611e-09 7.11905e-11) (9.55718e-09 -1.0833e-08 -3.96638e-10) (1.49251e-08 -1.64581e-08 9.27714e-10) (1.86845e-08 -2.08505e-08 1.32007e-09) (2.15853e-08 -2.3666e-08 8.31518e-10) (2.27483e-08 -2.51436e-08 1.23727e-09) (2.23932e-08 -2.74605e-08 1.08874e-09) (2.24999e-08 -2.8535e-08 1.11753e-09) (2.2958e-08 -2.87948e-08 3.22907e-10) (2.33596e-08 -2.91938e-08 4.36428e-10)
2100          (1.65288e-09 -1.74538e-09 -2.29069e-10) (3.97819e-09 -5.08779e-09 -3.26173e-10) (9.43385e-09 -1.10399e-08 -2.663e-10) (1.54222e-08 -1.64305e-08 -9.68203e-10) (1.83965e-08 -2.07091e-08 2.11129e-10) (2.12382e-08 -2.30769e-08 -1.20427e-09) (2.20407e-08 -2.58369e-08 4.74816e-10) (2.27181e-08 -2.69419e-08 -3.35173e-11) (2.2529e-08 -2.79987e-08 -6.34905e-10) (2.2134e-08 -2.94635e-08 -4.32435e-10) (2.22836e-08 -2.93226e-08 -6.71629e-10)
2150          (1.1655e-09 -1.52475e-09 2.35345e-10) (3.9761e-09 -4.53955e-09 -9.5515e-11) (1.00584e-08 -1.08953e-08 -4.86096e-10) (1.51761e-08 -1.64288e-08 -1.4465e-09) (1.83936e-08 -2.07205e-08 -1.39348e-09) (2.0962e-08 -2.3352e-08 -2.85377e-09) (2.24047e-08 -2.53303e-08 -2.489e-09) (2.24011e-08 -2.74077e-08 -1.47428e-09) (2.24346e-08 -2.77309e-08 -2.19127e-09) (2.28342e-08 -2.93848e-08 -2.62786e-09) (2.28742e-08 -2.89875e-08 -2.58908e-09)
2200          (1.28363e-09 -1.37324e-09 4.60525e-10) (3.90645e-09 -4.17762e-09 2.93992e-10) (9.61258e-09 -1.07338e-08 -1.10485e-09) (1.4879e-08 -1.65477e-08 -1.68867e-09) (1.86928e-08 -2.01634e-08 -5.57841e-10) (2.11564e-08 -2.29111e-08 -9.1529e-10) (2.21427e-08 -2.55246e-08 -8.35892e-10) (2.23727e-08 -2.68401e-08 -1.97694e-10) (2.18645e-08 -2.73822e-08 2.65347e-10) (2.20453e-08 -2.92891e-08 -2.91627e-11) (2.24404e-08 -2.86486e-08 -6.87003e-10)
2250          (1.39217e-09 -1.39554e-09 2.14018e-10) (4.06401e-09 -3.97787e-09 3.04381e-10) (9.40451e-09 -1.06639e-08 5.534e-10) (1.48511e-08 -1.67388e-08 1.32489e-09) (1.89929e-08 -2.07593e-08 1.60343e-09) (2.11606e-08 -2.35251e-08 1.39841e-09) (2.28751e-08 -2.5201e-08 1.56997e-09) (2.27356e-08 -2.70689e-08 7.07406e-10) (2.24688e-08 -2.81948e-08 3.21559e-10) (2.2725e-08 -2.89986e-08 -6.02599e-10) (2.26792e-08 -2.92448e-08 -1.19664e-10)
2300          (1.08785e-09 -1.20931e-09 5.91435e-10) (4.03719e-09 -4.80371e-09 5.57714e-10) (9.89283e-09 -1.08874e-08 -3.68131e-10) (1.49521e-08 -1.63252e-08 -7.81606e-10) (1.90185e-08 -2.03976e-08 -1.11023e-09) (2.09076e-08 -2.3353e-08 -1.10262e-09) (2.27001e-08 -2.5438e-08 -2.21929e-10) (2.28973e-08 -2.74206e-08 -5.77046e-10) (2.30615e-08 -2.81751e-08 -1.27007e-09) (2.26598e-08 -2.9104e-08 -1.21301e-09) (2.19743e-08 -2.91784e-08 -1.85734e-09)
2350          (1.47196e-09 -1.43994e-09 -3.76123e-10) (3.49835e-09 -4.97696e-09 4.77069e-10) (9.56067e-09 -1.11223e-08 4.97518e-10) (1.52715e-08 -1.73252e-08 -5.87298e-10) (1.86444e-08 -2.05386e-08 9.52109e-10) (2.14628e-08 -2.32678e-08 9.89016e-10) (2.2075e-08 -2.58759e-08 1.71227e-09) (2.23757e-08 -2.71621e-08 1.88637e-09) (2.27589e-08 -2.86651e-08 3.15539e-09) (2.24018e-08 -2.94241e-08 2.54098e-09) (2.27677e-08 -2.93909e-08 1.67928e-09)
2400          (1.3509e-09 -1.68889e-09 2.05473e-10) (4.54717e-09 -4.21109e-09 4.98689e-10) (9.6058e-09 -1.07789e-08 1.06133e-09) (1.51664e-08 -1.70054e-08 3.42797e-10) (1.83111e-08 -2.04193e-08 2.00298e-09) (2.10523e-08 -2.36097e-08 9.19816e-10) (2.23592e-08 -2.57124e-08 1.25515e-09) (2.23818e-08 -2.71434e-08 1.05238e-09) (2.27971e-08 -2.82111e-08 6.58994e-10) (2.20206e-08 -2.87806e-08 1.09482e-09) (2.24714e-08 -2.87945e-08 2.07591e-09)
2450          (9.81044e-10 -1.13494e-09 -1.82444e-10) (4.10995e-09 -4.71084e-09 -3.24496e-10) (9.73461e-09 -1.07502e-08 -1.11585e-09) (1.52255e-08 -1.66472e-08 -1.16923e-09) (1.85583e-08 -2.11864e-08 -7.28977e-10) (2.04515e-08 -2.34047e-08 -2.06343e-09) (2.23735e-08 -2.60436e-08 -1.96028e-09) (2.22379e-08 -2.7021e-08 -2.10421e-09) (2.22531e-08 -2.83157e-08 -1.52598e-09) (2.24558e-08 -2.92964e-08 -2.63151e-09) (2.21722e-08 -2.84547e-08 -2.78322e-09)
2500          (1.61093e-09 -1.57061e-09 -3.02075e-11) (4.55417e-09 -4.95871e-09 -1.37268e-10) (9.61121e-09 -1.10194e-08 -7.99449e-11) (1.53906e-08 -1.65836e-08 -8.38779e-11) (1.88531e-08 -2.0682e-08 1.23669e-09) (2.05176e-08 -2.34844e-08 -3.94192e-10) (2.14777e-08 -2.55235e-08 3.06518e-10) (2.21307e-08 -2.69644e-08 8.00287e-10) (2.18753e-08 -2.77456e-08 1.20215e-10) (2.2339e-08 -2.94624e-08 -4.23345e-10) (2.24476e-08 -2.90763e-08 -8.55518e-10)
2550          (1.451e-09 -1.57952e-09 -3.17978e-10) (3.99847e-09 -4.87281e-09 -6.93204e-11) (9.76605e-09 -1.08617e-08 -2.48864e-10) (1.45834e-08 -1.67889e-08 -9.36797e-10) (1.88185e-08 -2.08102e-08 1.90361e-10) (2.138e-08 -2.352e-08 -7.81739e-10) (2.20489e-08 -2.57296e-08 -1.65704e-09) (2.25094e-08 -2.70391e-08 -1.60401e-09) (2.27437e-08 -2.80919e-08 -1.63816e-09) (2.2452e-08 -2.92358e-08 -1.61526e-09) (2.2181e-08 -2.93508e-08 -3.11809e-09)
2600          (1.61032e-09 -1.45796e-09 -1.23697e-10) (4.62257e-09 -4.39581e-09 1.57036e-11) (1.01261e-08 -1.07525e-08 -2.28742e-10) (1.50888e-08 -1.67506e-08 -1.13992e-11) (1.90285e-08 -2.06397e-08 -3.71247e-10) (2.09246e-08 -2.32041e-08 -6.96227e-10) (2.22071e-08 -2.57327e-08 -8.56637e-10) (2.28371e-08 -2.69197e-08 -1.87464e-09) (2.28567e-08 -2.83524e-08 -2.34588e-09) (2.28652e-08 -2.92843e-08 -2.71508e-09) (2.2435e-08 -2.91076e-08 -1.94907e-09)
2650          (1.16922e-09 -1.28862e-09 2.41582e-10) (4.38433e-09 -4.40502e-09 3.32678e-10) (9.77437e-09 -1.1106e-08 -1.13975e-10) (1.49848e-08 -1.59743e-08 -5.77148e-10) (1.87251e-08 -2.05077e-08 6.71302e-10) (2.09372e-08 -2.33314e-08 -2.61582e-10) (2.1766e-08 -2.54033e-08 -3.91341e-10) (2.23034e-08 -2.6976e-08 -3.5799e-10) (2.2448e-08 -2.83216e-08 -1.72101e-09) (2.2266e-08 -2.88672e-08 -2.02186e-09) (2.28182e-08 -2.92661e-08 -1.46761e-09)
2700          (1.68447e-09 -1.57143e-09 6.79317e-11) (4.13873e-09 -4.54272e-09 1.71477e-10) (9.58469e-09 -1.12346e-08 8.1143e-10) (1.50502e-08 -1.64512e-08 1.31789e-10) (1.86706e-08 -2.13492e-08 -2.89584e-10) (2.18255e-08 -2.32216e-08 -7.94894e-10) (2.17833e-08 -2.54109e-08 -7.48603e-10) (2.23682e-08 -2.6969e-08 1.9962e-10) (2.24076e-08 -2.84912e-08 -6.01301e-11) (2.21804e-08 -2.92749e-08 -3.32246e-10) (2.28627e-08 -2.92883e-08 3.78579e-10)
2750          (1.08432e-09 -1.46176e-09 4.08447e-10) (4.70463e-09 -4.19477e-09 9.57933e-11) (1.07385e-08 -1.10155e-08 2.24766e-10) (1.55014e-08 -1.62819e-08 -2.62745e-10) (1.80971e-08 -2.07858e-08 -9.99216e-10) (2.0647e-08 -2.29061e-08 -1.45486e-09) (2.20674e-08 -2.55317e-08 -2.38075e-09) (2.22262e-08 -2.68641e-08 -2.29218e-09) (2.20374e-08 -2.83157e-08 -3.58395e-09) (2.26871e-08 -2.87722e-08 -3.28752e-09) (2.2047e-08 -2.86815e-08 -4.11091e-09)
2800          (1.5472e-09 -1.28561e-09 1.92766e-10) (4.0198e-09 -4.88371e-09 1.23513e-11) (9.53938e-09 -1.18089e-08 3.78577e-10) (1.49057e-08 -1.64486e-08 -2.7272e-10) (1.92206e-08 -2.1239e-08 3.11677e-10) (2.08335e-08 -2.38902e-08 1.99403e-10) (2.22559e-08 -2.56515e-08 1.41001e-10) (2.29969e-08 -2.71998e-08 9.52218e-10) (2.20948e-08 -2.8628e-08 1.63235e-10) (2.24717e-08 -2.91975e-08 -4.80733e-10) (2.29736e-08 -2.96602e-08 -2.47593e-09)
2850          (1.82467e-09 -1.4945e-09 -1.56688e-10) (3.98452e-09 -4.8166e-09 -1.05807e-10) (9.56342e-09 -1.02386e-08 -5.92523e-10) (1.53866e-08 -1.66465e-08 -1.64918e-09) (1.84996e-08 -2.03011e-08 -1.4669e-09) (2.08223e-08 -2.32504e-08 -1.5939e-09) (2.26025e-08 -2.54767e-08 -8.31961e-10) (2.24901e-08 -2.68679e-08 -1.02448e-09) (2.22052e-08 -2.81549e-08 -1.49695e-09) (2.21586e-08 -2.90718e-08 -2.46323e-09) (2.25661e-08 -2.87628e-08 -1.4173e-09)
2900          (1.37702e-09 -1.44737e-09 -1.53115e-10) (3.93385e-09 -4.78165e-09 2.64745e-11) (9.63087e-09 -1.07644e-08 -2.70281e-10) (1.50673e-08 -1.63024e-08 6.29316e-10) (1.86145e-08 -2.03408e-08 4.00577e-10) (2.14368e-08 -2.31225e-08 8.05704e-10) (2.24551e-08 -2.58573e-08 1.77478e-09) (2.22851e-08 -2.74807e-08 1.49459e-09) (2.22698e-08 -2.82455e-08 1.58134e-09) (2.17737e-08 -2.91957e-08 1.29071e-09) (2.22294e-08 -2.91891e-08 9.19659e-10)
2950          (1.31816e-09 -1.7477e-09 2.30105e-10) (4.4135e-09 -4.64717e-09 2.76742e-10) (9.83111e-09 -1.05613e-08 1.21094e-09) (1.51341e-08 -1.66883e-08 -5.0617e-10) (1.86703e-08 -2.04793e-08 1.05264e-09) (2.05526e-08 -2.29778e-08 8.23083e-10) (2.25561e-08 -2.5142e-08 7.93341e-10) (2.28945e-08 -2.68711e-08 8.45856e-10) (2.24637e-08 -2.81685e-08 1.17026e-09) (2.24433e-08 -2.91413e-08 4.75771e-10) (2.31856e-08 -2.91551e-08 -1.13043e-09)
3000          (1.53847e-09 -1.40476e-09 -5.35627e-10) (3.72294e-09 -5.09448e-09 -4.8448e-10) (9.77251e-09 -1.11318e-08 -1.23279e-10) (1.53833e-08 -1.63723e-08 8.41256e-10) (1.88931e-08 -2.03263e-08 1.23119e-09) (2.12793e-08 -2.32714e-08 -4.18888e-10) (2.23882e-08 -2.56851e-08 4.27132e-10) (2.26418e-08 -2.68647e-08 7.41107e-10) (2.30081e-08 -2.82985e-08 -3.11881e-10) (2.37679e-08 -2.93872e-08 -3.93341e-10) (2.26794e-08 -2.94451e-08 -1.15526e-10)
3050          (1.68919e-09 -1.51782e-09 1.2719e-10) (4.5807e-09 -4.38386e-09 -6.81173e-10) (9.77496e-09 -1.11289e-08 -1.45703e-09) (1.51061e-08 -1.68256e-08 -1.37469e-09) (1.89261e-08 -2.07017e-08 -1.91433e-09) (2.11809e-08 -2.35244e-08 -2.03631e-09) (2.28188e-08 -2.54076e-08 -9.21959e-10) (2.22429e-08 -2.6503e-08 -1.40555e-09) (2.29405e-08 -2.78662e-08 -2.19569e-09) (2.26053e-08 -2.89568e-08 -2.35013e-09) (2.33657e-08 -2.90621e-08 -2.16713e-09)
3100          (9.82278e-10 -1.56064e-09 1.69805e-11) (3.94886e-09 -4.25387e-09 1.49175e-10) (9.51991e-09 -1.063e-08 -5.39389e-11) (1.51838e-08 -1.63167e-08 4.5133e-10) (1.88518e-08 -2.06381e-08 3.66346e-10) (2.08072e-08 -2.33847e-08 3.96015e-10) (2.24088e-08 -2.49978e-08 -1.28252e-10) (2.27655e-08 -2.6745e-08 5.56536e-10) (2.26076e-08 -2.84271e-08 -4.97413e-10) (2.25484e-08 -2.92565e-08 -7.93653e-10) (2.26159e-08 -2.89435e-08 -3.0307e-10)
3150          (1.02252e-09 -2.00406e-09 -2.40521e-11) (4.02111e-09 -4.6831e-09 2.28649e-10) (9.53935e-09 -1.05898e-08 -1.06404e-09) (1.48889e-08 -1.6144e-08 -9.06854e-10) (1.8457e-08 -2.02387e-08 -8.72849e-10) (2.0793e-08 -2.24718e-08 -1.32798e-09) (2.2856e-08 -2.52016e-08 -1.2736e-09) (2.20042e-08 -2.65153e-08 -1.33907e-09) (2.23078e-08 -2.77284e-08 -2.45163e-09) (2.22683e-08 -2.86813e-08 -2.44369e-09) (2.23703e-08 -2.89334e-08 -2.73245e-09)
3200          (1.27292e-09 -1.31918e-09 1.34705e-10) (3.54712e-09 -4.53033e-09 -2.05399e-10) (9.98161e-09 -1.04972e-08 -5.19544e-10) (1.51579e-08 -1.71251e-08 -7.7731e-10) (1.85722e-08 -2.07722e-08 6.23462e-10) (2.171e-08 -2.37544e-08 -3.58677e-10) (2.29196e-08 -2.60597e-08 -1.05127e-09) (2.33258e-08 -2.7602e-08 -1.91125e-09) (2.30567e-08 -2.83462e-08 -2.98888e-09) (2.25704e-08 -2.91782e-08 -3.84691e-09) (2.24772e-08 -2.99039e-08 -3.86052e-09)
3250          (1.31535e-09 -1.599e-09 1.83658e-10) (3.88045e-09 -5.18486e-09 -2.30918e-10) (9.1811e-09 -1.13475e-08 -4.61104e-10) (1.55975e-08 -1.68436e-08 -7.05086e-10) (1.91983e-08 -2.1028e-08 5.53781e-10) (2.10717e-08 -2.42342e-08 -8.07977e-11) (2.24734e-08 -2.57544e-08 1.43769e-10) (2.32831e-08 -2.73454e-08 2.35206e-10) (2.25491e-08 -2.78755e-08 -2.13472e-10) (2.23322e-08 -2.88109e-08 -1.7141e-10) (2.31216e-08 -2.92163e-08 -9.06228e-10)
3300          (1.46411e-09 -1.53487e-09 -1.7458e-10) (4.39143e-09 -4.39217e-09 -2.53527e-10) (9.70026e-09 -1.08526e-08 -1.62377e-10) (1.46203e-08 -1.67444e-08 -1.77016e-10) (1.85635e-08 -2.04389e-08 3.50653e-10) (2.1638e-08 -2.30031e-08 -5.19845e-10) (2.24799e-08 -2.5303e-08 -6.00508e-10) (2.26692e-08 -2.63362e-08 -1.50622e-10) (2.28847e-08 -2.78615e-08 -2.98283e-10) (2.21694e-08 -2.89806e-08 -1.93128e-10) (2.28685e-08 -2.9262e-08 -7.64743e-10)
3350          (1.37831e-09 -1.35198e-09 9.48e-11) (4.17956e-09 -4.033e-09 -2.21305e-10) (1.03321e-08 -1.08895e-08 -1.06192e-09) (1.47446e-08 -1.62755e-08 -1.81152e-09) (1.85087e-08 -2.02871e-08 -1.02788e-09) (2.20325e-08 -2.34106e-08 -1.82416e-09) (2.2566e-08 -2.54367e-08 -9.43362e-10) (2.21816e-08 -2.69865e-08 -6.62644e-10) (2.23725e-08 -2.77461e-08 -1.61777e-09) (2.23904e-08 -2.89493e-08 -3.05439e-09) (2.28432e-08 -2.8621e-08 -2.48878e-09)
3400          (1.20735e-09 -1.65663e-09 2.63371e-10) (4.23338e-09 -4.66979e-09 4.06701e-10) (1.00284e-08 -1.07481e-08 4.6117e-10) (1.48826e-08 -1.65706e-08 -5.91197e-10) (1.84269e-08 -2.04784e-08 6.42134e-10) (2.10722e-08 -2.3425e-08 4.66987e-10) (2.21017e-08 -2.49775e-08 8.67892e-10) (2.27037e-08 -2.67293e-08 -1.65795e-10) (2.21928e-08 -2.82379e-08 -8.8155e-10) (2.20638e-08 -2.90576e-08 -1.5569e-09) (2.2377e-08 -2.86228e-08 -1.57128e-09)
3450          (1.61784e-09 -1.83951e-09 -9.60154e-11) (3.85897e-09 -4.98713e-09 6.62845e-10) (1.03485e-08 -1.08568e-08 -3.27053e-11) (1.47974e-08 -1.62295e-08 5.22933e-11) (1.87633e-08 -2.06286e-08 2.48643e-10) (2.10364e-08 -2.3398e-08 -1.0845e-09) (2.20904e-08 -2.54578e-08 -1.29542e-09) (2.22701e-08 -2.66743e-08 -3.36649e-09) (2.2277e-08 -2.7906e-08 -2.98035e-09) (2.23409e-08 -2.89273e-08 -2.56167e-09) (2.26207e-08 -2.89887e-08 -2.61274e-09)
3500          (1.46893e-09 -1.62079e-09 -4.38171e-12) (4.14326e-09 -4.59748e-09 -5.87112e-10) (1.03121e-08 -1.07956e-08 3.02332e-10) (1.49407e-08 -1.61978e-08 -9.16478e-10) (1.86027e-08 -2.11297e-08 -3.76871e-10) (2.09222e-08 -2.35774e-08 -1.86019e-10) (2.19118e-08 -2.57152e-08 4.36512e-10) (2.25233e-08 -2.67642e-08 2.33858e-10) (2.24648e-08 -2.85045e-08 -4.66064e-10) (2.25782e-08 -2.96077e-08 -3.34992e-10) (2.24167e-08 -2.96177e-08 1.76669e-10)
3550          (1.30909e-09 -1.65654e-09 1.85101e-10) (3.88412e-09 -4.82441e-09 -6.40832e-11) (9.26367e-09 -1.06635e-08 2.30967e-10) (1.50525e-08 -1.65076e-08 -4.96737e-10) (1.88555e-08 -2.08364e-08 5.56452e-10) (2.08529e-08 -2.26454e-08 7.95971e-10) (2.18727e-08 -2.57114e-08 3.77188e-10) (2.26414e-08 -2.71158e-08 2.60426e-10) (2.29391e-08 -2.82704e-08 1.51935e-10) (2.19865e-08 -2.92449e-08 -1.40156e-09) (2.22258e-08 -2.91855e-08 -1.36842e-09)
3600          (1.3167e-09 -1.11764e-09 3.02065e-10) (4.50103e-09 -5.01616e-09 6.9973e-10) (9.71919e-09 -1.09798e-08 1.15919e-10) (1.51358e-08 -1.67311e-08 5.91965e-10) (1.86308e-08 -2.07303e-08 9.62012e-10) (2.0702e-08 -2.32121e-08 8.40368e-10) (2.16566e-08 -2.52917e-08 -6.87958e-10) (2.25328e-08 -2.70541e-08 1.4679e-09) (2.19669e-08 -2.80605e-08 -5.15375e-10) (2.23001e-08 -2.8888e-08 -1.98997e-10) (2.27987e-08 -2.98258e-08 -9.19252e-10)
3650          (1.74483e-09 -1.09165e-09 -2.38368e-10) (4.41965e-09 -4.74707e-09 -4.14233e-10) (1.00157e-08 -1.1245e-08 -1.39538e-09) (1.52178e-08 -1.63534e-08 -1.88943e-09) (1.93607e-08 -2.02058e-08 -2.23465e-09) (2.08772e-08 -2.3321e-08 -2.85042e-09) (2.22908e-08 -2.59816e-08 -3.81088e-09) (2.27021e-08 -2.73254e-08 -3.11183e-09) (2.28775e-08 -2.83555e-08 -3.38124e-09) (2.27036e-08 -2.91902e-08 -3.82603e-09) (2.24631e-08 -2.9157e-08 -2.93166e-09)
3700          (1.54762e-09 -1.66297e-09 -1.46031e-10) (3.9423e-09 -4.97916e-09 -3.10371e-10) (9.73093e-09 -1.06102e-08 -6.25081e-10) (1.51599e-08 -1.58627e-08 -2.28434e-09) (1.8339e-08 -2.0468e-08 -1.21704e-09) (2.06024e-08 -2.33754e-08 -1.64221e-09) (2.23184e-08 -2.53713e-08 -1.50877e-09) (2.23365e-08 -2.66553e-08 -4.53734e-10) (2.26831e-08 -2.78973e-08 -1.66209e-09) (2.20422e-08 -2.91414e-08 -1.8049e-09) (2.27125e-08 -2.88131e-08 -2.51183e-09)
3750          (1.42189e-09 -1.78314e-09 -2.83761e-11) (4.16156e-09 -4.68813e-09 3.35747e-10) (9.66107e-09 -1.09287e-08 -3.21443e-10) (1.57012e-08 -1.65689e-08 7.59236e-10) (1.85079e-08 -2.08937e-08 1.25999e-09) (2.11066e-08 -2.33355e-08 9.20585e-10) (2.24111e-08 -2.5263e-08 1.0627e-09) (2.26696e-08 -2.71873e-08 1.13705e-09) (2.24073e-08 -2.81062e-08 7.98555e-10) (2.22355e-08 -2.93942e-08 1.24929e-09) (2.28411e-08 -2.88384e-08 4.92076e-11)
3800          (1.38821e-09 -1.44735e-09 1.8713e-10) (3.8527e-09 -4.85587e-09 -1.03143e-10) (9.76312e-09 -1.10184e-08 1.00416e-10) (1.53715e-08 -1.65749e-08 -5.43126e-10) (1.85814e-08 -2.0626e-08 -1.03745e-10) (2.11049e-08 -2.33602e-08 -1.1518e-10) (2.19419e-08 -2.59664e-08 2.81904e-10) (2.22969e-08 -2.73178e-08 -5.70021e-10) (2.23507e-08 -2.84859e-08 -8.75084e-10) (2.24231e-08 -2.97105e-08 -1.03595e-09) (2.27377e-08 -2.94503e-08 -2.12622e-09)
3850          (1.27284e-09 -1.54128e-09 7.51667e-11) (3.95231e-09 -4.67172e-09 2.60024e-10) (1.00499e-08 -1.10083e-08 -2.0235e-10) (1.48242e-08 -1.61492e-08 -7.74061e-10) (1.81286e-08 -2.00788e-08 4.40727e-10) (2.09927e-08 -2.29049e-08 3.12246e-10) (2.18492e-08 -2.54529e-08 3.8508e-10) (2.22521e-08 -2.65066e-08 6.85589e-10) (2.23338e-08 -2.79287e-08 -1.45388e-09) (2.22944e-08 -2.92173e-08 -8.45677e-10) (2.25807e-08 -2.99853e-08 -1.08604e-09)
3900          (1.30525e-09 -1.61373e-09 -6.34455e-11) (4.08046e-09 -4.78495e-09 1.12995e-10) (9.56037e-09 -1.07622e-08 -1.04849e-09) (1.47988e-08 -1.64868e-08 -8.1607e-10) (1.87604e-08 -2.05518e-08 -1.26516e-09) (2.08401e-08 -2.33201e-08 -6.00113e-10) (2.23649e-08 -2.53086e-08 -8.90106e-10) (2.24187e-08 -2.70269e-08 -8.85615e-10) (2.26226e-08 -2.80763e-08 -1.234e-09) (2.23772e-08 -2.88665e-08 -1.81093e-09) (2.24127e-08 -2.92615e-08 -1.5802e-09)
3950          (1.22801e-09 -1.66584e-09 -8.48117e-11) (4.42168e-09 -4.51367e-09 -3.24834e-10) (9.82183e-09 -1.10217e-08 6.3513e-11) (1.56658e-08 -1.6538e-08 7.71749e-10) (1.87184e-08 -2.10382e-08 8.11248e-10) (2.10845e-08 -2.35269e-08 6.26419e-10) (2.25967e-08 -2.53095e-08 6.61362e-10) (2.31471e-08 -2.72367e-08 3.51946e-10) (2.25655e-08 -2.82057e-08 -1.41192e-10) (2.27299e-08 -2.89695e-08 -3.52966e-10) (2.2969e-08 -2.89113e-08 -6.42526e-10)
4000          (1.74732e-09 -1.5717e-09 -2.19482e-10) (4.40999e-09 -4.85044e-09 -2.20115e-10) (9.89446e-09 -1.13058e-08 -1.1141e-09) (1.54359e-08 -1.66857e-08 -1.63483e-09) (1.87811e-08 -2.09925e-08 -1.06362e-09) (2.07775e-08 -2.35588e-08 -1.75223e-09) (2.27766e-08 -2.58485e-08 -1.06727e-09) (2.28594e-08 -2.68935e-08 -1.59352e-09) (2.21819e-08 -2.84272e-08 -1.96099e-09) (2.28248e-08 -2.98622e-08 -2.13784e-09) (2.34507e-08 -2.96415e-08 -1.78839e-09)
4050          (1.22398e-09 -1.51064e-09 2.19709e-10) (4.18807e-09 -4.73686e-09 9.50785e-10) (9.62827e-09 -1.06566e-08 5.616e-10) (1.52009e-08 -1.65115e-08 1.0116e-09) (1.90943e-08 -2.05509e-08 1.1138e-09) (2.10092e-08 -2.33603e-08 1.92755e-09) (2.17603e-08 -2.53741e-08 2.4695e-09) (2.20852e-08 -2.68869e-08 1.55373e-09) (2.26652e-08 -2.78926e-08 1.49576e-09) (2.24667e-08 -2.92884e-08 1.56711e-09) (2.29583e-08 -2.92586e-08 5.1331e-10)
4100          (1.36961e-09 -1.73475e-09 3.63584e-10) (4.19474e-09 -4.30695e-09 4.3524e-10) (9.57189e-09 -1.10747e-08 4.64903e-12) (1.52162e-08 -1.64272e-08 -8.27998e-10) (1.90272e-08 -2.07792e-08 8.65608e-11) (2.08132e-08 -2.25307e-08 -1.79553e-10) (2.26505e-08 -2.58532e-08 -1.05212e-09) (2.2209e-08 -2.68912e-08 5.58358e-11) (2.20144e-08 -2.84198e-08 6.57062e-10) (2.22777e-08 -2.92265e-08 3.79499e-10) (2.30236e-08 -2.89743e-08 1.11603e-09)
4150          (1.6804e-09 -1.37288e-09 -1.45221e-10) (4.40622e-09 -4.58637e-09 -2.99618e-10) (9.79005e-09 -1.115e-08 -8.98666e-10) (1.55343e-08 -1.62486e-08 -5.08966e-10) (1.87389e-08 -2.05275e-08 -2.29517e-10) (2.13973e-08 -2.33754e-08 -1.43808e-10) (2.25017e-08 -2.56846e-08 4.5312e-10) (2.25585e-08 -2.69576e-08 -6.19574e-10) (2.25478e-08 -2.79654e-08 -1.1209e-09) (2.28732e-08 -2.86981e-08 -1.72678e-09) (2.29186e-08 -2.93077e-08 -1.82611e-09)
4200          (1.13306e-09 -1.65232e-09 -1.3004e-10) (4.25382e-09 -4.6798e-09 -4.28009e-10) (9.48935e-09 -1.07513e-08 -6.34292e-10) (1.45344e-08 -1.56783e-08 -6.48916e-12) (1.79549e-08 -2.01202e-08 -6.63184e-11) (2.0646e-08 -2.29207e-08 -1.12066e-09) (2.18082e-08 -2.54417e-08 -1.20456e-09) (2.28798e-08 -2.65577e-08 -3.7761e-10) (2.20625e-08 -2.75792e-08 -1.88699e-09) (2.15497e-08 -2.91334e-08 -1.59059e-09) (2.32641e-08 -2.89161e-08 -2.22663e-09)
4250          (1.10726e-09 -1.77353e-09 -2.05717e-10) (4.0762e-09 -4.67436e-09 -2.31873e-10) (9.97755e-09 -1.07977e-08 -6.89033e-10) (1.4872e-08 -1.66555e-08 -7.68338e-10) (1.90298e-08 -2.02568e-08 -1.26634e-10) (2.11379e-08 -2.33929e-08 -6.37554e-10) (2.27189e-08 -2.54283e-08 -1.15448e-09) (2.2822e-08 -2.69015e-08 -1.55653e-09) (2.29374e-08 -2.82852e-08 -4.04759e-10) (2.28592e-08 -2.92483e-08 -1.57428e-09) (2.27007e-08 -2.88946e-08 -1.22026e-09)
4300          (1.83846e-09 -1.39655e-09 2.27704e-10) (4.04906e-09 -4.87969e-09 3.53336e-10) (9.21623e-09 -1.10826e-08 -6.62751e-11) (1.45063e-08 -1.66712e-08 -1.18207e-10) (1.82433e-08 -2.06095e-08 2.97425e-11) (2.0912e-08 -2.2934e-08 -9.55419e-10) (2.20162e-08 -2.52281e-08 -9.9025e-10) (2.20583e-08 -2.69361e-08 -4.15047e-10) (2.24489e-08 -2.79506e-08 -1.32113e-09) (2.23921e-08 -2.92515e-08 -2.00561e-09) (2.24323e-08 -2.85429e-08 -2.62593e-09)
4350          (1.70477e-09 -1.61395e-09 3.18688e-10) (4.33294e-09 -4.95245e-09 1.10657e-10) (9.57272e-09 -1.07204e-08 2.44272e-10) (1.51636e-08 -1.64212e-08 1.11545e-09) (1.84203e-08 -2.05972e-08 1.68973e-09) (2.08428e-08 -2.2914e-08 1.81249e-09) (2.21392e-08 -2.54071e-08 1.44495e-09) (2.16488e-08 -2.70176e-08 9.42235e-10) (2.21625e-08 -2.75376e-08 -3.54596e-10) (2.21159e-08 -2.89666e-08 3.71974e-10) (2.19689e-08 -2.97163e-08 -5.12799e-10)
4400          (1.18312e-09 -1.32635e-09 -1.71823e-10) (3.83046e-09 -4.59776e-09 -3.10457e-11) (9.55067e-09 -1.11598e-08 -1.43967e-09) (1.55632e-08 -1.66821e-08 -1.47482e-09) (1.8413e-08 -2.02937e-08 -1.08232e-09) (2.04867e-08 -2.2845e-08 -7.74794e-10) (2.18773e-08 -2.44953e-08 -6.60447e-10) (2.19473e-08 -2.66367e-08 -1.52149e-09) (2.19945e-08 -2.82059e-08 -1.50041e-09) (2.22117e-08 -2.88418e-08 -1.64e-09) (2.25245e-08 -2.86633e-08 -1.12968e-09)
4450          (1.19071e-09 -1.52105e-09 -1.99383e-10) (4.02637e-09 -4.79229e-09 4.12097e-10) (9.60085e-09 -1.10278e-08 5.96473e-10) (1.52927e-08 -1.63183e-08 1.12583e-09) (1.85419e-08 -2.0148e-08 8.9016e-10) (2.1141e-08 -2.30724e-08 1.44463e-09) (2.23657e-08 -2.48372e-08 1.16622e-09) (2.23753e-08 -2.65079e-08 6.65199e-10) (2.2463e-08 -2.76829e-08 1.59452e-09) (2.22387e-08 -2.85107e-08 8.82404e-10) (2.31743e-08 -2.80935e-08 5.99558e-10)
4500          (1.36049e-09 -1.54092e-09 -1.03443e-10) (4.08269e-09 -4.46943e-09 -1.89325e-10) (9.43949e-09 -1.07841e-08 -4.17667e-10) (1.51792e-08 -1.61488e-08 -1.50286e-09) (1.85415e-08 -2.01332e-08 -8.16871e-11) (2.08306e-08 -2.30148e-08 -9.35594e-10) (2.17487e-08 -2.52736e-08 -8.98081e-10) (2.23227e-08 -2.66067e-08 -1.15904e-09) (2.25646e-08 -2.84823e-08 -1.99631e-09) (2.2687e-08 -2.9039e-08 -3.64238e-09) (2.24879e-08 -2.96451e-08 -3.58924e-09)
4550          (1.51797e-09 -1.32021e-09 1.50914e-11) (3.94077e-09 -4.34202e-09 2.37955e-10) (9.37965e-09 -1.07133e-08 4.36079e-10) (1.52514e-08 -1.63791e-08 1.97562e-10) (1.8459e-08 -2.05494e-08 4.7714e-10) (2.12064e-08 -2.29373e-08 -2.2645e-10) (2.23077e-08 -2.54751e-08 -4.30717e-10) (2.25482e-08 -2.68701e-08 -7.24023e-10) (2.25453e-08 -2.82744e-08 -7.46505e-11) (2.25447e-08 -2.90775e-08 -9.92376e-10) (2.28615e-08 -2.90067e-08 -1.51135e-09)
4600          (1.64921e-09 -1.35098e-09 1.0057e-11) (4.23747e-09 -4.72216e-09 1.96606e-10) (9.91252e-09 -1.07906e-08 6.71044e-11) (1.49084e-08 -1.66289e-08 -5.80499e-10) (1.87659e-08 -2.07255e-08 1.3998e-09) (2.03688e-08 -2.34626e-08 -2.96503e-10) (2.23781e-08 -2.50189e-08 6.53679e-10) (2.2354e-08 -2.65067e-08 -7.87459e-10) (2.21241e-08 -2.7973e-08 -1.44546e-09) (2.18003e-08 -2.91003e-08 -2.14724e-09) (2.18838e-08 -2.93121e-08 -1.95584e-09)
4650          (1.46826e-09 -1.73537e-09 -8.44432e-11) (4.46619e-09 -4.66189e-09 2.66938e-10) (9.61557e-09 -1.0542e-08 9.57809e-11) (1.46735e-08 -1.63562e-08 -1.93384e-10) (1.87804e-08 -2.03285e-08 4.78387e-10) (2.12761e-08 -2.35973e-08 -2.28091e-10) (2.21709e-08 -2.538e-08 -6.76083e-11) (2.24413e-08 -2.71124e-08 -7.33136e-10) (2.22908e-08 -2.82591e-08 -6.5567e-10) (2.25843e-08 -2.93205e-08 -1.56486e-09) (2.2895e-08 -2.91934e-08 -1.29814e-09)
4700          (1.49086e-09 -1.15785e-09 -1.91173e-10) (4.04678e-09 -4.90175e-09 -2.45336e-10) (1.0229e-08 -1.09267e-08 -1.02475e-09) (1.52182e-08 -1.67994e-08 -1.57014e-09) (1.91566e-08 -2.09638e-08 -1.07057e-09) (2.11563e-08 -2.29493e-08 -1.967e-09) (2.20971e-08 -2.54899e-08 -1.01789e-09) (2.23582e-08 -2.69568e-08 -9.53471e-10) (2.2386e-08 -2.78556e-08 -1.62534e-09) (2.23704e-08 -2.89526e-08 -1.64809e-09) (2.21664e-08 -2.90155e-08 -1.1287e-09)
4750          (1.34352e-09 -1.1014e-09 -9.7469e-11) (4.21732e-09 -4.81922e-09 -1.83182e-10) (9.58971e-09 -1.05875e-08 -2.56757e-10) (1.51207e-08 -1.61043e-08 -4.79918e-10) (1.88046e-08 -1.9984e-08 7.79512e-10) (2.08411e-08 -2.28001e-08 2.88432e-10) (2.28264e-08 -2.47462e-08 7.22111e-10) (2.21419e-08 -2.70986e-08 1.03229e-09) (2.26812e-08 -2.78638e-08 5.39593e-11) (2.26165e-08 -2.93518e-08 4.63221e-10) (2.24223e-08 -2.88009e-08 1.8025e-10)
4800          (1.15248e-09 -1.35318e-09 1.71507e-11) (3.82469e-09 -4.13856e-09 -1.7869e-10) (9.92445e-09 -1.01055e-08 -3.9594e-10) (1.47611e-08 -1.64982e-08 2.43997e-10) (1.83516e-08 -2.03768e-08 2.15152e-09) (2.11131e-08 -2.31997e-08 1.73748e-09) (2.32983e-08 -2.57456e-08 1.49518e-09) (2.24501e-08 -2.69889e-08 1.49097e-09) (2.28519e-08 -2.87527e-08 1.23802e-09) (2.24307e-08 -2.91208e-08 4.11038e-10) (2.31472e-08 -2.93113e-08 2.53499e-10)
4850          (1.77164e-09 -1.72872e-09 -1.64778e-10) (4.53246e-09 -4.77309e-09 -2.46218e-10) (9.2336e-09 -1.09026e-08 -4.68108e-10) (1.52335e-08 -1.66589e-08 5.03557e-11) (1.87711e-08 -2.05873e-08 8.37738e-10) (2.15915e-08 -2.31542e-08 6.29945e-10) (2.26599e-08 -2.54025e-08 7.83447e-10) (2.27664e-08 -2.71163e-08 1.81985e-10) (2.2468e-08 -2.74713e-08 -6.38941e-10) (2.22953e-08 -2.87794e-08 -1.07563e-09) (2.29831e-08 -2.98247e-08 -9.76985e-10)
4900          (1.20544e-09 -1.41222e-09 -1.75462e-10) (3.84182e-09 -4.44923e-09 6.97702e-10) (9.22282e-09 -1.06745e-08 -8.27052e-10) (1.49765e-08 -1.61309e-08 -1.61203e-10) (1.88773e-08 -2.0212e-08 -3.61406e-10) (2.07029e-08 -2.32263e-08 -6.60297e-10) (2.23509e-08 -2.52593e-08 2.00791e-10) (2.21036e-08 -2.69585e-08 -6.91798e-11) (2.28453e-08 -2.84735e-08 7.71868e-10) (2.23774e-08 -2.92074e-08 -9.72167e-10) (2.23442e-08 -3.00147e-08 -1.08227e-09)
4950          (1.28249e-09 -1.65014e-09 -1.25033e-10) (4.14671e-09 -4.15381e-09 -7.12808e-10) (1.0169e-08 -1.07412e-08 2.44034e-10) (1.52102e-08 -1.63954e-08 -7.73939e-10) (1.81555e-08 -2.06006e-08 -6.36268e-10) (2.09286e-08 -2.32668e-08 -7.77696e-10) (2.23188e-08 -2.54352e-08 -7.64258e-10) (2.26167e-08 -2.68404e-08 -5.19885e-10) (2.23826e-08 -2.76552e-08 -5.17432e-10) (2.21091e-08 -2.8701e-08 -1.75185e-09) (2.26141e-08 -2.92194e-08 -2.25256e-09)
5000          (1.40295e-09 -1.7587e-09 1.04225e-10) (3.70209e-09 -4.38661e-09 5.02882e-10) (1.01473e-08 -1.12615e-08 -5.58079e-10) (1.52256e-08 -1.6343e-08 -4.65048e-10) (1.89068e-08 -2.02874e-08 -3.49228e-10) (2.07563e-08 -2.31256e-08 -1.70656e-09) (2.176e-08 -2.52506e-08 -1.47358e-09) (2.2577e-08 -2.74056e-08 -1.70649e-09) (2.25632e-08 -2.7906e-08 -2.69214e-09) (2.288e-08 -2.8983e-08 -3.06643e-09) (2.21912e-08 -2.9529e-08 -3.65141e-09)
