# Probe 0 (0.0015 0.0015 0)
# Probe 1 (0.0015 0.0015 0.002)
# Probe 2 (0.0015 0.0015 0.004)
# Probe 3 (0.0015 0.0015 0.006)
# Probe 4 (0.0015 0.0015 0.008)
# Probe 5 (0.0015 0.0015 0.01)
# Probe 6 (0.0015 0.0015 0.012)
# Probe 7 (0.0015 0.0015 0.014)
# Probe 8 (0.0015 0.0015 0.016)
# Probe 9 (0.0015 0.0015 0.018)
# Probe 10 (0.0015 0.0015 0.02)
# Time        0             1             2             3             4             5             6             7             8             9             10           
50            (1.19022e+06 3180.53 -5.22105e+07) (-13579 58623.3 -3.67493e+07) (-52380.3 -54871.9 -1.3825e+07) (-114.294 -7690.62 -4.64387e+06) (-7107.29 9796.38 -1.48269e+06) (8024.97 5185.15 -450584) (5707.55 -2986.5 -144004) (3748.98 -15604.7 75613.4) (8113.68 2267.11 336823) (-7554.88 7976.58 1.14909e+06) (14920.2 11376 3.15424e+06)
100           (2.75815e+06 61980.1 -4.29351e+07) (1.00545e+06 209989 -3.78406e+07) (-177521 -56827.5 -2.10829e+07) (6575.58 -47940.9 -8.23802e+06) (-15714.5 12704.6 -2.78007e+06) (7729.81 4901.76 -909401) (4389.93 -3522.75 -287964) (3616.15 -15888.4 51566) (8462.83 1989.85 372057) (-9454.75 13711.9 1.22455e+06) (22365.3 21103.1 3.06687e+06)
150           (3.27691e+06 118833 -3.55259e+07) (1.8832e+06 291556 -3.37023e+07) (-367205 -245471 -2.54827e+07) (28814.1 -196862 -1.25616e+07) (-25991.3 20594.6 -4.70699e+06) (7461.28 4886.51 -1.62665e+06) (2323.58 -4500.04 -523599) (3429.35 -16225.8 452.453) (8851.22 1738.52 402695) (-11413.3 20142.5 1.304e+06) (29056.8 31471.3 2.96821e+06)
200           (3.52273e+06 149898 -3.06671e+07) (2.2979e+06 328740 -2.98593e+07) (-407171 -521063 -2.62751e+07) (93282.9 -488490 -1.62232e+07) (-29400.8 44003.8 -7.20241e+06) (7547.39 6080.25 -2.64751e+06) (-651.922 -6222.15 -878714) (3201.92 -16684.7 -88313.9) (9310.33 1534.95 422790) (-13335.2 27154.1 1.37789e+06) (33449.4 40146 2.86107e+06)
250           (3.67681e+06 169172 -2.73343e+07) (2.54843e+06 349622 -2.69747e+07) (-377860 -690463 -2.5414e+07) (161925 -845377 -1.82041e+07) (-11379.1 98683.5 -9.99832e+06) (8774.21 11040 -3.99457e+06) (-4682.05 -9218.26 -1.38767e+06) (2951.25 -17388.5 -229131) (9870.13 1400.86 425249) (-15163.5 34650.3 1.43861e+06) (35378.8 45964.1 2.74755e+06)
300           (3.78551e+06 183025 -2.48675e+07) (2.72512e+06 364506 -2.47611e+07) (-370215 -795730 -2.41768e+07) (192344 -1.15866e+06 -1.86552e+07) (30469.9 189937 -1.25978e+07) (12908 25662.7 -5.62589e+06) (-9783.2 -14393.1 -2.08778e+06) (2731.39 -18548.8 -439904) (10581.3 1368.64 401819) (-16886.4 42548 1.48023e+06) (35473 49253.5 2.62874e+06)
350           (3.86828e+06 193665 -2.2933e+07) (2.85986e+06 375778 -2.29918e+07) (-375581 -872189 -2.29745e+07) (209683 -1.4069e+06 -1.82795e+07) (79266.6 301309 -1.45357e+07) (23540.4 59282.7 -7.38545e+06) (-15541.9 -23185.2 -3.00659e+06) (2667.3 -20570.2 -741180) (11526.3 1475.25 342658) (-18569 50789.5 1.49748e+06) (34510.2 50985.1 2.50459e+06)
400           (3.93428e+06 202262 -2.13601e+07) (2.96754e+06 384771 -2.15378e+07) (-383205 -932144 -2.19008e+07) (226254 -1.60937e+06 -1.76045e+07) (121609 406377 -1.5702e+07) (46452.6 115811 -9.01828e+06) (-20685.5 -37382.7 -4.14361e+06) (3047.32 -24124.2 -1.15359e+06) (12839.7 1772.94 235870) (-20309.3 59312.3 1.48474e+06) (33079.3 52007.7 2.37376e+06)
450           (3.98859e+06 209366 -2.00509e+07) (3.05628e+06 392138 -2.03196e+07) (-390488 -981120 -2.09598e+07) (241252 -1.77881e+06 -1.6868e+07) (158185 493646 -1.62759e+07) (87772.6 182988 -1.02825e+07) (-22395.5 -57932.1 -5.45287e+06) (4460.31 -30301.7 -1.69364e+06) (14765 2330.95 68272) (-22265.4 68122.3 1.43579e+06) (31569.6 52878.4 2.23354e+06)
500           (4.03421e+06 215351 -1.89417e+07) (3.13092e+06 398303 -1.92821e+07) (-397044 -1.02207e+06 -2.01332e+07) (254214 -1.92268e+06 -1.61473e+07) (191849 565120 -1.64853e+07) (147438 240657 -1.1073e+07) (-15910.9 -82674.3 -6.83364e+06) (8016.57 -40565.4 -2.36754e+06) (17706.2 3268.78 -174496) (-24607.4 77301.4 1.34312e+06) (30180.6 53863.8 2.07967e+06)
550           (4.07321e+06 220483 -1.79858e+07) (3.19482e+06 403557 -1.83841e+07) (-402914 -1.05699e+06 -1.93995e+07) (265404 -2.04687e+06 -1.54622e+07) (222968 625659 -1.64903e+07) (216921 281955 -1.14337e+07) (4579.52 -106389 -8.14933e+06) (15478.9 -56531.1 -3.16257e+06) (22303.9 4803.26 -506233) (-27524.7 87053.3 1.1978e+06) (28990.7 55067.5 1.90615e+06)
600           (4.10712e+06 224959 -1.71483e+07) (3.25049e+06 408115 -1.75941e+07) (-408204 -1.08731e+06 -1.87401e+07) (275175 -2.15595e+06 -1.48158e+07) (251395 678631 -1.63829e+07) (286286 313918 -1.14828e+07) (42476.2 -125069 -9.27733e+06) (28913.9 -79527.7 -4.03959e+06) (29498.2 7330.97 -936940) (-31239.4 97741.2 989761) (28008.2 56529.8 1.7052e+06)
650           (4.1371e+06 228927 -1.64028e+07) (3.29978e+06 412135 -1.68883e+07) (-413014 -1.11409e+06 -1.81405e+07) (283830 -2.25334e+06 -1.42065e+07) (277326 726027 -1.62131e+07) (350378 343476 -1.13371e+07) (94757.1 -139027 -1.01549e+07) (49502 -110342 -4.93313e+06) (40512.1 11517.7 -1.4686e+06) (-36025.3 109908 708652) (27205.9 58288.6 1.46736e+06)
700           (4.16402e+06 232498 -1.57298e+07) (3.34409e+06 415737 -1.6249e+07) (-417430 -1.13814e+06 -1.75894e+07) (291608 -2.34153e+06 -1.36312e+07) (301131 769088 -1.60086e+07) (408429 372656 -1.10793e+07) (153184 -150897 -1.07852e+07) (76053.2 -149727 -5.76502e+06) (56674.3 18301.3 -2.09138e+06) (-42225.7 124276 345366) (26541.3 60411.5 1.18186e+06)
750           (4.18845e+06 235758 -1.51148e+07) (3.38439e+06 419015 -1.56634e+07) (-421479 -1.15996e+06 -1.70785e+07) (298739 -2.42214e+06 -1.30869e+07) (323128 808535 -1.5785e+07) (461317 401173 -1.07587e+07) (210030 -162597 -1.121e+07) (105038 -198734 -6.46876e+06) (78959.2 28661.5 -2.78163e+06) (-50244.6 141654 -105572) (25947.5 62983.9 837664)
800           (4.21096e+06 238756 -1.45467e+07) (3.42153e+06 422018 -1.51213e+07) (-425294 -1.18008e+06 -1.6601e+07) (305245 -2.49694e+06 -1.25702e+07) (343688 845251 -1.55518e+07) (510174 428626 -1.04021e+07) (261929 -174575 -1.14809e+07) (133074 -257870 -7.01019e+06) (107649 43403.7 -3.50268e+06) (-60573.7 163018 -642512) (25410.5 66199.2 424555)
850           (4.23186e+06 241542 -1.40175e+07) (3.45605e+06 424803 -1.46154e+07) (-428877 -1.19876e+06 -1.61519e+07) (311291 -2.56675e+06 -1.20781e+07) (363007 879582 -1.53143e+07) (555799 454840 -1.00253e+07) (308607 -186722 -1.1643e+07) (158780 -325259 -7.39143e+06) (141538 62545.7 -4.21157e+06) (-73615.6 189085 -1.25388e+06) (24865.8 70215.1 -63843.3)
900           (4.25141e+06 244153 -1.35208e+07) (3.48838e+06 427407 -1.41399e+07) (-432261 -1.21625e+06 -1.57272e+07) (316951 -2.63238e+06 -1.16082e+07) (381267 911898 -1.50761e+07) (598792 479847 -9.63881e+06) (351178 -198760 -1.17319e+07) (182507 -397433 -7.63991e+06) (178419 85311.6 -4.86928e+06) (-89556.3 220224 -1.91766e+06) (24264.5 75193.6 -628081)
950           (4.26983e+06 246614 -1.3052e+07) (3.51884e+06 429857 -1.36906e+07) (-435471 -1.23273e+06 -1.53238e+07) (322286 -2.6944e+06 -1.11587e+07) (398598 942474 -1.48405e+07) (639545 503718 -9.25155e+06) (390719 -210477 -1.17747e+07) (204877 -470930 -7.79222e+06) (216032 110328 -5.45106e+06) (-108167 256209 -2.60487e+06) (23561 81228 -1.26113e+06)
1000          (4.28726e+06 248944 -1.26077e+07) (3.54769e+06 432174 -1.32645e+07) (-438522 -1.24832e+06 -1.49401e+07) (327336 -2.75323e+06 -1.07292e+07) (415080 971495 -1.46108e+07) (678271 526499 -8.87119e+06) (427873 -221754 -1.17909e+07) (226149 -543254 -7.88189e+06) (252882 136084 -5.95036e+06) (-128758 296137 -3.28599e+06) (22718.1 88288.8 -1.9483e+06)
1050          (4.3038e+06 251156 -1.2186e+07) (3.57505e+06 434373 -1.28599e+07) (-441424 -1.26311e+06 -1.45754e+07) (332128 -2.80908e+06 -1.03201e+07) (430749 999058 -1.43901e+07) (715048 548197 -8.50428e+06) (462920 -232525 -1.17938e+07) (246326 -612887 -7.93442e+06) (288269 161345 -6.37483e+06) (-150344 338581 -3.93726e+06) (21712.2 96197.6 -2.66898e+06)
1100          (4.31949e+06 253254 -1.17859e+07) (3.60101e+06 436459 -1.24761e+07) (-444178 -1.27715e+06 -1.42296e+07) (336674 -2.86206e+06 -9.93239e+06) (445605 1.0252e+06 -1.4181e+07) (749865 568787 -8.15596e+06) (495933 -242749 -1.17924e+07) (265350 -678948 -7.96719e+06) (321891 185327 -6.73875e+06) (-171934 381903 -4.54401e+06) (20540.3 104648 -3.39981e+06)
1150          (4.33435e+06 255241 -1.14073e+07) (3.6256e+06 438437 -1.21131e+07) (-446783 -1.29044e+06 -1.39031e+07) (340979 -2.91216e+06 -9.56718e+06) (459630 1.0499e+06 -1.39856e+07) (782666 588223 -7.83001e+06) (526897 -252392 -1.17921e+07) (283169 -740909 -7.99142e+06) (353540 207641 -7.0566e+06) (-192742 424583 -5.10007e+06) (19224.6 113271 -4.11833e+06)
1200          (4.34838e+06 257115 -1.10506e+07) (3.64879e+06 440303 -1.17714e+07) (-449233 -1.30297e+06 -1.35967e+07) (345037 -2.95931e+06 -9.2256e+06) (472797 1.07313e+06 -1.38052e+07) (813379 606457 -7.52892e+06) (555767 -261425 -1.17959e+07) (299751 -798447 -8.01391e+06) (383029 228147 -7.33989e+06) (-212265 465419 -5.60513e+06) (17811.9 121713 -4.80577e+06)
1250          (4.36155e+06 258873 -1.07164e+07) (3.67055e+06 442057 -1.14516e+07) (-451524 -1.31472e+06 -1.33109e+07) (348844 -3.00344e+06 -8.90853e+06) (485078 1.09484e+06 -1.36406e+07) (841941 623446 -7.25407e+06) (582503 -269824 -1.18053e+07) (315072 -851377 -8.03837e+06) (410218 246827 -7.59637e+06) (-230235 503587 -6.06169e+06) (16364 129702 -5.4486e+06)
1300          (4.37384e+06 260512 -1.04052e+07) (3.69084e+06 443694 -1.11541e+07) (-453652 -1.32569e+06 -1.30463e+07) (352391 -3.04446e+06 -8.61649e+06) (496452 1.11499e+06 -1.3492e+07) (868307 639158 -7.00582e+06) (607083 -277574 -1.18206e+07) (329124 -899639 -8.06636e+06) (435031 263719 -7.83072e+06) (-246549 538612 -6.47313e+06) (14943.9 137063 -6.0387e+06)
1350          (4.38523e+06 262029 -1.01175e+07) (3.70963e+06 445213 -1.08794e+07) (-455614 -1.33584e+06 -1.28031e+07) (355675 -3.08232e+06 -8.34959e+06) (506908 1.13356e+06 -1.33592e+07) (892467 653582 -6.78371e+06) (629516 -284670 -1.1841e+07) (341920 -943288 -8.09801e+06) (457470 278892 -8.04548e+06) (-261204 570291 -6.84274e+06) (13602.8 143715 -6.57255e+06)
1400          (4.39572e+06 263428 -9.85356e+06) (3.72692e+06 446619 -1.06277e+07) (-457424 -1.34517e+06 -1.25813e+07) (358655 -3.11707e+06 -8.10738e+06) (516468 1.1506e+06 -1.32413e+07) (914480 666767 -6.58611e+06) (649849 -291097 -1.18656e+07) (353469 -982522 -8.13243e+06) (477653 292491 -8.24199e+06) (-274277 598697 -7.17362e+06) (12386.7 149676 -7.0503e+06)
1450          (4.40529e+06 264678 -9.61318e+06) (3.74268e+06 447873 -1.03988e+07) (-459064 -1.35371e+06 -1.23803e+07) (361408 -3.14867e+06 -7.88935e+06) (525111 1.16603e+06 -1.31375e+07) (934326 678630 -6.4118e+06) (668192 -296940 -1.18927e+07) (363893 -1.01753e+06 -8.16881e+06) (495603 304501 -8.42082e+06) (-285869 623844 -7.46876e+06) (11326.5 154948 -7.47407e+06)
1500          (4.41397e+06 265832 -9.39551e+06) (3.75696e+06 449033 -1.01917e+07) (-460533 -1.36141e+06 -1.21994e+07) (363901 -3.17716e+06 -7.69411e+06) (532891 1.17994e+06 -1.30465e+07) (952134 689313 -6.25935e+06) (684553 -302162 -1.19215e+07) (373164 -1.04852e+06 -8.2057e+06) (511488 315119 -8.58289e+06) (-296049 645980 -7.73054e+06) (10350.7 159537 -7.84747e+06)
1550          (4.4218e+06 266872 -9.19961e+06) (3.76983e+06 450081 -1.00055e+07) (-461853 -1.36836e+06 -1.20376e+07) (366147 -3.20275e+06 -7.52037e+06) (539853 1.19241e+06 -1.29674e+07) (968022 698861 -6.12651e+06) (699099 -306818 -1.19508e+07) (381393 -1.07586e+06 -8.24214e+06) (525488 324456 -8.72872e+06) (-304971 665381 -7.96184e+06) (9499.72 163545 -8.17487e+06)
1600          (4.42881e+06 267803 -9.02442e+06) (3.78136e+06 451020 -9.83925e+06) (-463030 -1.37457e+06 -1.18936e+07) (368156 -3.2256e+06 -7.36654e+06) (546050 1.20353e+06 -1.28988e+07) (982122 707347 -6.01108e+06) (711970 -310948 -1.19797e+07) (388661 -1.09989e+06 -8.27727e+06) (537777 332636 -8.85915e+06) (-312765 682320 -8.16544e+06) (8762.7 167035 -8.46086e+06)
1650          (4.43506e+06 268632 -8.86863e+06) (3.79162e+06 451858 -9.69151e+06) (-464074 -1.38011e+06 -1.17662e+07) (369944 -3.24589e+06 -7.23095e+06) (551536 1.2134e+06 -1.28395e+07) (994576 714853 -5.91101e+06) (723310 -314595 -1.20074e+07) (395056 -1.12093e+06 -8.31044e+06) (548527 339780 -8.97514e+06) (-319556 697067 -8.34403e+06) (8127.01 170067 -8.70994e+06)
1700          (4.4406e+06 269366 -8.73077e+06) (3.80071e+06 452600 -9.56089e+06) (-464997 -1.38501e+06 -1.16539e+07) (371527 -3.26383e+06 -7.11191e+06) (556372 1.22211e+06 -1.27883e+07) (1.00553e+06 721463 -5.82444e+06) (733263 -317802 -1.20335e+07) (400661 -1.13929e+06 -8.34122e+06) (557904 346005 -9.07775e+06) (-325459 709877 -8.50021e+06) (7580 172695 -8.92639e+06)
1750          (4.44549e+06 270013 -8.60931e+06) (3.80873e+06 453255 -9.44589e+06) (-465808 -1.38933e+06 -1.15552e+07) (372921 -3.27962e+06 -7.00774e+06) (560619 1.22976e+06 -1.27441e+07) (1.01513e+06 727262 -5.74966e+06) (741970 -320612 -1.20576e+07) (405559 -1.15529e+06 -8.3694e+06) (566065 351415 -9.16811e+06) (-330580 720983 -8.63641e+06) (7109.87 174970 -9.11412e+06)
1800          (4.4498e+06 270598 -8.50276e+06) (3.81577e+06 453842 -9.34506e+06) (-466499 -1.39311e+06 -1.14689e+07) (374174 -3.2934e+06 -6.91693e+06) (564315 1.23641e+06 -1.27059e+07) (1.02351e+06 732307 -5.68509e+06) (749554 -323095 -1.20794e+07) (409824 -1.16918e+06 -8.39499e+06) (573122 356075 -9.24734e+06) (-335004 730557 -8.75502e+06) (6674.77 176899 -9.27671e+06)
1850          (4.45355e+06 271092 -8.40952e+06) (3.82193e+06 454345 -9.25689e+06) (-467122 -1.39643e+06 -1.13936e+07) (375242 -3.3055e+06 -6.8378e+06) (567561 1.24228e+06 -1.26731e+07) (1.03082e+06 736733 -5.62943e+06) (756165 -325232 -1.20992e+07) (413536 -1.18124e+06 -8.41783e+06) (579272 360148 -9.31666e+06) (-338844 738878 -8.85795e+06) (6332.69 178604 -9.41735e+06)
1900          (4.45684e+06 271525 -8.32816e+06) (3.82732e+06 454784 -9.17999e+06) (-467667 -1.39933e+06 -1.13281e+07) (376174 -3.31605e+06 -6.76907e+06) (570387 1.24739e+06 -1.26449e+07) (1.03718e+06 740584 -5.58149e+06) (761907 -327089 -1.21169e+07) (416758 -1.19169e+06 -8.43815e+06) (584595 363671 -9.37709e+06) (-342163 746066 -8.94716e+06) (6038.48 180075 -9.53886e+06)
1950          (4.4597e+06 271901 -8.25736e+06) (3.832e+06 455167 -9.11309e+06) (-468140 -1.40186e+06 -1.12712e+07) (376984 -3.32523e+06 -6.70948e+06) (572841 1.25183e+06 -1.26207e+07) (1.0427e+06 743928 -5.54023e+06) (766884 -328700 -1.21327e+07) (419550 -1.20073e+06 -8.45613e+06) (589198 366716 -9.42964e+06) (-345029 752268 -9.02438e+06) (5785.84 181344 -9.64374e+06)
2000          (4.46218e+06 272228 -8.19587e+06) (3.83608e+06 455500 -9.05501e+06) (-468551 -1.40405e+06 -1.12218e+07) (377689 -3.3332e+06 -6.6579e+06) (574970 1.25569e+06 -1.25999e+07) (1.04748e+06 746827 -5.50472e+06) (771193 -330095 -1.21466e+07) (421965 -1.20854e+06 -8.47195e+06) (593173 369344 -9.47525e+06) (-347500 757616 -9.09114e+06) (5568.92 182438 -9.73419e+06)
2050          (4.46434e+06 272512 -8.14256e+06) (3.83961e+06 455788 -9.00467e+06) (-468907 -1.40596e+06 -1.11791e+07) (378299 -3.3401e+06 -6.61331e+06) (576813 1.25903e+06 -1.2582e+07) (1.05162e+06 749336 -5.47418e+06) (774917 -331303 -1.21589e+07) (424052 -1.21527e+06 -8.48582e+06) (596604 371611 -9.51477e+06) (-349631 762225 -9.14878e+06) (5382.64 183380 -9.81215e+06)
2100          (4.46621e+06 272758 -8.09642e+06) (3.84267e+06 456038 -8.96112e+06) (-469214 -1.4076e+06 -1.11422e+07) (378828 -3.34608e+06 -6.57479e+06) (578406 1.26192e+06 -1.25667e+07) (1.05519e+06 751504 -5.44792e+06) (778133 -332346 -1.21696e+07) (425854 -1.22108e+06 -8.49793e+06) (599561 373565 -9.54895e+06) (-351466 766195 -9.19852e+06) (5222.69 184191 -9.8793e+06)
2150          (4.46782e+06 272970 -8.05653e+06) (3.84531e+06 456254 -8.92347e+06) (-469481 -1.40903e+06 -1.11103e+07) (379285 -3.35124e+06 -6.54157e+06) (579782 1.26441e+06 -1.25535e+07) (1.05828e+06 753377 -5.42535e+06) (780908 -333246 -1.2179e+07) (427408 -1.22609e+06 -8.50848e+06) (602109 375248 -9.57849e+06) (-353046 769611 -9.24139e+06) (5085.35 184889 -9.93711e+06)
2200          (4.46922e+06 273153 -8.02209e+06) (3.8476e+06 456441 -8.89097e+06) (-469710 -1.41026e+06 -1.10828e+07) (379679 -3.3557e+06 -6.51293e+06) (580969 1.26657e+06 -1.25421e+07) (1.06094e+06 754992 -5.40595e+06) (783300 -334023 -1.21871e+07) (428747 -1.2304e+06 -8.51764e+06) (604303 376698 -9.60399e+06) (-354405 772551 -9.27833e+06) (4967.41 185489 -9.98686e+06)
2250          (4.47042e+06 273308 -7.99238e+06) (3.84958e+06 456602 -8.86295e+06) (-469915 -1.41133e+06 -1.10591e+07) (380023 -3.35957e+06 -6.48816e+06) (581993 1.26843e+06 -1.25325e+07) (1.06327e+06 756421 -5.38905e+06) (785372 -334692 -1.21943e+07) (429931 -1.23411e+06 -8.52549e+06) (606220 377977 -9.62599e+06) (-355575 775121 -9.31009e+06) (4868.48 186019 -1.00297e+07)
2300          (4.47146e+06 273447 -7.9668e+06) (3.85127e+06 456742 -8.83882e+06) (-470093 -1.41224e+06 -1.10387e+07) (380292 -3.36289e+06 -6.46693e+06) (582881 1.27005e+06 -1.25241e+07) (1.06523e+06 757616 -5.37476e+06) (787137 -335248 -1.22004e+07) (430902 -1.2373e+06 -8.53236e+06) (607843 379052 -9.64493e+06) (-356585 777288 -9.33745e+06) (4793.05 186471 -1.00665e+07)
2350          (4.47235e+06 273564 -7.94475e+06) (3.85272e+06 456860 -8.81802e+06) (-470222 -1.41302e+06 -1.10211e+07) (380576 -3.36569e+06 -6.44876e+06) (583631 1.27139e+06 -1.25168e+07) (1.06691e+06 758617 -5.36256e+06) (788662 -335768 -1.22056e+07) (431759 -1.24005e+06 -8.53839e+06) (609211 379934 -9.6612e+06) (-357450 779114 -9.36106e+06) (4699.49 186826 -1.00981e+07)
2400          (4.47313e+06 273661 -7.92577e+06) (3.854e+06 456959 -8.80012e+06) (-470372 -1.41372e+06 -1.10059e+07) (380762 -3.36823e+06 -6.43295e+06) (584301 1.27263e+06 -1.25108e+07) (1.06839e+06 759525 -5.35193e+06) (789997 -336178 -1.22103e+07) (432500 -1.24245e+06 -8.54343e+06) (610448 380761 -9.67528e+06) (-358208 780777 -9.38123e+06) (4669.04 187196 -1.01253e+07)
2450          (4.47378e+06 273751 -7.9095e+06) (3.85506e+06 457046 -8.78482e+06) (-470466 -1.41428e+06 -1.09929e+07) (380950 -3.37028e+06 -6.41961e+06) (584856 1.27362e+06 -1.25053e+07) (1.06961e+06 760269 -5.34302e+06) (791101 -336537 -1.2214e+07) (433106 -1.24444e+06 -8.54797e+06) (611449 381419 -9.68726e+06) (-358836 782101 -9.39869e+06) (4599.35 187452 -1.01485e+07)
2500          (4.47435e+06 273819 -7.89553e+06) (3.856e+06 457120 -8.77167e+06) (-470557 -1.41479e+06 -1.09817e+07) (381123 -3.37212e+06 -6.408e+06) (585337 1.2745e+06 -1.25008e+07) (1.07072e+06 760934 -5.33521e+06) (792090 -336868 -1.22175e+07) (433668 -1.2462e+06 -8.55172e+06) (612352 382020 -9.69761e+06) (-359377 783322 -9.41356e+06) (4549.83 187699 -1.01686e+07)
2550          (4.47483e+06 273890 -7.88353e+06) (3.85678e+06 457189 -8.76032e+06) (-470639 -1.41521e+06 -1.09722e+07) (381255 -3.37363e+06 -6.39808e+06) (585742 1.27523e+06 -1.2497e+07) (1.07162e+06 761487 -5.32854e+06) (792892 -337128 -1.22204e+07) (434117 -1.24766e+06 -8.55497e+06) (613093 382502 -9.70646e+06) (-359848 784296 -9.42634e+06) (4508.78 187897 -1.01857e+07)
2600          (4.47525e+06 273945 -7.87323e+06) (3.85747e+06 457246 -8.7506e+06) (-470709 -1.41558e+06 -1.0964e+07) (381379 -3.37497e+06 -6.38951e+06) (586088 1.27586e+06 -1.24938e+07) (1.07243e+06 761980 -5.32269e+06) (793601 -337370 -1.2223e+07) (434521 -1.24895e+06 -8.55773e+06) (613756 382939 -9.71403e+06) (-360247 785175 -9.43727e+06) (4471.78 188077 -1.02004e+07)
2650          (4.47561e+06 273995 -7.86433e+06) (3.85806e+06 457296 -8.7422e+06) (-470768 -1.4159e+06 -1.0957e+07) (381479 -3.37611e+06 -6.38221e+06) (586393 1.27642e+06 -1.24909e+07) (1.07311e+06 762391 -5.31782e+06) (794214 -337569 -1.22251e+07) (434861 -1.25005e+06 -8.56015e+06) (614312 383308 -9.72057e+06) (-360591 785921 -9.44667e+06) (4440.65 188227 -1.0213e+07)
2700          (4.47593e+06 274056 -7.8567e+06) (3.85857e+06 457346 -8.735e+06) (-470815 -1.41617e+06 -1.09509e+07) (381571 -3.37707e+06 -6.37594e+06) (586651 1.27688e+06 -1.24884e+07) (1.07366e+06 762726 -5.31366e+06) (794731 -337737 -1.22269e+07) (435178 -1.25094e+06 -8.56222e+06) (614755 383597 -9.72624e+06) (-360906 786522 -9.45477e+06) (4415.57 188350 -1.02239e+07)
2750          (4.47618e+06 274072 -7.8503e+06) (3.85899e+06 457373 -8.72895e+06) (-470858 -1.4164e+06 -1.09458e+07) (381644 -3.37792e+06 -6.37061e+06) (586879 1.27729e+06 -1.24863e+07) (1.07418e+06 763033 -5.31009e+06) (795192 -337882 -1.22284e+07) (435413 -1.25178e+06 -8.56393e+06) (615183 383880 -9.731e+06) (-361146 787094 -9.46163e+06) (4392.68 188465 -1.02331e+07)
2800          (4.47639e+06 274081 -7.84484e+06) (3.85936e+06 457400 -8.72376e+06) (-470886 -1.41658e+06 -1.09414e+07) (381715 -3.37861e+06 -6.36595e+06) (587069 1.27764e+06 -1.24845e+07) (1.07461e+06 763307 -5.30706e+06) (795565 -338000 -1.22297e+07) (435601 -1.25247e+06 -8.5654e+06) (615535 384125 -9.73515e+06) (-361329 787595 -9.46744e+06) (4356.45 188545 -1.0241e+07)
2850          (4.47659e+06 274124 -7.84005e+06) (3.85967e+06 457428 -8.71929e+06) (-470926 -1.41677e+06 -1.09376e+07) (381760 -3.37924e+06 -6.36213e+06) (587230 1.27793e+06 -1.24829e+07) (1.07497e+06 763518 -5.30437e+06) (795896 -338112 -1.22309e+07) (435802 -1.25305e+06 -8.5667e+06) (615834 384314 -9.73856e+06) (-361541 787965 -9.47255e+06) (4355.66 188640 -1.02478e+07)
2900          (4.47675e+06 274132 -7.83605e+06) (3.85994e+06 457444 -8.71548e+06) (-470951 -1.41691e+06 -1.09344e+07) (381812 -3.37976e+06 -6.35868e+06) (587374 1.2782e+06 -1.24816e+07) (1.07527e+06 763698 -5.30224e+06) (796188 -338193 -1.22318e+07) (435960 -1.25356e+06 -8.56778e+06) (616081 384477 -9.74166e+06) (-361695 788320 -9.4768e+06) (4344.47 188711 -1.02536e+07)
2950          (4.47691e+06 274163 -7.83267e+06) (3.86018e+06 457470 -8.7123e+06) (-470976 -1.41704e+06 -1.09317e+07) (381850 -3.38022e+06 -6.3559e+06) (587487 1.27841e+06 -1.24806e+07) (1.07554e+06 763860 -5.30031e+06) (796428 -338275 -1.22327e+07) (436100 -1.25399e+06 -8.56868e+06) (616302 384622 -9.74413e+06) (-361834 788614 -9.48038e+06) (4334.1 188774 -1.02584e+07)
3000          (4.47702e+06 274165 -7.82974e+06) (3.86036e+06 457476 -8.70953e+06) (-470991 -1.41714e+06 -1.09294e+07) (381892 -3.38059e+06 -6.3535e+06) (587594 1.27859e+06 -1.24796e+07) (1.07576e+06 763988 -5.29872e+06) (796636 -338346 -1.22334e+07) (436212 -1.25437e+06 -8.5695e+06) (616485 384735 -9.74628e+06) (-361953 788853 -9.48354e+06) (4324.83 188824 -1.02626e+07)
3050          (4.47712e+06 274180 -7.82706e+06) (3.86054e+06 457493 -8.707e+06) (-471010 -1.41723e+06 -1.09272e+07) (381919 -3.38093e+06 -6.35122e+06) (587682 1.27876e+06 -1.24787e+07) (1.07597e+06 764122 -5.29722e+06) (796811 -338395 -1.2234e+07) (436309 -1.25468e+06 -8.57021e+06) (616651 384852 -9.7483e+06) (-362048 789080 -9.48639e+06) (4313.33 188867 -1.02664e+07)
3100          (4.47722e+06 274202 -7.82488e+06) (3.86069e+06 457510 -8.70497e+06) (-471029 -1.41732e+06 -1.09255e+07) (381936 -3.38123e+06 -6.34951e+06) (587755 1.27889e+06 -1.24781e+07) (1.07615e+06 764229 -5.29595e+06) (796964 -338457 -1.22346e+07) (436400 -1.25496e+06 -8.57078e+06) (616803 384956 -9.74982e+06) (-362134 789276 -9.48866e+06) (4307.31 188909 -1.02695e+07)
3150          (4.47729e+06 274211 -7.82318e+06) (3.8608e+06 457521 -8.70336e+06) (-471041 -1.41738e+06 -1.09242e+07) (381957 -3.38145e+06 -6.34811e+06) (587813 1.27899e+06 -1.24775e+07) (1.07628e+06 764314 -5.29496e+06) (797078 -338495 -1.2235e+07) (436466 -1.25517e+06 -8.57123e+06) (616914 385029 -9.75106e+06) (-362199 789422 -9.49048e+06) (4299.77 188938 -1.0272e+07)
3200          (4.47734e+06 274215 -7.82156e+06) (3.86089e+06 457524 -8.70184e+06) (-471046 -1.41742e+06 -1.09228e+07) (381973 -3.38163e+06 -6.34675e+06) (587869 1.27909e+06 -1.24769e+07) (1.07638e+06 764376 -5.29414e+06) (797181 -338521 -1.22353e+07) (436516 -1.25535e+06 -8.5717e+06) (616996 385084 -9.75229e+06) (-362262 789530 -9.49228e+06) (4294.12 188958 -1.02743e+07)
3250          (4.4774e+06 274222 -7.82017e+06) (3.86099e+06 457532 -8.70053e+06) (-471055 -1.41747e+06 -1.09217e+07) (381990 -3.38181e+06 -6.34559e+06) (587917 1.27918e+06 -1.24765e+07) (1.07649e+06 764440 -5.29337e+06) (797278 -338553 -1.22357e+07) (436570 -1.25553e+06 -8.57208e+06) (617084 385142 -9.75332e+06) (-362317 789649 -9.49376e+06) (4289.31 188982 -1.02763e+07)
3300          (4.47745e+06 274235 -7.81899e+06) (3.86108e+06 457544 -8.6994e+06) (-471070 -1.41753e+06 -1.09209e+07) (381999 -3.38198e+06 -6.34469e+06) (587956 1.27925e+06 -1.24761e+07) (1.0766e+06 764506 -5.29267e+06) (797358 -338585 -1.2236e+07) (436620 -1.25569e+06 -8.57238e+06) (617172 385197 -9.75414e+06) (-362362 789761 -9.49493e+06) (4286.23 189008 -1.02779e+07)
3350          (4.47749e+06 274242 -7.81807e+06) (3.86113e+06 457550 -8.69853e+06) (-471066 -1.41755e+06 -1.09201e+07) (382013 -3.38206e+06 -6.34394e+06) (587984 1.2793e+06 -1.24757e+07) (1.07664e+06 764530 -5.29225e+06) (797412 -338604 -1.22361e+07) (436641 -1.25578e+06 -8.57268e+06) (617206 385219 -9.75484e+06) (-362394 789808 -9.49597e+06) (4271.83 189006 -1.02793e+07)
3400          (4.47753e+06 274255 -7.81714e+06) (3.8612e+06 457558 -8.69767e+06) (-471076 -1.41758e+06 -1.09193e+07) (382020 -3.3822e+06 -6.3431e+06) (588022 1.27937e+06 -1.24755e+07) (1.07672e+06 764576 -5.29168e+06) (797484 -338618 -1.22364e+07) (436689 -1.2559e+06 -8.57289e+06) (617268 385259 -9.75555e+06) (-362451 789892 -9.497e+06) (4281.3 189036 -1.02806e+07)
3450          (4.47757e+06 274267 -7.81651e+06) (3.86124e+06 457565 -8.69708e+06) (-471085 -1.41761e+06 -1.09188e+07) (382023 -3.38229e+06 -6.34259e+06) (588037 1.27941e+06 -1.24753e+07) (1.07677e+06 764606 -5.29132e+06) (797532 -338633 -1.22366e+07) (436722 -1.25597e+06 -8.57304e+06) (617310 385287 -9.756e+06) (-362477 789947 -9.49763e+06) (4283.44 189051 -1.02815e+07)
3500          (4.47761e+06 274261 -7.8159e+06) (3.86131e+06 457565 -8.69651e+06) (-471096 -1.41766e+06 -1.09184e+07) (382027 -3.38245e+06 -6.34202e+06) (588071 1.27947e+06 -1.24752e+07) (1.07686e+06 764654 -5.29088e+06) (797618 -338661 -1.22368e+07) (436756 -1.25614e+06 -8.57314e+06) (617399 385343 -9.75648e+06) (-362503 790075 -9.49825e+06) (4291.71 189088 -1.02824e+07)
3550          (4.4776e+06 274256 -7.81535e+06) (3.86131e+06 457563 -8.69597e+06) (-471085 -1.41765e+06 -1.09179e+07) (382049 -3.38243e+06 -6.34163e+06) (588077 1.27947e+06 -1.24749e+07) (1.07686e+06 764660 -5.29067e+06) (797615 -338668 -1.22368e+07) (436759 -1.25613e+06 -8.57338e+06) (617389 385337 -9.75686e+06) (-362506 790055 -9.49892e+06) (4268.67 189061 -1.02833e+07)
3600          (4.47762e+06 274253 -7.81496e+06) (3.86135e+06 457562 -8.6956e+06) (-471093 -1.41767e+06 -1.09176e+07) (382046 -3.38251e+06 -6.34128e+06) (588100 1.27952e+06 -1.24747e+07) (1.0769e+06 764682 -5.2904e+06) (797657 -338675 -1.22369e+07) (436773 -1.25622e+06 -8.57345e+06) (617431 385364 -9.75715e+06) (-362532 790111 -9.49936e+06) (4277.36 189083 -1.02839e+07)
3650          (4.47762e+06 274259 -7.81477e+06) (3.86135e+06 457568 -8.69542e+06) (-471090 -1.41767e+06 -1.09174e+07) (382055 -3.38251e+06 -6.34109e+06) (588099 1.27951e+06 -1.24747e+07) (1.07692e+06 764699 -5.29025e+06) (797657 -338680 -1.2237e+07) (436789 -1.2562e+06 -8.57347e+06) (617434 385376 -9.7573e+06) (-362528 790121 -9.49955e+06) (4263.79 189073 -1.02842e+07)
3700          (4.47763e+06 274257 -7.81457e+06) (3.86137e+06 457566 -8.69523e+06) (-471096 -1.41768e+06 -1.09173e+07) (382045 -3.38256e+06 -6.34093e+06) (588116 1.27955e+06 -1.24746e+07) (1.07694e+06 764706 -5.29014e+06) (797681 -338678 -1.2237e+07) (436784 -1.25627e+06 -8.57352e+06) (617459 385387 -9.75744e+06) (-362549 790146 -9.49979e+06) (4274.37 189091 -1.02845e+07)
3750          (4.47764e+06 274259 -7.81439e+06) (3.86138e+06 457569 -8.69506e+06) (-471091 -1.41768e+06 -1.09171e+07) (382063 -3.38256e+06 -6.34076e+06) (588113 1.27954e+06 -1.24745e+07) (1.07695e+06 764717 -5.29e+06) (797690 -338692 -1.2237e+07) (436808 -1.25626e+06 -8.57353e+06) (617461 385395 -9.75758e+06) (-362545 790163 -9.49998e+06) (4260.89 189081 -1.02848e+07)
3800          (4.47765e+06 274261 -7.8142e+06) (3.86139e+06 457569 -8.69487e+06) (-471097 -1.41769e+06 -1.0917e+07) (382049 -3.38259e+06 -6.34061e+06) (588126 1.27956e+06 -1.24745e+07) (1.07696e+06 764723 -5.2899e+06) (797699 -338683 -1.2237e+07) (436798 -1.25629e+06 -8.57359e+06) (617477 385403 -9.7577e+06) (-362562 790168 -9.50022e+06) (4268.42 189091 -1.02851e+07)
3850          (4.47765e+06 274261 -7.8142e+06) (3.86139e+06 457569 -8.69487e+06) (-471097 -1.41769e+06 -1.0917e+07) (382049 -3.38259e+06 -6.34061e+06) (588126 1.27956e+06 -1.24745e+07) (1.07696e+06 764723 -5.2899e+06) (797699 -338683 -1.2237e+07) (436798 -1.25629e+06 -8.57359e+06) (617477 385403 -9.7577e+06) (-362562 790168 -9.50022e+06) (4268.42 189091 -1.02851e+07)
3900          (4.47765e+06 274261 -7.8142e+06) (3.86139e+06 457569 -8.69487e+06) (-471097 -1.41769e+06 -1.0917e+07) (382049 -3.38259e+06 -6.34061e+06) (588126 1.27956e+06 -1.24745e+07) (1.07696e+06 764723 -5.2899e+06) (797699 -338683 -1.2237e+07) (436798 -1.25629e+06 -8.57359e+06) (617477 385403 -9.7577e+06) (-362562 790168 -9.50022e+06) (4268.42 189091 -1.02851e+07)
3950          (4.47765e+06 274261 -7.8142e+06) (3.86139e+06 457569 -8.69487e+06) (-471097 -1.41769e+06 -1.0917e+07) (382049 -3.38259e+06 -6.34061e+06) (588126 1.27956e+06 -1.24745e+07) (1.07696e+06 764723 -5.2899e+06) (797699 -338683 -1.2237e+07) (436798 -1.25629e+06 -8.57359e+06) (617477 385403 -9.7577e+06) (-362562 790168 -9.50022e+06) (4268.42 189091 -1.02851e+07)
4000          (4.47765e+06 274261 -7.8142e+06) (3.86139e+06 457569 -8.69487e+06) (-471097 -1.41769e+06 -1.0917e+07) (382049 -3.38259e+06 -6.34061e+06) (588126 1.27956e+06 -1.24745e+07) (1.07696e+06 764723 -5.2899e+06) (797699 -338683 -1.2237e+07) (436798 -1.25629e+06 -8.57359e+06) (617477 385403 -9.7577e+06) (-362562 790168 -9.50022e+06) (4268.42 189091 -1.02851e+07)
4050          (4.47765e+06 274261 -7.8142e+06) (3.86139e+06 457569 -8.69487e+06) (-471097 -1.41769e+06 -1.0917e+07) (382049 -3.38259e+06 -6.34061e+06) (588126 1.27956e+06 -1.24745e+07) (1.07696e+06 764723 -5.2899e+06) (797699 -338683 -1.2237e+07) (436798 -1.25629e+06 -8.57359e+06) (617477 385403 -9.7577e+06) (-362562 790168 -9.50022e+06) (4268.42 189091 -1.02851e+07)
4100          (4.47765e+06 274261 -7.8142e+06) (3.86139e+06 457569 -8.69487e+06) (-471097 -1.41769e+06 -1.0917e+07) (382049 -3.38259e+06 -6.34061e+06) (588126 1.27956e+06 -1.24745e+07) (1.07696e+06 764723 -5.2899e+06) (797699 -338683 -1.2237e+07) (436798 -1.25629e+06 -8.57359e+06) (617477 385403 -9.7577e+06) (-362562 790168 -9.50022e+06) (4268.42 189091 -1.02851e+07)
4150          (4.47765e+06 274261 -7.8142e+06) (3.86139e+06 457569 -8.69487e+06) (-471097 -1.41769e+06 -1.0917e+07) (382049 -3.38259e+06 -6.34061e+06) (588126 1.27956e+06 -1.24745e+07) (1.07696e+06 764723 -5.2899e+06) (797699 -338683 -1.2237e+07) (436798 -1.25629e+06 -8.57359e+06) (617477 385403 -9.7577e+06) (-362562 790168 -9.50022e+06) (4268.42 189091 -1.02851e+07)
4200          (4.47765e+06 274261 -7.8142e+06) (3.86139e+06 457569 -8.69487e+06) (-471097 -1.41769e+06 -1.0917e+07) (382049 -3.38259e+06 -6.34061e+06) (588126 1.27956e+06 -1.24745e+07) (1.07696e+06 764723 -5.2899e+06) (797699 -338683 -1.2237e+07) (436798 -1.25629e+06 -8.57359e+06) (617477 385403 -9.7577e+06) (-362562 790168 -9.50022e+06) (4268.42 189091 -1.02851e+07)
4250          (4.47765e+06 274261 -7.8142e+06) (3.86139e+06 457569 -8.69487e+06) (-471097 -1.41769e+06 -1.0917e+07) (382049 -3.38259e+06 -6.34061e+06) (588126 1.27956e+06 -1.24745e+07) (1.07696e+06 764723 -5.2899e+06) (797699 -338683 -1.2237e+07) (436798 -1.25629e+06 -8.57359e+06) (617477 385403 -9.7577e+06) (-362562 790168 -9.50022e+06) (4268.42 189091 -1.02851e+07)
4300          (4.47765e+06 274261 -7.8142e+06) (3.86139e+06 457569 -8.69487e+06) (-471097 -1.41769e+06 -1.0917e+07) (382049 -3.38259e+06 -6.34061e+06) (588126 1.27956e+06 -1.24745e+07) (1.07696e+06 764723 -5.2899e+06) (797699 -338683 -1.2237e+07) (436798 -1.25629e+06 -8.57359e+06) (617477 385403 -9.7577e+06) (-362562 790168 -9.50022e+06) (4268.42 189091 -1.02851e+07)
4350          (4.47765e+06 274261 -7.8142e+06) (3.86139e+06 457569 -8.69487e+06) (-471097 -1.41769e+06 -1.0917e+07) (382049 -3.38259e+06 -6.34061e+06) (588126 1.27956e+06 -1.24745e+07) (1.07696e+06 764723 -5.2899e+06) (797699 -338683 -1.2237e+07) (436798 -1.25629e+06 -8.57359e+06) (617477 385403 -9.7577e+06) (-362562 790168 -9.50022e+06) (4268.42 189091 -1.02851e+07)
4400          (4.47765e+06 274261 -7.8142e+06) (3.86139e+06 457569 -8.69487e+06) (-471097 -1.41769e+06 -1.0917e+07) (382049 -3.38259e+06 -6.34061e+06) (588126 1.27956e+06 -1.24745e+07) (1.07696e+06 764723 -5.2899e+06) (797699 -338683 -1.2237e+07) (436798 -1.25629e+06 -8.57359e+06) (617477 385403 -9.7577e+06) (-362562 790168 -9.50022e+06) (4268.42 189091 -1.02851e+07)
4450          (4.47765e+06 274261 -7.8142e+06) (3.86139e+06 457569 -8.69487e+06) (-471097 -1.41769e+06 -1.0917e+07) (382049 -3.38259e+06 -6.34061e+06) (588126 1.27956e+06 -1.24745e+07) (1.07696e+06 764723 -5.2899e+06) (797699 -338683 -1.2237e+07) (436798 -1.25629e+06 -8.57359e+06) (617477 385403 -9.7577e+06) (-362562 790168 -9.50022e+06) (4268.42 189091 -1.02851e+07)
4500          (4.47765e+06 274261 -7.8142e+06) (3.86139e+06 457569 -8.69487e+06) (-471097 -1.41769e+06 -1.0917e+07) (382049 -3.38259e+06 -6.34061e+06) (588126 1.27956e+06 -1.24745e+07) (1.07696e+06 764723 -5.2899e+06) (797699 -338683 -1.2237e+07) (436798 -1.25629e+06 -8.57359e+06) (617477 385403 -9.7577e+06) (-362562 790168 -9.50022e+06) (4268.42 189091 -1.02851e+07)
4550          (4.47765e+06 274261 -7.8142e+06) (3.86139e+06 457569 -8.69487e+06) (-471097 -1.41769e+06 -1.0917e+07) (382049 -3.38259e+06 -6.34061e+06) (588126 1.27956e+06 -1.24745e+07) (1.07696e+06 764723 -5.2899e+06) (797699 -338683 -1.2237e+07) (436798 -1.25629e+06 -8.57359e+06) (617477 385403 -9.7577e+06) (-362562 790168 -9.50022e+06) (4268.42 189091 -1.02851e+07)
4600          (4.47765e+06 274261 -7.8142e+06) (3.86139e+06 457569 -8.69487e+06) (-471097 -1.41769e+06 -1.0917e+07) (382049 -3.38259e+06 -6.34061e+06) (588126 1.27956e+06 -1.24745e+07) (1.07696e+06 764723 -5.2899e+06) (797699 -338683 -1.2237e+07) (436798 -1.25629e+06 -8.57359e+06) (617477 385403 -9.7577e+06) (-362562 790168 -9.50022e+06) (4268.42 189091 -1.02851e+07)
4650          (4.47765e+06 274261 -7.8142e+06) (3.86139e+06 457569 -8.69487e+06) (-471097 -1.41769e+06 -1.0917e+07) (382049 -3.38259e+06 -6.34061e+06) (588126 1.27956e+06 -1.24745e+07) (1.07696e+06 764723 -5.2899e+06) (797699 -338683 -1.2237e+07) (436798 -1.25629e+06 -8.57359e+06) (617477 385403 -9.7577e+06) (-362562 790168 -9.50022e+06) (4268.42 189091 -1.02851e+07)
4700          (4.47765e+06 274261 -7.8142e+06) (3.86139e+06 457569 -8.69487e+06) (-471097 -1.41769e+06 -1.0917e+07) (382049 -3.38259e+06 -6.34061e+06) (588126 1.27956e+06 -1.24745e+07) (1.07696e+06 764723 -5.2899e+06) (797699 -338683 -1.2237e+07) (436798 -1.25629e+06 -8.57359e+06) (617477 385403 -9.7577e+06) (-362562 790168 -9.50022e+06) (4268.42 189091 -1.02851e+07)
4750          (4.47765e+06 274261 -7.8142e+06) (3.86139e+06 457569 -8.69487e+06) (-471097 -1.41769e+06 -1.0917e+07) (382049 -3.38259e+06 -6.34061e+06) (588126 1.27956e+06 -1.24745e+07) (1.07696e+06 764723 -5.2899e+06) (797699 -338683 -1.2237e+07) (436798 -1.25629e+06 -8.57359e+06) (617477 385403 -9.7577e+06) (-362562 790168 -9.50022e+06) (4268.42 189091 -1.02851e+07)
4800          (4.47765e+06 274261 -7.8142e+06) (3.86139e+06 457569 -8.69487e+06) (-471097 -1.41769e+06 -1.0917e+07) (382049 -3.38259e+06 -6.34061e+06) (588126 1.27956e+06 -1.24745e+07) (1.07696e+06 764723 -5.2899e+06) (797699 -338683 -1.2237e+07) (436798 -1.25629e+06 -8.57359e+06) (617477 385403 -9.7577e+06) (-362562 790168 -9.50022e+06) (4268.42 189091 -1.02851e+07)
4850          (4.47765e+06 274261 -7.8142e+06) (3.86139e+06 457569 -8.69487e+06) (-471097 -1.41769e+06 -1.0917e+07) (382049 -3.38259e+06 -6.34061e+06) (588126 1.27956e+06 -1.24745e+07) (1.07696e+06 764723 -5.2899e+06) (797699 -338683 -1.2237e+07) (436798 -1.25629e+06 -8.57359e+06) (617477 385403 -9.7577e+06) (-362562 790168 -9.50022e+06) (4268.42 189091 -1.02851e+07)
4900          (4.47765e+06 274261 -7.8142e+06) (3.86139e+06 457569 -8.69487e+06) (-471097 -1.41769e+06 -1.0917e+07) (382049 -3.38259e+06 -6.34061e+06) (588126 1.27956e+06 -1.24745e+07) (1.07696e+06 764723 -5.2899e+06) (797699 -338683 -1.2237e+07) (436798 -1.25629e+06 -8.57359e+06) (617477 385403 -9.7577e+06) (-362562 790168 -9.50022e+06) (4268.42 189091 -1.02851e+07)
4950          (4.47765e+06 274261 -7.8142e+06) (3.86139e+06 457569 -8.69487e+06) (-471097 -1.41769e+06 -1.0917e+07) (382049 -3.38259e+06 -6.34061e+06) (588126 1.27956e+06 -1.24745e+07) (1.07696e+06 764723 -5.2899e+06) (797699 -338683 -1.2237e+07) (436798 -1.25629e+06 -8.57359e+06) (617477 385403 -9.7577e+06) (-362562 790168 -9.50022e+06) (4268.42 189091 -1.02851e+07)
5000          (4.47765e+06 274261 -7.8142e+06) (3.86139e+06 457569 -8.69487e+06) (-471097 -1.41769e+06 -1.0917e+07) (382049 -3.38259e+06 -6.34061e+06) (588126 1.27956e+06 -1.24745e+07) (1.07696e+06 764723 -5.2899e+06) (797699 -338683 -1.2237e+07) (436798 -1.25629e+06 -8.57359e+06) (617477 385403 -9.7577e+06) (-362562 790168 -9.50022e+06) (4268.42 189091 -1.02851e+07)
