0 	-0.14701 	-0.14701 	-677526 	0.000307838 	0.000307838 	1418.73
0.0010101 	-0.0729015 	-0.0729015 	-677503 	0.000152655 	0.000152655 	1418.68
0.0020202 	-0.0568859 	-0.0568859 	-677474 	0.000119118 	0.000119118 	1418.62
0.0030303 	-0.0592433 	-0.0592433 	-677440 	0.000124055 	0.000124055 	1418.55
0.0040404 	-0.0670907 	-0.0670907 	-677402 	0.000140487 	0.000140487 	1418.47
0.00505051 	-0.0779216 	-0.0779216 	-677358 	0.000163167 	0.000163167 	1418.38
0.00606061 	-0.0904698 	-0.0904698 	-677309 	0.000189443 	0.000189443 	1418.28
0.00707071 	-0.104144 	-0.104144 	-677256 	0.000218076 	0.000218076 	1418.16
0.00808081 	-0.118679 	-0.118679 	-677197 	0.000248513 	0.000248513 	1418.04
0.00909091 	-0.133938 	-0.133938 	-677133 	0.000280464 	0.000280464 	1417.91
0.010101 	-0.149831 	-0.149831 	-677064 	0.000313743 	0.000313743 	1417.76
0.0111111 	-0.166291 	-0.166291 	-676991 	0.000348211 	0.000348212 	1417.61
0.0121212 	-0.183269 	-0.183269 	-676912 	0.000383763 	0.000383763 	1417.44
0.0131313 	-0.200729 	-0.200729 	-676828 	0.000420324 	0.000420324 	1417.27
0.0141414 	-0.218649 	-0.218649 	-676739 	0.000457848 	0.000457848 	1417.08
0.0151515 	-0.23702 	-0.23702 	-676645 	0.000496317 	0.000496317 	1416.89
0.0161616 	-0.255848 	-0.255848 	-676546 	0.000535742 	0.000535742 	1416.68
0.0171717 	-0.275149 	-0.275149 	-676442 	0.000576159 	0.000576159 	1416.46
0.0181818 	-0.294955 	-0.294955 	-676333 	0.000617631 	0.000617631 	1416.23
0.0191919 	-0.315307 	-0.315307 	-676220 	0.000660249 	0.000660249 	1415.99
0.020202 	-0.336264 	-0.336264 	-676101 	0.000704132 	0.000704132 	1415.75
0.0212121 	-0.357895 	-0.357895 	-675977 	0.000749427 	0.000749427 	1415.49
0.0222222 	-0.380286 	-0.380286 	-675848 	0.000796315 	0.000796315 	1415.22
0.0232323 	-0.403539 	-0.403539 	-675714 	0.000845006 	0.000845006 	1414.94
0.0242424 	-0.427772 	-0.427772 	-675576 	0.00089575 	0.00089575 	1414.65
0.0252525 	-0.445074 	-0.445074 	-675432 	0.000931979 	0.000931979 	1414.35
0.0262626 	-0.438554 	-0.438554 	-675283 	0.000918327 	0.000918327 	1414.03
0.0272727 	-0.431846 	-0.431846 	-675130 	0.00090428 	0.000904281 	1413.71
0.0282828 	-0.424967 	-0.424967 	-674972 	0.000889876 	0.000889876 	1413.38
0.0292929 	-0.417923 	-0.417923 	-674808 	0.000875126 	0.000875126 	1413.04
0.030303 	-0.410706 	-0.410706 	-674640 	0.000860013 	0.000860013 	1412.69
0.0313131 	-0.403294 	-0.403294 	-674467 	0.000844493 	0.000844493 	1412.33
0.0323232 	-0.395653 	-0.395653 	-674289 	0.000828492 	0.000828492 	1411.95
0.0333333 	-0.38773 	-0.38773 	-674107 	0.000811901 	0.000811902 	1411.57
0.0343434 	-0.379455 	-0.379455 	-673919 	0.000794575 	0.000794575 	1411.18
0.0353535 	-0.370742 	-0.370742 	-673727 	0.000776329 	0.000776329 	1410.77
0.0363636 	-0.361478 	-0.361478 	-673530 	0.00075693 	0.00075693 	1410.36
0.0373737 	-0.351528 	-0.351528 	-673328 	0.000736096 	0.000736096 	1409.94
0.0383838 	-0.340736 	-0.340736 	-673121 	0.000713497 	0.000713497 	1409.51
0.0393939 	-0.328906 	-0.328906 	-672910 	0.000688725 	0.000688725 	1409.06
0.040404 	-0.31582 	-0.31582 	-672694 	0.000661323 	0.000661323 	1408.61
0.0414141 	-0.301221 	-0.301221 	-672473 	0.000630752 	0.000630752 	1408.15
0.0424242 	-0.284766 	-0.284766 	-672248 	0.000596297 	0.000596297 	1407.68
0.0434343 	-0.265997 	-0.265997 	-672018 	0.000556995 	0.000556995 	1407.2
0.0444444 	-0.243778 	-0.243778 	-671784 	0.000510469 	0.000510469 	1406.71
0.0454545 	-0.215229 	-0.215229 	-671545 	0.000450687 	0.000450687 	1406.21
0.0464646 	-0.173218 	-0.173218 	-671301 	0.000362715 	0.000362716 	1405.7
0.0474747 	-0.0972282 	-0.0972282 	-671053 	0.000203595 	0.000203595 	1405.18
0.0484848 	0.0788752 	0.0788752 	-670800 	-0.000165164 	-0.000165164 	1404.65
0.0494949 	0.648223 	0.648223 	-1.02084e+06 	-0.00135737 	-0.00135737 	1264.22
0.0505051 	0.924443 	0.924443 	-3.14659e+06 	-0.000366487 	-0.000366487 	2120.85
0.0515152 	0.22057 	0.22057 	-3.48557e+06 	-8.7443e-05 	-8.7443e-05 	1381.82
0.0525253 	0.00606503 	0.00606502 	-3.48506e+06 	-2.40443e-06 	-2.40442e-06 	1381.62
0.0535354 	-0.059917 	-0.059917 	-3.48452e+06 	2.37536e-05 	2.37536e-05 	1381.41
0.0545455 	-0.0815207 	-0.0815207 	-3.48395e+06 	3.23182e-05 	3.23182e-05 	1381.18
0.0555556 	-0.0895088 	-0.0895087 	-3.48334e+06 	3.5485e-05 	3.5485e-05 	1380.94
0.0565657 	-0.0934169 	-0.0934169 	-3.4827e+06 	3.70343e-05 	3.70343e-05 	1380.68
0.0575758 	-0.0960258 	-0.0960258 	-3.48202e+06 	3.80686e-05 	3.80686e-05 	1380.42
0.0585859 	-0.0980604 	-0.0980604 	-3.48131e+06 	3.88752e-05 	3.88752e-05 	1380.14
0.059596 	-0.0996824 	-0.0996824 	-3.48057e+06 	3.95182e-05 	3.95182e-05 	1379.84
0.0606061 	-0.10091 	-0.10091 	-3.4798e+06 	4.0005e-05 	4.0005e-05 	1379.54
0.0616162 	-0.101728 	-0.101728 	-3.47901e+06 	4.03291e-05 	4.03291e-05 	1379.22
0.0626263 	-0.10211 	-0.10211 	-3.47818e+06 	4.04806e-05 	4.04806e-05 	1378.89
0.0636364 	-0.102028 	-0.102029 	-3.47733e+06 	4.04483e-05 	4.04483e-05 	1378.56
0.0646465 	-0.101454 	-0.101454 	-3.47645e+06 	4.02207e-05 	4.02207e-05 	1378.21
0.0656566 	-0.100357 	-0.100357 	-3.47555e+06 	3.97858e-05 	3.97859e-05 	1377.85
0.0666667 	-0.0987064 	-0.0987063 	-3.47462e+06 	3.91313e-05 	3.91313e-05 	1377.48
0.0676768 	-0.0964686 	-0.0964686 	-3.47368e+06 	3.82441e-05 	3.82441e-05 	1377.11
0.0686869 	-0.093611 	-0.093611 	-3.47271e+06 	3.71113e-05 	3.71113e-05 	1376.73
0.069697 	-0.0900992 	-0.0900992 	-3.47173e+06 	3.5719e-05 	3.5719e-05 	1376.34
0.0707071 	-0.0858974 	-0.0858974 	-3.47073e+06 	3.40533e-05 	3.40533e-05 	1375.94
0.0717172 	-0.0809691 	-0.0809691 	-3.46972e+06 	3.20995e-05 	3.20995e-05 	1375.54
0.0727273 	-0.0752764 	-0.0752765 	-3.4687e+06 	2.98427e-05 	2.98427e-05 	1375.14
0.0737374 	-0.0687805 	-0.0687805 	-3.46767e+06 	2.72674e-05 	2.72674e-05 	1374.73
0.0747475 	-0.0614409 	-0.0614409 	-3.46663e+06 	2.43577e-05 	2.43577e-05 	1374.32
0.0757576 	-0.0521911 	-0.0521911 	-3.46559e+06 	2.06907e-05 	2.06907e-05 	1373.9
0.0767677 	-0.0424089 	-0.0424089 	-3.46454e+06 	1.68126e-05 	1.68126e-05 	1373.49
0.0777778 	-0.0325543 	-0.0325543 	-3.46349e+06 	1.29059e-05 	1.29059e-05 	1373.07
0.0787879 	-0.0226463 	-0.0226463 	-3.46245e+06 	8.97792e-06 	8.97791e-06 	1372.66
0.079798 	-0.0127049 	-0.0127049 	-3.46141e+06 	5.03673e-06 	5.03674e-06 	1372.25
0.0808081 	-0.00275093 	-0.00275094 	-3.46038e+06 	1.09059e-06 	1.09059e-06 	1371.84
0.0818182 	0.00719315 	0.00719315 	-3.45936e+06 	-2.85166e-06 	-2.85166e-06 	1371.43
0.0828283 	0.0171035 	0.0171035 	-3.45835e+06 	-6.78052e-06 	-6.78052e-06 	1371.03
0.0838384 	0.0269541 	0.0269541 	-3.45736e+06 	-1.06857e-05 	-1.06857e-05 	1370.64
0.0848485 	0.0367171 	0.0367171 	-3.45639e+06 	-1.45562e-05 	-1.45562e-05 	1370.25
0.0858586 	0.0463612 	0.0463612 	-3.45544e+06 	-1.83795e-05 	-1.83795e-05 	1369.88
0.0868687 	0.055852 	0.055852 	-3.45452e+06 	-2.2142e-05 	-2.2142e-05 	1369.51
0.0878788 	0.0651505 	0.0651505 	-3.45362e+06 	-2.58284e-05 	-2.58284e-05 	1369.16
0.0888889 	0.0742127 	0.0742127 	-3.45276e+06 	-2.9421e-05 	-2.9421e-05 	1368.82
0.089899 	0.0829874 	0.0829874 	-3.45194e+06 	-3.28996e-05 	-3.28996e-05 	1368.49
0.0909091 	0.0914152 	0.0914152 	-3.45116e+06 	-3.62407e-05 	-3.62407e-05 	1368.18
0.0919192 	0.0994251 	0.0994251 	-3.45042e+06 	-3.94162e-05 	-3.94162e-05 	1367.89
0.0929293 	0.10693 	0.10693 	-3.44974e+06 	-4.23916e-05 	-4.23916e-05 	1367.62
0.0939394 	0.113819 	0.113819 	-3.44911e+06 	-4.51224e-05 	-4.51224e-05 	1367.37
0.0949495 	0.119944 	0.119944 	-3.44853e+06 	-4.75508e-05 	-4.75508e-05 	1367.14
0.0959596 	0.125118 	0.125118 	-3.44803e+06 	-4.9602e-05 	-4.9602e-05 	1366.94
0.0969697 	0.12912 	0.12912 	-3.44759e+06 	-5.11884e-05 	-5.11884e-05 	1366.77
0.0979798 	0.131899 	0.131899 	-3.44724e+06 	-5.22904e-05 	-5.22904e-05 	1366.63
0.0989899 	0.132163 	0.132163 	-3.44697e+06 	-5.23948e-05 	-5.23948e-05 	1366.52
0.1 	0.115151 	0.115151 	-3.44681e+06 	-4.56505e-05 	-4.56505e-05 	1366.46
