# Probe 0 (0.0015 0.0015 0)
# Probe 1 (0.0015 0.0015 0.002)
# Probe 2 (0.0015 0.0015 0.004)
# Probe 3 (0.0015 0.0015 0.006)
# Probe 4 (0.0015 0.0015 0.008)
# Probe 5 (0.0015 0.0015 0.01)
# Probe 6 (0.0015 0.0015 0.012)
# Probe 7 (0.0015 0.0015 0.014)
# Probe 8 (0.0015 0.0015 0.016)
# Probe 9 (0.0015 0.0015 0.018)
# Probe 10 (0.0015 0.0015 0.02)
# Time        0             1             2             3             4             5             6             7             8             9             10           
50            95625.5       95625.5       35697.8       12660.1       4986.67       2396.72       1581.12       1358.31       1593.73       2528.52       5277.82      
100           129505        129505        61970.2       23594.3       9043.98       3842.04       2078.98       1564.07       1759.7        2796.32       5696.95      
150           148034        148034        87063.5       38417.9       15341.2       6183.54       2901.66       1889.4        1980.34       3107.04       6158.7       
200           158997        158997        105034        54323.1       23894.5       9625.46       4158.73       2378.63       2271.61       3457.3        6629.57      
250           166353        166353        117710        68665.2       34184.5       14360.9       5999.28       3095.07       2658.56       3850.87       7092.96      
300           171778        171778        127252        80545.8       45040         20428.1       8599.07       4123.84       3178.08       4299.48       7546.54      
350           176004        176004        134761        90247.3       55269.1       27542.8       12112.2       5565.57       3879.48       4822.78       7997.26      
400           179409        179409        140850        98271.3       64332.4       35135.5       16605.1       7526.36       4824.41       5448.77       8459.14      
450           182224        182224        145909        105028        72251.5       42647.9       21992.5       10105.6       6088.27       6215.65       8952.48      
500           184607        184607        150209        110832        79224         49761.9       28019.1       13367.9       7756.04       7172.37       9503.73      
550           186669        186669        153943        115917        85443.2       56389.7       34349.1       17308.6       9911.5        8377.2        10144.9      
600           188489        188489        157249        120451        91064.5       62552.6       40695.4       21836.5       12620         9892.93       10912        
650           190123        190123        160226        124558        96206.1       68299.2       46889.8       26792         15907.4       11779.1       11842.7      
700           191612        191612        162944        128322        100956        73681.9       52865.5       31993.3       19735.4       14074.3       12969.1      
750           192984        192984        165451        131808        105380        78748.2       58605.5       37275.9       23992.1       16777.8       14309.1      
800           194259        194259        167786        135062        109527        83532.9       64101         42508.1       28510.5       19835.7       15857.8      
850           195452        195452        169971        138113        113428        88053.9       69336.5       47589.3       33109.7       23143.6       17582.6      
900           196571        196571        172022        140979        117096        92314.8       74290.1       52444.2       37631.9       26565.9       19425.6      
950           197621        197621        173946        143667        120536        96309.5       78937.7       57016.5       41958.1       29964.2       21313.6      
1000          198603        198603        175744        146176        123742        100028        83256.9       61265.8       46007         33221.5       23172.4      
1050          199515        199515        177413        148501        126708        103458        87230.5       65165.3       49728.3       36254.1       24938.7      
1100          200356        200356        178950        150640        129429        106595        90848.5       68701.3       53096         39013         26567.9      
1150          201125        201125        180354        152589        131901        109434        94109         71871.9       56103.8       41477.9       28035.1      
1200          201822        201822        181625        154348        134126        111979        97018.5       74686.1       58760.2       43649.4       29332.4      
1250          202446        202446        182762        155921        136109        114240        99592         77162.1       61085.4       45543.2       30464.3      
1300          203001        203001        183773        157315        137862        116231        101848        79322.3       63103.3       47179.6       31441.8      
1350          203491        203491        184663        158541        139400        117972        103813        81194.3       64843.7       48585         32280        
1400          203920        203920        185442        159612        140740        119483        105512        82807.4       66336.9       49786.2       32994.9      
1450          204293        204293        186119        160540        141899        120788        106975        84190.5       67612.5       50808.8       33602.4      
1500          204616        204616        186703        161340        142897        121909        108228        85371.8       68698.6       51676.9       34117.1      
1550          204892        204892        187204        162027        143752        122867        109297        86377.2       69620.4       52412         34552.3      
1600          205129        205129        187633        162614        144481        123683        110205        87230.4       70401.1       53033.1       34919.5      
1650          205331        205331        187999        163113        145102        124376        110976        87952.9       71061         53557.3       35229        
1700          205503        205503        188309        163537        145628        124964        111629        88563.3       71617.8       53999         35489.6      
1750          205648        205648        188572        163896        146073        125461        112180        89078.3       72086.9       54370.7       35708.7      
1800          205771        205771        188795        164200        146449        125880        112645        89512.1       72481.6       54683.2       35892.8      
1850          205875        205875        188983        164456        146766        126233        113036        89877.1       72813.5       54945.7       36047.5      
1900          205963        205963        189141        164672        147033        126530        113365        90184         73092.4       55166.2       36177.2      
1950          206037        206037        189274        164853        147258        126781        113642        90441.9       73326.8       55351.4       36286.2      
2000          206098        206098        189386        165006        147447        126990        113874        90658.1       73523         55506.4       36377.3      
2050          206150        206150        189480        165134        147605        127167        114069        90839.6       73687.7       55636.5       36453.9      
2100          206194        206194        189559        165241        147738        127315        114232        90991.7       73825.7       55745.4       36517.9      
2150          206231        206231        189625        165331        147850        127438        114369        91119         73941.2       55836.5       36571.5      
2200          206261        206261        189680        165407        147943        127542        114483        91225.6       74037.8       55912.7       36616.3      
2250          206287        206287        189727        165470        148021        127629        114579        91314.8       74118.7       55976.6       36653.8      
2300          206309        206309        189766        165523        148086        127701        114660        91389.5       74186.5       56030         36685.3      
2350          206326        206326        189798        165567        148141        127762        114727        91451.9       74243.1       56074.8       36711.6      
2400          206341        206341        189825        165603        148186        127812        114782        91503.3       74289.7       56111.5       36733.2      
2450          206354        206354        189847        165634        148223        127854        114828        91546.3       74328.7       56142.4       36751.4      
2500          206364        206364        189866        165659        148255        127889        114867        91582.6       74361.6       56168.3       36766.6      
2550          206372        206372        189881        165680        148281        127918        114899        91612         74388.3       56189.4       36779        
2600          206380        206380        189894        165698        148303        127942        114926        91637.3       74411.3       56207.5       36789.7      
2650          206386        206386        189905        165712        148321        127962        114948        91657.5       74429.5       56221.9       36798.2      
2700          206391        206391        189914        165725        148336        127980        114967        91675.9       74446.3       56235.1       36805.9      
2750          206395        206395        189922        165736        148350        127994        114983        91690.6       74459.6       56245.7       36812.1      
2800          206398        206398        189928        165743        148359        128005        114995        91701.6       74469.5       56253.5       36816.8      
2850          206401        206401        189933        165751        148369        128016        115007        91712.6       74479.5       56261.4       36821.4      
2900          206404        206404        189937        165757        148376        128023        115015        91720.7       74486.9       56267.2       36824.8      
2950          206405        206405        189941        165761        148381        128030        115023        91727.5       74493.1       56272.1       36827.7      
3000          206407        206407        189944        165765        148386        128035        115028        91732.9       74498         56276         36830        
3050          206409        206409        189946        165769        148391        128040        115034        91738.2       74502.8       56279.9       36832.3      
3100          206410        206410        189948        165772        148394        128044        115038        91742.1       74506.3       56282.6       36833.9      
3150          206410        206410        189950        165774        148397        128047        115041        91744.8       74508.8       56284.6       36835        
3200          206411        206411        189951        165775        148399        128049        115044        91747.4       74511.2       56286.5       36836.2      
3250          206412        206412        189952        165777        148401        128052        115047        91750.1       74513.7       56288.5       36837.4      
3300          206412        206412        189953        165778        148402        128053        115048        91751.5       74515         56289.6       36838        
3350          206412        206412        189953        165778        148402        128053        115048        91751.5       74515         56289.6       36838        
3400          206413        206413        189954        165779        148403        128054        115050        91752.8       74516.2       56290.6       36838.6      
3450          206413        206413        189954        165779        148403        128054        115050        91752.8       74516.2       56290.6       36838.6      
3500          206413        206413        189954        165779        148403        128054        115050        91752.8       74516.2       56290.6       36838.6      
3550          206413        206413        189954        165779        148403        128054        115050        91752.8       74516.2       56290.6       36838.6      
3600          206413        206413        189954        165779        148403        128054        115050        91752.8       74516.2       56290.6       36838.6      
3650          206413        206413        189954        165779        148403        128054        115050        91752.8       74516.2       56290.6       36838.6      
3700          206413        206413        189954        165779        148403        128054        115050        91752.8       74516.2       56290.6       36838.6      
3750          206413        206413        189954        165779        148403        128054        115050        91752.8       74516.2       56290.6       36838.6      
3800          206413        206413        189954        165779        148403        128054        115050        91752.8       74516.2       56290.6       36838.6      
3850          206413        206413        189954        165779        148403        128054        115050        91752.8       74516.2       56290.6       36838.6      
3900          206413        206413        189954        165779        148403        128054        115050        91752.8       74516.2       56290.6       36838.6      
3950          206413        206413        189954        165779        148403        128054        115050        91752.8       74516.2       56290.6       36838.6      
4000          206413        206413        189954        165779        148403        128054        115050        91752.8       74516.2       56290.6       36838.6      
4050          206413        206413        189954        165779        148403        128054        115050        91752.8       74516.2       56290.6       36838.6      
4100          206413        206413        189954        165779        148403        128054        115050        91752.8       74516.2       56290.6       36838.6      
4150          206413        206413        189954        165779        148403        128054        115050        91752.8       74516.2       56290.6       36838.6      
4200          206413        206413        189954        165779        148403        128054        115050        91752.8       74516.2       56290.6       36838.6      
4250          206413        206413        189954        165779        148403        128054        115050        91752.8       74516.2       56290.6       36838.6      
4300          206413        206413        189954        165779        148403        128054        115050        91752.8       74516.2       56290.6       36838.6      
4350          206413        206413        189954        165779        148403        128054        115050        91752.8       74516.2       56290.6       36838.6      
4400          206413        206413        189954        165779        148403        128054        115050        91752.8       74516.2       56290.6       36838.6      
4450          206413        206413        189954        165779        148403        128054        115050        91752.8       74516.2       56290.6       36838.6      
4500          206413        206413        189954        165779        148403        128054        115050        91752.8       74516.2       56290.6       36838.6      
4550          206413        206413        189954        165779        148403        128054        115050        91752.8       74516.2       56290.6       36838.6      
4600          206413        206413        189954        165779        148403        128054        115050        91752.8       74516.2       56290.6       36838.6      
4650          206413        206413        189954        165779        148403        128054        115050        91752.8       74516.2       56290.6       36838.6      
4700          206413        206413        189954        165779        148403        128054        115050        91752.8       74516.2       56290.6       36838.6      
4750          206413        206413        189954        165779        148403        128054        115050        91752.8       74516.2       56290.6       36838.6      
4800          206413        206413        189954        165779        148403        128054        115050        91752.8       74516.2       56290.6       36838.6      
4850          206413        206413        189954        165779        148403        128054        115050        91752.8       74516.2       56290.6       36838.6      
4900          206413        206413        189954        165779        148403        128054        115050        91752.8       74516.2       56290.6       36838.6      
4950          206413        206413        189954        165779        148403        128054        115050        91752.8       74516.2       56290.6       36838.6      
5000          206413        206413        189954        165779        148403        128054        115050        91752.8       74516.2       56290.6       36838.6      
