# Probe 0 (0.0015 0.0015 0)
# Probe 1 (0.0015 0.0015 0.002)
# Probe 2 (0.0015 0.0015 0.004)
# Probe 3 (0.0015 0.0015 0.006)
# Probe 4 (0.0015 0.0015 0.008)
# Probe 5 (0.0015 0.0015 0.01)
# Probe 6 (0.0015 0.0015 0.012)
# Probe 7 (0.0015 0.0015 0.014)
# Probe 8 (0.0015 0.0015 0.016)
# Probe 9 (0.0015 0.0015 0.018)
# Probe 10 (0.0015 0.0015 0.02)
# Time        0             1             2             3             4             5             6             7             8             9             10           
50            0.000667023   0.000667023   0.000637604   0.0006786     0.000661629   0.000679563   0.00058857    0.000655784   0.000621816   0.000608574   0.000665182  
100           0.000667023   0.000667023   0.000637604   0.0006786     0.000661629   0.000679563   0.00058857    0.000655784   0.000621816   0.000608574   0.000665182  
150           0.000667023   0.000667023   0.000637604   0.0006786     0.000661629   0.000679563   0.00058857    0.000655784   0.000621816   0.000608574   0.000665182  
200           0.000667023   0.000667023   0.000637604   0.0006786     0.000661629   0.000679563   0.00058857    0.000655784   0.000621816   0.000608574   0.000665182  
250           0.000667023   0.000667023   0.000637604   0.0006786     0.000661629   0.000679563   0.00058857    0.000655784   0.000621816   0.000608574   0.000665182  
300           0.000667023   0.000667023   0.000637604   0.0006786     0.000661629   0.000679563   0.00058857    0.000655784   0.000621816   0.000608574   0.000665182  
350           0.000667023   0.000667023   0.000637604   0.0006786     0.000661629   0.000679563   0.00058857    0.000655784   0.000621816   0.000608574   0.000665182  
400           0.000667023   0.000667023   0.000637604   0.0006786     0.000661629   0.000679563   0.00058857    0.000655784   0.000621816   0.000608574   0.000665182  
450           0.000667023   0.000667023   0.000637604   0.0006786     0.000661629   0.000679563   0.00058857    0.000655784   0.000621816   0.000608574   0.000665182  
500           0.000667023   0.000667023   0.000637604   0.0006786     0.000661629   0.000679563   0.00058857    0.000655784   0.000621816   0.000608574   0.000665182  
550           0.000667023   0.000667023   0.000637604   0.0006786     0.000661629   0.000679563   0.00058857    0.000655784   0.000621816   0.000608574   0.000665182  
600           0.000667023   0.000667023   0.000637604   0.0006786     0.000661629   0.000679563   0.00058857    0.000655784   0.000621816   0.000608574   0.000665182  
650           0.000667023   0.000667023   0.000637604   0.0006786     0.000661629   0.000679563   0.00058857    0.000655784   0.000621816   0.000608574   0.000665182  
700           0.000667023   0.000667023   0.000637604   0.0006786     0.000661629   0.000679563   0.00058857    0.000655784   0.000621816   0.000608574   0.000665182  
750           0.000667023   0.000667023   0.000637604   0.0006786     0.000661629   0.000679563   0.00058857    0.000655784   0.000621816   0.000608574   0.000665182  
800           0.000667023   0.000667023   0.000637604   0.0006786     0.000661629   0.000679563   0.00058857    0.000655784   0.000621816   0.000608574   0.000665182  
850           0.000667023   0.000667023   0.000637604   0.0006786     0.000661629   0.000679563   0.00058857    0.000655784   0.000621816   0.000608574   0.000665182  
900           0.000667023   0.000667023   0.000637604   0.0006786     0.000661629   0.000679563   0.00058857    0.000655784   0.000621816   0.000608574   0.000665182  
950           0.000667023   0.000667023   0.000637604   0.0006786     0.000661629   0.000679563   0.00058857    0.000655784   0.000621816   0.000608574   0.000665182  
1000          0.000667023   0.000667023   0.000637604   0.0006786     0.000661629   0.000679563   0.00058857    0.000655784   0.000621816   0.000608574   0.000665182  
1050          0.000667023   0.000667023   0.000637604   0.0006786     0.000661629   0.000679563   0.00058857    0.000655784   0.000621816   0.000608574   0.000665182  
1100          0.000667023   0.000667023   0.000637604   0.0006786     0.000661629   0.000679563   0.00058857    0.000655784   0.000621816   0.000608574   0.000665182  
1150          0.000667023   0.000667023   0.000637604   0.0006786     0.000661629   0.000679563   0.00058857    0.000655784   0.000621816   0.000608574   0.000665182  
1200          0.000667023   0.000667023   0.000637604   0.0006786     0.000661629   0.000679563   0.00058857    0.000655784   0.000621816   0.000608574   0.000665182  
1250          0.000667023   0.000667023   0.000637604   0.0006786     0.000661629   0.000679563   0.00058857    0.000655784   0.000621816   0.000608574   0.000665182  
1300          0.000667023   0.000667023   0.000637604   0.0006786     0.000661629   0.000679563   0.00058857    0.000655784   0.000621816   0.000608574   0.000665182  
1350          0.000667023   0.000667023   0.000637604   0.0006786     0.000661629   0.000679563   0.00058857    0.000655784   0.000621816   0.000608574   0.000665182  
1400          0.000667023   0.000667023   0.000637604   0.0006786     0.000661629   0.000679563   0.00058857    0.000655784   0.000621816   0.000608574   0.000665182  
1450          0.000667023   0.000667023   0.000637604   0.0006786     0.000661629   0.000679563   0.00058857    0.000655784   0.000621816   0.000608574   0.000665182  
1500          0.000667023   0.000667023   0.000637604   0.0006786     0.000661629   0.000679563   0.00058857    0.000655784   0.000621816   0.000608574   0.000665182  
1550          0.000667023   0.000667023   0.000637604   0.0006786     0.000661629   0.000679563   0.00058857    0.000655784   0.000621816   0.000608574   0.000665182  
1600          0.000667023   0.000667023   0.000637604   0.0006786     0.000661629   0.000679563   0.00058857    0.000655784   0.000621816   0.000608574   0.000665182  
1650          0.000667023   0.000667023   0.000637604   0.0006786     0.000661629   0.000679563   0.00058857    0.000655784   0.000621816   0.000608574   0.000665182  
1700          0.000667023   0.000667023   0.000637604   0.0006786     0.000661629   0.000679563   0.00058857    0.000655784   0.000621816   0.000608574   0.000665182  
1750          0.000667023   0.000667023   0.000637604   0.0006786     0.000661629   0.000679563   0.00058857    0.000655784   0.000621816   0.000608574   0.000665182  
1800          0.000667023   0.000667023   0.000637604   0.0006786     0.000661629   0.000679563   0.00058857    0.000655784   0.000621816   0.000608574   0.000665182  
1850          0.000667023   0.000667023   0.000637604   0.0006786     0.000661629   0.000679563   0.00058857    0.000655784   0.000621816   0.000608574   0.000665182  
1900          0.000667023   0.000667023   0.000637604   0.0006786     0.000661629   0.000679563   0.00058857    0.000655784   0.000621816   0.000608574   0.000665182  
1950          0.000667023   0.000667023   0.000637604   0.0006786     0.000661629   0.000679563   0.00058857    0.000655784   0.000621816   0.000608574   0.000665182  
2000          0.000667023   0.000667023   0.000637604   0.0006786     0.000661629   0.000679563   0.00058857    0.000655784   0.000621816   0.000608574   0.000665182  
2050          0.000667023   0.000667023   0.000637604   0.0006786     0.000661629   0.000679563   0.00058857    0.000655784   0.000621816   0.000608574   0.000665182  
2100          0.000667023   0.000667023   0.000637604   0.0006786     0.000661629   0.000679563   0.00058857    0.000655784   0.000621816   0.000608574   0.000665182  
2150          0.000667023   0.000667023   0.000637604   0.0006786     0.000661629   0.000679563   0.00058857    0.000655784   0.000621816   0.000608574   0.000665182  
2200          0.000667023   0.000667023   0.000637604   0.0006786     0.000661629   0.000679563   0.00058857    0.000655784   0.000621816   0.000608574   0.000665182  
2250          0.000667023   0.000667023   0.000637604   0.0006786     0.000661629   0.000679563   0.00058857    0.000655784   0.000621816   0.000608574   0.000665182  
2300          0.000667023   0.000667023   0.000637604   0.0006786     0.000661629   0.000679563   0.00058857    0.000655784   0.000621816   0.000608574   0.000665182  
2350          0.000667023   0.000667023   0.000637604   0.0006786     0.000661629   0.000679563   0.00058857    0.000655784   0.000621816   0.000608574   0.000665182  
2400          0.000667023   0.000667023   0.000637604   0.0006786     0.000661629   0.000679563   0.00058857    0.000655784   0.000621816   0.000608574   0.000665182  
2450          0.000667023   0.000667023   0.000637604   0.0006786     0.000661629   0.000679563   0.00058857    0.000655784   0.000621816   0.000608574   0.000665182  
2500          0.000667023   0.000667023   0.000637604   0.0006786     0.000661629   0.000679563   0.00058857    0.000655784   0.000621816   0.000608574   0.000665182  
2550          0.000667023   0.000667023   0.000637604   0.0006786     0.000661629   0.000679563   0.00058857    0.000655784   0.000621816   0.000608574   0.000665182  
2600          0.000667023   0.000667023   0.000637604   0.0006786     0.000661629   0.000679563   0.00058857    0.000655784   0.000621816   0.000608574   0.000665182  
2650          0.000667023   0.000667023   0.000637604   0.0006786     0.000661629   0.000679563   0.00058857    0.000655784   0.000621816   0.000608574   0.000665182  
2700          0.000667023   0.000667023   0.000637604   0.0006786     0.000661629   0.000679563   0.00058857    0.000655784   0.000621816   0.000608574   0.000665182  
2750          0.000667023   0.000667023   0.000637604   0.0006786     0.000661629   0.000679563   0.00058857    0.000655784   0.000621816   0.000608574   0.000665182  
2800          0.000667023   0.000667023   0.000637604   0.0006786     0.000661629   0.000679563   0.00058857    0.000655784   0.000621816   0.000608574   0.000665182  
2850          0.000667023   0.000667023   0.000637604   0.0006786     0.000661629   0.000679563   0.00058857    0.000655784   0.000621816   0.000608574   0.000665182  
2900          0.000667023   0.000667023   0.000637604   0.0006786     0.000661629   0.000679563   0.00058857    0.000655784   0.000621816   0.000608574   0.000665182  
2950          0.000667023   0.000667023   0.000637604   0.0006786     0.000661629   0.000679563   0.00058857    0.000655784   0.000621816   0.000608574   0.000665182  
3000          0.000667023   0.000667023   0.000637604   0.0006786     0.000661629   0.000679563   0.00058857    0.000655784   0.000621816   0.000608574   0.000665182  
3050          0.000667023   0.000667023   0.000637604   0.0006786     0.000661629   0.000679563   0.00058857    0.000655784   0.000621816   0.000608574   0.000665182  
3100          0.000667023   0.000667023   0.000637604   0.0006786     0.000661629   0.000679563   0.00058857    0.000655784   0.000621816   0.000608574   0.000665182  
3150          0.000667023   0.000667023   0.000637604   0.0006786     0.000661629   0.000679563   0.00058857    0.000655784   0.000621816   0.000608574   0.000665182  
3200          0.000667023   0.000667023   0.000637604   0.0006786     0.000661629   0.000679563   0.00058857    0.000655784   0.000621816   0.000608574   0.000665182  
3250          0.000667023   0.000667023   0.000637604   0.0006786     0.000661629   0.000679563   0.00058857    0.000655784   0.000621816   0.000608574   0.000665182  
3300          0.000667023   0.000667023   0.000637604   0.0006786     0.000661629   0.000679563   0.00058857    0.000655784   0.000621816   0.000608574   0.000665182  
3350          0.000667023   0.000667023   0.000637604   0.0006786     0.000661629   0.000679563   0.00058857    0.000655784   0.000621816   0.000608574   0.000665182  
3400          0.000667023   0.000667023   0.000637604   0.0006786     0.000661629   0.000679563   0.00058857    0.000655784   0.000621816   0.000608574   0.000665182  
3450          0.000667023   0.000667023   0.000637604   0.0006786     0.000661629   0.000679563   0.00058857    0.000655784   0.000621816   0.000608574   0.000665182  
3500          0.000667023   0.000667023   0.000637604   0.0006786     0.000661629   0.000679563   0.00058857    0.000655784   0.000621816   0.000608574   0.000665182  
3550          0.000667023   0.000667023   0.000637604   0.0006786     0.000661629   0.000679563   0.00058857    0.000655784   0.000621816   0.000608574   0.000665182  
3600          0.000667023   0.000667023   0.000637604   0.0006786     0.000661629   0.000679563   0.00058857    0.000655784   0.000621816   0.000608574   0.000665182  
3650          0.000667023   0.000667023   0.000637604   0.0006786     0.000661629   0.000679563   0.00058857    0.000655784   0.000621816   0.000608574   0.000665182  
3700          0.000667023   0.000667023   0.000637604   0.0006786     0.000661629   0.000679563   0.00058857    0.000655784   0.000621816   0.000608574   0.000665182  
3750          0.000667023   0.000667023   0.000637604   0.0006786     0.000661629   0.000679563   0.00058857    0.000655784   0.000621816   0.000608574   0.000665182  
3800          0.000667023   0.000667023   0.000637604   0.0006786     0.000661629   0.000679563   0.00058857    0.000655784   0.000621816   0.000608574   0.000665182  
3850          0.000667023   0.000667023   0.000637604   0.0006786     0.000661629   0.000679563   0.00058857    0.000655784   0.000621816   0.000608574   0.000665182  
3900          0.000667023   0.000667023   0.000637604   0.0006786     0.000661629   0.000679563   0.00058857    0.000655784   0.000621816   0.000608574   0.000665182  
3950          0.000667023   0.000667023   0.000637604   0.0006786     0.000661629   0.000679563   0.00058857    0.000655784   0.000621816   0.000608574   0.000665182  
4000          0.000667023   0.000667023   0.000637604   0.0006786     0.000661629   0.000679563   0.00058857    0.000655784   0.000621816   0.000608574   0.000665182  
4050          0.000667023   0.000667023   0.000637604   0.0006786     0.000661629   0.000679563   0.00058857    0.000655784   0.000621816   0.000608574   0.000665182  
4100          0.000667023   0.000667023   0.000637604   0.0006786     0.000661629   0.000679563   0.00058857    0.000655784   0.000621816   0.000608574   0.000665182  
4150          0.000667023   0.000667023   0.000637604   0.0006786     0.000661629   0.000679563   0.00058857    0.000655784   0.000621816   0.000608574   0.000665182  
4200          0.000667023   0.000667023   0.000637604   0.0006786     0.000661629   0.000679563   0.00058857    0.000655784   0.000621816   0.000608574   0.000665182  
4250          0.000667023   0.000667023   0.000637604   0.0006786     0.000661629   0.000679563   0.00058857    0.000655784   0.000621816   0.000608574   0.000665182  
4300          0.000667023   0.000667023   0.000637604   0.0006786     0.000661629   0.000679563   0.00058857    0.000655784   0.000621816   0.000608574   0.000665182  
4350          0.000667023   0.000667023   0.000637604   0.0006786     0.000661629   0.000679563   0.00058857    0.000655784   0.000621816   0.000608574   0.000665182  
4400          0.000667023   0.000667023   0.000637604   0.0006786     0.000661629   0.000679563   0.00058857    0.000655784   0.000621816   0.000608574   0.000665182  
4450          0.000667023   0.000667023   0.000637604   0.0006786     0.000661629   0.000679563   0.00058857    0.000655784   0.000621816   0.000608574   0.000665182  
4500          0.000667023   0.000667023   0.000637604   0.0006786     0.000661629   0.000679563   0.00058857    0.000655784   0.000621816   0.000608574   0.000665182  
4550          0.000667023   0.000667023   0.000637604   0.0006786     0.000661629   0.000679563   0.00058857    0.000655784   0.000621816   0.000608574   0.000665182  
4600          0.000667023   0.000667023   0.000637604   0.0006786     0.000661629   0.000679563   0.00058857    0.000655784   0.000621816   0.000608574   0.000665182  
4650          0.000667023   0.000667023   0.000637604   0.0006786     0.000661629   0.000679563   0.00058857    0.000655784   0.000621816   0.000608574   0.000665182  
4700          0.000667023   0.000667023   0.000637604   0.0006786     0.000661629   0.000679563   0.00058857    0.000655784   0.000621816   0.000608574   0.000665182  
4750          0.000667023   0.000667023   0.000637604   0.0006786     0.000661629   0.000679563   0.00058857    0.000655784   0.000621816   0.000608574   0.000665182  
4800          0.000667023   0.000667023   0.000637604   0.0006786     0.000661629   0.000679563   0.00058857    0.000655784   0.000621816   0.000608574   0.000665182  
4850          0.000667023   0.000667023   0.000637604   0.0006786     0.000661629   0.000679563   0.00058857    0.000655784   0.000621816   0.000608574   0.000665182  
4900          0.000667023   0.000667023   0.000637604   0.0006786     0.000661629   0.000679563   0.00058857    0.000655784   0.000621816   0.000608574   0.000665182  
4950          0.000667023   0.000667023   0.000637604   0.0006786     0.000661629   0.000679563   0.00058857    0.000655784   0.000621816   0.000608574   0.000665182  
5000          0.000667023   0.000667023   0.000637604   0.0006786     0.000661629   0.000679563   0.00058857    0.000655784   0.000621816   0.000608574   0.000665182  
