# Probe 0 (0.0015 0.0015 0)
# Probe 1 (0.0015 0.0015 0.002)
# Probe 2 (0.0015 0.0015 0.004)
# Probe 3 (0.0015 0.0015 0.006)
# Probe 4 (0.0015 0.0015 0.008)
# Probe 5 (0.0015 0.0015 0.01)
# Probe 6 (0.0015 0.0015 0.012)
# Probe 7 (0.0015 0.0015 0.014)
# Probe 8 (0.0015 0.0015 0.016)
# Probe 9 (0.0015 0.0015 0.018)
# Probe 10 (0.0015 0.0015 0.02)
# Time        0             1             2             3             4             5             6             7             8             9             10           
50            (778668 44864.6 -4.30857e+07) (778668 44864.6 -4.30857e+07) (-37096.5 26038.8 -2.07413e+07) (3845.56 -18386.1 -7.67778e+06) (-1365.49 6877.64 -2.56584e+06) (-2443.55 956.2 -851387) (11132.7 -3489.34 -259604) (5116.17 -13303.4 3152.31) (8114.98 -2319.18 292554) (-4569.01 7012.2 921023) (8215.31 7627.54 2.59651e+06)
100           (2.14527e+06 88026 -3.77298e+07) (2.14527e+06 88026 -3.77298e+07) (-122119 277316 -2.64778e+07) (19138 -92303.8 -1.32315e+07) (-10230.6 10604.2 -4.93807e+06) (-8168.05 145.579 -1.74125e+06) (10038.3 -4655.3 -569493) (4657.07 -13548.8 -79819.5) (8385.66 -2560.38 308063) (-6452.38 11601.5 984313) (16065.5 18639.3 2.54442e+06)
150           (2.81145e+06 126762 -3.21194e+07) (2.81145e+06 126762 -3.21194e+07) (-408305 306473 -2.74039e+07) (-5617.46 -322419 -1.79306e+07) (-16939.6 21028 -8.0586e+06) (-18899.7 -680.408 -3.1099e+06) (8607.3 -7080.83 -1.07353e+06) (3973.2 -13959.5 -230328) (8673.17 -2755.6 304410) (-8529.87 16780.6 1.04459e+06) (23583.4 30148.5 2.4831e+06)
200           (3.12081e+06 144383 -2.80191e+07) (3.12081e+06 144383 -2.80191e+07) (-474409 225102 -2.61685e+07) (-1930.04 -658334 -2.02848e+07) (31241.6 54321.8 -1.11744e+07) (-36407.6 429.954 -4.93393e+06) (7365.67 -11957.2 -1.81171e+06) (3048.34 -14796.9 -471781) (9032.86 -2888.94 269666) (-10752.5 22481 1.08949e+06) (29612.8 39987.3 2.41222e+06)
250           (3.30959e+06 155645 -2.51133e+07) (3.30959e+06 155645 -2.51133e+07) (-475924 191466 -2.44219e+07) (15365.9 -954642 -2.08813e+07) (177916 105648 -1.35761e+07) (-61509.1 7789.82 -7.0463e+06) (7689.11 -21491.2 -2.81646e+06) (1896.38 -16546.2 -835180) (9547.24 -2932.13 188951) (-13049.6 28645.7 1.1086e+06) (34030.1 47267.8 2.33025e+06)
300           (3.44283e+06 163825 -2.29218e+07) (3.44283e+06 163825 -2.29218e+07) (-483049 173703 -2.28081e+07) (14849.4 -1.16955e+06 -2.0553e+07) (358678 152343 -1.50294e+07) (-89622.1 28083.8 -9.11024e+06) (13090.4 -38963.6 -4.07608e+06) (689.562 -20146.3 -1.35525e+06) (10366 -2858.22 43909.8) (-15411.9 35279.5 1.09211e+06) (37286.4 52405 2.23418e+06)
350           (3.54423e+06 170159 -2.11959e+07) (3.54423e+06 170159 -2.11959e+07) (-491097 160883 -2.14391e+07) (13745.7 -1.33279e+06 -1.98729e+07) (505850 189736 -1.56761e+07) (-106014 60532.1 -1.07892e+07) (30598.6 -66665.7 -5.49431e+06) (4.30412 -27220.1 -2.05817e+06) (11776.6 -2638.77 -185698) (-17884.2 42404.3 1.02944e+06) (39897.3 56217.5 2.11933e+06)
400           (3.62494e+06 175210 -1.97954e+07) (3.62494e+06 175210 -1.97954e+07) (-497821 150683 -2.02843e+07) (14997.8 -1.4654e+06 -1.91294e+07) (617214 222636 -1.5784e+07) (-99279.4 91715.4 -1.19318e+07) (69757.3 -101255 -6.90228e+06) (1372.16 -40159.1 -2.94517e+06) (14340.3 -2260.72 -519397) (-20605.9 50139.9 908683) (42296.5 59450.7 1.9792e+06)
450           (3.69109e+06 179358 -1.86314e+07) (3.69109e+06 179358 -1.86314e+07) (-503299 142326 -1.92991e+07) (17187.5 -1.57583e+06 -1.84143e+07) (707610 252614 -1.55949e+07) (-74887.4 110710 -1.25647e+07) (135919 -133158 -8.13556e+06) (7890.76 -61784.9 -3.97607e+06) (19025.2 -1698.49 -972495) (-23763.3 58710.7 716054) (44788.9 62607.1 1.80496e+06)
500           (3.74666e+06 182853 -1.76417e+07) (3.74666e+06 182853 -1.76417e+07) (-507849 135315 -1.84438e+07) (19559.4 -1.66967e+06 -1.77461e+07) (784826 279621 -1.52674e+07) (-45333.4 119353 -1.28012e+07) (224966 -155465 -9.09851e+06) (24162.2 -94309.8 -5.06576e+06) (27294.3 -878.549 -1.54887e+06) (-27594.4 68501.2 436921) (47605.7 66025.9 1.58532e+06)
550           (3.79444e+06 185865 -1.67819e+07) (3.79444e+06 185865 -1.67819e+07) (-511718 129287 -1.7688e+07) (21842.3 -1.75115e+06 -1.71249e+07) (852288 303972 -1.48818e+07) (-17910.8 125260 -1.27735e+07) (326403 -170048 -9.77028e+06) (54153.9 -137704 -6.1094e+06) (40960.7 395.883 -2.23286e+06) (-32403.5 80080.8 58353.5) (50953.9 69983.2 1.30684e+06)
600           (3.83633e+06 188520 -1.60204e+07) (3.83633e+06 188520 -1.60204e+07) (-515047 124002 -1.70093e+07) (24011.5 -1.82317e+06 -1.65462e+07) (912138 326105 -1.44747e+07) (5785.52 132336 -1.25923e+07) (428754 -182278 -1.0179e+07) (97210.9 -189767 -7.01884e+06) (61693 2321.16 -2.9859e+06) (-38584.1 94115.3 -427010) (55029.7 74744.5 955091)
650           (3.87381e+06 190895 -1.53346e+07) (3.87381e+06 190895 -1.53346e+07) (-518030 119258 -1.63914e+07) (25976.6 -1.88814e+06 -1.60051e+07) (966191 346490 -1.40646e+07) (26330.2 140643 -1.23291e+07) (524413 -194967 -1.03768e+07) (146916 -248714 -7.7456e+06) (90712.5 4765 -3.75321e+06) (-46604 111351 -1.01617e+06) (60105.5 80670.1 516527)
700           (3.90783e+06 193052 -1.47085e+07) (3.90783e+06 193052 -1.47085e+07) (-520718 114945 -1.58225e+07) (27804.3 -1.94745e+06 -1.5497e+07) (1.01559e+06 365359 -1.36601e+07) (44541.1 149363 -1.20225e+07) (610717 -208435 -1.04221e+07) (195249 -313680 -8.28254e+06) (127940 6781.05 -4.47974e+06) (-56943.6 132204 -1.69157e+06) (66418 88104.7 -17346.4)
750           (3.93908e+06 195036 -1.41307e+07) (3.93908e+06 195036 -1.41307e+07) (-523172 110977 -1.52939e+07) (29513.1 -2.0022e+06 -1.50179e+07) (1.06122e+06 382947 -1.3265e+07) (61056.7 157994 -1.16936e+07) (688770 -222167 -1.03681e+07) (238402 -382964 -8.65335e+06) (171538 7383.28 -5.12454e+06) (-69958.9 156722 -2.42075e+06) (74182.1 97379.7 -645717)
800           (3.96807e+06 196877 -1.35928e+07) (3.96807e+06 196877 -1.35928e+07) (-525438 107291 -1.47993e+07) (31119.2 -2.05317e+06 -1.45646e+07) (1.10375e+06 399438 -1.28822e+07) (76304.7 166337 -1.13566e+07) (760510 -235704 -1.02562e+07) (276725 -453694 -8.89761e+06) (218115 6471.65 -5.66809e+06) (-85663.6 184521 -3.16318e+06) (83499.8 108694 -1.35531e+06)
850           (3.99514e+06 198598 -1.30891e+07) (3.99514e+06 198598 -1.30891e+07) (-527547 103846 -1.43347e+07) (32633.3 -2.1009e+06 -1.41358e+07) (1.14359e+06 414952 -1.25148e+07) (90528.2 174316 -1.10228e+07) (827294 -248762 -1.01161e+07) (311673 -523171 -9.05669e+06) (264330 4714.86 -6.11143e+06) (-103532 214825 -3.88178e+06) (94280.6 121993 -2.12116e+06)
900           (4.02053e+06 200213 -1.26163e+07) (4.02053e+06 200213 -1.26163e+07) (-529522 100615 -1.3898e+07) (34060.3 -2.1457e+06 -1.37315e+07) (1.181e+06 429548 -1.21661e+07) (103835 181889 -1.07016e+07) (889746 -261184 -9.96765e+06) (344125 -589613 -9.16456e+06) (308197 2752.26 -6.46958e+06) (-122569 246543 -4.55158e+06) (106198 136891 -2.91141e+06)
950           (4.04435e+06 201728 -1.21729e+07) (4.04435e+06 201728 -1.21729e+07) (-531376 97585.8 -1.34886e+07) (35400.7 -2.18772e+06 -1.33527e+07) (1.21606e+06 443237 -1.18394e+07) (116252 189020 -1.03995e+07) (948027 -272879 -9.82324e+06) (374337 -652014 -9.2449e+06) (348979 851.556 -6.76308e+06) (-141662 278441 -5.16111e+06) (118723 152722 -3.69408e+06)
1000          (4.06664e+06 203145 -1.17587e+07) (4.06664e+06 203145 -1.17587e+07) (-533115 94756.5 -1.31068e+07) (36652.1 -2.22696e+06 -1.30005e+07) (1.24879e+06 456003 -1.1537e+07) (127770 195677 -1.01212e+07) (1.00209e+06 -283784 -9.69043e+06) (402300 -709813 -9.31246e+06) (386485 -936.823 -7.01108e+06) (-159925 309368 -5.70864e+06) (131246 168693 -4.44252e+06)
1050          (4.08738e+06 204463 -1.13741e+07) (4.08738e+06 204463 -1.13741e+07) (-534739 92129.5 -1.27534e+07) (37811.3 -2.26339e+06 -1.26762e+07) (1.27912e+06 467820 -1.12608e+07) (138369 201833 -9.86939e+06) (1.05185e+06 -293855 -9.57328e+06) (427952 -762693 -9.37556e+06) (420652 -2600.92 -7.2278e+06) (-176813 338439 -6.19739e+06) (143218 184075 -5.13808e+06)
1100          (4.10654e+06 205680 -1.10198e+07) (4.10654e+06 205680 -1.10198e+07) (-536246 89709 -1.2429e+07) (38875.7 -2.29693e+06 -1.23804e+07) (1.307e+06 478661 -1.10114e+07) (148033 207470 -9.64507e+06) (1.09722e+06 -303062 -9.47335e+06) (451254 -810514 -9.43812e+06) (451453 -4119.1 -7.42207e+06) (-192072 365086 -6.63204e+06) (154256 198338 -5.77006e+06)
1150          (4.12409e+06 206794 -1.06963e+07) (4.12409e+06 206794 -1.06963e+07) (-537634 87498.5 -1.2134e+07) (39843.6 -2.32755e+06 -1.21133e+07) (1.33241e+06 488516 -1.07888e+07) (156760 212580 -9.448e+06) (1.13819e+06 -311394 -9.39047e+06) (472213 -853288 -9.50128e+06) (478925 -5471.53 -7.59851e+06) (-205630 389028 -7.01719e+06) (164157 211186 -6.33428e+06)
1200          (4.14002e+06 207804 -1.04037e+07) (4.14002e+06 207804 -1.04037e+07) (-538901 85498.4 -1.18683e+07) (40715.2 -2.35523e+06 -1.18746e+07) (1.35534e+06 497387 -1.05923e+07) (164565 217167 -9.2769e+06) (1.17485e+06 -318859 -9.32327e+06) (490883 -891168 -9.56456e+06) (503184 -6651.3 -7.75917e+06) (-217529 410203 -7.35694e+06) (172869 222520 -6.83119e+06)
1250          (4.15436e+06 208699 -1.01416e+07) (4.15436e+06 208699 -1.01416e+07) (-540066 83693.4 -1.16313e+07) (41472 -2.3801e+06 -1.16633e+07) (1.37588e+06 505315 -1.04204e+07) (171489 221250 -9.12922e+06) (1.20743e+06 -325502 -9.26936e+06) (507411 -924511 -9.62665e+06) (524492 -7660.34 -7.90473e+06) (-227893 428780 -7.65528e+06) (180488 232432 -7.26451e+06)
1300          (4.1671e+06 209508 -9.90885e+06) (4.1671e+06 209508 -9.90885e+06) (-541089 82103.1 -1.14216e+07) (42162.1 -2.40208e+06 -1.14776e+07) (1.39403e+06 512304 -1.02711e+07) (177569 224844 -9.00348e+06) (1.23598e+06 -331333 -9.22713e+06) (521843 -953461 -9.68623e+06) (542929 -8523.35 -8.03567e+06) (-236816 444788 -7.91538e+06) (186994 240909 -7.63897e+06)
1350          (4.17837e+06 210223 -9.70371e+06) (4.17837e+06 210223 -9.70371e+06) (-541998 80702.3 -1.12376e+07) (42767.5 -2.42145e+06 -1.13157e+07) (1.40998e+06 518437 -1.01424e+07) (182870 227988 -8.89691e+06) (1.26088e+06 -336428 -9.19434e+06) (534389 -978504 -9.74224e+06) (558837 -9250.66 -8.15232e+06) (-244467 458542 -8.14092e+06) (192557 248156 -7.96062e+06)
1400          (4.18825e+06 210849 -9.52433e+06) (4.18825e+06 210849 -9.52433e+06) (-542798 79477.5 -1.10772e+07) (43294.8 -2.43837e+06 -1.11756e+07) (1.42391e+06 523779 -1.00321e+07) (187463 230721 -8.8069e+06) (1.28247e+06 -340850 -9.16898e+06) (545228 -1.00005e+06 -9.79385e+06) (572492 -9861.89 -8.2553e+06) (-250999 470297 -8.33548e+06) (197295 254323 -8.23557e+06)
1450          (4.19685e+06 211394 -9.36854e+06) (4.19685e+06 211394 -9.36854e+06) (-543498 78413.8 -1.09383e+07) (43751.2 -2.45307e+06 -1.10549e+07) (1.43598e+06 528401 -9.938e+06) (191420 233081 -8.73109e+06) (1.30107e+06 -344665 -9.14937e+06) (554544 -1.0185e+06 -9.84057e+06) (584162 -10374.4 -8.34543e+06) (-256554 480303 -8.50253e+06) (201316 259553 -8.46971e+06)
1500          (4.20429e+06 211866 -9.23406e+06) (4.20429e+06 211866 -9.23406e+06) (-544106 77495.7 -1.08188e+07) (44143.9 -2.46574e+06 -1.09514e+07) (1.44638e+06 532380 -9.85796e+06) (194813 235109 -8.66736e+06) (1.31702e+06 -347940 -9.13419e+06) (562516 -1.03423e+06 -9.88226e+06) (594101 -10803.7 -8.42372e+06) (-261265 488794 -8.64536e+06) (204720 263978 -8.66848e+06)
1550          (4.21069e+06 212271 -9.11855e+06) (4.21069e+06 212271 -9.11855e+06) (-544631 76707.1 -1.07163e+07) (44480.4 -2.47663e+06 -1.08631e+07) (1.4553e+06 535789 -9.7901e+06) (197709 236844 -8.61385e+06) (1.33065e+06 -350740 -9.1224e+06) (569311 -1.04762e+06 -9.91901e+06) (602540 -11163 -8.4913e+06) (-265252 495981 -8.76704e+06) (207596 267715 -8.83682e+06)
1600          (4.21617e+06 212607 -9.01981e+06) (4.21617e+06 212607 -9.01981e+06) (-545068 76033.8 -1.06289e+07) (44799.2 -2.48592e+06 -1.0788e+07) (1.46292e+06 538673 -9.73269e+06) (200183 238314 -8.56892e+06) (1.34224e+06 -353156 -9.11315e+06) (575113 -1.05898e+06 -9.95108e+06) (609681 -11493.7 -8.54932e+06) (-268634 502051 -8.87042e+06) (210002 270851 -8.9791e+06)
1650          (4.22085e+06 212905 -8.93566e+06) (4.22085e+06 212905 -8.93566e+06) (-545454 75460.3 -1.05545e+07) (45039.4 -2.49384e+06 -1.07243e+07) (1.4694e+06 541150 -9.6842e+06) (202273 239572 -8.53126e+06) (1.35208e+06 -355173 -9.10588e+06) (579999 -1.06857e+06 -9.97886e+06) (615719 -11740.5 -8.59889e+06) (-271471 507167 -8.958e+06) (212046 273502 -9.09918e+06)
1700          (4.22482e+06 213159 -8.86416e+06) (4.22482e+06 213159 -8.86416e+06) (-545784 74972.2 -1.04914e+07) (45242.2 -2.50058e+06 -1.06704e+07) (1.47491e+06 543251 -9.64334e+06) (204042 240638 -8.49972e+06) (1.36041e+06 -356886 -9.10015e+06) (584136 -1.07668e+06 -1.00028e+07) (620820 -11947.3 -8.64109e+06) (-273861 511483 -9.03205e+06) (213771 275737 -9.20036e+06)
1750          (4.2282e+06 213373 -8.80358e+06) (4.2282e+06 213373 -8.80358e+06) (-546064 74558.6 -1.0438e+07) (45413.7 -2.50628e+06 -1.06248e+07) (1.47957e+06 545030 -9.60894e+06) (205536 241540 -8.4733e+06) (1.36745e+06 -358333 -9.0956e+06) (587627 -1.08352e+06 -1.00233e+07) (625118 -12120.3 -8.67691e+06) (-275872 515115 -9.09454e+06) (215221 277616 -9.28551e+06)
1800          (4.23105e+06 213555 -8.75236e+06) (4.23105e+06 213555 -8.75236e+06) (-546301 74208.9 -1.03929e+07) (45558.6 -2.51111e+06 -1.05864e+07) (1.48351e+06 546532 -9.58001e+06) (206797 242301 -8.45118e+06) (1.37339e+06 -359555 -9.09195e+06) (590570 -1.08927e+06 -1.00407e+07) (628736 -12265 -8.70723e+06) (-277563 518168 -9.1472e+06) (216439 279194 -9.35712e+06)
1850          (4.23346e+06 213708 -8.70914e+06) (4.23346e+06 213708 -8.70914e+06) (-546502 73913.8 -1.03548e+07) (45680.7 -2.51518e+06 -1.05541e+07) (1.48683e+06 547798 -9.5557e+06) (207858 242942 -8.43265e+06) (1.37839e+06 -360584 -9.08901e+06) (593048 -1.09411e+06 -1.00556e+07) (631778 -12386.1 -8.73285e+06) (-278983 520733 -9.19152e+06) (217461 280519 -9.41728e+06)
1900          (4.23549e+06 213837 -8.67271e+06) (4.23549e+06 213837 -8.67271e+06) (-546671 73665.2 -1.03228e+07) (45783.5 -2.51861e+06 -1.05269e+07) (1.48963e+06 548864 -9.53529e+06) (208751 243482 -8.41714e+06) (1.3826e+06 -361451 -9.08663e+06) (595131 -1.09818e+06 -1.00681e+07) (634333 -12487.4 -8.75445e+06) (-280175 522886 -9.22879e+06) (218320 281631 -9.46778e+06)
1950          (4.23722e+06 213954 -8.64202e+06) (4.23722e+06 213954 -8.64202e+06) (-546838 73451.6 -1.02958e+07) (45831.9 -2.52155e+06 -1.0504e+07) (1.49203e+06 549800 -9.51815e+06) (209499 243953 -8.40406e+06) (1.38619e+06 -362157 -9.08467e+06) (596880 -1.10164e+06 -1.00788e+07) (636525 -12541.9 -8.77262e+06) (-281175 524732 -9.26015e+06) (219082 282604 -9.51024e+06)
2000          (4.23865e+06 214038 -8.6163e+06) (4.23865e+06 214038 -8.6163e+06) (-546941 73278.8 -1.02732e+07) (45934 -2.52394e+06 -1.04848e+07) (1.49398e+06 550524 -9.50379e+06) (210133 244323 -8.39322e+06) (1.38913e+06 -362788 -9.08308e+06) (598358 -1.10448e+06 -1.00877e+07) (638297 -12636.4 -8.78794e+06) (-282016 526223 -9.28642e+06) (219657 283358 -9.54574e+06)
2050          (4.23985e+06 214126 -8.59464e+06) (4.23985e+06 214126 -8.59464e+06) (-547042 73132.6 -1.02542e+07) (45982.3 -2.52596e+06 -1.04687e+07) (1.49564e+06 551166 -9.49174e+06) (210660 244647 -8.38411e+06) (1.39161e+06 -363281 -9.08178e+06) (599564 -1.10687e+06 -1.00953e+07) (639795 -12679.4 -8.80079e+06) (-282707 527476 -9.30846e+06) (220159 284007 -9.57555e+06)
2100          (4.24087e+06 214185 -8.57647e+06) (4.24087e+06 214185 -8.57647e+06) (-547127 73006.3 -1.02382e+07) (46043.1 -2.52769e+06 -1.04552e+07) (1.49704e+06 551693 -9.48166e+06) (211108 244914 -8.37649e+06) (1.39372e+06 -363728 -9.08071e+06) (600617 -1.10891e+06 -1.01017e+07) (641073 -12738.2 -8.81157e+06) (-283304 528555 -9.32694e+06) (220584 284560 -9.60052e+06)
2150          (4.24172e+06 214238 -8.56126e+06) (4.24172e+06 214238 -8.56126e+06) (-547198 72902.3 -1.02249e+07) (46086.9 -2.52912e+06 -1.04439e+07) (1.49821e+06 552134 -9.47322e+06) (211479 245137 -8.37013e+06) (1.39546e+06 -364088 -9.07983e+06) (601482 -1.11059e+06 -1.0107e+07) (642130 -12782.1 -8.82062e+06) (-283796 529442 -9.34242e+06) (220937 285018 -9.6214e+06)
2200          (4.24243e+06 214280 -8.54853e+06) (4.24243e+06 214280 -8.54853e+06) (-547254 72817.1 -1.02137e+07) (46124.9 -2.5303e+06 -1.04344e+07) (1.49917e+06 552503 -9.46615e+06) (211785 245326 -8.36483e+06) (1.39692e+06 -364390 -9.0791e+06) (602204 -1.11199e+06 -1.01114e+07) (643000 -12816.8 -8.82821e+06) (-284208 530176 -9.35537e+06) (221230 285394 -9.63887e+06)
2250          (4.24302e+06 214317 -8.53786e+06) (4.24302e+06 214317 -8.53786e+06) (-547304 72743.7 -1.02043e+07) (46155.6 -2.53131e+06 -1.04265e+07) (1.49999e+06 552814 -9.46024e+06) (212047 245483 -8.36037e+06) (1.39815e+06 -364643 -9.07848e+06) (602812 -1.11317e+06 -1.01152e+07) (643743 -12847.1 -8.83455e+06) (-284554 530801 -9.36621e+06) (221477 285715 -9.6535e+06)
2300          (4.24352e+06 214349 -8.52892e+06) (4.24352e+06 214349 -8.52892e+06) (-547345 72682.3 -1.01965e+07) (46181.5 -2.53215e+06 -1.04199e+07) (1.50068e+06 553075 -9.45529e+06) (212266 245615 -8.35665e+06) (1.39917e+06 -364855 -9.07798e+06) (603321 -1.11416e+06 -1.01183e+07) (644364 -12873.4 -8.83988e+06) (-284843 531322 -9.3753e+06) (221684 285983 -9.66575e+06)
2350          (4.24394e+06 214377 -8.52147e+06) (4.24394e+06 214377 -8.52147e+06) (-547382 72630 -1.019e+07) (46198.9 -2.53286e+06 -1.04143e+07) (1.50126e+06 553296 -9.45115e+06) (212452 245728 -8.35349e+06) (1.40004e+06 -365028 -9.07752e+06) (603747 -1.115e+06 -1.01209e+07) (644890 -12890.1 -8.84429e+06) (-285085 531762 -9.38288e+06) (221859 286211 -9.676e+06)
2400          (4.24428e+06 214397 -8.51536e+06) (4.24428e+06 214397 -8.51536e+06) (-547408 72590 -1.01846e+07) (46219.4 -2.53342e+06 -1.04097e+07) (1.50172e+06 553467 -9.44774e+06) (212597 245813 -8.35095e+06) (1.40073e+06 -365174 -9.07716e+06) (604093 -1.11566e+06 -1.0123e+07) (645307 -12912.1 -8.84794e+06) (-285281 532113 -9.38912e+06) (222001 286393 -9.68442e+06)
2450          (4.24457e+06 214417 -8.51018e+06) (4.24457e+06 214417 -8.51018e+06) (-547430 72557 -1.018e+07) (46237.3 -2.53391e+06 -1.04059e+07) (1.50212e+06 553620 -9.4449e+06) (212722 245887 -8.34882e+06) (1.40133e+06 -365302 -9.0769e+06) (604387 -1.11625e+06 -1.01249e+07) (645672 -12925 -8.85098e+06) (-285449 532422 -9.39432e+06) (222124 286553 -9.69149e+06)
2500          (4.24481e+06 214430 -8.5059e+06) (4.24481e+06 214430 -8.5059e+06) (-547455 72522.7 -1.01763e+07) (46245.5 -2.53432e+06 -1.04027e+07) (1.50245e+06 553745 -9.44248e+06) (212831 245955 -8.34696e+06) (1.40183e+06 -365400 -9.07659e+06) (604636 -1.11672e+06 -1.01263e+07) (645970 -12938.3 -8.85356e+06) (-285590 532671 -9.39875e+06) (222221 286679 -9.69744e+06)
2550          (4.24501e+06 214444 -8.50233e+06) (4.24501e+06 214444 -8.50233e+06) (-547466 72503.7 -1.01731e+07) (46259.9 -2.53464e+06 -1.04001e+07) (1.50272e+06 553846 -9.44055e+06) (212913 246003 -8.34554e+06) (1.40223e+06 -365486 -9.07645e+06) (604831 -1.11711e+06 -1.01276e+07) (646211 -12947.2 -8.85566e+06) (-285701 532875 -9.40232e+06) (222304 286785 -9.70226e+06)
2600          (4.24517e+06 214453 -8.49936e+06) (4.24517e+06 214453 -8.49936e+06) (-547485 72477.8 -1.01705e+07) (46263.6 -2.53493e+06 -1.03979e+07) (1.50295e+06 553937 -9.43885e+06) (212992 246051 -8.34422e+06) (1.40258e+06 -365554 -9.0762e+06) (605010 -1.11745e+06 -1.01286e+07) (646426 -12955.7 -8.85744e+06) (-285802 533054 -9.4054e+06) (222373 286877 -9.70642e+06)
2650          (4.24531e+06 214465 -8.4969e+06) (4.24531e+06 214465 -8.4969e+06) (-547491 72467.1 -1.01684e+07) (46274.4 -2.53515e+06 -1.0396e+07) (1.50313e+06 554006 -9.43753e+06) (213046 246085 -8.34326e+06) (1.40285e+06 -365612 -9.07613e+06) (605137 -1.11771e+06 -1.01295e+07) (646587 -12960.4 -8.85888e+06) (-285876 533190 -9.40784e+06) (222429 286947 -9.70972e+06)
2700          (4.24543e+06 214469 -8.49474e+06) (4.24543e+06 214469 -8.49474e+06) (-547506 72446.5 -1.01665e+07) (46277.1 -2.53537e+06 -1.03944e+07) (1.5033e+06 554070 -9.4363e+06) (213104 246119 -8.3423e+06) (1.40311e+06 -365664 -9.07594e+06) (605272 -1.11796e+06 -1.01302e+07) (646746 -12968.9 -8.86018e+06) (-285952 533323 -9.41008e+06) (222480 287015 -9.71275e+06)
2750          (4.24553e+06 214477 -8.49294e+06) (4.24553e+06 214477 -8.49294e+06) (-547510 72439 -1.01649e+07) (46287.1 -2.53553e+06 -1.03931e+07) (1.50344e+06 554120 -9.43533e+06) (213143 246141 -8.34162e+06) (1.40331e+06 -365710 -9.0759e+06) (605367 -1.11815e+06 -1.01309e+07) (646865 -12974.3 -8.86124e+06) (-286006 533425 -9.41186e+06) (222523 287069 -9.71516e+06)
2800          (4.2456e+06 214482 -8.49163e+06) (4.2456e+06 214482 -8.49163e+06) (-547516 72430.1 -1.01637e+07) (46290.6 -2.53565e+06 -1.03921e+07) (1.50354e+06 554159 -9.4346e+06) (213175 246161 -8.34106e+06) (1.40346e+06 -365740 -9.07582e+06) (605442 -1.1183e+06 -1.01313e+07) (646956 -12977.4 -8.86201e+06) (-286049 533501 -9.4132e+06) (222553 287108 -9.71696e+06)
2850          (4.24568e+06 214486 -8.49033e+06) (4.24568e+06 214486 -8.49033e+06) (-547522 72420.9 -1.01626e+07) (46294.5 -2.53577e+06 -1.03911e+07) (1.50364e+06 554197 -9.43387e+06) (213208 246180 -8.34051e+06) (1.40361e+06 -365773 -9.07574e+06) (605518 -1.11845e+06 -1.01318e+07) (647049 -12981.7 -8.86279e+06) (-286092 533580 -9.41453e+06) (222584 287149 -9.71877e+06)
2900          (4.24573e+06 214490 -8.48936e+06) (4.24573e+06 214490 -8.48936e+06) (-547527 72414.1 -1.01617e+07) (46296.8 -2.53587e+06 -1.03904e+07) (1.50372e+06 554226 -9.43333e+06) (213232 246195 -8.3401e+06) (1.40373e+06 -365795 -9.07568e+06) (605573 -1.11855e+06 -1.01321e+07) (647118 -12984 -8.86336e+06) (-286124 533637 -9.41552e+06) (222607 287179 -9.7201e+06)
2950          (4.24578e+06 214491 -8.48859e+06) (4.24578e+06 214491 -8.48859e+06) (-547535 72404.4 -1.01611e+07) (46294.1 -2.53595e+06 -1.03898e+07) (1.50378e+06 554250 -9.43288e+06) (213254 246209 -8.33972e+06) (1.40382e+06 -365810 -9.07557e+06) (605624 -1.11864e+06 -1.01324e+07) (647176 -12986 -8.86383e+06) (-286152 533685 -9.41634e+06) (222624 287202 -9.72122e+06)
3000          (4.24581e+06 214493 -8.48795e+06) (4.24581e+06 214493 -8.48795e+06) (-547538 72400 -1.01605e+07) (46295.7 -2.53601e+06 -1.03894e+07) (1.50383e+06 554268 -9.43252e+06) (213270 246218 -8.33944e+06) (1.4039e+06 -365825 -9.07552e+06) (605662 -1.11871e+06 -1.01326e+07) (647222 -12987.7 -8.86421e+06) (-286173 533723 -9.417e+06) (222639 287222 -9.72212e+06)
3050          (4.24585e+06 214496 -8.48732e+06) (4.24585e+06 214496 -8.48732e+06) (-547541 72395.8 -1.01599e+07) (46297.6 -2.53607e+06 -1.03889e+07) (1.50388e+06 554287 -9.43217e+06) (213286 246227 -8.33917e+06) (1.40397e+06 -365840 -9.07548e+06) (605697 -1.11878e+06 -1.01328e+07) (647266 -12989.5 -8.86458e+06) (-286193 533760 -9.41764e+06) (222654 287241 -9.72299e+06)
3100          (4.24587e+06 214498 -8.48684e+06) (4.24587e+06 214498 -8.48684e+06) (-547539 72396.2 -1.01595e+07) (46303.8 -2.5361e+06 -1.03885e+07) (1.50391e+06 554299 -9.4319e+06) (213295 246233 -8.33901e+06) (1.40402e+06 -365854 -9.0755e+06) (605719 -1.11884e+06 -1.0133e+07) (647296 -12991.2 -8.86486e+06) (-286207 533787 -9.41811e+06) (222667 287256 -9.72363e+06)
3150          (4.24589e+06 214499 -8.48653e+06) (4.24589e+06 214499 -8.48653e+06) (-547540 72393.9 -1.01592e+07) (46304.5 -2.53613e+06 -1.03883e+07) (1.50394e+06 554308 -9.43172e+06) (213303 246237 -8.33887e+06) (1.40406e+06 -365861 -9.07547e+06) (605738 -1.11887e+06 -1.01331e+07) (647318 -12992 -8.86504e+06) (-286218 533806 -9.41844e+06) (222675 287266 -9.72408e+06)
3200          (4.24591e+06 214500 -8.48622e+06) (4.24591e+06 214500 -8.48622e+06) (-547542 72391.6 -1.0159e+07) (46305.2 -2.53616e+06 -1.0388e+07) (1.50396e+06 554317 -9.43154e+06) (213311 246242 -8.33872e+06) (1.40409e+06 -365868 -9.07544e+06) (605757 -1.11891e+06 -1.01332e+07) (647341 -12992.8 -8.86522e+06) (-286228 533825 -9.41876e+06) (222682 287276 -9.72452e+06)
3250          (4.24592e+06 214501 -8.48592e+06) (4.24592e+06 214501 -8.48592e+06) (-547543 72389.4 -1.01587e+07) (46306 -2.53619e+06 -1.03878e+07) (1.50398e+06 554326 -9.43136e+06) (213319 246246 -8.33858e+06) (1.40413e+06 -365875 -9.0754e+06) (605775 -1.11894e+06 -1.01333e+07) (647364 -12993.5 -8.8654e+06) (-286239 533844 -9.41908e+06) (222690 287286 -9.72498e+06)
3300          (4.24593e+06 214501 -8.48577e+06) (4.24593e+06 214501 -8.48577e+06) (-547548 72385.2 -1.01586e+07) (46301.4 -2.53621e+06 -1.03877e+07) (1.504e+06 554332 -9.43127e+06) (213325 246250 -8.33848e+06) (1.40415e+06 -365876 -9.07535e+06) (605789 -1.11896e+06 -1.01333e+07) (647377 -12993.6 -8.86548e+06) (-286245 533855 -9.41925e+06) (222692 287291 -9.72522e+06)
3350          (4.24593e+06 214501 -8.48577e+06) (4.24593e+06 214501 -8.48577e+06) (-547548 72385.2 -1.01586e+07) (46301.4 -2.53621e+06 -1.03877e+07) (1.504e+06 554332 -9.43127e+06) (213325 246250 -8.33848e+06) (1.40415e+06 -365876 -9.07535e+06) (605789 -1.11896e+06 -1.01333e+07) (647377 -12993.6 -8.86548e+06) (-286245 533855 -9.41925e+06) (222692 287291 -9.72522e+06)
3400          (4.24594e+06 214502 -8.48562e+06) (4.24594e+06 214502 -8.48562e+06) (-547545 72387.2 -1.01584e+07) (46306.7 -2.53622e+06 -1.03876e+07) (1.50401e+06 554334 -9.43118e+06) (213327 246250 -8.33843e+06) (1.40417e+06 -365882 -9.07536e+06) (605795 -1.11898e+06 -1.01334e+07) (647387 -12993.8 -8.86555e+06) (-286250 533863 -9.4194e+06) (222698 287297 -9.72545e+06)
3450          (4.24594e+06 214502 -8.48562e+06) (4.24594e+06 214502 -8.48562e+06) (-547545 72387.2 -1.01584e+07) (46306.7 -2.53622e+06 -1.03876e+07) (1.50401e+06 554334 -9.43118e+06) (213327 246250 -8.33843e+06) (1.40417e+06 -365882 -9.07536e+06) (605795 -1.11898e+06 -1.01334e+07) (647387 -12993.8 -8.86555e+06) (-286250 533863 -9.4194e+06) (222698 287297 -9.72545e+06)
3500          (4.24594e+06 214502 -8.48562e+06) (4.24594e+06 214502 -8.48562e+06) (-547545 72387.2 -1.01584e+07) (46306.7 -2.53622e+06 -1.03876e+07) (1.50401e+06 554334 -9.43118e+06) (213327 246250 -8.33843e+06) (1.40417e+06 -365882 -9.07536e+06) (605795 -1.11898e+06 -1.01334e+07) (647387 -12993.8 -8.86555e+06) (-286250 533863 -9.4194e+06) (222698 287297 -9.72545e+06)
3550          (4.24594e+06 214502 -8.48562e+06) (4.24594e+06 214502 -8.48562e+06) (-547545 72387.2 -1.01584e+07) (46306.7 -2.53622e+06 -1.03876e+07) (1.50401e+06 554334 -9.43118e+06) (213327 246250 -8.33843e+06) (1.40417e+06 -365882 -9.07536e+06) (605795 -1.11898e+06 -1.01334e+07) (647387 -12993.8 -8.86555e+06) (-286250 533863 -9.4194e+06) (222698 287297 -9.72545e+06)
3600          (4.24594e+06 214502 -8.48562e+06) (4.24594e+06 214502 -8.48562e+06) (-547545 72387.2 -1.01584e+07) (46306.7 -2.53622e+06 -1.03876e+07) (1.50401e+06 554334 -9.43118e+06) (213327 246250 -8.33843e+06) (1.40417e+06 -365882 -9.07536e+06) (605795 -1.11898e+06 -1.01334e+07) (647387 -12993.8 -8.86555e+06) (-286250 533863 -9.4194e+06) (222698 287297 -9.72545e+06)
3650          (4.24594e+06 214502 -8.48562e+06) (4.24594e+06 214502 -8.48562e+06) (-547545 72387.2 -1.01584e+07) (46306.7 -2.53622e+06 -1.03876e+07) (1.50401e+06 554334 -9.43118e+06) (213327 246250 -8.33843e+06) (1.40417e+06 -365882 -9.07536e+06) (605795 -1.11898e+06 -1.01334e+07) (647387 -12993.8 -8.86555e+06) (-286250 533863 -9.4194e+06) (222698 287297 -9.72545e+06)
3700          (4.24594e+06 214502 -8.48562e+06) (4.24594e+06 214502 -8.48562e+06) (-547545 72387.2 -1.01584e+07) (46306.7 -2.53622e+06 -1.03876e+07) (1.50401e+06 554334 -9.43118e+06) (213327 246250 -8.33843e+06) (1.40417e+06 -365882 -9.07536e+06) (605795 -1.11898e+06 -1.01334e+07) (647387 -12993.8 -8.86555e+06) (-286250 533863 -9.4194e+06) (222698 287297 -9.72545e+06)
3750          (4.24594e+06 214502 -8.48562e+06) (4.24594e+06 214502 -8.48562e+06) (-547545 72387.2 -1.01584e+07) (46306.7 -2.53622e+06 -1.03876e+07) (1.50401e+06 554334 -9.43118e+06) (213327 246250 -8.33843e+06) (1.40417e+06 -365882 -9.07536e+06) (605795 -1.11898e+06 -1.01334e+07) (647387 -12993.8 -8.86555e+06) (-286250 533863 -9.4194e+06) (222698 287297 -9.72545e+06)
3800          (4.24594e+06 214502 -8.48562e+06) (4.24594e+06 214502 -8.48562e+06) (-547545 72387.2 -1.01584e+07) (46306.7 -2.53622e+06 -1.03876e+07) (1.50401e+06 554334 -9.43118e+06) (213327 246250 -8.33843e+06) (1.40417e+06 -365882 -9.07536e+06) (605795 -1.11898e+06 -1.01334e+07) (647387 -12993.8 -8.86555e+06) (-286250 533863 -9.4194e+06) (222698 287297 -9.72545e+06)
3850          (4.24594e+06 214502 -8.48562e+06) (4.24594e+06 214502 -8.48562e+06) (-547545 72387.2 -1.01584e+07) (46306.7 -2.53622e+06 -1.03876e+07) (1.50401e+06 554334 -9.43118e+06) (213327 246250 -8.33843e+06) (1.40417e+06 -365882 -9.07536e+06) (605795 -1.11898e+06 -1.01334e+07) (647387 -12993.8 -8.86555e+06) (-286250 533863 -9.4194e+06) (222698 287297 -9.72545e+06)
3900          (4.24594e+06 214502 -8.48562e+06) (4.24594e+06 214502 -8.48562e+06) (-547545 72387.2 -1.01584e+07) (46306.7 -2.53622e+06 -1.03876e+07) (1.50401e+06 554334 -9.43118e+06) (213327 246250 -8.33843e+06) (1.40417e+06 -365882 -9.07536e+06) (605795 -1.11898e+06 -1.01334e+07) (647387 -12993.8 -8.86555e+06) (-286250 533863 -9.4194e+06) (222698 287297 -9.72545e+06)
3950          (4.24594e+06 214502 -8.48562e+06) (4.24594e+06 214502 -8.48562e+06) (-547545 72387.2 -1.01584e+07) (46306.7 -2.53622e+06 -1.03876e+07) (1.50401e+06 554334 -9.43118e+06) (213327 246250 -8.33843e+06) (1.40417e+06 -365882 -9.07536e+06) (605795 -1.11898e+06 -1.01334e+07) (647387 -12993.8 -8.86555e+06) (-286250 533863 -9.4194e+06) (222698 287297 -9.72545e+06)
4000          (4.24594e+06 214502 -8.48562e+06) (4.24594e+06 214502 -8.48562e+06) (-547545 72387.2 -1.01584e+07) (46306.7 -2.53622e+06 -1.03876e+07) (1.50401e+06 554334 -9.43118e+06) (213327 246250 -8.33843e+06) (1.40417e+06 -365882 -9.07536e+06) (605795 -1.11898e+06 -1.01334e+07) (647387 -12993.8 -8.86555e+06) (-286250 533863 -9.4194e+06) (222698 287297 -9.72545e+06)
4050          (4.24594e+06 214502 -8.48562e+06) (4.24594e+06 214502 -8.48562e+06) (-547545 72387.2 -1.01584e+07) (46306.7 -2.53622e+06 -1.03876e+07) (1.50401e+06 554334 -9.43118e+06) (213327 246250 -8.33843e+06) (1.40417e+06 -365882 -9.07536e+06) (605795 -1.11898e+06 -1.01334e+07) (647387 -12993.8 -8.86555e+06) (-286250 533863 -9.4194e+06) (222698 287297 -9.72545e+06)
4100          (4.24594e+06 214502 -8.48562e+06) (4.24594e+06 214502 -8.48562e+06) (-547545 72387.2 -1.01584e+07) (46306.7 -2.53622e+06 -1.03876e+07) (1.50401e+06 554334 -9.43118e+06) (213327 246250 -8.33843e+06) (1.40417e+06 -365882 -9.07536e+06) (605795 -1.11898e+06 -1.01334e+07) (647387 -12993.8 -8.86555e+06) (-286250 533863 -9.4194e+06) (222698 287297 -9.72545e+06)
4150          (4.24594e+06 214502 -8.48562e+06) (4.24594e+06 214502 -8.48562e+06) (-547545 72387.2 -1.01584e+07) (46306.7 -2.53622e+06 -1.03876e+07) (1.50401e+06 554334 -9.43118e+06) (213327 246250 -8.33843e+06) (1.40417e+06 -365882 -9.07536e+06) (605795 -1.11898e+06 -1.01334e+07) (647387 -12993.8 -8.86555e+06) (-286250 533863 -9.4194e+06) (222698 287297 -9.72545e+06)
4200          (4.24594e+06 214502 -8.48562e+06) (4.24594e+06 214502 -8.48562e+06) (-547545 72387.2 -1.01584e+07) (46306.7 -2.53622e+06 -1.03876e+07) (1.50401e+06 554334 -9.43118e+06) (213327 246250 -8.33843e+06) (1.40417e+06 -365882 -9.07536e+06) (605795 -1.11898e+06 -1.01334e+07) (647387 -12993.8 -8.86555e+06) (-286250 533863 -9.4194e+06) (222698 287297 -9.72545e+06)
4250          (4.24594e+06 214502 -8.48562e+06) (4.24594e+06 214502 -8.48562e+06) (-547545 72387.2 -1.01584e+07) (46306.7 -2.53622e+06 -1.03876e+07) (1.50401e+06 554334 -9.43118e+06) (213327 246250 -8.33843e+06) (1.40417e+06 -365882 -9.07536e+06) (605795 -1.11898e+06 -1.01334e+07) (647387 -12993.8 -8.86555e+06) (-286250 533863 -9.4194e+06) (222698 287297 -9.72545e+06)
4300          (4.24594e+06 214502 -8.48562e+06) (4.24594e+06 214502 -8.48562e+06) (-547545 72387.2 -1.01584e+07) (46306.7 -2.53622e+06 -1.03876e+07) (1.50401e+06 554334 -9.43118e+06) (213327 246250 -8.33843e+06) (1.40417e+06 -365882 -9.07536e+06) (605795 -1.11898e+06 -1.01334e+07) (647387 -12993.8 -8.86555e+06) (-286250 533863 -9.4194e+06) (222698 287297 -9.72545e+06)
4350          (4.24594e+06 214502 -8.48562e+06) (4.24594e+06 214502 -8.48562e+06) (-547545 72387.2 -1.01584e+07) (46306.7 -2.53622e+06 -1.03876e+07) (1.50401e+06 554334 -9.43118e+06) (213327 246250 -8.33843e+06) (1.40417e+06 -365882 -9.07536e+06) (605795 -1.11898e+06 -1.01334e+07) (647387 -12993.8 -8.86555e+06) (-286250 533863 -9.4194e+06) (222698 287297 -9.72545e+06)
4400          (4.24594e+06 214502 -8.48562e+06) (4.24594e+06 214502 -8.48562e+06) (-547545 72387.2 -1.01584e+07) (46306.7 -2.53622e+06 -1.03876e+07) (1.50401e+06 554334 -9.43118e+06) (213327 246250 -8.33843e+06) (1.40417e+06 -365882 -9.07536e+06) (605795 -1.11898e+06 -1.01334e+07) (647387 -12993.8 -8.86555e+06) (-286250 533863 -9.4194e+06) (222698 287297 -9.72545e+06)
4450          (4.24594e+06 214502 -8.48562e+06) (4.24594e+06 214502 -8.48562e+06) (-547545 72387.2 -1.01584e+07) (46306.7 -2.53622e+06 -1.03876e+07) (1.50401e+06 554334 -9.43118e+06) (213327 246250 -8.33843e+06) (1.40417e+06 -365882 -9.07536e+06) (605795 -1.11898e+06 -1.01334e+07) (647387 -12993.8 -8.86555e+06) (-286250 533863 -9.4194e+06) (222698 287297 -9.72545e+06)
4500          (4.24594e+06 214502 -8.48562e+06) (4.24594e+06 214502 -8.48562e+06) (-547545 72387.2 -1.01584e+07) (46306.7 -2.53622e+06 -1.03876e+07) (1.50401e+06 554334 -9.43118e+06) (213327 246250 -8.33843e+06) (1.40417e+06 -365882 -9.07536e+06) (605795 -1.11898e+06 -1.01334e+07) (647387 -12993.8 -8.86555e+06) (-286250 533863 -9.4194e+06) (222698 287297 -9.72545e+06)
4550          (4.24594e+06 214502 -8.48562e+06) (4.24594e+06 214502 -8.48562e+06) (-547545 72387.2 -1.01584e+07) (46306.7 -2.53622e+06 -1.03876e+07) (1.50401e+06 554334 -9.43118e+06) (213327 246250 -8.33843e+06) (1.40417e+06 -365882 -9.07536e+06) (605795 -1.11898e+06 -1.01334e+07) (647387 -12993.8 -8.86555e+06) (-286250 533863 -9.4194e+06) (222698 287297 -9.72545e+06)
4600          (4.24594e+06 214502 -8.48562e+06) (4.24594e+06 214502 -8.48562e+06) (-547545 72387.2 -1.01584e+07) (46306.7 -2.53622e+06 -1.03876e+07) (1.50401e+06 554334 -9.43118e+06) (213327 246250 -8.33843e+06) (1.40417e+06 -365882 -9.07536e+06) (605795 -1.11898e+06 -1.01334e+07) (647387 -12993.8 -8.86555e+06) (-286250 533863 -9.4194e+06) (222698 287297 -9.72545e+06)
4650          (4.24594e+06 214502 -8.48562e+06) (4.24594e+06 214502 -8.48562e+06) (-547545 72387.2 -1.01584e+07) (46306.7 -2.53622e+06 -1.03876e+07) (1.50401e+06 554334 -9.43118e+06) (213327 246250 -8.33843e+06) (1.40417e+06 -365882 -9.07536e+06) (605795 -1.11898e+06 -1.01334e+07) (647387 -12993.8 -8.86555e+06) (-286250 533863 -9.4194e+06) (222698 287297 -9.72545e+06)
4700          (4.24594e+06 214502 -8.48562e+06) (4.24594e+06 214502 -8.48562e+06) (-547545 72387.2 -1.01584e+07) (46306.7 -2.53622e+06 -1.03876e+07) (1.50401e+06 554334 -9.43118e+06) (213327 246250 -8.33843e+06) (1.40417e+06 -365882 -9.07536e+06) (605795 -1.11898e+06 -1.01334e+07) (647387 -12993.8 -8.86555e+06) (-286250 533863 -9.4194e+06) (222698 287297 -9.72545e+06)
4750          (4.24594e+06 214502 -8.48562e+06) (4.24594e+06 214502 -8.48562e+06) (-547545 72387.2 -1.01584e+07) (46306.7 -2.53622e+06 -1.03876e+07) (1.50401e+06 554334 -9.43118e+06) (213327 246250 -8.33843e+06) (1.40417e+06 -365882 -9.07536e+06) (605795 -1.11898e+06 -1.01334e+07) (647387 -12993.8 -8.86555e+06) (-286250 533863 -9.4194e+06) (222698 287297 -9.72545e+06)
4800          (4.24594e+06 214502 -8.48562e+06) (4.24594e+06 214502 -8.48562e+06) (-547545 72387.2 -1.01584e+07) (46306.7 -2.53622e+06 -1.03876e+07) (1.50401e+06 554334 -9.43118e+06) (213327 246250 -8.33843e+06) (1.40417e+06 -365882 -9.07536e+06) (605795 -1.11898e+06 -1.01334e+07) (647387 -12993.8 -8.86555e+06) (-286250 533863 -9.4194e+06) (222698 287297 -9.72545e+06)
4850          (4.24594e+06 214502 -8.48562e+06) (4.24594e+06 214502 -8.48562e+06) (-547545 72387.2 -1.01584e+07) (46306.7 -2.53622e+06 -1.03876e+07) (1.50401e+06 554334 -9.43118e+06) (213327 246250 -8.33843e+06) (1.40417e+06 -365882 -9.07536e+06) (605795 -1.11898e+06 -1.01334e+07) (647387 -12993.8 -8.86555e+06) (-286250 533863 -9.4194e+06) (222698 287297 -9.72545e+06)
4900          (4.24594e+06 214502 -8.48562e+06) (4.24594e+06 214502 -8.48562e+06) (-547545 72387.2 -1.01584e+07) (46306.7 -2.53622e+06 -1.03876e+07) (1.50401e+06 554334 -9.43118e+06) (213327 246250 -8.33843e+06) (1.40417e+06 -365882 -9.07536e+06) (605795 -1.11898e+06 -1.01334e+07) (647387 -12993.8 -8.86555e+06) (-286250 533863 -9.4194e+06) (222698 287297 -9.72545e+06)
4950          (4.24594e+06 214502 -8.48562e+06) (4.24594e+06 214502 -8.48562e+06) (-547545 72387.2 -1.01584e+07) (46306.7 -2.53622e+06 -1.03876e+07) (1.50401e+06 554334 -9.43118e+06) (213327 246250 -8.33843e+06) (1.40417e+06 -365882 -9.07536e+06) (605795 -1.11898e+06 -1.01334e+07) (647387 -12993.8 -8.86555e+06) (-286250 533863 -9.4194e+06) (222698 287297 -9.72545e+06)
5000          (4.24594e+06 214502 -8.48562e+06) (4.24594e+06 214502 -8.48562e+06) (-547545 72387.2 -1.01584e+07) (46306.7 -2.53622e+06 -1.03876e+07) (1.50401e+06 554334 -9.43118e+06) (213327 246250 -8.33843e+06) (1.40417e+06 -365882 -9.07536e+06) (605795 -1.11898e+06 -1.01334e+07) (647387 -12993.8 -8.86555e+06) (-286250 533863 -9.4194e+06) (222698 287297 -9.72545e+06)
