0 	255985 	-32047.8 	-9.41769e+06 	-171.393 	21.3967 	6278.47
0.00020202 	269879 	-35609.4 	-9.41696e+06 	-180.64 	23.7705 	6277.97
0.00040404 	283774 	-39170.9 	-9.41622e+06 	-189.888 	26.1444 	6277.47
0.000606061 	297669 	-42732.5 	-9.41549e+06 	-199.136 	28.5182 	6276.97
0.000808081 	311564 	-46294.1 	-9.41475e+06 	-208.384 	30.892 	6276.47
0.0010101 	325459 	-49855.6 	-9.41401e+06 	-217.632 	33.2658 	6275.97
0.00121212 	339354 	-53417.2 	-9.41328e+06 	-226.88 	35.6396 	6275.47
0.00141414 	353249 	-56978.8 	-9.41254e+06 	-236.128 	38.0134 	6274.97
0.00161616 	367144 	-60540.3 	-9.41181e+06 	-245.375 	40.3872 	6274.47
0.00181818 	381039 	-64101.9 	-9.41107e+06 	-254.623 	42.761 	6273.97
0.0020202 	394934 	-67663.5 	-9.41033e+06 	-263.871 	45.1348 	6273.47
0.00222222 	408829 	-71225 	-9.4096e+06 	-273.119 	47.5086 	6272.97
0.00242424 	422724 	-74786.6 	-9.40886e+06 	-282.367 	49.8824 	6272.47
0.00262626 	436619 	-78348.1 	-9.40813e+06 	-291.615 	52.2563 	6271.98
0.00282828 	450514 	-81909.7 	-9.40739e+06 	-300.862 	54.6301 	6271.48
0.0030303 	464409 	-85471.3 	-9.40666e+06 	-310.11 	57.0039 	6270.98
0.00323232 	478304 	-89032.8 	-9.40592e+06 	-319.358 	59.3777 	6270.48
0.00343434 	492199 	-92594.4 	-9.40518e+06 	-328.606 	61.7515 	6269.98
0.00363636 	506094 	-96156 	-9.40445e+06 	-337.854 	64.1253 	6269.48
0.00383838 	519988 	-99717.5 	-9.40371e+06 	-347.102 	66.4991 	6268.98
0.0040404 	533883 	-103279 	-9.40298e+06 	-356.35 	68.8729 	6268.48
0.00424242 	547778 	-106841 	-9.40224e+06 	-365.597 	71.2467 	6267.98
0.00444444 	561673 	-110402 	-9.4015e+06 	-374.845 	73.6205 	6267.48
0.00464646 	575568 	-113964 	-9.40077e+06 	-384.093 	75.9943 	6266.98
0.00484848 	589463 	-117525 	-9.40003e+06 	-393.341 	78.3682 	6266.48
0.00505051 	603358 	-121087 	-9.3993e+06 	-402.589 	80.742 	6265.98
0.00525253 	617253 	-124648 	-9.39856e+06 	-411.837 	83.1158 	6265.48
0.00545455 	631148 	-128210 	-9.39783e+06 	-421.085 	85.4896 	6264.98
0.00565657 	645043 	-131772 	-9.39709e+06 	-430.332 	87.8634 	6264.48
0.00585859 	658938 	-135333 	-9.39635e+06 	-439.58 	90.2372 	6263.98
0.00606061 	672833 	-138895 	-9.39562e+06 	-448.828 	92.611 	6263.48
0.00626263 	686728 	-142456 	-9.39488e+06 	-458.076 	94.9848 	6262.98
0.00646465 	700623 	-146018 	-9.39415e+06 	-467.324 	97.3586 	6262.48
0.00666667 	714518 	-149579 	-9.39341e+06 	-476.572 	99.7324 	6261.98
0.00686869 	728413 	-153141 	-9.39267e+06 	-485.82 	102.106 	6261.48
0.00707071 	742308 	-156703 	-9.39194e+06 	-495.067 	104.48 	6260.98
0.00727273 	756203 	-160264 	-9.3912e+06 	-504.315 	106.854 	6260.48
0.00747475 	770097 	-163826 	-9.39047e+06 	-513.563 	109.228 	6259.98
0.00767677 	783992 	-167387 	-9.38973e+06 	-522.811 	111.601 	6259.48
0.00787879 	797887 	-170949 	-9.38899e+06 	-532.059 	113.975 	6258.98
0.00808081 	811782 	-174510 	-9.38826e+06 	-541.307 	116.349 	6258.48
0.00828283 	825677 	-178072 	-9.38752e+06 	-550.554 	118.723 	6257.98
0.00848485 	839572 	-181634 	-9.38679e+06 	-559.802 	121.097 	6257.49
0.00868687 	853467 	-185195 	-9.38605e+06 	-569.05 	123.471 	6256.99
0.00888889 	867362 	-188757 	-9.38532e+06 	-578.298 	125.844 	6256.49
0.00909091 	881257 	-192318 	-9.38458e+06 	-587.546 	128.218 	6255.99
0.00929293 	895152 	-195880 	-9.38384e+06 	-596.794 	130.592 	6255.49
0.00949495 	909047 	-199441 	-9.38311e+06 	-606.042 	132.966 	6254.99
0.00969697 	922942 	-203003 	-9.38237e+06 	-615.289 	135.34 	6254.49
0.00989899 	936837 	-206564 	-9.38164e+06 	-624.537 	137.713 	6253.99
0.010101 	936837 	-206564 	-9.3809e+06 	-624.523 	137.712 	6253.5
0.010303 	922942 	-203003 	-9.38016e+06 	-615.245 	135.336 	6253.01
0.0105051 	909047 	-199441 	-9.37942e+06 	-605.968 	132.961 	6252.53
0.0107071 	895152 	-195880 	-9.37868e+06 	-596.691 	130.585 	6252.04
0.0109091 	881257 	-192318 	-9.37794e+06 	-587.413 	128.209 	6251.56
0.0111111 	867362 	-188757 	-9.3772e+06 	-578.136 	125.833 	6251.08
0.0113131 	853467 	-185195 	-9.37646e+06 	-568.859 	123.457 	6250.59
0.0115152 	839572 	-181634 	-9.37573e+06 	-559.581 	121.081 	6250.11
0.0117172 	825677 	-178072 	-9.37499e+06 	-550.304 	118.705 	6249.63
0.0119192 	811782 	-174510 	-9.37425e+06 	-541.027 	116.329 	6249.14
0.0121212 	797887 	-170949 	-9.37351e+06 	-531.75 	113.953 	6248.66
0.0123232 	783992 	-167387 	-9.37277e+06 	-522.472 	111.578 	6248.17
0.0125253 	770097 	-163826 	-9.37203e+06 	-513.195 	109.202 	6247.69
0.0127273 	756203 	-160264 	-9.37129e+06 	-503.918 	106.826 	6247.21
0.0129293 	742308 	-156703 	-9.37055e+06 	-494.64 	104.45 	6246.72
0.0131313 	728413 	-153141 	-9.36981e+06 	-485.363 	102.074 	6246.24
0.0133333 	714518 	-149579 	-9.36907e+06 	-476.086 	99.698 	6245.76
0.0135354 	700623 	-146018 	-9.36834e+06 	-466.808 	97.3222 	6245.27
0.0137374 	686728 	-142456 	-9.3676e+06 	-457.531 	94.9463 	6244.79
0.0139394 	672833 	-138895 	-9.36686e+06 	-448.254 	92.5704 	6244.3
0.0141414 	658938 	-135333 	-9.36612e+06 	-438.977 	90.1945 	6243.82
0.0143434 	645043 	-131772 	-9.36538e+06 	-429.699 	87.8186 	6243.34
0.0145455 	631148 	-128210 	-9.36464e+06 	-420.422 	85.4427 	6242.85
0.0147475 	617253 	-124648 	-9.3639e+06 	-411.145 	83.0668 	6242.37
0.0149495 	603358 	-121087 	-9.36316e+06 	-401.867 	80.6909 	6241.88
0.0151515 	589463 	-117525 	-9.36242e+06 	-392.59 	78.315 	6241.4
0.0153535 	575568 	-113964 	-9.36168e+06 	-383.313 	75.9391 	6240.92
0.0155556 	561673 	-110402 	-9.36095e+06 	-374.035 	73.5632 	6240.43
0.0157576 	547778 	-106841 	-9.36021e+06 	-364.758 	71.1873 	6239.95
0.0159596 	533883 	-103279 	-9.35947e+06 	-355.481 	68.8114 	6239.47
0.0161616 	519988 	-99717.5 	-9.35873e+06 	-346.204 	66.4355 	6238.98
0.0163636 	506094 	-96156 	-9.35799e+06 	-336.926 	64.0596 	6238.5
0.0165657 	492199 	-92594.4 	-9.35725e+06 	-327.649 	61.6837 	6238.01
0.0167677 	478304 	-89032.8 	-9.35651e+06 	-318.372 	59.3079 	6237.53
0.0169697 	464409 	-85471.3 	-9.35577e+06 	-309.094 	56.932 	6237.05
0.0171717 	450514 	-81909.7 	-9.35503e+06 	-299.817 	54.5561 	6236.56
0.0173737 	436619 	-78348.1 	-9.35429e+06 	-290.54 	52.1802 	6236.08
0.0175758 	422724 	-74786.6 	-9.35355e+06 	-281.262 	49.8043 	6235.6
0.0177778 	408829 	-71225 	-9.35282e+06 	-271.985 	47.4284 	6235.11
0.0179798 	394934 	-67663.5 	-9.35208e+06 	-262.708 	45.0525 	6234.63
0.0181818 	381039 	-64101.9 	-9.35134e+06 	-253.43 	42.6766 	6234.14
0.0183838 	367144 	-60540.3 	-9.3506e+06 	-244.153 	40.3007 	6233.66
0.0185859 	353249 	-56978.8 	-9.34986e+06 	-234.876 	37.9248 	6233.18
0.0187879 	339354 	-53417.2 	-9.34912e+06 	-225.599 	35.5489 	6232.69
0.0189899 	325459 	-49855.6 	-9.34838e+06 	-216.321 	33.173 	6232.21
0.0191919 	311564 	-46294.1 	-9.34764e+06 	-207.044 	30.7971 	6231.72
0.0193939 	297669 	-42732.5 	-9.3469e+06 	-197.767 	28.4212 	6231.24
0.019596 	283774 	-39170.9 	-9.34616e+06 	-188.489 	26.0453 	6230.76
0.019798 	269879 	-35609.4 	-9.34543e+06 	-179.212 	23.6694 	6230.27
0.02 	255985 	-32047.8 	-9.34469e+06 	-169.935 	21.2936 	6229.79
