# Probe 0 (0.0015 0.0015 0)
# Probe 1 (0.0015 0.0015 0.002)
# Probe 2 (0.0015 0.0015 0.004)
# Probe 3 (0.0015 0.0015 0.006)
# Probe 4 (0.0015 0.0015 0.008)
# Probe 5 (0.0015 0.0015 0.01)
# Probe 6 (0.0015 0.0015 0.012)
# Probe 7 (0.0015 0.0015 0.014)
# Probe 8 (0.0015 0.0015 0.016)
# Probe 9 (0.0015 0.0015 0.018)
# Probe 10 (0.0015 0.0015 0.02)
# Time        0             1             2             3             4             5             6             7             8             9             10           
50            100001        100001        100001        100001        100001        100001        100001        100001        100001        100001        100001       
100           99999.3       99999.3       99999.3       99999.3       99999.3       99999.3       99999.3       99999.3       99999.3       99999.3       99999.3      
150           100000        100000        100000        100000        100000        100000        100000        100000        100000        100000        100000       
200           100000        100000        100000        100000        100000        100000        100000        100000        100000        100000        100000       
250           100000        100000        100000        100000        100000        100000        100000        100000        100000        100000        100000       
300           100000        100000        100000        100000        100000        100000        100000        100000        100000        100000        100000       
350           100000        100000        100000        100000        100000        100000        100000        100000        100000        100000        100000       
400           100000        100000        100000        100000        100000        100000        100000        100000        100000        100000        100000       
450           100000        100000        100000        100000        100000        100000        100000        100000        100000        100000        100000       
500           100001        100001        100001        100001        100001        100001        100001        100001        100001        100001        100001       
550           100000        100000        100000        100000        100000        100000        100000        100000        100000        100000        100000       
600           100000        100000        100000        100000        100000        100000        100000        100000        100000        100000        100000       
650           100000        100000        100000        100000        100000        100000        100000        100000        100000        100000        100000       
700           100000        100000        100000        100000        100000        100000        100000        100000        100000        100000        100000       
750           100001        100001        100001        100001        100001        100001        100001        100001        100001        100001        100001       
800           100000        100000        100000        100000        100000        100000        100000        100000        100000        100000        100000       
850           99999.1       99999.1       99999.1       99999.1       99999.1       99999.1       99999.1       99999.1       99999.1       99999.1       99999.1      
900           100000        100000        100000        100000        100000        100000        100000        100000        100000        100000        100000       
950           100000        100000        100000        100000        100000        100000        100000        100000        100000        100000        100000       
1000          100001        100001        100001        100001        100001        100001        100001        100001        100001        100001        100001       
1050          100001        100001        100001        100001        100001        100001        100001        100001        100001        100001        100001       
1100          99999.6       99999.6       99999.6       99999.6       99999.6       99999.6       99999.6       99999.6       99999.6       99999.6       99999.6      
1150          99999.7       99999.7       99999.7       99999.7       99999.7       99999.7       99999.7       99999.7       99999.7       99999.7       99999.7      
1200          100002        100002        100002        100002        100002        100002        100002        100002        100002        100002        100002       
1250          100000        100000        100000        100000        100000        100000        100000        100000        100000        100000        100000       
1300          100000        100000        100000        100000        100000        100000        100000        100000        100000        100000        100000       
1350          100000        100000        100000        100000        100000        100000        100000        100000        100000        100000        100000       
1400          100001        100001        100001        100001        100001        100001        100001        100001        100001        100001        100001       
1450          100000        100000        100000        100000        100000        100000        100000        100000        100000        100000        100000       
1500          99999.7       99999.7       99999.7       99999.7       99999.7       99999.7       99999.7       99999.7       99999.7       99999.7       99999.7      
1550          100000        100000        100000        100000        100000        100000        100000        100000        100000        100000        100000       
1600          100001        100001        100001        100001        100001        100001        100001        100001        100001        100001        100001       
1650          100000        100000        100000        100000        100000        100000        100000        100000        100000        100000        100000       
1700          99999.8       99999.8       99999.8       99999.8       99999.8       99999.8       99999.8       99999.8       99999.8       99999.8       99999.8      
1750          99998.8       99998.8       99998.8       99998.8       99998.8       99998.8       99998.8       99998.8       99998.8       99998.8       99998.8      
1800          99999.5       99999.5       99999.5       99999.5       99999.5       99999.5       99999.5       99999.5       99999.5       99999.5       99999.5      
1850          99999.1       99999.1       99999.1       99999.1       99999.1       99999.1       99999.1       99999.1       99999.1       99999.1       99999.1      
1900          99999.7       99999.7       99999.7       99999.7       99999.7       99999.7       99999.7       99999.7       99999.7       99999.7       99999.7      
1950          99999.9       99999.9       99999.9       99999.9       99999.9       99999.9       99999.9       99999.9       99999.9       99999.9       99999.9      
2000          100000        100000        100000        100000        100000        100000        100000        100000        100000        100000        100000       
2050          99999.5       99999.5       99999.5       99999.5       99999.5       99999.5       99999.5       99999.5       99999.5       99999.5       99999.5      
2100          99999.8       99999.8       99999.8       99999.8       99999.8       99999.8       99999.8       99999.8       99999.8       99999.8       99999.8      
2150          100000        100000        100000        100000        100000        100000        100000        100000        100000        100000        100000       
2200          100000        100000        100000        100000        100000        100000        100000        100000        100000        100000        100000       
2250          100000        100000        100000        100000        100000        100000        100000        100000        100000        100000        100000       
2300          99999.9       99999.9       99999.9       99999.9       99999.9       99999.9       99999.9       99999.9       99999.9       99999.9       99999.9      
2350          99999.7       99999.7       99999.7       99999.7       99999.7       99999.7       99999.7       99999.7       99999.7       99999.7       99999.7      
2400          99999.6       99999.6       99999.6       99999.6       99999.6       99999.6       99999.6       99999.6       99999.6       99999.6       99999.6      
2450          99999         99999         99999         99999         99999         99999         99999         99999         99999         99999         99999        
2500          100001        100001        100001        100001        100001        100001        100001        100001        100001        100001        100001       
2550          99999.5       99999.5       99999.5       99999.5       99999.5       99999.5       99999.5       99999.5       99999.5       99999.5       99999.5      
2600          99999.7       99999.7       99999.7       99999.7       99999.7       99999.7       99999.7       99999.7       99999.7       99999.7       99999.7      
2650          99999.9       99999.9       99999.9       99999.9       99999.9       99999.9       99999.9       99999.9       99999.9       99999.9       99999.9      
2700          99999.3       99999.3       99999.3       99999.3       99999.3       99999.3       99999.3       99999.3       99999.3       99999.3       99999.3      
2750          99999.9       99999.9       99999.9       99999.9       99999.9       99999.9       99999.9       99999.9       99999.9       99999.9       99999.9      
2800          99999.8       99999.8       99999.8       99999.8       99999.8       99999.8       99999.8       99999.8       99999.8       99999.8       99999.8      
2850          100000        100000        100000        100000        100000        100000        100000        100000        100000        100000        100000       
2900          99999.9       99999.9       99999.9       99999.9       99999.9       99999.9       99999.9       99999.9       99999.9       99999.9       99999.9      
2950          99998.9       99998.9       99998.9       99998.9       99998.9       99998.9       99998.9       99998.9       99998.9       99998.9       99998.9      
3000          99999.4       99999.4       99999.4       99999.4       99999.4       99999.4       99999.4       99999.4       99999.4       99999.4       99999.4      
3050          99999.8       99999.8       99999.8       99999.8       99999.8       99999.8       99999.8       99999.8       99999.8       99999.8       99999.8      
3100          99999.7       99999.7       99999.7       99999.7       99999.7       99999.7       99999.7       99999.7       99999.7       99999.7       99999.7      
3150          99999         99999         99999         99999         99999         99999         99999         99999         99999         99999         99999        
3200          100001        100001        100001        100001        100001        100001        100001        100001        100001        100001        100001       
3250          100000        100000        100000        100000        100000        100000        100000        100000        100000        100000        100000       
3300          99999.9       99999.9       99999.9       99999.9       99999.9       99999.9       99999.9       99999.9       99999.9       99999.9       99999.9      
3350          100000        100000        100000        100000        100000        100000        100000        100000        100000        100000        100000       
3400          100000        100000        100000        100000        100000        100000        100000        100000        100000        100000        100000       
3450          100001        100001        100001        100001        100001        100001        100001        100001        100001        100001        100001       
3500          99999.3       99999.3       99999.3       99999.3       99999.3       99999.3       99999.3       99999.3       99999.3       99999.3       99999.3      
3550          100000        100000        100000        100000        100000        100000        100000        100000        100000        100000        100000       
3600          100000        100000        100000        100000        100000        100000        100000        100000        100000        100000        100000       
3650          100000        100000        100000        100000        100000        100000        100000        100000        100000        100000        100000       
3700          100000        100000        100000        100000        100000        100000        100000        100000        100000        100000        100000       
3750          99999.9       99999.9       99999.9       99999.9       99999.9       99999.9       99999.9       99999.9       99999.9       99999.9       99999.9      
3800          100000        100000        100000        100000        100000        100000        100000        100000        100000        100000        100000       
3850          100000        100000        100000        100000        100000        100000        100000        100000        100000        100000        100000       
3900          99999.2       99999.2       99999.2       99999.2       99999.2       99999.2       99999.2       99999.2       99999.2       99999.2       99999.2      
3950          100000        100000        100000        100000        100000        100000        100000        100000        100000        100000        100000       
4000          99999.9       99999.9       99999.9       99999.9       99999.9       99999.9       99999.9       99999.9       99999.9       99999.9       99999.9      
4050          100001        100001        100001        100001        100001        100001        100001        100001        100001        100001        100001       
4100          100000        100000        100000        100000        100000        100000        100000        100000        100000        100000        100000       
4150          100000        100000        100000        100000        100000        100000        100000        100000        100000        100000        100000       
4200          100000        100000        100000        100000        100000        100000        100000        100000        100000        100000        100000       
4250          99999.2       99999.2       99999.2       99999.2       99999.2       99999.2       99999.2       99999.2       99999.2       99999.2       99999.2      
4300          99999.9       99999.9       99999.9       99999.9       99999.9       99999.9       99999.9       99999.9       99999.9       99999.9       99999.9      
4350          99999.9       99999.9       99999.9       99999.9       99999.9       99999.9       99999.9       99999.9       99999.9       99999.9       99999.9      
4400          99999.7       99999.7       99999.7       99999.7       99999.7       99999.7       99999.7       99999.7       99999.7       99999.7       99999.7      
4450          100001        100001        100001        100001        100001        100001        100001        100001        100001        100001        100001       
4500          100001        100001        100001        100001        100001        100001        100001        100001        100001        100001        100001       
4550          100000        100000        100000        100000        100000        100000        100000        100000        100000        100000        100000       
4600          100000        100000        100000        100000        100000        100000        100000        100000        100000        100000        100000       
4650          100001        100001        100001        100001        100001        100001        100001        100001        100001        100001        100001       
4700          100000        100000        100000        100000        100000        100000        100000        100000        100000        100000        100000       
4750          100000        100000        100000        100000        100000        100000        100000        100000        100000        100000        100000       
4800          99999.9       99999.9       99999.9       99999.9       99999.9       99999.9       99999.9       99999.9       99999.9       99999.9       99999.9      
4850          99999.5       99999.5       99999.5       99999.5       99999.5       99999.5       99999.5       99999.5       99999.5       99999.5       99999.5      
4900          99999.7       99999.7       99999.7       99999.7       99999.7       99999.7       99999.7       99999.7       99999.7       99999.7       99999.7      
4950          100001        100001        100001        100001        100001        100001        100001        100001        100001        100001        100001       
5000          100001        100001        100001        100001        100001        100001        100001        100001        100001        100001        100001       
