# Probe 0 (0.0015 0.0015 0)
# Probe 1 (0.0015 0.0015 0.002)
# Probe 2 (0.0015 0.0015 0.004)
# Probe 3 (0.0015 0.0015 0.006)
# Probe 4 (0.0015 0.0015 0.008)
# Probe 5 (0.0015 0.0015 0.01)
# Probe 6 (0.0015 0.0015 0.012)
# Probe 7 (0.0015 0.0015 0.014)
# Probe 8 (0.0015 0.0015 0.016)
# Probe 9 (0.0015 0.0015 0.018)
# Probe 10 (0.0015 0.0015 0.02)
# Time        0             1             2             3             4             5             6             7             8             9             10           
50            (-294.978 49.3176 6253.74) (-294.978 49.3176 6253.74) (-294.978 49.3176 6253.74) (-294.978 49.3176 6253.74) (-294.978 49.3176 6253.74) (-294.978 49.3176 6253.74) (-294.978 49.3176 6253.74) (-294.978 49.3176 6253.74) (-294.978 49.3176 6253.74) (-294.978 49.3176 6253.74) (-294.978 49.3176 6253.74)
100           (-525.027 126.887 6253.74) (-525.027 126.887 6253.74) (-525.027 126.887 6253.74) (-525.027 126.887 6253.74) (-525.027 126.887 6253.74) (-525.027 126.887 6253.74) (-525.027 126.887 6253.74) (-525.027 126.887 6253.74) (-525.027 126.887 6253.74) (-525.027 126.887 6253.74) (-525.027 126.887 6253.74)
150           (-603.476 130.867 6253.74) (-603.476 130.867 6253.74) (-603.476 130.867 6253.74) (-603.476 130.867 6253.74) (-603.476 130.867 6253.74) (-603.476 130.867 6253.74) (-603.476 130.867 6253.74) (-603.476 130.867 6253.74) (-603.476 130.867 6253.74) (-603.476 130.867 6253.74) (-603.476 130.867 6253.74)
200           (-623.724 135.192 6253.74) (-623.724 135.192 6253.74) (-623.724 135.192 6253.74) (-623.724 135.192 6253.74) (-623.724 135.192 6253.74) (-623.724 135.192 6253.74) (-623.724 135.192 6253.74) (-623.724 135.192 6253.74) (-623.724 135.192 6253.74) (-623.724 135.192 6253.74) (-623.724 135.192 6253.74)
250           (-628.051 137.68 6253.74) (-628.051 137.68 6253.74) (-628.051 137.68 6253.74) (-628.051 137.68 6253.74) (-628.051 137.68 6253.74) (-628.051 137.68 6253.74) (-628.051 137.68 6253.74) (-628.051 137.68 6253.74) (-628.051 137.68 6253.74) (-628.051 137.68 6253.74) (-628.051 137.68 6253.74)
300           (-628.944 138.531 6253.74) (-628.944 138.531 6253.74) (-628.944 138.531 6253.74) (-628.944 138.531 6253.74) (-628.944 138.531 6253.74) (-628.944 138.531 6253.74) (-628.944 138.531 6253.74) (-628.944 138.531 6253.74) (-628.944 138.531 6253.74) (-628.944 138.531 6253.74) (-628.944 138.531 6253.74)
350           (-629.12 138.788 6253.74) (-629.12 138.788 6253.74) (-629.12 138.788 6253.74) (-629.12 138.788 6253.74) (-629.12 138.788 6253.74) (-629.12 138.788 6253.74) (-629.12 138.788 6253.74) (-629.12 138.788 6253.74) (-629.12 138.788 6253.74) (-629.12 138.788 6253.74) (-629.12 138.788 6253.74)
400           (-629.153 138.863 6253.74) (-629.153 138.863 6253.74) (-629.153 138.863 6253.74) (-629.153 138.863 6253.74) (-629.153 138.863 6253.74) (-629.153 138.863 6253.74) (-629.153 138.863 6253.74) (-629.153 138.863 6253.74) (-629.153 138.863 6253.74) (-629.153 138.863 6253.74) (-629.153 138.863 6253.74)
450           (-629.159 138.889 6253.74) (-629.159 138.889 6253.74) (-629.159 138.889 6253.74) (-629.159 138.889 6253.74) (-629.159 138.889 6253.74) (-629.159 138.889 6253.74) (-629.159 138.889 6253.74) (-629.159 138.889 6253.74) (-629.159 138.889 6253.74) (-629.159 138.889 6253.74) (-629.159 138.889 6253.74)
500           (-629.16 138.896 6253.74) (-629.16 138.896 6253.74) (-629.16 138.896 6253.74) (-629.16 138.896 6253.74) (-629.16 138.896 6253.74) (-629.16 138.896 6253.74) (-629.16 138.896 6253.74) (-629.16 138.896 6253.74) (-629.16 138.896 6253.74) (-629.16 138.896 6253.74) (-629.16 138.896 6253.74)
550           (-629.159 138.9 6253.74) (-629.159 138.9 6253.74) (-629.159 138.9 6253.74) (-629.159 138.9 6253.74) (-629.159 138.9 6253.74) (-629.159 138.9 6253.74) (-629.159 138.9 6253.74) (-629.159 138.9 6253.74) (-629.159 138.9 6253.74) (-629.159 138.9 6253.74) (-629.159 138.9 6253.74)
600           (-629.161 138.9 6253.74) (-629.161 138.9 6253.74) (-629.161 138.9 6253.74) (-629.161 138.9 6253.74) (-629.161 138.9 6253.74) (-629.161 138.9 6253.74) (-629.161 138.9 6253.74) (-629.161 138.9 6253.74) (-629.161 138.9 6253.74) (-629.161 138.9 6253.74) (-629.161 138.9 6253.74)
650           (-629.161 138.9 6253.74) (-629.161 138.9 6253.74) (-629.161 138.9 6253.74) (-629.161 138.9 6253.74) (-629.161 138.9 6253.74) (-629.161 138.9 6253.74) (-629.161 138.9 6253.74) (-629.161 138.9 6253.74) (-629.161 138.9 6253.74) (-629.161 138.9 6253.74) (-629.161 138.9 6253.74)
700           (-629.161 138.9 6253.74) (-629.161 138.9 6253.74) (-629.161 138.9 6253.74) (-629.161 138.9 6253.74) (-629.161 138.9 6253.74) (-629.161 138.9 6253.74) (-629.161 138.9 6253.74) (-629.161 138.9 6253.74) (-629.161 138.9 6253.74) (-629.161 138.9 6253.74) (-629.161 138.9 6253.74)
750           (-629.161 138.9 6253.74) (-629.161 138.9 6253.74) (-629.161 138.9 6253.74) (-629.161 138.9 6253.74) (-629.161 138.9 6253.74) (-629.161 138.9 6253.74) (-629.161 138.9 6253.74) (-629.161 138.9 6253.74) (-629.161 138.9 6253.74) (-629.161 138.9 6253.74) (-629.161 138.9 6253.74)
800           (-629.161 138.9 6253.74) (-629.161 138.9 6253.74) (-629.161 138.9 6253.74) (-629.161 138.9 6253.74) (-629.161 138.9 6253.74) (-629.161 138.9 6253.74) (-629.161 138.9 6253.74) (-629.161 138.9 6253.74) (-629.161 138.9 6253.74) (-629.161 138.9 6253.74) (-629.161 138.9 6253.74)
850           (-629.161 138.9 6253.74) (-629.161 138.9 6253.74) (-629.161 138.9 6253.74) (-629.161 138.9 6253.74) (-629.161 138.9 6253.74) (-629.161 138.9 6253.74) (-629.161 138.9 6253.74) (-629.161 138.9 6253.74) (-629.161 138.9 6253.74) (-629.161 138.9 6253.74) (-629.161 138.9 6253.74)
900           (-629.161 138.9 6253.74) (-629.161 138.9 6253.74) (-629.161 138.9 6253.74) (-629.161 138.9 6253.74) (-629.161 138.9 6253.74) (-629.161 138.9 6253.74) (-629.161 138.9 6253.74) (-629.161 138.9 6253.74) (-629.161 138.9 6253.74) (-629.161 138.9 6253.74) (-629.161 138.9 6253.74)
950           (-629.161 138.9 6253.74) (-629.161 138.9 6253.74) (-629.161 138.9 6253.74) (-629.161 138.9 6253.74) (-629.161 138.9 6253.74) (-629.161 138.9 6253.74) (-629.161 138.9 6253.74) (-629.161 138.9 6253.74) (-629.161 138.9 6253.74) (-629.161 138.9 6253.74) (-629.161 138.9 6253.74)
1000          (-629.161 138.9 6253.74) (-629.161 138.9 6253.74) (-629.161 138.9 6253.74) (-629.161 138.9 6253.74) (-629.161 138.9 6253.74) (-629.161 138.9 6253.74) (-629.161 138.9 6253.74) (-629.161 138.9 6253.74) (-629.161 138.9 6253.74) (-629.161 138.9 6253.74) (-629.161 138.9 6253.74)
1050          (-629.161 138.9 6253.74) (-629.161 138.9 6253.74) (-629.161 138.9 6253.74) (-629.161 138.9 6253.74) (-629.161 138.9 6253.74) (-629.161 138.9 6253.74) (-629.161 138.9 6253.74) (-629.161 138.9 6253.74) (-629.161 138.9 6253.74) (-629.161 138.9 6253.74) (-629.161 138.9 6253.74)
1100          (-629.161 138.9 6253.74) (-629.161 138.9 6253.74) (-629.161 138.9 6253.74) (-629.161 138.9 6253.74) (-629.161 138.9 6253.74) (-629.161 138.9 6253.74) (-629.161 138.9 6253.74) (-629.161 138.9 6253.74) (-629.161 138.9 6253.74) (-629.161 138.9 6253.74) (-629.161 138.9 6253.74)
1150          (-629.161 138.9 6253.74) (-629.161 138.9 6253.74) (-629.161 138.9 6253.74) (-629.161 138.9 6253.74) (-629.161 138.9 6253.74) (-629.161 138.9 6253.74) (-629.161 138.9 6253.74) (-629.161 138.9 6253.74) (-629.161 138.9 6253.74) (-629.161 138.9 6253.74) (-629.161 138.9 6253.74)
1200          (-629.161 138.9 6253.74) (-629.161 138.9 6253.74) (-629.161 138.9 6253.74) (-629.161 138.9 6253.74) (-629.161 138.9 6253.74) (-629.161 138.9 6253.74) (-629.161 138.9 6253.74) (-629.161 138.9 6253.74) (-629.161 138.9 6253.74) (-629.161 138.9 6253.74) (-629.161 138.9 6253.74)
1250          (-629.161 138.9 6253.74) (-629.161 138.9 6253.74) (-629.161 138.9 6253.74) (-629.161 138.9 6253.74) (-629.161 138.9 6253.74) (-629.161 138.9 6253.74) (-629.161 138.9 6253.74) (-629.161 138.9 6253.74) (-629.161 138.9 6253.74) (-629.161 138.9 6253.74) (-629.161 138.9 6253.74)
1300          (-629.161 138.9 6253.74) (-629.161 138.9 6253.74) (-629.161 138.9 6253.74) (-629.161 138.9 6253.74) (-629.161 138.9 6253.74) (-629.161 138.9 6253.74) (-629.161 138.9 6253.74) (-629.161 138.9 6253.74) (-629.161 138.9 6253.74) (-629.161 138.9 6253.74) (-629.161 138.9 6253.74)
1350          (-629.161 138.9 6253.74) (-629.161 138.9 6253.74) (-629.161 138.9 6253.74) (-629.161 138.9 6253.74) (-629.161 138.9 6253.74) (-629.161 138.9 6253.74) (-629.161 138.9 6253.74) (-629.161 138.9 6253.74) (-629.161 138.9 6253.74) (-629.161 138.9 6253.74) (-629.161 138.9 6253.74)
1400          (-629.161 138.9 6253.74) (-629.161 138.9 6253.74) (-629.161 138.9 6253.74) (-629.161 138.9 6253.74) (-629.161 138.9 6253.74) (-629.161 138.9 6253.74) (-629.161 138.9 6253.74) (-629.161 138.9 6253.74) (-629.161 138.9 6253.74) (-629.161 138.9 6253.74) (-629.161 138.9 6253.74)
1450          (-629.161 138.9 6253.74) (-629.161 138.9 6253.74) (-629.161 138.9 6253.74) (-629.161 138.9 6253.74) (-629.161 138.9 6253.74) (-629.161 138.9 6253.74) (-629.161 138.9 6253.74) (-629.161 138.9 6253.74) (-629.161 138.9 6253.74) (-629.161 138.9 6253.74) (-629.161 138.9 6253.74)
1500          (-629.161 138.9 6253.74) (-629.161 138.9 6253.74) (-629.161 138.9 6253.74) (-629.161 138.9 6253.74) (-629.161 138.9 6253.74) (-629.161 138.9 6253.74) (-629.161 138.9 6253.74) (-629.161 138.9 6253.74) (-629.161 138.9 6253.74) (-629.161 138.9 6253.74) (-629.161 138.9 6253.74)
1550          (-629.161 138.9 6253.74) (-629.161 138.9 6253.74) (-629.161 138.9 6253.74) (-629.161 138.9 6253.74) (-629.161 138.9 6253.74) (-629.161 138.9 6253.74) (-629.161 138.9 6253.74) (-629.161 138.9 6253.74) (-629.161 138.9 6253.74) (-629.161 138.9 6253.74) (-629.161 138.9 6253.74)
1600          (-629.161 138.9 6253.74) (-629.161 138.9 6253.74) (-629.161 138.9 6253.74) (-629.161 138.9 6253.74) (-629.161 138.9 6253.74) (-629.161 138.9 6253.74) (-629.161 138.9 6253.74) (-629.161 138.9 6253.74) (-629.161 138.9 6253.74) (-629.161 138.9 6253.74) (-629.161 138.9 6253.74)
1650          (-629.161 138.9 6253.74) (-629.161 138.9 6253.74) (-629.161 138.9 6253.74) (-629.161 138.9 6253.74) (-629.161 138.9 6253.74) (-629.161 138.9 6253.74) (-629.161 138.9 6253.74) (-629.161 138.9 6253.74) (-629.161 138.9 6253.74) (-629.161 138.9 6253.74) (-629.161 138.9 6253.74)
1700          (-629.161 138.9 6253.74) (-629.161 138.9 6253.74) (-629.161 138.9 6253.74) (-629.161 138.9 6253.74) (-629.161 138.9 6253.74) (-629.161 138.9 6253.74) (-629.161 138.9 6253.74) (-629.161 138.9 6253.74) (-629.161 138.9 6253.74) (-629.161 138.9 6253.74) (-629.161 138.9 6253.74)
1750          (-629.161 138.9 6253.74) (-629.161 138.9 6253.74) (-629.161 138.9 6253.74) (-629.161 138.9 6253.74) (-629.161 138.9 6253.74) (-629.161 138.9 6253.74) (-629.161 138.9 6253.74) (-629.161 138.9 6253.74) (-629.161 138.9 6253.74) (-629.161 138.9 6253.74) (-629.161 138.9 6253.74)
1800          (-629.161 138.9 6253.74) (-629.161 138.9 6253.74) (-629.161 138.9 6253.74) (-629.161 138.9 6253.74) (-629.161 138.9 6253.74) (-629.161 138.9 6253.74) (-629.161 138.9 6253.74) (-629.161 138.9 6253.74) (-629.161 138.9 6253.74) (-629.161 138.9 6253.74) (-629.161 138.9 6253.74)
1850          (-629.161 138.9 6253.74) (-629.161 138.9 6253.74) (-629.161 138.9 6253.74) (-629.161 138.9 6253.74) (-629.161 138.9 6253.74) (-629.161 138.9 6253.74) (-629.161 138.9 6253.74) (-629.161 138.9 6253.74) (-629.161 138.9 6253.74) (-629.161 138.9 6253.74) (-629.161 138.9 6253.74)
1900          (-629.161 138.9 6253.74) (-629.161 138.9 6253.74) (-629.161 138.9 6253.74) (-629.161 138.9 6253.74) (-629.161 138.9 6253.74) (-629.161 138.9 6253.74) (-629.161 138.9 6253.74) (-629.161 138.9 6253.74) (-629.161 138.9 6253.74) (-629.161 138.9 6253.74) (-629.161 138.9 6253.74)
1950          (-629.161 138.9 6253.74) (-629.161 138.9 6253.74) (-629.161 138.9 6253.74) (-629.161 138.9 6253.74) (-629.161 138.9 6253.74) (-629.161 138.9 6253.74) (-629.161 138.9 6253.74) (-629.161 138.9 6253.74) (-629.161 138.9 6253.74) (-629.161 138.9 6253.74) (-629.161 138.9 6253.74)
2000          (-629.161 138.9 6253.74) (-629.161 138.9 6253.74) (-629.161 138.9 6253.74) (-629.161 138.9 6253.74) (-629.161 138.9 6253.74) (-629.161 138.9 6253.74) (-629.161 138.9 6253.74) (-629.161 138.9 6253.74) (-629.161 138.9 6253.74) (-629.161 138.9 6253.74) (-629.161 138.9 6253.74)
2050          (-629.161 138.9 6253.74) (-629.161 138.9 6253.74) (-629.161 138.9 6253.74) (-629.161 138.9 6253.74) (-629.161 138.9 6253.74) (-629.161 138.9 6253.74) (-629.161 138.9 6253.74) (-629.161 138.9 6253.74) (-629.161 138.9 6253.74) (-629.161 138.9 6253.74) (-629.161 138.9 6253.74)
2100          (-629.161 138.9 6253.74) (-629.161 138.9 6253.74) (-629.161 138.9 6253.74) (-629.161 138.9 6253.74) (-629.161 138.9 6253.74) (-629.161 138.9 6253.74) (-629.161 138.9 6253.74) (-629.161 138.9 6253.74) (-629.161 138.9 6253.74) (-629.161 138.9 6253.74) (-629.161 138.9 6253.74)
2150          (-629.161 138.9 6253.74) (-629.161 138.9 6253.74) (-629.161 138.9 6253.74) (-629.161 138.9 6253.74) (-629.161 138.9 6253.74) (-629.161 138.9 6253.74) (-629.161 138.9 6253.74) (-629.161 138.9 6253.74) (-629.161 138.9 6253.74) (-629.161 138.9 6253.74) (-629.161 138.9 6253.74)
2200          (-629.161 138.9 6253.74) (-629.161 138.9 6253.74) (-629.161 138.9 6253.74) (-629.161 138.9 6253.74) (-629.161 138.9 6253.74) (-629.161 138.9 6253.74) (-629.161 138.9 6253.74) (-629.161 138.9 6253.74) (-629.161 138.9 6253.74) (-629.161 138.9 6253.74) (-629.161 138.9 6253.74)
2250          (-629.161 138.9 6253.74) (-629.161 138.9 6253.74) (-629.161 138.9 6253.74) (-629.161 138.9 6253.74) (-629.161 138.9 6253.74) (-629.161 138.9 6253.74) (-629.161 138.9 6253.74) (-629.161 138.9 6253.74) (-629.161 138.9 6253.74) (-629.161 138.9 6253.74) (-629.161 138.9 6253.74)
2300          (-629.161 138.9 6253.74) (-629.161 138.9 6253.74) (-629.161 138.9 6253.74) (-629.161 138.9 6253.74) (-629.161 138.9 6253.74) (-629.161 138.9 6253.74) (-629.161 138.9 6253.74) (-629.161 138.9 6253.74) (-629.161 138.9 6253.74) (-629.161 138.9 6253.74) (-629.161 138.9 6253.74)
2350          (-629.161 138.9 6253.74) (-629.161 138.9 6253.74) (-629.161 138.9 6253.74) (-629.161 138.9 6253.74) (-629.161 138.9 6253.74) (-629.161 138.9 6253.74) (-629.161 138.9 6253.74) (-629.161 138.9 6253.74) (-629.161 138.9 6253.74) (-629.161 138.9 6253.74) (-629.161 138.9 6253.74)
2400          (-629.161 138.9 6253.74) (-629.161 138.9 6253.74) (-629.161 138.9 6253.74) (-629.161 138.9 6253.74) (-629.161 138.9 6253.74) (-629.161 138.9 6253.74) (-629.161 138.9 6253.74) (-629.161 138.9 6253.74) (-629.161 138.9 6253.74) (-629.161 138.9 6253.74) (-629.161 138.9 6253.74)
2450          (-629.161 138.9 6253.74) (-629.161 138.9 6253.74) (-629.161 138.9 6253.74) (-629.161 138.9 6253.74) (-629.161 138.9 6253.74) (-629.161 138.9 6253.74) (-629.161 138.9 6253.74) (-629.161 138.9 6253.74) (-629.161 138.9 6253.74) (-629.161 138.9 6253.74) (-629.161 138.9 6253.74)
2500          (-629.161 138.9 6253.74) (-629.161 138.9 6253.74) (-629.161 138.9 6253.74) (-629.161 138.9 6253.74) (-629.161 138.9 6253.74) (-629.161 138.9 6253.74) (-629.161 138.9 6253.74) (-629.161 138.9 6253.74) (-629.161 138.9 6253.74) (-629.161 138.9 6253.74) (-629.161 138.9 6253.74)
2550          (-629.161 138.9 6253.74) (-629.161 138.9 6253.74) (-629.161 138.9 6253.74) (-629.161 138.9 6253.74) (-629.161 138.9 6253.74) (-629.161 138.9 6253.74) (-629.161 138.9 6253.74) (-629.161 138.9 6253.74) (-629.161 138.9 6253.74) (-629.161 138.9 6253.74) (-629.161 138.9 6253.74)
2600          (-629.161 138.9 6253.74) (-629.161 138.9 6253.74) (-629.161 138.9 6253.74) (-629.161 138.9 6253.74) (-629.161 138.9 6253.74) (-629.161 138.9 6253.74) (-629.161 138.9 6253.74) (-629.161 138.9 6253.74) (-629.161 138.9 6253.74) (-629.161 138.9 6253.74) (-629.161 138.9 6253.74)
2650          (-629.161 138.9 6253.74) (-629.161 138.9 6253.74) (-629.161 138.9 6253.74) (-629.161 138.9 6253.74) (-629.161 138.9 6253.74) (-629.161 138.9 6253.74) (-629.161 138.9 6253.74) (-629.161 138.9 6253.74) (-629.161 138.9 6253.74) (-629.161 138.9 6253.74) (-629.161 138.9 6253.74)
2700          (-629.161 138.9 6253.74) (-629.161 138.9 6253.74) (-629.161 138.9 6253.74) (-629.161 138.9 6253.74) (-629.161 138.9 6253.74) (-629.161 138.9 6253.74) (-629.161 138.9 6253.74) (-629.161 138.9 6253.74) (-629.161 138.9 6253.74) (-629.161 138.9 6253.74) (-629.161 138.9 6253.74)
2750          (-629.161 138.9 6253.74) (-629.161 138.9 6253.74) (-629.161 138.9 6253.74) (-629.161 138.9 6253.74) (-629.161 138.9 6253.74) (-629.161 138.9 6253.74) (-629.161 138.9 6253.74) (-629.161 138.9 6253.74) (-629.161 138.9 6253.74) (-629.161 138.9 6253.74) (-629.161 138.9 6253.74)
2800          (-629.161 138.9 6253.74) (-629.161 138.9 6253.74) (-629.161 138.9 6253.74) (-629.161 138.9 6253.74) (-629.161 138.9 6253.74) (-629.161 138.9 6253.74) (-629.161 138.9 6253.74) (-629.161 138.9 6253.74) (-629.161 138.9 6253.74) (-629.161 138.9 6253.74) (-629.161 138.9 6253.74)
2850          (-629.161 138.9 6253.74) (-629.161 138.9 6253.74) (-629.161 138.9 6253.74) (-629.161 138.9 6253.74) (-629.161 138.9 6253.74) (-629.161 138.9 6253.74) (-629.161 138.9 6253.74) (-629.161 138.9 6253.74) (-629.161 138.9 6253.74) (-629.161 138.9 6253.74) (-629.161 138.9 6253.74)
2900          (-629.161 138.9 6253.74) (-629.161 138.9 6253.74) (-629.161 138.9 6253.74) (-629.161 138.9 6253.74) (-629.161 138.9 6253.74) (-629.161 138.9 6253.74) (-629.161 138.9 6253.74) (-629.161 138.9 6253.74) (-629.161 138.9 6253.74) (-629.161 138.9 6253.74) (-629.161 138.9 6253.74)
2950          (-629.161 138.9 6253.74) (-629.161 138.9 6253.74) (-629.161 138.9 6253.74) (-629.161 138.9 6253.74) (-629.161 138.9 6253.74) (-629.161 138.9 6253.74) (-629.161 138.9 6253.74) (-629.161 138.9 6253.74) (-629.161 138.9 6253.74) (-629.161 138.9 6253.74) (-629.161 138.9 6253.74)
3000          (-629.161 138.9 6253.74) (-629.161 138.9 6253.74) (-629.161 138.9 6253.74) (-629.161 138.9 6253.74) (-629.161 138.9 6253.74) (-629.161 138.9 6253.74) (-629.161 138.9 6253.74) (-629.161 138.9 6253.74) (-629.161 138.9 6253.74) (-629.161 138.9 6253.74) (-629.161 138.9 6253.74)
3050          (-629.161 138.9 6253.74) (-629.161 138.9 6253.74) (-629.161 138.9 6253.74) (-629.161 138.9 6253.74) (-629.161 138.9 6253.74) (-629.161 138.9 6253.74) (-629.161 138.9 6253.74) (-629.161 138.9 6253.74) (-629.161 138.9 6253.74) (-629.161 138.9 6253.74) (-629.161 138.9 6253.74)
3100          (-629.161 138.9 6253.74) (-629.161 138.9 6253.74) (-629.161 138.9 6253.74) (-629.161 138.9 6253.74) (-629.161 138.9 6253.74) (-629.161 138.9 6253.74) (-629.161 138.9 6253.74) (-629.161 138.9 6253.74) (-629.161 138.9 6253.74) (-629.161 138.9 6253.74) (-629.161 138.9 6253.74)
3150          (-629.161 138.9 6253.74) (-629.161 138.9 6253.74) (-629.161 138.9 6253.74) (-629.161 138.9 6253.74) (-629.161 138.9 6253.74) (-629.161 138.9 6253.74) (-629.161 138.9 6253.74) (-629.161 138.9 6253.74) (-629.161 138.9 6253.74) (-629.161 138.9 6253.74) (-629.161 138.9 6253.74)
3200          (-629.161 138.9 6253.74) (-629.161 138.9 6253.74) (-629.161 138.9 6253.74) (-629.161 138.9 6253.74) (-629.161 138.9 6253.74) (-629.161 138.9 6253.74) (-629.161 138.9 6253.74) (-629.161 138.9 6253.74) (-629.161 138.9 6253.74) (-629.161 138.9 6253.74) (-629.161 138.9 6253.74)
3250          (-629.161 138.9 6253.74) (-629.161 138.9 6253.74) (-629.161 138.9 6253.74) (-629.161 138.9 6253.74) (-629.161 138.9 6253.74) (-629.161 138.9 6253.74) (-629.161 138.9 6253.74) (-629.161 138.9 6253.74) (-629.161 138.9 6253.74) (-629.161 138.9 6253.74) (-629.161 138.9 6253.74)
3300          (-629.161 138.9 6253.74) (-629.161 138.9 6253.74) (-629.161 138.9 6253.74) (-629.161 138.9 6253.74) (-629.161 138.9 6253.74) (-629.161 138.9 6253.74) (-629.161 138.9 6253.74) (-629.161 138.9 6253.74) (-629.161 138.9 6253.74) (-629.161 138.9 6253.74) (-629.161 138.9 6253.74)
3350          (-629.161 138.9 6253.74) (-629.161 138.9 6253.74) (-629.161 138.9 6253.74) (-629.161 138.9 6253.74) (-629.161 138.9 6253.74) (-629.161 138.9 6253.74) (-629.161 138.9 6253.74) (-629.161 138.9 6253.74) (-629.161 138.9 6253.74) (-629.161 138.9 6253.74) (-629.161 138.9 6253.74)
3400          (-629.161 138.9 6253.74) (-629.161 138.9 6253.74) (-629.161 138.9 6253.74) (-629.161 138.9 6253.74) (-629.161 138.9 6253.74) (-629.161 138.9 6253.74) (-629.161 138.9 6253.74) (-629.161 138.9 6253.74) (-629.161 138.9 6253.74) (-629.161 138.9 6253.74) (-629.161 138.9 6253.74)
3450          (-629.161 138.9 6253.74) (-629.161 138.9 6253.74) (-629.161 138.9 6253.74) (-629.161 138.9 6253.74) (-629.161 138.9 6253.74) (-629.161 138.9 6253.74) (-629.161 138.9 6253.74) (-629.161 138.9 6253.74) (-629.161 138.9 6253.74) (-629.161 138.9 6253.74) (-629.161 138.9 6253.74)
3500          (-629.161 138.9 6253.74) (-629.161 138.9 6253.74) (-629.161 138.9 6253.74) (-629.161 138.9 6253.74) (-629.161 138.9 6253.74) (-629.161 138.9 6253.74) (-629.161 138.9 6253.74) (-629.161 138.9 6253.74) (-629.161 138.9 6253.74) (-629.161 138.9 6253.74) (-629.161 138.9 6253.74)
3550          (-629.161 138.9 6253.74) (-629.161 138.9 6253.74) (-629.161 138.9 6253.74) (-629.161 138.9 6253.74) (-629.161 138.9 6253.74) (-629.161 138.9 6253.74) (-629.161 138.9 6253.74) (-629.161 138.9 6253.74) (-629.161 138.9 6253.74) (-629.161 138.9 6253.74) (-629.161 138.9 6253.74)
3600          (-629.161 138.9 6253.74) (-629.161 138.9 6253.74) (-629.161 138.9 6253.74) (-629.161 138.9 6253.74) (-629.161 138.9 6253.74) (-629.161 138.9 6253.74) (-629.161 138.9 6253.74) (-629.161 138.9 6253.74) (-629.161 138.9 6253.74) (-629.161 138.9 6253.74) (-629.161 138.9 6253.74)
3650          (-629.161 138.9 6253.74) (-629.161 138.9 6253.74) (-629.161 138.9 6253.74) (-629.161 138.9 6253.74) (-629.161 138.9 6253.74) (-629.161 138.9 6253.74) (-629.161 138.9 6253.74) (-629.161 138.9 6253.74) (-629.161 138.9 6253.74) (-629.161 138.9 6253.74) (-629.161 138.9 6253.74)
3700          (-629.161 138.9 6253.74) (-629.161 138.9 6253.74) (-629.161 138.9 6253.74) (-629.161 138.9 6253.74) (-629.161 138.9 6253.74) (-629.161 138.9 6253.74) (-629.161 138.9 6253.74) (-629.161 138.9 6253.74) (-629.161 138.9 6253.74) (-629.161 138.9 6253.74) (-629.161 138.9 6253.74)
3750          (-629.161 138.9 6253.74) (-629.161 138.9 6253.74) (-629.161 138.9 6253.74) (-629.161 138.9 6253.74) (-629.161 138.9 6253.74) (-629.161 138.9 6253.74) (-629.161 138.9 6253.74) (-629.161 138.9 6253.74) (-629.161 138.9 6253.74) (-629.161 138.9 6253.74) (-629.161 138.9 6253.74)
3800          (-629.161 138.9 6253.74) (-629.161 138.9 6253.74) (-629.161 138.9 6253.74) (-629.161 138.9 6253.74) (-629.161 138.9 6253.74) (-629.161 138.9 6253.74) (-629.161 138.9 6253.74) (-629.161 138.9 6253.74) (-629.161 138.9 6253.74) (-629.161 138.9 6253.74) (-629.161 138.9 6253.74)
3850          (-629.161 138.9 6253.74) (-629.161 138.9 6253.74) (-629.161 138.9 6253.74) (-629.161 138.9 6253.74) (-629.161 138.9 6253.74) (-629.161 138.9 6253.74) (-629.161 138.9 6253.74) (-629.161 138.9 6253.74) (-629.161 138.9 6253.74) (-629.161 138.9 6253.74) (-629.161 138.9 6253.74)
3900          (-629.161 138.9 6253.74) (-629.161 138.9 6253.74) (-629.161 138.9 6253.74) (-629.161 138.9 6253.74) (-629.161 138.9 6253.74) (-629.161 138.9 6253.74) (-629.161 138.9 6253.74) (-629.161 138.9 6253.74) (-629.161 138.9 6253.74) (-629.161 138.9 6253.74) (-629.161 138.9 6253.74)
3950          (-629.161 138.9 6253.74) (-629.161 138.9 6253.74) (-629.161 138.9 6253.74) (-629.161 138.9 6253.74) (-629.161 138.9 6253.74) (-629.161 138.9 6253.74) (-629.161 138.9 6253.74) (-629.161 138.9 6253.74) (-629.161 138.9 6253.74) (-629.161 138.9 6253.74) (-629.161 138.9 6253.74)
4000          (-629.161 138.9 6253.74) (-629.161 138.9 6253.74) (-629.161 138.9 6253.74) (-629.161 138.9 6253.74) (-629.161 138.9 6253.74) (-629.161 138.9 6253.74) (-629.161 138.9 6253.74) (-629.161 138.9 6253.74) (-629.161 138.9 6253.74) (-629.161 138.9 6253.74) (-629.161 138.9 6253.74)
4050          (-629.161 138.9 6253.74) (-629.161 138.9 6253.74) (-629.161 138.9 6253.74) (-629.161 138.9 6253.74) (-629.161 138.9 6253.74) (-629.161 138.9 6253.74) (-629.161 138.9 6253.74) (-629.161 138.9 6253.74) (-629.161 138.9 6253.74) (-629.161 138.9 6253.74) (-629.161 138.9 6253.74)
4100          (-629.161 138.9 6253.74) (-629.161 138.9 6253.74) (-629.161 138.9 6253.74) (-629.161 138.9 6253.74) (-629.161 138.9 6253.74) (-629.161 138.9 6253.74) (-629.161 138.9 6253.74) (-629.161 138.9 6253.74) (-629.161 138.9 6253.74) (-629.161 138.9 6253.74) (-629.161 138.9 6253.74)
4150          (-629.161 138.9 6253.74) (-629.161 138.9 6253.74) (-629.161 138.9 6253.74) (-629.161 138.9 6253.74) (-629.161 138.9 6253.74) (-629.161 138.9 6253.74) (-629.161 138.9 6253.74) (-629.161 138.9 6253.74) (-629.161 138.9 6253.74) (-629.161 138.9 6253.74) (-629.161 138.9 6253.74)
4200          (-629.161 138.9 6253.74) (-629.161 138.9 6253.74) (-629.161 138.9 6253.74) (-629.161 138.9 6253.74) (-629.161 138.9 6253.74) (-629.161 138.9 6253.74) (-629.161 138.9 6253.74) (-629.161 138.9 6253.74) (-629.161 138.9 6253.74) (-629.161 138.9 6253.74) (-629.161 138.9 6253.74)
4250          (-629.161 138.9 6253.74) (-629.161 138.9 6253.74) (-629.161 138.9 6253.74) (-629.161 138.9 6253.74) (-629.161 138.9 6253.74) (-629.161 138.9 6253.74) (-629.161 138.9 6253.74) (-629.161 138.9 6253.74) (-629.161 138.9 6253.74) (-629.161 138.9 6253.74) (-629.161 138.9 6253.74)
4300          (-629.161 138.9 6253.74) (-629.161 138.9 6253.74) (-629.161 138.9 6253.74) (-629.161 138.9 6253.74) (-629.161 138.9 6253.74) (-629.161 138.9 6253.74) (-629.161 138.9 6253.74) (-629.161 138.9 6253.74) (-629.161 138.9 6253.74) (-629.161 138.9 6253.74) (-629.161 138.9 6253.74)
4350          (-629.161 138.9 6253.74) (-629.161 138.9 6253.74) (-629.161 138.9 6253.74) (-629.161 138.9 6253.74) (-629.161 138.9 6253.74) (-629.161 138.9 6253.74) (-629.161 138.9 6253.74) (-629.161 138.9 6253.74) (-629.161 138.9 6253.74) (-629.161 138.9 6253.74) (-629.161 138.9 6253.74)
4400          (-629.161 138.9 6253.74) (-629.161 138.9 6253.74) (-629.161 138.9 6253.74) (-629.161 138.9 6253.74) (-629.161 138.9 6253.74) (-629.161 138.9 6253.74) (-629.161 138.9 6253.74) (-629.161 138.9 6253.74) (-629.161 138.9 6253.74) (-629.161 138.9 6253.74) (-629.161 138.9 6253.74)
4450          (-629.161 138.9 6253.74) (-629.161 138.9 6253.74) (-629.161 138.9 6253.74) (-629.161 138.9 6253.74) (-629.161 138.9 6253.74) (-629.161 138.9 6253.74) (-629.161 138.9 6253.74) (-629.161 138.9 6253.74) (-629.161 138.9 6253.74) (-629.161 138.9 6253.74) (-629.161 138.9 6253.74)
4500          (-629.161 138.9 6253.74) (-629.161 138.9 6253.74) (-629.161 138.9 6253.74) (-629.161 138.9 6253.74) (-629.161 138.9 6253.74) (-629.161 138.9 6253.74) (-629.161 138.9 6253.74) (-629.161 138.9 6253.74) (-629.161 138.9 6253.74) (-629.161 138.9 6253.74) (-629.161 138.9 6253.74)
4550          (-629.161 138.9 6253.74) (-629.161 138.9 6253.74) (-629.161 138.9 6253.74) (-629.161 138.9 6253.74) (-629.161 138.9 6253.74) (-629.161 138.9 6253.74) (-629.161 138.9 6253.74) (-629.161 138.9 6253.74) (-629.161 138.9 6253.74) (-629.161 138.9 6253.74) (-629.161 138.9 6253.74)
4600          (-629.161 138.9 6253.74) (-629.161 138.9 6253.74) (-629.161 138.9 6253.74) (-629.161 138.9 6253.74) (-629.161 138.9 6253.74) (-629.161 138.9 6253.74) (-629.161 138.9 6253.74) (-629.161 138.9 6253.74) (-629.161 138.9 6253.74) (-629.161 138.9 6253.74) (-629.161 138.9 6253.74)
4650          (-629.161 138.9 6253.74) (-629.161 138.9 6253.74) (-629.161 138.9 6253.74) (-629.161 138.9 6253.74) (-629.161 138.9 6253.74) (-629.161 138.9 6253.74) (-629.161 138.9 6253.74) (-629.161 138.9 6253.74) (-629.161 138.9 6253.74) (-629.161 138.9 6253.74) (-629.161 138.9 6253.74)
4700          (-629.161 138.9 6253.74) (-629.161 138.9 6253.74) (-629.161 138.9 6253.74) (-629.161 138.9 6253.74) (-629.161 138.9 6253.74) (-629.161 138.9 6253.74) (-629.161 138.9 6253.74) (-629.161 138.9 6253.74) (-629.161 138.9 6253.74) (-629.161 138.9 6253.74) (-629.161 138.9 6253.74)
4750          (-629.161 138.9 6253.74) (-629.161 138.9 6253.74) (-629.161 138.9 6253.74) (-629.161 138.9 6253.74) (-629.161 138.9 6253.74) (-629.161 138.9 6253.74) (-629.161 138.9 6253.74) (-629.161 138.9 6253.74) (-629.161 138.9 6253.74) (-629.161 138.9 6253.74) (-629.161 138.9 6253.74)
4800          (-629.161 138.9 6253.74) (-629.161 138.9 6253.74) (-629.161 138.9 6253.74) (-629.161 138.9 6253.74) (-629.161 138.9 6253.74) (-629.161 138.9 6253.74) (-629.161 138.9 6253.74) (-629.161 138.9 6253.74) (-629.161 138.9 6253.74) (-629.161 138.9 6253.74) (-629.161 138.9 6253.74)
4850          (-629.161 138.9 6253.74) (-629.161 138.9 6253.74) (-629.161 138.9 6253.74) (-629.161 138.9 6253.74) (-629.161 138.9 6253.74) (-629.161 138.9 6253.74) (-629.161 138.9 6253.74) (-629.161 138.9 6253.74) (-629.161 138.9 6253.74) (-629.161 138.9 6253.74) (-629.161 138.9 6253.74)
4900          (-629.161 138.9 6253.74) (-629.161 138.9 6253.74) (-629.161 138.9 6253.74) (-629.161 138.9 6253.74) (-629.161 138.9 6253.74) (-629.161 138.9 6253.74) (-629.161 138.9 6253.74) (-629.161 138.9 6253.74) (-629.161 138.9 6253.74) (-629.161 138.9 6253.74) (-629.161 138.9 6253.74)
4950          (-629.161 138.9 6253.74) (-629.161 138.9 6253.74) (-629.161 138.9 6253.74) (-629.161 138.9 6253.74) (-629.161 138.9 6253.74) (-629.161 138.9 6253.74) (-629.161 138.9 6253.74) (-629.161 138.9 6253.74) (-629.161 138.9 6253.74) (-629.161 138.9 6253.74) (-629.161 138.9 6253.74)
5000          (-629.161 138.9 6253.74) (-629.161 138.9 6253.74) (-629.161 138.9 6253.74) (-629.161 138.9 6253.74) (-629.161 138.9 6253.74) (-629.161 138.9 6253.74) (-629.161 138.9 6253.74) (-629.161 138.9 6253.74) (-629.161 138.9 6253.74) (-629.161 138.9 6253.74) (-629.161 138.9 6253.74)
