# Probe 0 (0.0015 0.0015 0)
# Probe 1 (0.0015 0.0015 0.002)
# Probe 2 (0.0015 0.0015 0.004)
# Probe 3 (0.0015 0.0015 0.006)
# Probe 4 (0.0015 0.0015 0.008)
# Probe 5 (0.0015 0.0015 0.01)
# Probe 6 (0.0015 0.0015 0.012)
# Probe 7 (0.0015 0.0015 0.014)
# Probe 8 (0.0015 0.0015 0.016)
# Probe 9 (0.0015 0.0015 0.018)
# Probe 10 (0.0015 0.0015 0.02)
# Time        0             1             2             3             4             5             6             7             8             9             10           
50            499.961       499.961       499.961       499.961       499.961       499.961       499.961       499.961       499.961       499.961       499.961      
100           499.976       499.976       499.976       499.976       499.976       499.976       499.976       499.976       499.976       499.976       499.976      
150           499.975       499.975       499.975       499.975       499.975       499.975       499.975       499.975       499.975       499.975       499.975      
200           499.964       499.964       499.964       499.964       499.964       499.964       499.964       499.964       499.964       499.964       499.964      
250           499.967       499.967       499.967       499.967       499.967       499.967       499.967       499.967       499.967       499.967       499.967      
300           499.964       499.964       499.964       499.964       499.964       499.964       499.964       499.964       499.964       499.964       499.964      
350           499.965       499.965       499.965       499.965       499.965       499.965       499.965       499.965       499.965       499.965       499.965      
400           499.979       499.979       499.979       499.979       499.979       499.979       499.979       499.979       499.979       499.979       499.979      
450           499.971       499.971       499.971       499.971       499.971       499.971       499.971       499.971       499.971       499.971       499.971      
500           499.948       499.948       499.948       499.948       499.948       499.948       499.948       499.948       499.948       499.948       499.948      
550           499.982       499.982       499.982       499.982       499.982       499.982       499.982       499.982       499.982       499.982       499.982      
600           499.972       499.972       499.972       499.972       499.972       499.972       499.972       499.972       499.972       499.972       499.972      
650           499.959       499.959       499.959       499.959       499.959       499.959       499.959       499.959       499.959       499.959       499.959      
700           499.96        499.96        499.96        499.96        499.96        499.96        499.96        499.96        499.96        499.96        499.96       
750           499.965       499.965       499.965       499.965       499.965       499.965       499.965       499.965       499.965       499.965       499.965      
800           499.971       499.971       499.971       499.971       499.971       499.971       499.971       499.971       499.971       499.971       499.971      
850           499.972       499.972       499.972       499.972       499.972       499.972       499.972       499.972       499.972       499.972       499.972      
900           499.965       499.965       499.965       499.965       499.965       499.965       499.965       499.965       499.965       499.965       499.965      
950           499.966       499.966       499.966       499.966       499.966       499.966       499.966       499.966       499.966       499.966       499.966      
1000          499.961       499.961       499.961       499.961       499.961       499.961       499.961       499.961       499.961       499.961       499.961      
1050          499.973       499.973       499.973       499.973       499.973       499.973       499.973       499.973       499.973       499.973       499.973      
1100          499.984       499.984       499.984       499.984       499.984       499.984       499.984       499.984       499.984       499.984       499.984      
1150          499.982       499.982       499.982       499.982       499.982       499.982       499.982       499.982       499.982       499.982       499.982      
1200          499.936       499.936       499.936       499.936       499.936       499.936       499.936       499.936       499.936       499.936       499.936      
1250          499.964       499.964       499.964       499.964       499.964       499.964       499.964       499.964       499.964       499.964       499.964      
1300          499.97        499.97        499.97        499.97        499.97        499.97        499.97        499.97        499.97        499.97        499.97       
1350          499.964       499.964       499.964       499.964       499.964       499.964       499.964       499.964       499.964       499.964       499.964      
1400          499.965       499.965       499.965       499.965       499.965       499.965       499.965       499.965       499.965       499.965       499.965      
1450          499.97        499.97        499.97        499.97        499.97        499.97        499.97        499.97        499.97        499.97        499.97       
1500          499.975       499.975       499.975       499.975       499.975       499.975       499.975       499.975       499.975       499.975       499.975      
1550          499.958       499.958       499.958       499.958       499.958       499.958       499.958       499.958       499.958       499.958       499.958      
1600          499.964       499.964       499.964       499.964       499.964       499.964       499.964       499.964       499.964       499.964       499.964      
1650          499.97        499.97        499.97        499.97        499.97        499.97        499.97        499.97        499.97        499.97        499.97       
1700          499.959       499.959       499.959       499.959       499.959       499.959       499.959       499.959       499.959       499.959       499.959      
1750          499.971       499.971       499.971       499.971       499.971       499.971       499.971       499.971       499.971       499.971       499.971      
1800          499.986       499.986       499.986       499.986       499.986       499.986       499.986       499.986       499.986       499.986       499.986      
1850          499.969       499.969       499.969       499.969       499.969       499.969       499.969       499.969       499.969       499.969       499.969      
1900          499.989       499.989       499.989       499.989       499.989       499.989       499.989       499.989       499.989       499.989       499.989      
1950          499.976       499.976       499.976       499.976       499.976       499.976       499.976       499.976       499.976       499.976       499.976      
2000          499.975       499.975       499.975       499.975       499.975       499.975       499.975       499.975       499.975       499.975       499.975      
2050          499.983       499.983       499.983       499.983       499.983       499.983       499.983       499.983       499.983       499.983       499.983      
2100          499.984       499.984       499.984       499.984       499.984       499.984       499.984       499.984       499.984       499.984       499.984      
2150          499.965       499.965       499.965       499.965       499.965       499.965       499.965       499.965       499.965       499.965       499.965      
2200          499.966       499.966       499.966       499.966       499.966       499.966       499.966       499.966       499.966       499.966       499.966      
2250          499.956       499.956       499.956       499.956       499.956       499.956       499.956       499.956       499.956       499.956       499.956      
2300          499.982       499.982       499.982       499.982       499.982       499.982       499.982       499.982       499.982       499.982       499.982      
2350          499.981       499.981       499.981       499.981       499.981       499.981       499.981       499.981       499.981       499.981       499.981      
2400          499.986       499.986       499.986       499.986       499.986       499.986       499.986       499.986       499.986       499.986       499.986      
2450          499.97        499.97        499.97        499.97        499.97        499.97        499.97        499.97        499.97        499.97        499.97       
2500          499.953       499.953       499.953       499.953       499.953       499.953       499.953       499.953       499.953       499.953       499.953      
2550          499.987       499.987       499.987       499.987       499.987       499.987       499.987       499.987       499.987       499.987       499.987      
2600          499.983       499.983       499.983       499.983       499.983       499.983       499.983       499.983       499.983       499.983       499.983      
2650          499.968       499.968       499.968       499.968       499.968       499.968       499.968       499.968       499.968       499.968       499.968      
2700          499.985       499.985       499.985       499.985       499.985       499.985       499.985       499.985       499.985       499.985       499.985      
2750          499.973       499.973       499.973       499.973       499.973       499.973       499.973       499.973       499.973       499.973       499.973      
2800          499.985       499.985       499.985       499.985       499.985       499.985       499.985       499.985       499.985       499.985       499.985      
2850          499.963       499.963       499.963       499.963       499.963       499.963       499.963       499.963       499.963       499.963       499.963      
2900          499.983       499.983       499.983       499.983       499.983       499.983       499.983       499.983       499.983       499.983       499.983      
2950          499.97        499.97        499.97        499.97        499.97        499.97        499.97        499.97        499.97        499.97        499.97       
3000          499.983       499.983       499.983       499.983       499.983       499.983       499.983       499.983       499.983       499.983       499.983      
3050          499.987       499.987       499.987       499.987       499.987       499.987       499.987       499.987       499.987       499.987       499.987      
3100          499.984       499.984       499.984       499.984       499.984       499.984       499.984       499.984       499.984       499.984       499.984      
3150          499.974       499.974       499.974       499.974       499.974       499.974       499.974       499.974       499.974       499.974       499.974      
3200          499.933       499.933       499.933       499.933       499.933       499.933       499.933       499.933       499.933       499.933       499.933      
3250          499.964       499.964       499.964       499.964       499.964       499.964       499.964       499.964       499.964       499.964       499.964      
3300          499.983       499.983       499.983       499.983       499.983       499.983       499.983       499.983       499.983       499.983       499.983      
3350          499.965       499.965       499.965       499.965       499.965       499.965       499.965       499.965       499.965       499.965       499.965      
3400          499.931       499.931       499.931       499.931       499.931       499.931       499.931       499.931       499.931       499.931       499.931      
3450          499.96        499.96        499.96        499.96        499.96        499.96        499.96        499.96        499.96        499.96        499.96       
3500          499.969       499.969       499.969       499.969       499.969       499.969       499.969       499.969       499.969       499.969       499.969      
3550          499.962       499.962       499.962       499.962       499.962       499.962       499.962       499.962       499.962       499.962       499.962      
3600          499.969       499.969       499.969       499.969       499.969       499.969       499.969       499.969       499.969       499.969       499.969      
3650          499.961       499.961       499.961       499.961       499.961       499.961       499.961       499.961       499.961       499.961       499.961      
3700          499.975       499.975       499.975       499.975       499.975       499.975       499.975       499.975       499.975       499.975       499.975      
3750          499.979       499.979       499.979       499.979       499.979       499.979       499.979       499.979       499.979       499.979       499.979      
3800          499.973       499.973       499.973       499.973       499.973       499.973       499.973       499.973       499.973       499.973       499.973      
3850          499.953       499.953       499.953       499.953       499.953       499.953       499.953       499.953       499.953       499.953       499.953      
3900          499.981       499.981       499.981       499.981       499.981       499.981       499.981       499.981       499.981       499.981       499.981      
3950          499.963       499.963       499.963       499.963       499.963       499.963       499.963       499.963       499.963       499.963       499.963      
4000          499.989       499.989       499.989       499.989       499.989       499.989       499.989       499.989       499.989       499.989       499.989      
4050          499.96        499.96        499.96        499.96        499.96        499.96        499.96        499.96        499.96        499.96        499.96       
4100          499.973       499.973       499.973       499.973       499.973       499.973       499.973       499.973       499.973       499.973       499.973      
4150          499.961       499.961       499.961       499.961       499.961       499.961       499.961       499.961       499.961       499.961       499.961      
4200          499.958       499.958       499.958       499.958       499.958       499.958       499.958       499.958       499.958       499.958       499.958      
4250          499.977       499.977       499.977       499.977       499.977       499.977       499.977       499.977       499.977       499.977       499.977      
4300          499.981       499.981       499.981       499.981       499.981       499.981       499.981       499.981       499.981       499.981       499.981      
4350          499.983       499.983       499.983       499.983       499.983       499.983       499.983       499.983       499.983       499.983       499.983      
4400          499.99        499.99        499.99        499.99        499.99        499.99        499.99        499.99        499.99        499.99        499.99       
4450          499.97        499.97        499.97        499.97        499.97        499.97        499.97        499.97        499.97        499.97        499.97       
4500          499.967       499.967       499.967       499.967       499.967       499.967       499.967       499.967       499.967       499.967       499.967      
4550          499.961       499.961       499.961       499.961       499.961       499.961       499.961       499.961       499.961       499.961       499.961      
4600          499.963       499.963       499.963       499.963       499.963       499.963       499.963       499.963       499.963       499.963       499.963      
4650          499.965       499.965       499.965       499.965       499.965       499.965       499.965       499.965       499.965       499.965       499.965      
4700          499.968       499.968       499.968       499.968       499.968       499.968       499.968       499.968       499.968       499.968       499.968      
4750          499.985       499.985       499.985       499.985       499.985       499.985       499.985       499.985       499.985       499.985       499.985      
4800          499.988       499.988       499.988       499.988       499.988       499.988       499.988       499.988       499.988       499.988       499.988      
4850          499.971       499.971       499.971       499.971       499.971       499.971       499.971       499.971       499.971       499.971       499.971      
4900          499.992       499.992       499.992       499.992       499.992       499.992       499.992       499.992       499.992       499.992       499.992      
4950          499.97        499.97        499.97        499.97        499.97        499.97        499.97        499.97        499.97        499.97        499.97       
5000          499.968       499.968       499.968       499.968       499.968       499.968       499.968       499.968       499.968       499.968       499.968      
