# Probe 0 (0.0015 0.0015 0)
# Probe 1 (0.0015 0.0015 0.002)
# Probe 2 (0.0015 0.0015 0.004)
# Probe 3 (0.0015 0.0015 0.006)
# Probe 4 (0.0015 0.0015 0.008)
# Probe 5 (0.0015 0.0015 0.01)
# Probe 6 (0.0015 0.0015 0.012)
# Probe 7 (0.0015 0.0015 0.014)
# Probe 8 (0.0015 0.0015 0.016)
# Probe 9 (0.0015 0.0015 0.018)
# Probe 10 (0.0015 0.0015 0.02)
# Time        0             1             2             3             4             5             6             7             8             9             10           
50            (0.00157382 0.00202043 -1.2264) (0.00157382 0.00202043 -1.2264) (0.00157382 0.00202043 -1.2264) (0.00157382 0.00202043 -1.2264) (0.00157382 0.00202043 -1.2264) (0.00157382 0.00202043 -1.2264) (0.00157382 0.00202043 -1.2264) (0.00157382 0.00202043 -1.2264) (0.00157382 0.00202043 -1.2264) (0.00157382 0.00202043 -1.2264) (0.00157382 0.00202043 -1.2264)
100           (-0.00159192 -0.00247235 0.834294) (-0.00159192 -0.00247235 0.834294) (-0.00159192 -0.00247235 0.834294) (-0.00159192 -0.00247235 0.834294) (-0.00159192 -0.00247235 0.834294) (-0.00159192 -0.00247235 0.834294) (-0.00159192 -0.00247235 0.834294) (-0.00159192 -0.00247235 0.834294) (-0.00159192 -0.00247235 0.834294) (-0.00159192 -0.00247235 0.834294) (-0.00159192 -0.00247235 0.834294)
150           (0.000574041 -0.000734108 -0.38547) (0.000574041 -0.000734108 -0.38547) (0.000574041 -0.000734108 -0.38547) (0.000574041 -0.000734108 -0.38547) (0.000574041 -0.000734108 -0.38547) (0.000574041 -0.000734108 -0.38547) (0.000574041 -0.000734108 -0.38547) (0.000574041 -0.000734108 -0.38547) (0.000574041 -0.000734108 -0.38547) (0.000574041 -0.000734108 -0.38547) (0.000574041 -0.000734108 -0.38547)
200           (-9.28803e-06 -0.00016463 -0.00227515) (-9.28803e-06 -0.00016463 -0.00227515) (-9.28803e-06 -0.00016463 -0.00227515) (-9.28803e-06 -0.00016463 -0.00227515) (-9.28803e-06 -0.00016463 -0.00227515) (-9.28803e-06 -0.00016463 -0.00227515) (-9.28803e-06 -0.00016463 -0.00227515) (-9.28803e-06 -0.00016463 -0.00227515) (-9.28803e-06 -0.00016463 -0.00227515) (-9.28803e-06 -0.00016463 -0.00227515) (-9.28803e-06 -0.00016463 -0.00227515)
250           (-6.96323e-05 -0.000591467 -0.123293) (-6.96323e-05 -0.000591467 -0.123293) (-6.96323e-05 -0.000591467 -0.123293) (-6.96323e-05 -0.000591467 -0.123293) (-6.96323e-05 -0.000591467 -0.123293) (-6.96323e-05 -0.000591467 -0.123293) (-6.96323e-05 -0.000591467 -0.123293) (-6.96323e-05 -0.000591467 -0.123293) (-6.96323e-05 -0.000591467 -0.123293) (-6.96323e-05 -0.000591467 -0.123293) (-6.96323e-05 -0.000591467 -0.123293)
300           (0.00053296 0.00123232 -0.573224) (0.00053296 0.00123232 -0.573224) (0.00053296 0.00123232 -0.573224) (0.00053296 0.00123232 -0.573224) (0.00053296 0.00123232 -0.573224) (0.00053296 0.00123232 -0.573224) (0.00053296 0.00123232 -0.573224) (0.00053296 0.00123232 -0.573224) (0.00053296 0.00123232 -0.573224) (0.00053296 0.00123232 -0.573224) (0.00053296 0.00123232 -0.573224)
350           (-0.000529337 -0.000694312 -0.463923) (-0.000529337 -0.000694312 -0.463923) (-0.000529337 -0.000694312 -0.463923) (-0.000529337 -0.000694312 -0.463923) (-0.000529337 -0.000694312 -0.463923) (-0.000529337 -0.000694312 -0.463923) (-0.000529337 -0.000694312 -0.463923) (-0.000529337 -0.000694312 -0.463923) (-0.000529337 -0.000694312 -0.463923) (-0.000529337 -0.000694312 -0.463923) (-0.000529337 -0.000694312 -0.463923)
400           (-0.000715448 -0.000658192 -0.467143) (-0.000715448 -0.000658192 -0.467143) (-0.000715448 -0.000658192 -0.467143) (-0.000715448 -0.000658192 -0.467143) (-0.000715448 -0.000658192 -0.467143) (-0.000715448 -0.000658192 -0.467143) (-0.000715448 -0.000658192 -0.467143) (-0.000715448 -0.000658192 -0.467143) (-0.000715448 -0.000658192 -0.467143) (-0.000715448 -0.000658192 -0.467143) (-0.000715448 -0.000658192 -0.467143)
450           (0.000274974 -2.21436e-05 -0.116503) (0.000274974 -2.21436e-05 -0.116503) (0.000274974 -2.21436e-05 -0.116503) (0.000274974 -2.21436e-05 -0.116503) (0.000274974 -2.21436e-05 -0.116503) (0.000274974 -2.21436e-05 -0.116503) (0.000274974 -2.21436e-05 -0.116503) (0.000274974 -2.21436e-05 -0.116503) (0.000274974 -2.21436e-05 -0.116503) (0.000274974 -2.21436e-05 -0.116503) (0.000274974 -2.21436e-05 -0.116503)
500           (0.00271159 -0.00126464 -1.80582) (0.00271159 -0.00126464 -1.80582) (0.00271159 -0.00126464 -1.80582) (0.00271159 -0.00126464 -1.80582) (0.00271159 -0.00126464 -1.80582) (0.00271159 -0.00126464 -1.80582) (0.00271159 -0.00126464 -1.80582) (0.00271159 -0.00126464 -1.80582) (0.00271159 -0.00126464 -1.80582) (0.00271159 -0.00126464 -1.80582) (0.00271159 -0.00126464 -1.80582)
550           (0.00470399 0.00139696 -0.0266903) (0.00470399 0.00139696 -0.0266903) (0.00470399 0.00139696 -0.0266903) (0.00470399 0.00139696 -0.0266903) (0.00470399 0.00139696 -0.0266903) (0.00470399 0.00139696 -0.0266903) (0.00470399 0.00139696 -0.0266903) (0.00470399 0.00139696 -0.0266903) (0.00470399 0.00139696 -0.0266903) (0.00470399 0.00139696 -0.0266903) (0.00470399 0.00139696 -0.0266903)
600           (-0.000432633 0.000158589 -0.681774) (-0.000432633 0.000158589 -0.681774) (-0.000432633 0.000158589 -0.681774) (-0.000432633 0.000158589 -0.681774) (-0.000432633 0.000158589 -0.681774) (-0.000432633 0.000158589 -0.681774) (-0.000432633 0.000158589 -0.681774) (-0.000432633 0.000158589 -0.681774) (-0.000432633 0.000158589 -0.681774) (-0.000432633 0.000158589 -0.681774) (-0.000432633 0.000158589 -0.681774)
650           (0.000315195 -7.12923e-05 -0.148509) (0.000315195 -7.12923e-05 -0.148509) (0.000315195 -7.12923e-05 -0.148509) (0.000315195 -7.12923e-05 -0.148509) (0.000315195 -7.12923e-05 -0.148509) (0.000315195 -7.12923e-05 -0.148509) (0.000315195 -7.12923e-05 -0.148509) (0.000315195 -7.12923e-05 -0.148509) (0.000315195 -7.12923e-05 -0.148509) (0.000315195 -7.12923e-05 -0.148509) (0.000315195 -7.12923e-05 -0.148509)
700           (-0.000198976 -0.000407819 -0.737023) (-0.000198976 -0.000407819 -0.737023) (-0.000198976 -0.000407819 -0.737023) (-0.000198976 -0.000407819 -0.737023) (-0.000198976 -0.000407819 -0.737023) (-0.000198976 -0.000407819 -0.737023) (-0.000198976 -0.000407819 -0.737023) (-0.000198976 -0.000407819 -0.737023) (-0.000198976 -0.000407819 -0.737023) (-0.000198976 -0.000407819 -0.737023) (-0.000198976 -0.000407819 -0.737023)
750           (-0.00202665 -0.000709594 -1.00101) (-0.00202665 -0.000709594 -1.00101) (-0.00202665 -0.000709594 -1.00101) (-0.00202665 -0.000709594 -1.00101) (-0.00202665 -0.000709594 -1.00101) (-0.00202665 -0.000709594 -1.00101) (-0.00202665 -0.000709594 -1.00101) (-0.00202665 -0.000709594 -1.00101) (-0.00202665 -0.000709594 -1.00101) (-0.00202665 -0.000709594 -1.00101) (-0.00202665 -0.000709594 -1.00101)
800           (-0.000306464 0.000381519 0.0516408) (-0.000306464 0.000381519 0.0516408) (-0.000306464 0.000381519 0.0516408) (-0.000306464 0.000381519 0.0516408) (-0.000306464 0.000381519 0.0516408) (-0.000306464 0.000381519 0.0516408) (-0.000306464 0.000381519 0.0516408) (-0.000306464 0.000381519 0.0516408) (-0.000306464 0.000381519 0.0516408) (-0.000306464 0.000381519 0.0516408) (-0.000306464 0.000381519 0.0516408)
850           (-0.00216124 -0.00176556 1.3737) (-0.00216124 -0.00176556 1.3737) (-0.00216124 -0.00176556 1.3737) (-0.00216124 -0.00176556 1.3737) (-0.00216124 -0.00176556 1.3737) (-0.00216124 -0.00176556 1.3737) (-0.00216124 -0.00176556 1.3737) (-0.00216124 -0.00176556 1.3737) (-0.00216124 -0.00176556 1.3737) (-0.00216124 -0.00176556 1.3737) (-0.00216124 -0.00176556 1.3737)
900           (-0.000703028 0.00026135 -0.141672) (-0.000703028 0.00026135 -0.141672) (-0.000703028 0.00026135 -0.141672) (-0.000703028 0.00026135 -0.141672) (-0.000703028 0.00026135 -0.141672) (-0.000703028 0.00026135 -0.141672) (-0.000703028 0.00026135 -0.141672) (-0.000703028 0.00026135 -0.141672) (-0.000703028 0.00026135 -0.141672) (-0.000703028 0.00026135 -0.141672) (-0.000703028 0.00026135 -0.141672)
950           (-0.00153843 -0.00142629 -0.618502) (-0.00153843 -0.00142629 -0.618502) (-0.00153843 -0.00142629 -0.618502) (-0.00153843 -0.00142629 -0.618502) (-0.00153843 -0.00142629 -0.618502) (-0.00153843 -0.00142629 -0.618502) (-0.00153843 -0.00142629 -0.618502) (-0.00153843 -0.00142629 -0.618502) (-0.00153843 -0.00142629 -0.618502) (-0.00153843 -0.00142629 -0.618502) (-0.00153843 -0.00142629 -0.618502)
1000          (0.000336783 -0.00163522 -1.2385) (0.000336783 -0.00163522 -1.2385) (0.000336783 -0.00163522 -1.2385) (0.000336783 -0.00163522 -1.2385) (0.000336783 -0.00163522 -1.2385) (0.000336783 -0.00163522 -1.2385) (0.000336783 -0.00163522 -1.2385) (0.000336783 -0.00163522 -1.2385) (0.000336783 -0.00163522 -1.2385) (0.000336783 -0.00163522 -1.2385) (0.000336783 -0.00163522 -1.2385)
1050          (-0.00102487 -0.00147716 -0.870388) (-0.00102487 -0.00147716 -0.870388) (-0.00102487 -0.00147716 -0.870388) (-0.00102487 -0.00147716 -0.870388) (-0.00102487 -0.00147716 -0.870388) (-0.00102487 -0.00147716 -0.870388) (-0.00102487 -0.00147716 -0.870388) (-0.00102487 -0.00147716 -0.870388) (-0.00102487 -0.00147716 -0.870388) (-0.00102487 -0.00147716 -0.870388) (-0.00102487 -0.00147716 -0.870388)
1100          (0.000239468 -0.000513874 0.634536) (0.000239468 -0.000513874 0.634536) (0.000239468 -0.000513874 0.634536) (0.000239468 -0.000513874 0.634536) (0.000239468 -0.000513874 0.634536) (0.000239468 -0.000513874 0.634536) (0.000239468 -0.000513874 0.634536) (0.000239468 -0.000513874 0.634536) (0.000239468 -0.000513874 0.634536) (0.000239468 -0.000513874 0.634536) (0.000239468 -0.000513874 0.634536)
1150          (0.000981445 0.000187048 0.404795) (0.000981445 0.000187048 0.404795) (0.000981445 0.000187048 0.404795) (0.000981445 0.000187048 0.404795) (0.000981445 0.000187048 0.404795) (0.000981445 0.000187048 0.404795) (0.000981445 0.000187048 0.404795) (0.000981445 0.000187048 0.404795) (0.000981445 0.000187048 0.404795) (0.000981445 0.000187048 0.404795) (0.000981445 0.000187048 0.404795)
1200          (-0.00132032 -0.00211029 -2.32736) (-0.00132032 -0.00211029 -2.32736) (-0.00132032 -0.00211029 -2.32736) (-0.00132032 -0.00211029 -2.32736) (-0.00132032 -0.00211029 -2.32736) (-0.00132032 -0.00211029 -2.32736) (-0.00132032 -0.00211029 -2.32736) (-0.00132032 -0.00211029 -2.32736) (-0.00132032 -0.00211029 -2.32736) (-0.00132032 -0.00211029 -2.32736) (-0.00132032 -0.00211029 -2.32736)
1250          (-0.000577239 -0.000400007 -0.0530503) (-0.000577239 -0.000400007 -0.0530503) (-0.000577239 -0.000400007 -0.0530503) (-0.000577239 -0.000400007 -0.0530503) (-0.000577239 -0.000400007 -0.0530503) (-0.000577239 -0.000400007 -0.0530503) (-0.000577239 -0.000400007 -0.0530503) (-0.000577239 -0.000400007 -0.0530503) (-0.000577239 -0.000400007 -0.0530503) (-0.000577239 -0.000400007 -0.0530503) (-0.000577239 -0.000400007 -0.0530503)
1300          (-0.000566795 -0.00120592 -0.138838) (-0.000566795 -0.00120592 -0.138838) (-0.000566795 -0.00120592 -0.138838) (-0.000566795 -0.00120592 -0.138838) (-0.000566795 -0.00120592 -0.138838) (-0.000566795 -0.00120592 -0.138838) (-0.000566795 -0.00120592 -0.138838) (-0.000566795 -0.00120592 -0.138838) (-0.000566795 -0.00120592 -0.138838) (-0.000566795 -0.00120592 -0.138838) (-0.000566795 -0.00120592 -0.138838)
1350          (0.000979209 0.00102765 -0.40514) (0.000979209 0.00102765 -0.40514) (0.000979209 0.00102765 -0.40514) (0.000979209 0.00102765 -0.40514) (0.000979209 0.00102765 -0.40514) (0.000979209 0.00102765 -0.40514) (0.000979209 0.00102765 -0.40514) (0.000979209 0.00102765 -0.40514) (0.000979209 0.00102765 -0.40514) (0.000979209 0.00102765 -0.40514) (0.000979209 0.00102765 -0.40514)
1400          (-0.00148118 -0.00140773 -1.23244) (-0.00148118 -0.00140773 -1.23244) (-0.00148118 -0.00140773 -1.23244) (-0.00148118 -0.00140773 -1.23244) (-0.00148118 -0.00140773 -1.23244) (-0.00148118 -0.00140773 -1.23244) (-0.00148118 -0.00140773 -1.23244) (-0.00148118 -0.00140773 -1.23244) (-0.00148118 -0.00140773 -1.23244) (-0.00148118 -0.00140773 -1.23244) (-0.00148118 -0.00140773 -1.23244)
1450          (-0.000883825 -4.01727e-05 -0.348388) (-0.000883825 -4.01727e-05 -0.348388) (-0.000883825 -4.01727e-05 -0.348388) (-0.000883825 -4.01727e-05 -0.348388) (-0.000883825 -4.01727e-05 -0.348388) (-0.000883825 -4.01727e-05 -0.348388) (-0.000883825 -4.01727e-05 -0.348388) (-0.000883825 -4.01727e-05 -0.348388) (-0.000883825 -4.01727e-05 -0.348388) (-0.000883825 -4.01727e-05 -0.348388) (-0.000883825 -4.01727e-05 -0.348388)
1500          (-0.000622186 0.00306545 -0.145384) (-0.000622186 0.00306545 -0.145384) (-0.000622186 0.00306545 -0.145384) (-0.000622186 0.00306545 -0.145384) (-0.000622186 0.00306545 -0.145384) (-0.000622186 0.00306545 -0.145384) (-0.000622186 0.00306545 -0.145384) (-0.000622186 0.00306545 -0.145384) (-0.000622186 0.00306545 -0.145384) (-0.000622186 0.00306545 -0.145384) (-0.000622186 0.00306545 -0.145384)
1550          (1.04471e-05 0.00126853 -0.321512) (1.04471e-05 0.00126853 -0.321512) (1.04471e-05 0.00126853 -0.321512) (1.04471e-05 0.00126853 -0.321512) (1.04471e-05 0.00126853 -0.321512) (1.04471e-05 0.00126853 -0.321512) (1.04471e-05 0.00126853 -0.321512) (1.04471e-05 0.00126853 -0.321512) (1.04471e-05 0.00126853 -0.321512) (1.04471e-05 0.00126853 -0.321512) (1.04471e-05 0.00126853 -0.321512)
1600          (-0.0013248 -0.000684673 -1.15749) (-0.0013248 -0.000684673 -1.15749) (-0.0013248 -0.000684673 -1.15749) (-0.0013248 -0.000684673 -1.15749) (-0.0013248 -0.000684673 -1.15749) (-0.0013248 -0.000684673 -1.15749) (-0.0013248 -0.000684673 -1.15749) (-0.0013248 -0.000684673 -1.15749) (-0.0013248 -0.000684673 -1.15749) (-0.0013248 -0.000684673 -1.15749) (-0.0013248 -0.000684673 -1.15749)
1650          (-0.000524686 -0.00073268 -0.379314) (-0.000524686 -0.00073268 -0.379314) (-0.000524686 -0.00073268 -0.379314) (-0.000524686 -0.00073268 -0.379314) (-0.000524686 -0.00073268 -0.379314) (-0.000524686 -0.00073268 -0.379314) (-0.000524686 -0.00073268 -0.379314) (-0.000524686 -0.00073268 -0.379314) (-0.000524686 -0.00073268 -0.379314) (-0.000524686 -0.00073268 -0.379314) (-0.000524686 -0.00073268 -0.379314)
1700          (0.000679478 0.000384691 0.252417) (0.000679478 0.000384691 0.252417) (0.000679478 0.000384691 0.252417) (0.000679478 0.000384691 0.252417) (0.000679478 0.000384691 0.252417) (0.000679478 0.000384691 0.252417) (0.000679478 0.000384691 0.252417) (0.000679478 0.000384691 0.252417) (0.000679478 0.000384691 0.252417) (0.000679478 0.000384691 0.252417) (0.000679478 0.000384691 0.252417)
1750          (0.000209145 -0.000633411 1.61887) (0.000209145 -0.000633411 1.61887) (0.000209145 -0.000633411 1.61887) (0.000209145 -0.000633411 1.61887) (0.000209145 -0.000633411 1.61887) (0.000209145 -0.000633411 1.61887) (0.000209145 -0.000633411 1.61887) (0.000209145 -0.000633411 1.61887) (0.000209145 -0.000633411 1.61887) (0.000209145 -0.000633411 1.61887) (0.000209145 -0.000633411 1.61887)
1800          (-0.00296682 0.000879305 0.687933) (-0.00296682 0.000879305 0.687933) (-0.00296682 0.000879305 0.687933) (-0.00296682 0.000879305 0.687933) (-0.00296682 0.000879305 0.687933) (-0.00296682 0.000879305 0.687933) (-0.00296682 0.000879305 0.687933) (-0.00296682 0.000879305 0.687933) (-0.00296682 0.000879305 0.687933) (-0.00296682 0.000879305 0.687933) (-0.00296682 0.000879305 0.687933)
1850          (0.000708528 0.00126976 1.45173) (0.000708528 0.00126976 1.45173) (0.000708528 0.00126976 1.45173) (0.000708528 0.00126976 1.45173) (0.000708528 0.00126976 1.45173) (0.000708528 0.00126976 1.45173) (0.000708528 0.00126976 1.45173) (0.000708528 0.00126976 1.45173) (0.000708528 0.00126976 1.45173) (0.000708528 0.00126976 1.45173) (0.000708528 0.00126976 1.45173)
1900          (0.000315314 0.000901872 0.404774) (0.000315314 0.000901872 0.404774) (0.000315314 0.000901872 0.404774) (0.000315314 0.000901872 0.404774) (0.000315314 0.000901872 0.404774) (0.000315314 0.000901872 0.404774) (0.000315314 0.000901872 0.404774) (0.000315314 0.000901872 0.404774) (0.000315314 0.000901872 0.404774) (0.000315314 0.000901872 0.404774) (0.000315314 0.000901872 0.404774)
1950          (-0.000423211 0.000200485 0.190545) (-0.000423211 0.000200485 0.190545) (-0.000423211 0.000200485 0.190545) (-0.000423211 0.000200485 0.190545) (-0.000423211 0.000200485 0.190545) (-0.000423211 0.000200485 0.190545) (-0.000423211 0.000200485 0.190545) (-0.000423211 0.000200485 0.190545) (-0.000423211 0.000200485 0.190545) (-0.000423211 0.000200485 0.190545) (-0.000423211 0.000200485 0.190545)
2000          (-0.000640146 -9.43612e-05 0.0517828) (-0.000640146 -9.43612e-05 0.0517828) (-0.000640146 -9.43612e-05 0.0517828) (-0.000640146 -9.43612e-05 0.0517828) (-0.000640146 -9.43612e-05 0.0517828) (-0.000640146 -9.43612e-05 0.0517828) (-0.000640146 -9.43612e-05 0.0517828) (-0.000640146 -9.43612e-05 0.0517828) (-0.000640146 -9.43612e-05 0.0517828) (-0.000640146 -9.43612e-05 0.0517828) (-0.000640146 -9.43612e-05 0.0517828)
2050          (6.5326e-05 0.000433746 0.809014) (6.5326e-05 0.000433746 0.809014) (6.5326e-05 0.000433746 0.809014) (6.5326e-05 0.000433746 0.809014) (6.5326e-05 0.000433746 0.809014) (6.5326e-05 0.000433746 0.809014) (6.5326e-05 0.000433746 0.809014) (6.5326e-05 0.000433746 0.809014) (6.5326e-05 0.000433746 0.809014) (6.5326e-05 0.000433746 0.809014) (6.5326e-05 0.000433746 0.809014)
2100          (-0.000400299 0.000237126 0.37534) (-0.000400299 0.000237126 0.37534) (-0.000400299 0.000237126 0.37534) (-0.000400299 0.000237126 0.37534) (-0.000400299 0.000237126 0.37534) (-0.000400299 0.000237126 0.37534) (-0.000400299 0.000237126 0.37534) (-0.000400299 0.000237126 0.37534) (-0.000400299 0.000237126 0.37534) (-0.000400299 0.000237126 0.37534) (-0.000400299 0.000237126 0.37534)
2150          (-0.00050386 -0.000621633 -0.512548) (-0.00050386 -0.000621633 -0.512548) (-0.00050386 -0.000621633 -0.512548) (-0.00050386 -0.000621633 -0.512548) (-0.00050386 -0.000621633 -0.512548) (-0.00050386 -0.000621633 -0.512548) (-0.00050386 -0.000621633 -0.512548) (-0.00050386 -0.000621633 -0.512548) (-0.00050386 -0.000621633 -0.512548) (-0.00050386 -0.000621633 -0.512548) (-0.00050386 -0.000621633 -0.512548)
2200          (-0.000931673 0.000113528 -0.531781) (-0.000931673 0.000113528 -0.531781) (-0.000931673 0.000113528 -0.531781) (-0.000931673 0.000113528 -0.531781) (-0.000931673 0.000113528 -0.531781) (-0.000931673 0.000113528 -0.531781) (-0.000931673 0.000113528 -0.531781) (-0.000931673 0.000113528 -0.531781) (-0.000931673 0.000113528 -0.531781) (-0.000931673 0.000113528 -0.531781) (-0.000931673 0.000113528 -0.531781)
2250          (-0.000115323 -0.000433343 -0.646278) (-0.000115323 -0.000433343 -0.646278) (-0.000115323 -0.000433343 -0.646278) (-0.000115323 -0.000433343 -0.646278) (-0.000115323 -0.000433343 -0.646278) (-0.000115323 -0.000433343 -0.646278) (-0.000115323 -0.000433343 -0.646278) (-0.000115323 -0.000433343 -0.646278) (-0.000115323 -0.000433343 -0.646278) (-0.000115323 -0.000433343 -0.646278) (-0.000115323 -0.000433343 -0.646278)
2300          (0.000109534 -0.00154321 0.181909) (0.000109534 -0.00154321 0.181909) (0.000109534 -0.00154321 0.181909) (0.000109534 -0.00154321 0.181909) (0.000109534 -0.00154321 0.181909) (0.000109534 -0.00154321 0.181909) (0.000109534 -0.00154321 0.181909) (0.000109534 -0.00154321 0.181909) (0.000109534 -0.00154321 0.181909) (0.000109534 -0.00154321 0.181909) (0.000109534 -0.00154321 0.181909)
2350          (-0.00331993 -0.00129297 0.743919) (-0.00331993 -0.00129297 0.743919) (-0.00331993 -0.00129297 0.743919) (-0.00331993 -0.00129297 0.743919) (-0.00331993 -0.00129297 0.743919) (-0.00331993 -0.00129297 0.743919) (-0.00331993 -0.00129297 0.743919) (-0.00331993 -0.00129297 0.743919) (-0.00331993 -0.00129297 0.743919) (-0.00331993 -0.00129297 0.743919) (-0.00331993 -0.00129297 0.743919)
2400          (-0.000770977 0.000314156 0.240141) (-0.000770977 0.000314156 0.240141) (-0.000770977 0.000314156 0.240141) (-0.000770977 0.000314156 0.240141) (-0.000770977 0.000314156 0.240141) (-0.000770977 0.000314156 0.240141) (-0.000770977 0.000314156 0.240141) (-0.000770977 0.000314156 0.240141) (-0.000770977 0.000314156 0.240141) (-0.000770977 0.000314156 0.240141) (-0.000770977 0.000314156 0.240141)
2450          (-0.000171379 0.00193848 1.70043) (-0.000171379 0.00193848 1.70043) (-0.000171379 0.00193848 1.70043) (-0.000171379 0.00193848 1.70043) (-0.000171379 0.00193848 1.70043) (-0.000171379 0.00193848 1.70043) (-0.000171379 0.00193848 1.70043) (-0.000171379 0.00193848 1.70043) (-0.000171379 0.00193848 1.70043) (-0.000171379 0.00193848 1.70043) (-0.000171379 0.00193848 1.70043)
2500          (-0.000978859 0.000660701 -1.84253) (-0.000978859 0.000660701 -1.84253) (-0.000978859 0.000660701 -1.84253) (-0.000978859 0.000660701 -1.84253) (-0.000978859 0.000660701 -1.84253) (-0.000978859 0.000660701 -1.84253) (-0.000978859 0.000660701 -1.84253) (-0.000978859 0.000660701 -1.84253) (-0.000978859 0.000660701 -1.84253) (-0.000978859 0.000660701 -1.84253) (-0.000978859 0.000660701 -1.84253)
2550          (9.12925e-06 0.000688333 0.709651) (9.12925e-06 0.000688333 0.709651) (9.12925e-06 0.000688333 0.709651) (9.12925e-06 0.000688333 0.709651) (9.12925e-06 0.000688333 0.709651) (9.12925e-06 0.000688333 0.709651) (9.12925e-06 0.000688333 0.709651) (9.12925e-06 0.000688333 0.709651) (9.12925e-06 0.000688333 0.709651) (9.12925e-06 0.000688333 0.709651) (9.12925e-06 0.000688333 0.709651)
2600          (-0.00224871 0.00271163 0.0981084) (-0.00224871 0.00271163 0.0981084) (-0.00224871 0.00271163 0.0981084) (-0.00224871 0.00271163 0.0981084) (-0.00224871 0.00271163 0.0981084) (-0.00224871 0.00271163 0.0981084) (-0.00224871 0.00271163 0.0981084) (-0.00224871 0.00271163 0.0981084) (-0.00224871 0.00271163 0.0981084) (-0.00224871 0.00271163 0.0981084) (-0.00224871 0.00271163 0.0981084)
2650          (-0.000515659 -0.000434448 -0.120188) (-0.000515659 -0.000434448 -0.120188) (-0.000515659 -0.000434448 -0.120188) (-0.000515659 -0.000434448 -0.120188) (-0.000515659 -0.000434448 -0.120188) (-0.000515659 -0.000434448 -0.120188) (-0.000515659 -0.000434448 -0.120188) (-0.000515659 -0.000434448 -0.120188) (-0.000515659 -0.000434448 -0.120188) (-0.000515659 -0.000434448 -0.120188) (-0.000515659 -0.000434448 -0.120188)
2700          (-0.00117664 -0.000449681 1.12529) (-0.00117664 -0.000449681 1.12529) (-0.00117664 -0.000449681 1.12529) (-0.00117664 -0.000449681 1.12529) (-0.00117664 -0.000449681 1.12529) (-0.00117664 -0.000449681 1.12529) (-0.00117664 -0.000449681 1.12529) (-0.00117664 -0.000449681 1.12529) (-0.00117664 -0.000449681 1.12529) (-0.00117664 -0.000449681 1.12529) (-0.00117664 -0.000449681 1.12529)
2750          (-0.000103282 -0.00039545 0.124088) (-0.000103282 -0.00039545 0.124088) (-0.000103282 -0.00039545 0.124088) (-0.000103282 -0.00039545 0.124088) (-0.000103282 -0.00039545 0.124088) (-0.000103282 -0.00039545 0.124088) (-0.000103282 -0.00039545 0.124088) (-0.000103282 -0.00039545 0.124088) (-0.000103282 -0.00039545 0.124088) (-0.000103282 -0.00039545 0.124088) (-0.000103282 -0.00039545 0.124088)
2800          (-0.000581641 0.000135931 0.315572) (-0.000581641 0.000135931 0.315572) (-0.000581641 0.000135931 0.315572) (-0.000581641 0.000135931 0.315572) (-0.000581641 0.000135931 0.315572) (-0.000581641 0.000135931 0.315572) (-0.000581641 0.000135931 0.315572) (-0.000581641 0.000135931 0.315572) (-0.000581641 0.000135931 0.315572) (-0.000581641 0.000135931 0.315572) (-0.000581641 0.000135931 0.315572)
2850          (-0.000242158 0.000111532 -0.0820013) (-0.000242158 0.000111532 -0.0820013) (-0.000242158 0.000111532 -0.0820013) (-0.000242158 0.000111532 -0.0820013) (-0.000242158 0.000111532 -0.0820013) (-0.000242158 0.000111532 -0.0820013) (-0.000242158 0.000111532 -0.0820013) (-0.000242158 0.000111532 -0.0820013) (-0.000242158 0.000111532 -0.0820013) (-0.000242158 0.000111532 -0.0820013) (-0.000242158 0.000111532 -0.0820013)
2900          (-0.000853784 -0.000695135 0.0757537) (-0.000853784 -0.000695135 0.0757537) (-0.000853784 -0.000695135 0.0757537) (-0.000853784 -0.000695135 0.0757537) (-0.000853784 -0.000695135 0.0757537) (-0.000853784 -0.000695135 0.0757537) (-0.000853784 -0.000695135 0.0757537) (-0.000853784 -0.000695135 0.0757537) (-0.000853784 -0.000695135 0.0757537) (-0.000853784 -0.000695135 0.0757537) (-0.000853784 -0.000695135 0.0757537)
2950          (0.00255431 -0.00099058 1.67103) (0.00255431 -0.00099058 1.67103) (0.00255431 -0.00099058 1.67103) (0.00255431 -0.00099058 1.67103) (0.00255431 -0.00099058 1.67103) (0.00255431 -0.00099058 1.67103) (0.00255431 -0.00099058 1.67103) (0.00255431 -0.00099058 1.67103) (0.00255431 -0.00099058 1.67103) (0.00255431 -0.00099058 1.67103) (0.00255431 -0.00099058 1.67103)
3000          (0.000697174 0.000295163 0.952346) (0.000697174 0.000295163 0.952346) (0.000697174 0.000295163 0.952346) (0.000697174 0.000295163 0.952346) (0.000697174 0.000295163 0.952346) (0.000697174 0.000295163 0.952346) (0.000697174 0.000295163 0.952346) (0.000697174 0.000295163 0.952346) (0.000697174 0.000295163 0.952346) (0.000697174 0.000295163 0.952346) (0.000697174 0.000295163 0.952346)
3050          (-0.000903963 -0.00109715 0.0593178) (-0.000903963 -0.00109715 0.0593178) (-0.000903963 -0.00109715 0.0593178) (-0.000903963 -0.00109715 0.0593178) (-0.000903963 -0.00109715 0.0593178) (-0.000903963 -0.00109715 0.0593178) (-0.000903963 -0.00109715 0.0593178) (-0.000903963 -0.00109715 0.0593178) (-0.000903963 -0.00109715 0.0593178) (-0.000903963 -0.00109715 0.0593178) (-0.000903963 -0.00109715 0.0593178)
3100          (-0.00251237 -0.00231234 0.452344) (-0.00251237 -0.00231234 0.452344) (-0.00251237 -0.00231234 0.452344) (-0.00251237 -0.00231234 0.452344) (-0.00251237 -0.00231234 0.452344) (-0.00251237 -0.00231234 0.452344) (-0.00251237 -0.00231234 0.452344) (-0.00251237 -0.00231234 0.452344) (-0.00251237 -0.00231234 0.452344) (-0.00251237 -0.00231234 0.452344) (-0.00251237 -0.00231234 0.452344)
3150          (0.00121304 -0.000553661 1.28813) (0.00121304 -0.000553661 1.28813) (0.00121304 -0.000553661 1.28813) (0.00121304 -0.000553661 1.28813) (0.00121304 -0.000553661 1.28813) (0.00121304 -0.000553661 1.28813) (0.00121304 -0.000553661 1.28813) (0.00121304 -0.000553661 1.28813) (0.00121304 -0.000553661 1.28813) (0.00121304 -0.000553661 1.28813) (0.00121304 -0.000553661 1.28813)
3200          (-0.000370671 -0.00108783 -1.57562) (-0.000370671 -0.00108783 -1.57562) (-0.000370671 -0.00108783 -1.57562) (-0.000370671 -0.00108783 -1.57562) (-0.000370671 -0.00108783 -1.57562) (-0.000370671 -0.00108783 -1.57562) (-0.000370671 -0.00108783 -1.57562) (-0.000370671 -0.00108783 -1.57562) (-0.000370671 -0.00108783 -1.57562) (-0.000370671 -0.00108783 -1.57562) (-0.000370671 -0.00108783 -1.57562)
3250          (-0.00112127 -0.000601482 -0.757867) (-0.00112127 -0.000601482 -0.757867) (-0.00112127 -0.000601482 -0.757867) (-0.00112127 -0.000601482 -0.757867) (-0.00112127 -0.000601482 -0.757867) (-0.00112127 -0.000601482 -0.757867) (-0.00112127 -0.000601482 -0.757867) (-0.00112127 -0.000601482 -0.757867) (-0.00112127 -0.000601482 -0.757867) (-0.00112127 -0.000601482 -0.757867) (-0.00112127 -0.000601482 -0.757867)
3300          (0.000594646 -0.000840259 0.162607) (0.000594646 -0.000840259 0.162607) (0.000594646 -0.000840259 0.162607) (0.000594646 -0.000840259 0.162607) (0.000594646 -0.000840259 0.162607) (0.000594646 -0.000840259 0.162607) (0.000594646 -0.000840259 0.162607) (0.000594646 -0.000840259 0.162607) (0.000594646 -0.000840259 0.162607) (0.000594646 -0.000840259 0.162607) (0.000594646 -0.000840259 0.162607)
3350          (-0.000826223 -0.000232773 -0.121689) (-0.000826223 -0.000232773 -0.121689) (-0.000826223 -0.000232773 -0.121689) (-0.000826223 -0.000232773 -0.121689) (-0.000826223 -0.000232773 -0.121689) (-0.000826223 -0.000232773 -0.121689) (-0.000826223 -0.000232773 -0.121689) (-0.000826223 -0.000232773 -0.121689) (-0.000826223 -0.000232773 -0.121689) (-0.000826223 -0.000232773 -0.121689) (-0.000826223 -0.000232773 -0.121689)
3400          (0.00175943 -0.000447546 0.0225517) (0.00175943 -0.000447546 0.0225517) (0.00175943 -0.000447546 0.0225517) (0.00175943 -0.000447546 0.0225517) (0.00175943 -0.000447546 0.0225517) (0.00175943 -0.000447546 0.0225517) (0.00175943 -0.000447546 0.0225517) (0.00175943 -0.000447546 0.0225517) (0.00175943 -0.000447546 0.0225517) (0.00175943 -0.000447546 0.0225517) (0.00175943 -0.000447546 0.0225517)
3450          (-0.00149467 -0.00116467 -1.39978) (-0.00149467 -0.00116467 -1.39978) (-0.00149467 -0.00116467 -1.39978) (-0.00149467 -0.00116467 -1.39978) (-0.00149467 -0.00116467 -1.39978) (-0.00149467 -0.00116467 -1.39978) (-0.00149467 -0.00116467 -1.39978) (-0.00149467 -0.00116467 -1.39978) (-0.00149467 -0.00116467 -1.39978) (-0.00149467 -0.00116467 -1.39978) (-0.00149467 -0.00116467 -1.39978)
3500          (-0.00447018 0.000464102 1.26787) (-0.00447018 0.000464102 1.26787) (-0.00447018 0.000464102 1.26787) (-0.00447018 0.000464102 1.26787) (-0.00447018 0.000464102 1.26787) (-0.00447018 0.000464102 1.26787) (-0.00447018 0.000464102 1.26787) (-0.00447018 0.000464102 1.26787) (-0.00447018 0.000464102 1.26787) (-0.00447018 0.000464102 1.26787) (-0.00447018 0.000464102 1.26787)
3550          (0.000618059 -0.000143064 -0.0433861) (0.000618059 -0.000143064 -0.0433861) (0.000618059 -0.000143064 -0.0433861) (0.000618059 -0.000143064 -0.0433861) (0.000618059 -0.000143064 -0.0433861) (0.000618059 -0.000143064 -0.0433861) (0.000618059 -0.000143064 -0.0433861) (0.000618059 -0.000143064 -0.0433861) (0.000618059 -0.000143064 -0.0433861) (0.000618059 -0.000143064 -0.0433861) (0.000618059 -0.000143064 -0.0433861)
3600          (-0.00130544 -0.000896416 0.129871) (-0.00130544 -0.000896416 0.129871) (-0.00130544 -0.000896416 0.129871) (-0.00130544 -0.000896416 0.129871) (-0.00130544 -0.000896416 0.129871) (-0.00130544 -0.000896416 0.129871) (-0.00130544 -0.000896416 0.129871) (-0.00130544 -0.000896416 0.129871) (-0.00130544 -0.000896416 0.129871) (-0.00130544 -0.000896416 0.129871) (-0.00130544 -0.000896416 0.129871)
3650          (-0.000427011 0.000147944 -0.256532) (-0.000427011 0.000147944 -0.256532) (-0.000427011 0.000147944 -0.256532) (-0.000427011 0.000147944 -0.256532) (-0.000427011 0.000147944 -0.256532) (-0.000427011 0.000147944 -0.256532) (-0.000427011 0.000147944 -0.256532) (-0.000427011 0.000147944 -0.256532) (-0.000427011 0.000147944 -0.256532) (-0.000427011 0.000147944 -0.256532) (-0.000427011 0.000147944 -0.256532)
3700          (-0.000748829 0.00022169 -0.470658) (-0.000748829 0.00022169 -0.470658) (-0.000748829 0.00022169 -0.470658) (-0.000748829 0.00022169 -0.470658) (-0.000748829 0.00022169 -0.470658) (-0.000748829 0.00022169 -0.470658) (-0.000748829 0.00022169 -0.470658) (-0.000748829 0.00022169 -0.470658) (-0.000748829 0.00022169 -0.470658) (-0.000748829 0.00022169 -0.470658) (-0.000748829 0.00022169 -0.470658)
3750          (0.000895846 0.000331013 0.19301) (0.000895846 0.000331013 0.19301) (0.000895846 0.000331013 0.19301) (0.000895846 0.000331013 0.19301) (0.000895846 0.000331013 0.19301) (0.000895846 0.000331013 0.19301) (0.000895846 0.000331013 0.19301) (0.000895846 0.000331013 0.19301) (0.000895846 0.000331013 0.19301) (0.000895846 0.000331013 0.19301) (0.000895846 0.000331013 0.19301)
3800          (0.000599418 0.00044028 -0.499869) (0.000599418 0.00044028 -0.499869) (0.000599418 0.00044028 -0.499869) (0.000599418 0.00044028 -0.499869) (0.000599418 0.00044028 -0.499869) (0.000599418 0.00044028 -0.499869) (0.000599418 0.00044028 -0.499869) (0.000599418 0.00044028 -0.499869) (0.000599418 0.00044028 -0.499869) (0.000599418 0.00044028 -0.499869) (0.000599418 0.00044028 -0.499869)
3850          (-0.000203014 0.000255693 -0.43435) (-0.000203014 0.000255693 -0.43435) (-0.000203014 0.000255693 -0.43435) (-0.000203014 0.000255693 -0.43435) (-0.000203014 0.000255693 -0.43435) (-0.000203014 0.000255693 -0.43435) (-0.000203014 0.000255693 -0.43435) (-0.000203014 0.000255693 -0.43435) (-0.000203014 0.000255693 -0.43435) (-0.000203014 0.000255693 -0.43435) (-0.000203014 0.000255693 -0.43435)
3900          (-4.0702e-05 0.000806884 1.22837) (-4.0702e-05 0.000806884 1.22837) (-4.0702e-05 0.000806884 1.22837) (-4.0702e-05 0.000806884 1.22837) (-4.0702e-05 0.000806884 1.22837) (-4.0702e-05 0.000806884 1.22837) (-4.0702e-05 0.000806884 1.22837) (-4.0702e-05 0.000806884 1.22837) (-4.0702e-05 0.000806884 1.22837) (-4.0702e-05 0.000806884 1.22837) (-4.0702e-05 0.000806884 1.22837)
3950          (-6.27344e-05 -0.000797936 -0.436865) (-6.27344e-05 -0.000797936 -0.436865) (-6.27344e-05 -0.000797936 -0.436865) (-6.27344e-05 -0.000797936 -0.436865) (-6.27344e-05 -0.000797936 -0.436865) (-6.27344e-05 -0.000797936 -0.436865) (-6.27344e-05 -0.000797936 -0.436865) (-6.27344e-05 -0.000797936 -0.436865) (-6.27344e-05 -0.000797936 -0.436865) (-6.27344e-05 -0.000797936 -0.436865) (-6.27344e-05 -0.000797936 -0.436865)
4000          (3.52766e-05 0.000152012 0.128148) (3.52766e-05 0.000152012 0.128148) (3.52766e-05 0.000152012 0.128148) (3.52766e-05 0.000152012 0.128148) (3.52766e-05 0.000152012 0.128148) (3.52766e-05 0.000152012 0.128148) (3.52766e-05 0.000152012 0.128148) (3.52766e-05 0.000152012 0.128148) (3.52766e-05 0.000152012 0.128148) (3.52766e-05 0.000152012 0.128148) (3.52766e-05 0.000152012 0.128148)
4050          (-0.000140187 -0.000659945 -1.35696) (-0.000140187 -0.000659945 -1.35696) (-0.000140187 -0.000659945 -1.35696) (-0.000140187 -0.000659945 -1.35696) (-0.000140187 -0.000659945 -1.35696) (-0.000140187 -0.000659945 -1.35696) (-0.000140187 -0.000659945 -1.35696) (-0.000140187 -0.000659945 -1.35696) (-0.000140187 -0.000659945 -1.35696) (-0.000140187 -0.000659945 -1.35696) (-0.000140187 -0.000659945 -1.35696)
4100          (-0.000862996 -0.00064306 -0.200531) (-0.000862996 -0.00064306 -0.200531) (-0.000862996 -0.00064306 -0.200531) (-0.000862996 -0.00064306 -0.200531) (-0.000862996 -0.00064306 -0.200531) (-0.000862996 -0.00064306 -0.200531) (-0.000862996 -0.00064306 -0.200531) (-0.000862996 -0.00064306 -0.200531) (-0.000862996 -0.00064306 -0.200531) (-0.000862996 -0.00064306 -0.200531) (-0.000862996 -0.00064306 -0.200531)
4150          (-0.00104648 -0.000369255 -0.0217324) (-0.00104648 -0.000369255 -0.0217324) (-0.00104648 -0.000369255 -0.0217324) (-0.00104648 -0.000369255 -0.0217324) (-0.00104648 -0.000369255 -0.0217324) (-0.00104648 -0.000369255 -0.0217324) (-0.00104648 -0.000369255 -0.0217324) (-0.00104648 -0.000369255 -0.0217324) (-0.00104648 -0.000369255 -0.0217324) (-0.00104648 -0.000369255 -0.0217324) (-0.00104648 -0.000369255 -0.0217324)
4200          (0.00223429 0.00112329 -0.790038) (0.00223429 0.00112329 -0.790038) (0.00223429 0.00112329 -0.790038) (0.00223429 0.00112329 -0.790038) (0.00223429 0.00112329 -0.790038) (0.00223429 0.00112329 -0.790038) (0.00223429 0.00112329 -0.790038) (0.00223429 0.00112329 -0.790038) (0.00223429 0.00112329 -0.790038) (0.00223429 0.00112329 -0.790038) (0.00223429 0.00112329 -0.790038)
4250          (0.00137675 0.000989558 1.16303) (0.00137675 0.000989558 1.16303) (0.00137675 0.000989558 1.16303) (0.00137675 0.000989558 1.16303) (0.00137675 0.000989558 1.16303) (0.00137675 0.000989558 1.16303) (0.00137675 0.000989558 1.16303) (0.00137675 0.000989558 1.16303) (0.00137675 0.000989558 1.16303) (0.00137675 0.000989558 1.16303) (0.00137675 0.000989558 1.16303)
4300          (0.000359529 0.000297541 0.204332) (0.000359529 0.000297541 0.204332) (0.000359529 0.000297541 0.204332) (0.000359529 0.000297541 0.204332) (0.000359529 0.000297541 0.204332) (0.000359529 0.000297541 0.204332) (0.000359529 0.000297541 0.204332) (0.000359529 0.000297541 0.204332) (0.000359529 0.000297541 0.204332) (0.000359529 0.000297541 0.204332) (0.000359529 0.000297541 0.204332)
4350          (0.000362693 0.000354091 0.100447) (0.000362693 0.000354091 0.100447) (0.000362693 0.000354091 0.100447) (0.000362693 0.000354091 0.100447) (0.000362693 0.000354091 0.100447) (0.000362693 0.000354091 0.100447) (0.000362693 0.000354091 0.100447) (0.000362693 0.000354091 0.100447) (0.000362693 0.000354091 0.100447) (0.000362693 0.000354091 0.100447) (0.000362693 0.000354091 0.100447)
4400          (0.000202347 3.03803e-06 0.51046) (0.000202347 3.03803e-06 0.51046) (0.000202347 3.03803e-06 0.51046) (0.000202347 3.03803e-06 0.51046) (0.000202347 3.03803e-06 0.51046) (0.000202347 3.03803e-06 0.51046) (0.000202347 3.03803e-06 0.51046) (0.000202347 3.03803e-06 0.51046) (0.000202347 3.03803e-06 0.51046) (0.000202347 3.03803e-06 0.51046) (0.000202347 3.03803e-06 0.51046)
4450          (0.000458023 -0.000829605 -0.92117) (0.000458023 -0.000829605 -0.92117) (0.000458023 -0.000829605 -0.92117) (0.000458023 -0.000829605 -0.92117) (0.000458023 -0.000829605 -0.92117) (0.000458023 -0.000829605 -0.92117) (0.000458023 -0.000829605 -0.92117) (0.000458023 -0.000829605 -0.92117) (0.000458023 -0.000829605 -0.92117) (0.000458023 -0.000829605 -0.92117) (0.000458023 -0.000829605 -0.92117)
4500          (-0.00219047 -0.000350832 -1.32869) (-0.00219047 -0.000350832 -1.32869) (-0.00219047 -0.000350832 -1.32869) (-0.00219047 -0.000350832 -1.32869) (-0.00219047 -0.000350832 -1.32869) (-0.00219047 -0.000350832 -1.32869) (-0.00219047 -0.000350832 -1.32869) (-0.00219047 -0.000350832 -1.32869) (-0.00219047 -0.000350832 -1.32869) (-0.00219047 -0.000350832 -1.32869) (-0.00219047 -0.000350832 -1.32869)
4550          (0.000575303 -0.000376354 -0.114201) (0.000575303 -0.000376354 -0.114201) (0.000575303 -0.000376354 -0.114201) (0.000575303 -0.000376354 -0.114201) (0.000575303 -0.000376354 -0.114201) (0.000575303 -0.000376354 -0.114201) (0.000575303 -0.000376354 -0.114201) (0.000575303 -0.000376354 -0.114201) (0.000575303 -0.000376354 -0.114201) (0.000575303 -0.000376354 -0.114201) (0.000575303 -0.000376354 -0.114201)
4600          (-0.000687 -0.00063827 -0.0894733) (-0.000687 -0.00063827 -0.0894733) (-0.000687 -0.00063827 -0.0894733) (-0.000687 -0.00063827 -0.0894733) (-0.000687 -0.00063827 -0.0894733) (-0.000687 -0.00063827 -0.0894733) (-0.000687 -0.00063827 -0.0894733) (-0.000687 -0.00063827 -0.0894733) (-0.000687 -0.00063827 -0.0894733) (-0.000687 -0.00063827 -0.0894733) (-0.000687 -0.00063827 -0.0894733)
4650          (-0.00131293 -0.00129274 -1.27583) (-0.00131293 -0.00129274 -1.27583) (-0.00131293 -0.00129274 -1.27583) (-0.00131293 -0.00129274 -1.27583) (-0.00131293 -0.00129274 -1.27583) (-0.00131293 -0.00129274 -1.27583) (-0.00131293 -0.00129274 -1.27583) (-0.00131293 -0.00129274 -1.27583) (-0.00131293 -0.00129274 -1.27583) (-0.00131293 -0.00129274 -1.27583) (-0.00131293 -0.00129274 -1.27583)
4700          (-0.000197556 -0.000424785 -0.0408647) (-0.000197556 -0.000424785 -0.0408647) (-0.000197556 -0.000424785 -0.0408647) (-0.000197556 -0.000424785 -0.0408647) (-0.000197556 -0.000424785 -0.0408647) (-0.000197556 -0.000424785 -0.0408647) (-0.000197556 -0.000424785 -0.0408647) (-0.000197556 -0.000424785 -0.0408647) (-0.000197556 -0.000424785 -0.0408647) (-0.000197556 -0.000424785 -0.0408647) (-0.000197556 -0.000424785 -0.0408647)
4750          (-0.00033581 9.44911e-05 0.0175839) (-0.00033581 9.44911e-05 0.0175839) (-0.00033581 9.44911e-05 0.0175839) (-0.00033581 9.44911e-05 0.0175839) (-0.00033581 9.44911e-05 0.0175839) (-0.00033581 9.44911e-05 0.0175839) (-0.00033581 9.44911e-05 0.0175839) (-0.00033581 9.44911e-05 0.0175839) (-0.00033581 9.44911e-05 0.0175839) (-0.00033581 9.44911e-05 0.0175839) (-0.00033581 9.44911e-05 0.0175839)
4800          (-0.00128944 -0.000306055 0.229198) (-0.00128944 -0.000306055 0.229198) (-0.00128944 -0.000306055 0.229198) (-0.00128944 -0.000306055 0.229198) (-0.00128944 -0.000306055 0.229198) (-0.00128944 -0.000306055 0.229198) (-0.00128944 -0.000306055 0.229198) (-0.00128944 -0.000306055 0.229198) (-0.00128944 -0.000306055 0.229198) (-0.00128944 -0.000306055 0.229198) (-0.00128944 -0.000306055 0.229198)
4850          (-0.00179237 -0.000869694 1.19667) (-0.00179237 -0.000869694 1.19667) (-0.00179237 -0.000869694 1.19667) (-0.00179237 -0.000869694 1.19667) (-0.00179237 -0.000869694 1.19667) (-0.00179237 -0.000869694 1.19667) (-0.00179237 -0.000869694 1.19667) (-0.00179237 -0.000869694 1.19667) (-0.00179237 -0.000869694 1.19667) (-0.00179237 -0.000869694 1.19667) (-0.00179237 -0.000869694 1.19667)
4900          (-0.00023562 0.000106475 0.484718) (-0.00023562 0.000106475 0.484718) (-0.00023562 0.000106475 0.484718) (-0.00023562 0.000106475 0.484718) (-0.00023562 0.000106475 0.484718) (-0.00023562 0.000106475 0.484718) (-0.00023562 0.000106475 0.484718) (-0.00023562 0.000106475 0.484718) (-0.00023562 0.000106475 0.484718) (-0.00023562 0.000106475 0.484718) (-0.00023562 0.000106475 0.484718)
4950          (-0.00116529 -0.00039705 -0.958767) (-0.00116529 -0.00039705 -0.958767) (-0.00116529 -0.00039705 -0.958767) (-0.00116529 -0.00039705 -0.958767) (-0.00116529 -0.00039705 -0.958767) (-0.00116529 -0.00039705 -0.958767) (-0.00116529 -0.00039705 -0.958767) (-0.00116529 -0.00039705 -0.958767) (-0.00116529 -0.00039705 -0.958767) (-0.00116529 -0.00039705 -0.958767) (-0.00116529 -0.00039705 -0.958767)
5000          (-0.00079159 -2.80787e-06 -1.11208) (-0.00079159 -2.80787e-06 -1.11208) (-0.00079159 -2.80787e-06 -1.11208) (-0.00079159 -2.80787e-06 -1.11208) (-0.00079159 -2.80787e-06 -1.11208) (-0.00079159 -2.80787e-06 -1.11208) (-0.00079159 -2.80787e-06 -1.11208) (-0.00079159 -2.80787e-06 -1.11208) (-0.00079159 -2.80787e-06 -1.11208) (-0.00079159 -2.80787e-06 -1.11208) (-0.00079159 -2.80787e-06 -1.11208)
