# Probe 0 (0.0015 0.0015 0)
# Probe 1 (0.0015 0.0015 0.002)
# Probe 2 (0.0015 0.0015 0.004)
# Probe 3 (0.0015 0.0015 0.006)
# Probe 4 (0.0015 0.0015 0.008)
# Probe 5 (0.0015 0.0015 0.01)
# Probe 6 (0.0015 0.0015 0.012)
# Probe 7 (0.0015 0.0015 0.014)
# Probe 8 (0.0015 0.0015 0.016)
# Probe 9 (0.0015 0.0015 0.018)
# Probe 10 (0.0015 0.0015 0.02)
# Time        0             1             2             3             4             5             6             7             8             9             10           
50            0.00129637    0.000372687   0.00035931    0.000756506   0.000431533   0.00085058    0.000387766   0.000645301   0.000458822   0.000285386   0.00075269   
100           0.00129637    0.000372687   0.00035931    0.000756506   0.000431533   0.00085058    0.000387766   0.000645301   0.000458822   0.000285386   0.00075269   
150           0.00129637    0.000372687   0.00035931    0.000756506   0.000431533   0.00085058    0.000387766   0.000645301   0.000458822   0.000285386   0.00075269   
200           0.00129637    0.000372687   0.00035931    0.000756506   0.000431533   0.00085058    0.000387766   0.000645301   0.000458822   0.000285386   0.00075269   
250           0.00129637    0.000372687   0.00035931    0.000756506   0.000431533   0.00085058    0.000387766   0.000645301   0.000458822   0.000285386   0.00075269   
300           0.00129637    0.000372687   0.00035931    0.000756506   0.000431533   0.00085058    0.000387766   0.000645301   0.000458822   0.000285386   0.00075269   
350           0.00129637    0.000372687   0.00035931    0.000756506   0.000431533   0.00085058    0.000387766   0.000645301   0.000458822   0.000285386   0.00075269   
400           0.00129637    0.000372687   0.00035931    0.000756506   0.000431533   0.00085058    0.000387766   0.000645301   0.000458822   0.000285386   0.00075269   
450           0.00129637    0.000372687   0.00035931    0.000756506   0.000431533   0.00085058    0.000387766   0.000645301   0.000458822   0.000285386   0.00075269   
500           0.00129637    0.000372687   0.00035931    0.000756506   0.000431533   0.00085058    0.000387766   0.000645301   0.000458822   0.000285386   0.00075269   
550           0.00129637    0.000372687   0.00035931    0.000756506   0.000431533   0.00085058    0.000387766   0.000645301   0.000458822   0.000285386   0.00075269   
600           0.00129637    0.000372687   0.00035931    0.000756506   0.000431533   0.00085058    0.000387766   0.000645301   0.000458822   0.000285386   0.00075269   
650           0.00129637    0.000372687   0.00035931    0.000756506   0.000431533   0.00085058    0.000387766   0.000645301   0.000458822   0.000285386   0.00075269   
700           0.00129637    0.000372687   0.00035931    0.000756506   0.000431533   0.00085058    0.000387766   0.000645301   0.000458822   0.000285386   0.00075269   
750           0.00129637    0.000372687   0.00035931    0.000756506   0.000431533   0.00085058    0.000387766   0.000645301   0.000458822   0.000285386   0.00075269   
800           0.00129637    0.000372687   0.00035931    0.000756506   0.000431533   0.00085058    0.000387766   0.000645301   0.000458822   0.000285386   0.00075269   
850           0.00129637    0.000372687   0.00035931    0.000756506   0.000431533   0.00085058    0.000387766   0.000645301   0.000458822   0.000285386   0.00075269   
900           0.00129637    0.000372687   0.00035931    0.000756506   0.000431533   0.00085058    0.000387766   0.000645301   0.000458822   0.000285386   0.00075269   
950           0.00129637    0.000372687   0.00035931    0.000756506   0.000431533   0.00085058    0.000387766   0.000645301   0.000458822   0.000285386   0.00075269   
1000          0.00129637    0.000372687   0.00035931    0.000756506   0.000431533   0.00085058    0.000387766   0.000645301   0.000458822   0.000285386   0.00075269   
1050          0.00129637    0.000372687   0.00035931    0.000756506   0.000431533   0.00085058    0.000387766   0.000645301   0.000458822   0.000285386   0.00075269   
1100          0.00129637    0.000372687   0.00035931    0.000756506   0.000431533   0.00085058    0.000387766   0.000645301   0.000458822   0.000285386   0.00075269   
1150          0.00129637    0.000372687   0.00035931    0.000756506   0.000431533   0.00085058    0.000387766   0.000645301   0.000458822   0.000285386   0.00075269   
1200          0.00129637    0.000372687   0.00035931    0.000756506   0.000431533   0.00085058    0.000387766   0.000645301   0.000458822   0.000285386   0.00075269   
1250          0.00129637    0.000372687   0.00035931    0.000756506   0.000431533   0.00085058    0.000387766   0.000645301   0.000458822   0.000285386   0.00075269   
1300          0.00129637    0.000372687   0.00035931    0.000756506   0.000431533   0.00085058    0.000387766   0.000645301   0.000458822   0.000285386   0.00075269   
1350          0.00129637    0.000372687   0.00035931    0.000756506   0.000431533   0.00085058    0.000387766   0.000645301   0.000458822   0.000285386   0.00075269   
1400          0.00129637    0.000372687   0.00035931    0.000756506   0.000431533   0.00085058    0.000387766   0.000645301   0.000458822   0.000285386   0.00075269   
1450          0.00129637    0.000372687   0.00035931    0.000756506   0.000431533   0.00085058    0.000387766   0.000645301   0.000458822   0.000285386   0.00075269   
1500          0.00129637    0.000372687   0.00035931    0.000756506   0.000431533   0.00085058    0.000387766   0.000645301   0.000458822   0.000285386   0.00075269   
1550          0.00129637    0.000372687   0.00035931    0.000756506   0.000431533   0.00085058    0.000387766   0.000645301   0.000458822   0.000285386   0.00075269   
1600          0.00129637    0.000372687   0.00035931    0.000756506   0.000431533   0.00085058    0.000387766   0.000645301   0.000458822   0.000285386   0.00075269   
1650          0.00129637    0.000372687   0.00035931    0.000756506   0.000431533   0.00085058    0.000387766   0.000645301   0.000458822   0.000285386   0.00075269   
1700          0.00129637    0.000372687   0.00035931    0.000756506   0.000431533   0.00085058    0.000387766   0.000645301   0.000458822   0.000285386   0.00075269   
1750          0.00129637    0.000372687   0.00035931    0.000756506   0.000431533   0.00085058    0.000387766   0.000645301   0.000458822   0.000285386   0.00075269   
1800          0.00129637    0.000372687   0.00035931    0.000756506   0.000431533   0.00085058    0.000387766   0.000645301   0.000458822   0.000285386   0.00075269   
1850          0.00129637    0.000372687   0.00035931    0.000756506   0.000431533   0.00085058    0.000387766   0.000645301   0.000458822   0.000285386   0.00075269   
1900          0.00129637    0.000372687   0.00035931    0.000756506   0.000431533   0.00085058    0.000387766   0.000645301   0.000458822   0.000285386   0.00075269   
1950          0.00129637    0.000372687   0.00035931    0.000756506   0.000431533   0.00085058    0.000387766   0.000645301   0.000458822   0.000285386   0.00075269   
2000          0.00129637    0.000372687   0.00035931    0.000756506   0.000431533   0.00085058    0.000387766   0.000645301   0.000458822   0.000285386   0.00075269   
2050          0.00129637    0.000372687   0.00035931    0.000756506   0.000431533   0.00085058    0.000387766   0.000645301   0.000458822   0.000285386   0.00075269   
2100          0.00129637    0.000372687   0.00035931    0.000756506   0.000431533   0.00085058    0.000387766   0.000645301   0.000458822   0.000285386   0.00075269   
2150          0.00129637    0.000372687   0.00035931    0.000756506   0.000431533   0.00085058    0.000387766   0.000645301   0.000458822   0.000285386   0.00075269   
2200          0.00129637    0.000372687   0.00035931    0.000756506   0.000431533   0.00085058    0.000387766   0.000645301   0.000458822   0.000285386   0.00075269   
2250          0.00129637    0.000372687   0.00035931    0.000756506   0.000431533   0.00085058    0.000387766   0.000645301   0.000458822   0.000285386   0.00075269   
2300          0.00129637    0.000372687   0.00035931    0.000756506   0.000431533   0.00085058    0.000387766   0.000645301   0.000458822   0.000285386   0.00075269   
2350          0.00129637    0.000372687   0.00035931    0.000756506   0.000431533   0.00085058    0.000387766   0.000645301   0.000458822   0.000285386   0.00075269   
2400          0.00129637    0.000372687   0.00035931    0.000756506   0.000431533   0.00085058    0.000387766   0.000645301   0.000458822   0.000285386   0.00075269   
2450          0.00129637    0.000372687   0.00035931    0.000756506   0.000431533   0.00085058    0.000387766   0.000645301   0.000458822   0.000285386   0.00075269   
2500          0.00129637    0.000372687   0.00035931    0.000756506   0.000431533   0.00085058    0.000387766   0.000645301   0.000458822   0.000285386   0.00075269   
2550          0.00129637    0.000372687   0.00035931    0.000756506   0.000431533   0.00085058    0.000387766   0.000645301   0.000458822   0.000285386   0.00075269   
2600          0.00129637    0.000372687   0.00035931    0.000756506   0.000431533   0.00085058    0.000387766   0.000645301   0.000458822   0.000285386   0.00075269   
2650          0.00129637    0.000372687   0.00035931    0.000756506   0.000431533   0.00085058    0.000387766   0.000645301   0.000458822   0.000285386   0.00075269   
2700          0.00129637    0.000372687   0.00035931    0.000756506   0.000431533   0.00085058    0.000387766   0.000645301   0.000458822   0.000285386   0.00075269   
2750          0.00129637    0.000372687   0.00035931    0.000756506   0.000431533   0.00085058    0.000387766   0.000645301   0.000458822   0.000285386   0.00075269   
2800          0.00129637    0.000372687   0.00035931    0.000756506   0.000431533   0.00085058    0.000387766   0.000645301   0.000458822   0.000285386   0.00075269   
2850          0.00129637    0.000372687   0.00035931    0.000756506   0.000431533   0.00085058    0.000387766   0.000645301   0.000458822   0.000285386   0.00075269   
2900          0.00129637    0.000372687   0.00035931    0.000756506   0.000431533   0.00085058    0.000387766   0.000645301   0.000458822   0.000285386   0.00075269   
2950          0.00129637    0.000372687   0.00035931    0.000756506   0.000431533   0.00085058    0.000387766   0.000645301   0.000458822   0.000285386   0.00075269   
3000          0.00129637    0.000372687   0.00035931    0.000756506   0.000431533   0.00085058    0.000387766   0.000645301   0.000458822   0.000285386   0.00075269   
3050          0.00129637    0.000372687   0.00035931    0.000756506   0.000431533   0.00085058    0.000387766   0.000645301   0.000458822   0.000285386   0.00075269   
3100          0.00129637    0.000372687   0.00035931    0.000756506   0.000431533   0.00085058    0.000387766   0.000645301   0.000458822   0.000285386   0.00075269   
3150          0.00129637    0.000372687   0.00035931    0.000756506   0.000431533   0.00085058    0.000387766   0.000645301   0.000458822   0.000285386   0.00075269   
3200          0.00129637    0.000372687   0.00035931    0.000756506   0.000431533   0.00085058    0.000387766   0.000645301   0.000458822   0.000285386   0.00075269   
3250          0.00129637    0.000372687   0.00035931    0.000756506   0.000431533   0.00085058    0.000387766   0.000645301   0.000458822   0.000285386   0.00075269   
3300          0.00129637    0.000372687   0.00035931    0.000756506   0.000431533   0.00085058    0.000387766   0.000645301   0.000458822   0.000285386   0.00075269   
3350          0.00129637    0.000372687   0.00035931    0.000756506   0.000431533   0.00085058    0.000387766   0.000645301   0.000458822   0.000285386   0.00075269   
3400          0.00129637    0.000372687   0.00035931    0.000756506   0.000431533   0.00085058    0.000387766   0.000645301   0.000458822   0.000285386   0.00075269   
3450          0.00129637    0.000372687   0.00035931    0.000756506   0.000431533   0.00085058    0.000387766   0.000645301   0.000458822   0.000285386   0.00075269   
3500          0.00129637    0.000372687   0.00035931    0.000756506   0.000431533   0.00085058    0.000387766   0.000645301   0.000458822   0.000285386   0.00075269   
3550          0.00129637    0.000372687   0.00035931    0.000756506   0.000431533   0.00085058    0.000387766   0.000645301   0.000458822   0.000285386   0.00075269   
3600          0.00129637    0.000372687   0.00035931    0.000756506   0.000431533   0.00085058    0.000387766   0.000645301   0.000458822   0.000285386   0.00075269   
3650          0.00129637    0.000372687   0.00035931    0.000756506   0.000431533   0.00085058    0.000387766   0.000645301   0.000458822   0.000285386   0.00075269   
3700          0.00129637    0.000372687   0.00035931    0.000756506   0.000431533   0.00085058    0.000387766   0.000645301   0.000458822   0.000285386   0.00075269   
3750          0.00129637    0.000372687   0.00035931    0.000756506   0.000431533   0.00085058    0.000387766   0.000645301   0.000458822   0.000285386   0.00075269   
3800          0.00129637    0.000372687   0.00035931    0.000756506   0.000431533   0.00085058    0.000387766   0.000645301   0.000458822   0.000285386   0.00075269   
3850          0.00129637    0.000372687   0.00035931    0.000756506   0.000431533   0.00085058    0.000387766   0.000645301   0.000458822   0.000285386   0.00075269   
3900          0.00129637    0.000372687   0.00035931    0.000756506   0.000431533   0.00085058    0.000387766   0.000645301   0.000458822   0.000285386   0.00075269   
3950          0.00129637    0.000372687   0.00035931    0.000756506   0.000431533   0.00085058    0.000387766   0.000645301   0.000458822   0.000285386   0.00075269   
4000          0.00129637    0.000372687   0.00035931    0.000756506   0.000431533   0.00085058    0.000387766   0.000645301   0.000458822   0.000285386   0.00075269   
4050          0.00129637    0.000372687   0.00035931    0.000756506   0.000431533   0.00085058    0.000387766   0.000645301   0.000458822   0.000285386   0.00075269   
4100          0.00129637    0.000372687   0.00035931    0.000756506   0.000431533   0.00085058    0.000387766   0.000645301   0.000458822   0.000285386   0.00075269   
4150          0.00129637    0.000372687   0.00035931    0.000756506   0.000431533   0.00085058    0.000387766   0.000645301   0.000458822   0.000285386   0.00075269   
4200          0.00129637    0.000372687   0.00035931    0.000756506   0.000431533   0.00085058    0.000387766   0.000645301   0.000458822   0.000285386   0.00075269   
4250          0.00129637    0.000372687   0.00035931    0.000756506   0.000431533   0.00085058    0.000387766   0.000645301   0.000458822   0.000285386   0.00075269   
4300          0.00129637    0.000372687   0.00035931    0.000756506   0.000431533   0.00085058    0.000387766   0.000645301   0.000458822   0.000285386   0.00075269   
4350          0.00129637    0.000372687   0.00035931    0.000756506   0.000431533   0.00085058    0.000387766   0.000645301   0.000458822   0.000285386   0.00075269   
4400          0.00129637    0.000372687   0.00035931    0.000756506   0.000431533   0.00085058    0.000387766   0.000645301   0.000458822   0.000285386   0.00075269   
4450          0.00129637    0.000372687   0.00035931    0.000756506   0.000431533   0.00085058    0.000387766   0.000645301   0.000458822   0.000285386   0.00075269   
4500          0.00129637    0.000372687   0.00035931    0.000756506   0.000431533   0.00085058    0.000387766   0.000645301   0.000458822   0.000285386   0.00075269   
4550          0.00129637    0.000372687   0.00035931    0.000756506   0.000431533   0.00085058    0.000387766   0.000645301   0.000458822   0.000285386   0.00075269   
4600          0.00129637    0.000372687   0.00035931    0.000756506   0.000431533   0.00085058    0.000387766   0.000645301   0.000458822   0.000285386   0.00075269   
4650          0.00129637    0.000372687   0.00035931    0.000756506   0.000431533   0.00085058    0.000387766   0.000645301   0.000458822   0.000285386   0.00075269   
4700          0.00129637    0.000372687   0.00035931    0.000756506   0.000431533   0.00085058    0.000387766   0.000645301   0.000458822   0.000285386   0.00075269   
4750          0.00129637    0.000372687   0.00035931    0.000756506   0.000431533   0.00085058    0.000387766   0.000645301   0.000458822   0.000285386   0.00075269   
4800          0.00129637    0.000372687   0.00035931    0.000756506   0.000431533   0.00085058    0.000387766   0.000645301   0.000458822   0.000285386   0.00075269   
4850          0.00129637    0.000372687   0.00035931    0.000756506   0.000431533   0.00085058    0.000387766   0.000645301   0.000458822   0.000285386   0.00075269   
4900          0.00129637    0.000372687   0.00035931    0.000756506   0.000431533   0.00085058    0.000387766   0.000645301   0.000458822   0.000285386   0.00075269   
4950          0.00129637    0.000372687   0.00035931    0.000756506   0.000431533   0.00085058    0.000387766   0.000645301   0.000458822   0.000285386   0.00075269   
5000          0.00129637    0.000372687   0.00035931    0.000756506   0.000431533   0.00085058    0.000387766   0.000645301   0.000458822   0.000285386   0.00075269   
