# Probe 0 (0.0015 0.0015 0)
# Probe 1 (0.0015 0.0015 0.002)
# Probe 2 (0.0015 0.0015 0.004)
# Probe 3 (0.0015 0.0015 0.006)
# Probe 4 (0.0015 0.0015 0.008)
# Probe 5 (0.0015 0.0015 0.01)
# Probe 6 (0.0015 0.0015 0.012)
# Probe 7 (0.0015 0.0015 0.014)
# Probe 8 (0.0015 0.0015 0.016)
# Probe 9 (0.0015 0.0015 0.018)
# Probe 10 (0.0015 0.0015 0.02)
# Time        0             1             2             3             4             5             6             7             8             9             10           
50            (7.15036e-11 -6.72241e-12 2.65645e-11) (1.35971e-10 -1.10109e-10 6.13822e-11) (4.05735e-10 -5.19544e-10 6.10004e-10) (9.43191e-10 -9.80744e-10 7.87388e-10) (1.44759e-09 -1.23851e-09 2.08274e-10) (1.59171e-09 -1.51008e-09 7.47924e-10) (1.85075e-09 -1.69162e-09 1.24457e-09) (2.19839e-09 -1.87039e-09 1.44764e-09) (2.10627e-09 -2.03767e-09 8.42191e-10) (2.21636e-09 -1.94843e-09 1.6073e-09) (2.37453e-09 -1.76378e-09 1.34926e-09)
100           (-2.43375e-11 -2.28676e-11 6.7149e-11) (3.28908e-10 -5.23083e-10 -4.92743e-10) (1.21792e-09 -1.10082e-09 -1.84218e-10) (1.56601e-09 -1.44695e-09 -6.27888e-10) (2.27743e-09 -2.05605e-09 1.20451e-11) (3.07282e-09 -2.52578e-09 -8.26881e-10) (3.22927e-09 -2.86871e-09 -2.3895e-10) (3.94214e-09 -3.18991e-09 -1.94628e-10) (4.13948e-09 -3.32438e-09 -3.21296e-10) (4.53274e-09 -3.76052e-09 -6.93296e-10) (4.30694e-09 -3.53545e-09 -7.94422e-10)
150           (2.36814e-11 -9.85514e-11 -4.3229e-11) (6.38802e-10 -9.83192e-10 1.04547e-10) (1.58552e-09 -1.51363e-09 2.5467e-10) (2.26424e-09 -2.09654e-09 8.33111e-11) (3.28259e-09 -2.71043e-09 3.26879e-10) (4.09945e-09 -3.53753e-09 3.03177e-10) (4.78896e-09 -4.06917e-09 -8.98643e-11) (5.05679e-09 -4.39025e-09 -6.19263e-10) (5.16074e-09 -4.59912e-09 -3.94291e-11) (5.81562e-09 -4.67251e-09 -4.53001e-10) (5.6903e-09 -4.59974e-09 -1.43763e-10)
200           (-7.34723e-11 -2.66762e-11 1.17385e-10) (7.90792e-10 -6.21554e-10 2.16803e-10) (1.90076e-09 -1.75216e-09 -6.00708e-11) (2.83302e-09 -2.56286e-09 -6.27666e-10) (3.91402e-09 -3.44109e-09 -2.87503e-10) (4.73254e-09 -3.97501e-09 -5.50844e-10) (5.3542e-09 -4.86602e-09 -9.64261e-10) (6.14382e-09 -5.66383e-09 -3.92235e-10) (6.51318e-09 -5.7938e-09 -7.58008e-10) (7.00677e-09 -6.03878e-09 -7.80689e-10) (6.89153e-09 -5.88032e-09 -1.72535e-09)
250           (2.16324e-11 -3.5943e-12 2.34545e-11) (1.02522e-09 -8.82923e-10 -2.81765e-10) (2.04667e-09 -1.74943e-09 -2.41299e-10) (3.16882e-09 -2.94159e-09 -5.59258e-10) (4.33513e-09 -4.12317e-09 -9.37673e-11) (5.26553e-09 -4.79706e-09 -4.62163e-10) (6.02592e-09 -5.46182e-09 -7.28502e-10) (6.9474e-09 -6.09217e-09 -1.11618e-09) (7.40004e-09 -6.26649e-09 -1.36618e-09) (7.97866e-09 -6.67927e-09 -1.98635e-09) (7.86271e-09 -6.52102e-09 -1.18283e-09)
300           (8.99013e-11 -1.48253e-10 1.37697e-10) (1.16909e-09 -1.19009e-09 5.51264e-12) (2.49927e-09 -2.2479e-09 2.85368e-10) (3.47126e-09 -3.45651e-09 2.90249e-10) (4.80695e-09 -4.4209e-09 2.38845e-11) (6.0375e-09 -5.46521e-09 -3.50953e-11) (7.00005e-09 -6.16732e-09 -1.72479e-12) (7.58131e-09 -6.62578e-09 -3.58724e-12) (8.10011e-09 -7.24065e-09 1.52706e-10) (8.63744e-09 -7.51957e-09 2.07915e-10) (8.51358e-09 -7.25861e-09 1.08465e-09)
350           (8.74702e-11 -1.30273e-10 -6.79318e-11) (1.14789e-09 -1.23879e-09 6.39633e-10) (2.34362e-09 -2.40704e-09 1.79823e-10) (3.99713e-09 -3.5197e-09 -1.26714e-10) (5.28755e-09 -4.68198e-09 2.88991e-10) (6.53638e-09 -5.85742e-09 5.87915e-10) (7.48825e-09 -6.7079e-09 3.02662e-10) (8.41234e-09 -7.36157e-09 9.98475e-10) (8.61753e-09 -7.55854e-09 9.04087e-10) (9.22635e-09 -7.75065e-09 6.11328e-10) (9.41026e-09 -7.67746e-09 1.49921e-09)
400           (8.85423e-11 -1.83609e-10 -6.1282e-12) (1.50797e-09 -1.34345e-09 2.55016e-10) (2.77408e-09 -2.71017e-09 -9.24489e-11) (4.03083e-09 -3.89162e-09 -1.6374e-10) (5.71449e-09 -5.05704e-09 -2.95193e-10) (6.71721e-09 -6.18811e-09 4.47666e-10) (7.73883e-09 -7.02207e-09 4.14006e-10) (8.72213e-09 -7.75014e-09 4.32854e-10) (9.34271e-09 -7.87571e-09 9.2831e-10) (9.87428e-09 -8.34829e-09 6.89497e-10) (9.65816e-09 -8.36283e-09 7.62599e-10)
450           (6.02391e-11 -9.70491e-11 2.32093e-10) (1.31425e-09 -1.20967e-09 -1.69074e-10) (3.08925e-09 -2.43195e-09 1.50228e-10) (4.42112e-09 -3.7257e-09 -6.26825e-10) (5.7597e-09 -5.0459e-09 -1.07358e-09) (7.15406e-09 -6.41086e-09 -6.84763e-10) (8.19148e-09 -7.41212e-09 -5.13197e-10) (9.05439e-09 -8.03082e-09 -1.90608e-10) (9.4213e-09 -8.27942e-09 -1.44264e-10) (1.01193e-08 -8.63212e-09 -1.26822e-10) (1.01337e-08 -8.52029e-09 -1.06454e-09)
500           (5.19246e-12 -5.53036e-11 1.3292e-10) (1.34316e-09 -1.41673e-09 7.01638e-12) (2.91305e-09 -2.68993e-09 -1.05043e-09) (4.48267e-09 -3.9295e-09 -9.84718e-10) (6.02541e-09 -5.20914e-09 -1.31913e-09) (7.50134e-09 -6.2568e-09 -1.12519e-09) (8.47057e-09 -7.21427e-09 -1.66106e-09) (9.08022e-09 -8.27965e-09 -1.27174e-09) (9.92332e-09 -8.41395e-09 -6.28784e-10) (1.05925e-08 -9.19934e-09 -8.19599e-10) (1.05736e-08 -8.85269e-09 -2.09778e-09)
550           (3.72674e-11 8.72577e-12 -2.97484e-11) (1.36048e-09 -1.27397e-09 -8.37865e-10) (2.94995e-09 -2.86194e-09 -9.43578e-10) (4.63435e-09 -4.02726e-09 -9.00346e-10) (6.271e-09 -5.51047e-09 -6.77476e-10) (7.72036e-09 -6.71384e-09 -2.8669e-10) (8.45804e-09 -7.94155e-09 3.22009e-11) (9.61618e-09 -8.47893e-09 -1.03238e-10) (1.04017e-08 -8.74027e-09 2.24083e-10) (1.09146e-08 -9.254e-09 -4.65819e-10) (1.07531e-08 -9.31962e-09 3.29643e-11)
600           (6.01632e-11 -5.63326e-11 7.70967e-11) (1.35614e-09 -1.37518e-09 -1.15199e-10) (3.24429e-09 -2.86091e-09 -8.74864e-10) (4.8336e-09 -4.31512e-09 -4.55261e-10) (6.37147e-09 -5.62446e-09 -4.56138e-10) (7.77816e-09 -6.95641e-09 -6.79621e-10) (8.92124e-09 -7.98701e-09 -4.07205e-10) (9.81311e-09 -8.71711e-09 -4.00798e-10) (1.0496e-08 -9.28732e-09 -6.21792e-10) (1.11078e-08 -9.62309e-09 -1.18029e-09) (1.11452e-08 -9.52106e-09 -9.24254e-10)
650           (3.43553e-12 -5.21012e-11 -1.45138e-10) (1.67612e-09 -1.09129e-09 -5.03825e-11) (3.21126e-09 -2.91864e-09 1.99738e-11) (4.82013e-09 -4.38722e-09 -4.0527e-10) (6.4244e-09 -5.58486e-09 -4.95416e-10) (7.99332e-09 -6.95269e-09 -1.23749e-10) (9.19165e-09 -7.94615e-09 -5.40292e-10) (1.00492e-08 -8.91275e-09 -4.78638e-10) (1.06447e-08 -9.3576e-09 -1.25067e-09) (1.16639e-08 -9.76194e-09 -7.4998e-10) (1.12884e-08 -9.60747e-09 6.6516e-10)
700           (1.91808e-10 -1.01945e-10 1.10465e-10) (1.79852e-09 -1.52708e-09 -7.66376e-11) (3.36167e-09 -3.06109e-09 -2.75995e-10) (4.89994e-09 -4.56654e-09 -1.30726e-10) (6.50783e-09 -5.75588e-09 -2.46338e-10) (8.01847e-09 -7.03435e-09 -6.60507e-10) (9.12199e-09 -8.0289e-09 -4.60854e-10) (1.0363e-08 -8.87024e-09 -5.62025e-10) (1.11808e-08 -9.64659e-09 -7.00717e-10) (1.17622e-08 -1.00081e-08 -5.90502e-10) (1.16401e-08 -9.66019e-09 -1.14685e-09)
750           (1.22079e-10 -1.92547e-10 1.50961e-10) (1.78419e-09 -1.64315e-09 -4.50671e-10) (3.47061e-09 -3.06354e-09 -5.96047e-10) (5.11374e-09 -4.54288e-09 -2.86168e-10) (6.33174e-09 -5.85193e-09 -5.68562e-10) (8.08912e-09 -7.09144e-09 -1.29388e-09) (9.31565e-09 -8.10272e-09 -1.03477e-09) (1.03755e-08 -8.92569e-09 -9.45364e-10) (1.09212e-08 -9.55944e-09 -1.77737e-09) (1.17635e-08 -1.00446e-08 -2.04548e-09) (1.17894e-08 -9.64687e-09 -2.68631e-09)
800           (6.39166e-11 -1.91555e-10 6.54328e-11) (1.59828e-09 -1.56696e-09 -3.25667e-10) (3.58431e-09 -3.08342e-09 -8.77993e-10) (4.97491e-09 -4.42224e-09 -4.47523e-10) (6.91306e-09 -6.0436e-09 -9.65984e-10) (8.34355e-09 -7.31711e-09 -1.19398e-09) (9.6795e-09 -8.52329e-09 -4.36195e-10) (1.08983e-08 -9.40071e-09 -2.61093e-11) (1.13071e-08 -9.664e-09 -8.7091e-10) (1.17481e-08 -1.01938e-08 -4.95205e-10) (1.15943e-08 -9.98053e-09 -7.18949e-10)
850           (9.76102e-11 -2.70675e-11 1.12536e-10) (1.7717e-09 -1.50231e-09 8.74247e-11) (3.46012e-09 -3.05695e-09 7.60274e-10) (4.95041e-09 -4.65845e-09 4.87166e-10) (6.6195e-09 -5.96241e-09 2.63384e-10) (8.22432e-09 -7.11005e-09 1.72907e-10) (9.5934e-09 -8.42791e-09 7.63539e-10) (1.06186e-08 -9.17048e-09 7.85228e-10) (1.13396e-08 -9.49788e-09 1.48503e-10) (1.20046e-08 -9.80707e-09 6.73325e-10) (1.18822e-08 -9.85873e-09 1.03069e-09)
900           (1.33972e-10 -1.58932e-10 -3.41428e-11) (1.81693e-09 -1.48496e-09 4.38805e-10) (3.63972e-09 -2.75935e-09 -4.72691e-10) (5.01201e-09 -4.42975e-09 1.99552e-10) (6.58266e-09 -5.96451e-09 -1.36617e-10) (7.92878e-09 -7.55072e-09 3.55829e-10) (9.36857e-09 -8.47996e-09 1.08448e-10) (1.0596e-08 -9.23744e-09 -2.36244e-10) (1.12351e-08 -9.84569e-09 4.31573e-10) (1.18721e-08 -1.02771e-08 3.77979e-10) (1.19584e-08 -1.00857e-08 9.81205e-10)
950           (8.7546e-11 -9.11164e-11 -4.21687e-11) (1.55387e-09 -1.24831e-09 -4.51281e-10) (3.18075e-09 -2.7509e-09 -2.91047e-10) (5.14149e-09 -4.46912e-09 -6.25581e-10) (7.03464e-09 -5.99497e-09 1.11817e-10) (8.50906e-09 -7.04718e-09 5.2492e-11) (9.9126e-09 -8.33602e-09 -6.00628e-10) (1.073e-08 -9.40222e-09 1.34651e-10) (1.13997e-08 -9.70594e-09 -1.82046e-10) (1.20574e-08 -1.03559e-08 -3.73846e-10) (1.20348e-08 -1.02367e-08 1.00272e-10)
1000          (8.95657e-11 -8.37522e-11 6.68044e-11) (1.7003e-09 -1.42653e-09 -9.86516e-11) (3.65438e-09 -3.15555e-09 1.24123e-10) (4.9488e-09 -4.47948e-09 1.13249e-10) (6.72272e-09 -5.78488e-09 1.83531e-10) (8.32229e-09 -7.36622e-09 -9.52868e-11) (9.61286e-09 -8.41738e-09 -7.38396e-10) (1.05472e-08 -9.55602e-09 -8.65858e-10) (1.14759e-08 -9.67605e-09 -7.22032e-10) (1.22823e-08 -1.03547e-08 -7.15239e-10) (1.20885e-08 -1.03372e-08 -1.95252e-09)
1050          (5.70754e-11 -2.65938e-11 5.33675e-11) (1.42964e-09 -1.532e-09 -1.66186e-11) (3.51814e-09 -3.26169e-09 -5.74536e-10) (5.15584e-09 -4.67355e-09 -1.19608e-09) (6.70824e-09 -5.96776e-09 -8.69321e-10) (8.53258e-09 -7.45248e-09 -5.8635e-10) (9.69169e-09 -8.72271e-09 -7.79993e-10) (1.0703e-08 -9.3481e-09 -6.59578e-10) (1.13676e-08 -9.78433e-09 -5.71052e-10) (1.21375e-08 -1.00948e-08 -7.83905e-10) (1.2107e-08 -9.92681e-09 1.01503e-10)
1100          (2.6001e-11 -7.53045e-11 -9.63333e-11) (1.49622e-09 -1.59744e-09 -1.29291e-10) (3.27283e-09 -3.33393e-09 2.54148e-10) (5.15131e-09 -4.99317e-09 4.03826e-10) (7.10653e-09 -6.26482e-09 6.87619e-11) (8.50894e-09 -7.29464e-09 2.4568e-10) (9.51895e-09 -8.54642e-09 7.60074e-10) (1.08969e-08 -9.38389e-09 2.75296e-10) (1.1636e-08 -9.72597e-09 8.47486e-10) (1.21642e-08 -1.02278e-08 4.42044e-10) (1.20087e-08 -1.00673e-08 -1.64512e-11)
1150          (6.57787e-11 -1.53134e-10 9.23261e-11) (1.52351e-09 -1.64414e-09 -1.04069e-10) (3.56851e-09 -3.24046e-09 -4.16838e-10) (4.99692e-09 -4.6021e-09 4.22238e-10) (6.94255e-09 -6.00827e-09 1.95881e-10) (8.50826e-09 -7.37196e-09 1.66561e-10) (9.76258e-09 -8.74279e-09 8.13492e-10) (1.09977e-08 -9.52528e-09 2.21718e-10) (1.17007e-08 -9.78345e-09 1.12645e-09) (1.2298e-08 -1.03919e-08 1.29763e-09) (1.20021e-08 -1.01929e-08 1.58822e-09)
1200          (9.93154e-11 -1.43439e-10 1.06964e-10) (1.64861e-09 -1.37346e-09 -1.27189e-10) (3.50404e-09 -3.05765e-09 4.38244e-10) (4.99505e-09 -4.51649e-09 -4.1998e-11) (6.94843e-09 -5.97186e-09 4.38092e-10) (8.57639e-09 -7.21359e-09 3.7667e-11) (9.53797e-09 -8.54203e-09 2.86131e-10) (1.08116e-08 -9.57436e-09 6.39016e-10) (1.13972e-08 -9.91524e-09 5.38794e-10) (1.20244e-08 -1.04979e-08 4.14604e-10) (1.20424e-08 -1.00551e-08 7.91367e-10)
1250          (9.72808e-11 -1.38975e-11 2.53576e-10) (1.66421e-09 -1.43212e-09 6.4177e-10) (3.63493e-09 -3.06455e-09 -4.3469e-10) (5.16117e-09 -4.63497e-09 -6.92395e-10) (6.80299e-09 -6.15236e-09 9.60372e-11) (8.38029e-09 -7.28863e-09 -2.45906e-10) (9.88656e-09 -8.49984e-09 4.01497e-10) (1.08899e-08 -9.49309e-09 2.61173e-10) (1.15599e-08 -9.79208e-09 2.57237e-10) (1.22776e-08 -1.04881e-08 3.16235e-10) (1.20578e-08 -1.02496e-08 6.90925e-10)
1300          (8.0006e-11 -1.56654e-10 -1.13176e-10) (1.81893e-09 -1.6807e-09 -1.03041e-10) (3.63754e-09 -2.85668e-09 2.27163e-10) (5.00041e-09 -4.64007e-09 5.6005e-10) (7.09395e-09 -6.18187e-09 4.87793e-10) (8.58384e-09 -7.61948e-09 7.30159e-10) (9.70088e-09 -8.60592e-09 5.95201e-10) (1.07493e-08 -9.42738e-09 8.49901e-10) (1.15472e-08 -1.00754e-08 3.10954e-10) (1.23745e-08 -1.05039e-08 2.88346e-10) (1.20638e-08 -1.05032e-08 1.88208e-09)
1350          (5.59349e-11 -6.09688e-11 2.89114e-11) (1.76158e-09 -1.3994e-09 -4.72208e-10) (3.46568e-09 -3.09055e-09 -1.19716e-10) (5.25072e-09 -4.58831e-09 -2.32458e-10) (6.90439e-09 -6.07344e-09 -3.61092e-10) (8.50815e-09 -7.27889e-09 -2.10699e-10) (9.60621e-09 -8.42441e-09 1.76529e-10) (1.08911e-08 -9.28548e-09 7.69116e-10) (1.14889e-08 -9.98311e-09 7.71499e-10) (1.22546e-08 -1.05981e-08 4.29826e-10) (1.2174e-08 -1.04615e-08 8.39439e-11)
1400          (5.8837e-11 -9.7656e-11 1.28335e-10) (1.66232e-09 -1.45011e-09 3.19207e-10) (3.5619e-09 -2.9083e-09 4.80408e-10) (5.07669e-09 -4.81649e-09 1.70994e-10) (6.92509e-09 -6.19301e-09 9.34751e-11) (8.60554e-09 -7.45229e-09 1.81357e-10) (9.91304e-09 -8.71636e-09 -2.79092e-11) (1.10364e-08 -9.53107e-09 7.47223e-10) (1.16713e-08 -1.00077e-08 5.34972e-10) (1.23087e-08 -1.0702e-08 3.90066e-10) (1.2284e-08 -1.04748e-08 4.22194e-10)
1450          (1.79092e-10 -2.40633e-10 9.50758e-11) (1.71764e-09 -1.46155e-09 -1.042e-10) (3.62304e-09 -3.43989e-09 -6.60183e-10) (5.294e-09 -4.82498e-09 -6.18103e-10) (6.91377e-09 -6.17038e-09 -6.46096e-10) (8.62996e-09 -7.25455e-09 -1.21024e-09) (9.77332e-09 -8.69745e-09 -9.3715e-10) (1.10071e-08 -9.55426e-09 -1.38877e-09) (1.1703e-08 -9.97953e-09 -1.81243e-09) (1.23819e-08 -1.04185e-08 -1.92626e-09) (1.21042e-08 -1.01894e-08 -3.3715e-09)
1500          (4.19598e-11 -1.55029e-10 7.42079e-11) (1.71598e-09 -1.50646e-09 -3.50486e-10) (3.52297e-09 -3.11469e-09 -2.33461e-10) (5.4459e-09 -4.72602e-09 -7.45304e-10) (7.18216e-09 -5.92884e-09 -8.55006e-10) (8.50087e-09 -7.42798e-09 -6.17953e-10) (9.87518e-09 -8.60431e-09 -9.80754e-10) (1.08301e-08 -9.45475e-09 -1.02311e-09) (1.15144e-08 -9.96352e-09 -7.21353e-10) (1.22798e-08 -1.0502e-08 -1.22116e-09) (1.22358e-08 -1.03872e-08 -8.6811e-10)
1550          (7.68758e-11 -5.03879e-11 -5.31365e-11) (1.91795e-09 -1.46365e-09 -2.0613e-10) (3.55862e-09 -2.89882e-09 -1.09682e-10) (5.00496e-09 -4.48037e-09 -1.65863e-10) (6.86341e-09 -6.02973e-09 -2.72655e-10) (8.43886e-09 -7.32225e-09 6.31482e-11) (9.90698e-09 -8.85328e-09 7.26495e-10) (1.08164e-08 -9.63138e-09 4.74303e-10) (1.15609e-08 -9.93541e-09 5.08881e-10) (1.22153e-08 -1.06804e-08 4.74885e-10) (1.21502e-08 -1.0231e-08 -3.35718e-10)
1600          (5.92402e-11 -1.16336e-10 2.63626e-10) (1.88748e-09 -1.72903e-09 4.29828e-10) (3.57705e-09 -3.01007e-09 1.98598e-10) (5.08226e-09 -4.55212e-09 -8.08791e-11) (6.87443e-09 -6.09007e-09 4.72342e-10) (8.31063e-09 -7.22775e-09 8.69114e-10) (9.65333e-09 -8.45676e-09 1.02045e-09) (1.06887e-08 -9.30239e-09 1.58626e-09) (1.16292e-08 -1.00335e-08 2.09966e-09) (1.2414e-08 -1.04762e-08 1.63077e-09) (1.19381e-08 -1.01236e-08 1.96612e-09)
1650          (3.09751e-11 -8.95348e-11 -2.58473e-11) (1.53611e-09 -1.43815e-09 -2.04969e-10) (3.50884e-09 -3.07858e-09 -2.53482e-10) (5.04074e-09 -4.52894e-09 3.95289e-10) (6.96478e-09 -5.99458e-09 1.62541e-10) (8.44255e-09 -7.58298e-09 9.30549e-10) (9.68219e-09 -8.56642e-09 1.31927e-09) (1.07408e-08 -9.61467e-09 1.70254e-09) (1.18816e-08 -9.92632e-09 1.20215e-09) (1.25105e-08 -1.03967e-08 3.7699e-10) (1.2104e-08 -1.03727e-08 3.9411e-10)
1700          (1.17247e-10 -7.8024e-11 -2.15892e-11) (1.68486e-09 -1.41176e-09 -1.58159e-10) (3.44284e-09 -3.1536e-09 1.11998e-10) (5.19526e-09 -4.79642e-09 2.17547e-12) (7.03319e-09 -6.04419e-09 8.5189e-10) (8.35092e-09 -7.47398e-09 7.31327e-10) (9.77091e-09 -8.86198e-09 5.7543e-10) (1.08426e-08 -9.55588e-09 8.36953e-10) (1.14374e-08 -9.96696e-09 9.80872e-10) (1.20548e-08 -1.04636e-08 3.19205e-10) (1.20301e-08 -1.03585e-08 -3.82368e-10)
1750          (1.01954e-10 -1.09324e-10 1.8827e-10) (1.7694e-09 -1.35336e-09 3.76879e-10) (3.59472e-09 -2.90564e-09 1.36614e-09) (5.06893e-09 -4.70524e-09 1.06938e-09) (6.84415e-09 -6.12262e-09 1.14568e-09) (8.60526e-09 -7.36024e-09 1.13937e-09) (9.71444e-09 -8.53612e-09 9.01916e-10) (1.08087e-08 -9.58829e-09 1.23434e-09) (1.16398e-08 -1.00034e-08 5.1166e-10) (1.24588e-08 -1.02397e-08 -4.24757e-11) (1.22248e-08 -1.04482e-08 -5.08616e-10)
1800          (1.09983e-10 -7.14958e-11 -1.02515e-10) (1.77513e-09 -1.57724e-09 -8.7288e-11) (3.5114e-09 -3.32659e-09 7.07345e-11) (4.91127e-09 -4.91986e-09 -3.50769e-10) (6.79299e-09 -6.3489e-09 -6.24182e-10) (8.44478e-09 -7.52727e-09 2.5722e-11) (9.63557e-09 -8.73114e-09 -5.85611e-10) (1.10737e-08 -9.54731e-09 -4.7518e-10) (1.18854e-08 -9.83264e-09 -2.37366e-10) (1.25621e-08 -1.0443e-08 -1.21044e-09) (1.22426e-08 -1.03575e-08 -2.06759e-09)
1850          (6.70908e-11 -3.00925e-11 -9.92612e-11) (1.64177e-09 -1.55264e-09 -5.83995e-10) (3.47335e-09 -3.19316e-09 -5.84057e-10) (5.23047e-09 -4.7036e-09 -9.42228e-10) (6.87525e-09 -6.11769e-09 -1.25939e-09) (8.63117e-09 -7.50334e-09 -8.32307e-10) (9.91575e-09 -8.64541e-09 6.11253e-13) (1.09168e-08 -9.38266e-09 -4.99982e-10) (1.16359e-08 -9.64815e-09 -8.69395e-10) (1.25294e-08 -1.04713e-08 -5.97725e-10) (1.20228e-08 -1.03071e-08 -9.78667e-10)
1900          (1.14274e-10 -1.06432e-10 -1.06865e-10) (1.5711e-09 -1.56579e-09 -9.89958e-11) (3.42127e-09 -3.0962e-09 -2.83216e-10) (5.20877e-09 -4.61772e-09 2.42032e-10) (7.21361e-09 -5.84935e-09 6.33262e-10) (8.51889e-09 -7.64875e-09 6.83853e-10) (9.80046e-09 -8.47572e-09 1.03327e-09) (1.08979e-08 -9.35816e-09 8.54842e-10) (1.16864e-08 -9.77994e-09 9.16076e-10) (1.23019e-08 -1.0498e-08 1.95887e-10) (1.23037e-08 -1.04686e-08 1.72347e-10)
1950          (2.56616e-11 -1.23491e-11 -1.43161e-10) (1.68741e-09 -1.14318e-09 -6.14909e-10) (3.41621e-09 -3.22419e-09 -3.74095e-11) (5.05582e-09 -4.78329e-09 5.81899e-11) (7.12349e-09 -5.86644e-09 3.21032e-10) (8.92596e-09 -7.44475e-09 1.96164e-10) (9.90869e-09 -8.70991e-09 -9.57356e-11) (1.12205e-08 -9.6234e-09 5.94968e-10) (1.15235e-08 -9.97849e-09 3.24831e-10) (1.22723e-08 -1.04249e-08 -2.04712e-10) (1.21395e-08 -1.03739e-08 -1.06923e-09)
2000          (1.75424e-10 -1.87032e-11 3.42544e-11) (1.65843e-09 -1.37735e-09 -1.06932e-10) (3.39097e-09 -2.93981e-09 -3.58008e-10) (5.17199e-09 -4.53449e-09 -5.04514e-10) (6.72828e-09 -6.11029e-09 1.36425e-11) (8.58387e-09 -7.64562e-09 -3.77733e-10) (1.01387e-08 -8.82342e-09 -3.97767e-10) (1.09923e-08 -9.41381e-09 4.10346e-10) (1.13926e-08 -9.888e-09 1.18417e-10) (1.2447e-08 -1.07057e-08 -5.18156e-11) (1.23497e-08 -1.02913e-08 1.29866e-09)
2050          (7.83072e-11 -8.8368e-11 1.95077e-11) (1.66883e-09 -1.66403e-09 -2.59265e-11) (3.46073e-09 -3.27813e-09 -2.71939e-10) (5.47723e-09 -4.62623e-09 -3.85988e-11) (7.04228e-09 -6.1898e-09 1.57294e-10) (8.80937e-09 -7.55379e-09 -2.32618e-10) (9.63826e-09 -8.49309e-09 -8.60001e-10) (1.07855e-08 -9.5537e-09 -3.90143e-10) (1.1807e-08 -9.9587e-09 1.43986e-10) (1.2229e-08 -1.05456e-08 -4.28475e-10) (1.18963e-08 -1.04487e-08 -1.62261e-09)
2100          (1.44628e-10 -1.06671e-10 -1.03562e-10) (1.75582e-09 -1.5085e-09 -4.36355e-10) (3.50661e-09 -2.98211e-09 -1.06536e-09) (5.03706e-09 -4.53802e-09 -2.15141e-09) (6.78546e-09 -6.1954e-09 -1.83647e-09) (8.58285e-09 -7.35088e-09 -1.85367e-09) (9.97998e-09 -8.43032e-09 -1.3609e-09) (1.0818e-08 -9.58249e-09 -1.55186e-09) (1.16459e-08 -1.02367e-08 -1.00062e-09) (1.26425e-08 -1.07991e-08 -7.02682e-10) (1.21741e-08 -1.04655e-08 -1.52558e-09)
2150          (1.51392e-10 -1.10096e-10 -1.25381e-10) (1.75978e-09 -1.56491e-09 8.68509e-11) (3.64479e-09 -3.12079e-09 -1.24627e-10) (5.07338e-09 -4.76612e-09 1.45728e-10) (6.99292e-09 -6.29169e-09 3.77559e-11) (8.58942e-09 -7.42804e-09 -2.15588e-10) (9.62258e-09 -8.85641e-09 -6.41364e-11) (1.07198e-08 -9.75076e-09 1.56607e-10) (1.16444e-08 -1.02091e-08 -3.95605e-10) (1.22446e-08 -1.05756e-08 2.2064e-10) (1.22228e-08 -1.04429e-08 -8.56366e-10)
2200          (1.73352e-11 -7.19667e-11 2.33465e-11) (1.75833e-09 -1.47587e-09 3.27223e-10) (3.62088e-09 -3.25372e-09 -1.89444e-10) (5.43292e-09 -4.77222e-09 -4.44937e-10) (7.04665e-09 -6.19467e-09 -7.68589e-10) (8.37701e-09 -7.48428e-09 -1.15106e-09) (9.54203e-09 -8.58082e-09 -6.05253e-10) (1.09249e-08 -9.40219e-09 -9.67492e-10) (1.14414e-08 -9.89563e-09 -1.42172e-09) (1.22427e-08 -1.05156e-08 -1.15263e-09) (1.23041e-08 -1.05287e-08 -5.13588e-10)
2250          (4.18832e-11 -1.01953e-10 1.15367e-10) (1.75858e-09 -1.7445e-09 1.99172e-10) (3.42859e-09 -3.04219e-09 1.92398e-10) (5.23888e-09 -4.63601e-09 7.63279e-10) (7.17785e-09 -5.99603e-09 5.09246e-11) (8.65808e-09 -7.53412e-09 8.76758e-10) (9.72525e-09 -8.57832e-09 8.10593e-10) (1.09262e-08 -9.52452e-09 8.22755e-10) (1.15188e-08 -1.00138e-08 7.76335e-10) (1.22865e-08 -1.04189e-08 3.42111e-10) (1.21745e-08 -1.03077e-08 -5.85974e-10)
2300          (8.95844e-11 -1.81917e-10 2.3409e-11) (1.84184e-09 -1.76811e-09 -5.50839e-10) (3.43918e-09 -3.30346e-09 -3.17164e-10) (4.93633e-09 -4.69474e-09 1.00646e-10) (6.75919e-09 -6.15079e-09 4.00122e-10) (8.62453e-09 -7.40418e-09 5.75125e-10) (9.98032e-09 -8.77385e-09 5.90476e-10) (1.1147e-08 -9.61984e-09 1.01669e-09) (1.1829e-08 -1.01064e-08 1.03951e-09) (1.24103e-08 -1.05366e-08 1.21244e-10) (1.22635e-08 -1.04369e-08 -4.20081e-10)
2350          (7.36751e-11 -1.00861e-10 1.29674e-10) (1.79791e-09 -1.62767e-09 -4.28418e-11) (3.63768e-09 -3.56567e-09 -3.10267e-10) (5.29337e-09 -4.94009e-09 -3.88159e-10) (7.07382e-09 -6.34524e-09 7.15478e-10) (8.56951e-09 -7.51086e-09 3.33946e-10) (9.60865e-09 -8.79563e-09 -1.30746e-10) (1.08698e-08 -9.78128e-09 -4.66035e-11) (1.16848e-08 -1.01916e-08 -1.61501e-10) (1.22218e-08 -1.06251e-08 -1.28102e-11) (1.23506e-08 -1.05089e-08 -1.64862e-09)
2400          (1.43971e-10 -1.13023e-10 8.05215e-11) (1.86274e-09 -1.8018e-09 5.75287e-11) (3.53276e-09 -3.11593e-09 -1.37612e-12) (5.28708e-09 -4.81247e-09 5.65777e-11) (7.00745e-09 -6.52826e-09 3.20892e-10) (8.26704e-09 -7.71571e-09 5.93934e-10) (9.57091e-09 -8.72859e-09 1.19519e-09) (1.07712e-08 -9.56982e-09 8.9673e-10) (1.16925e-08 -1.00675e-08 5.57942e-10) (1.25454e-08 -1.06875e-08 6.54115e-10) (1.22477e-08 -1.06287e-08 6.47366e-10)
2450          (9.67036e-11 -1.67831e-10 -3.79536e-11) (1.9427e-09 -1.52003e-09 -3.35945e-10) (3.59931e-09 -3.29156e-09 -8.66072e-11) (5.20588e-09 -4.71587e-09 -2.40864e-10) (6.58529e-09 -6.13533e-09 -1.32596e-09) (8.32097e-09 -7.44686e-09 -1.06573e-09) (9.90856e-09 -8.62541e-09 -5.2342e-10) (1.09158e-08 -9.33571e-09 -8.51887e-10) (1.16952e-08 -9.83056e-09 -7.95967e-10) (1.25553e-08 -1.04732e-08 -1.13781e-09) (1.22679e-08 -1.04293e-08 -8.47095e-10)
2500          (3.52692e-11 -4.19571e-12 6.20992e-11) (1.48213e-09 -1.37462e-09 -3.05768e-10) (3.48532e-09 -3.10026e-09 -8.68104e-11) (5.004e-09 -4.70158e-09 -6.36246e-10) (6.84699e-09 -6.00803e-09 -4.45075e-10) (8.61147e-09 -7.58344e-09 2.95687e-10) (9.68218e-09 -8.7607e-09 7.61044e-10) (1.0963e-08 -9.6811e-09 7.58848e-10) (1.18508e-08 -1.0013e-08 6.21318e-10) (1.23527e-08 -1.0494e-08 7.21354e-10) (1.20084e-08 -1.01876e-08 5.96122e-10)
2550          (7.85789e-11 -1.00284e-10 1.66321e-10) (1.64197e-09 -1.65314e-09 -1.76667e-11) (3.6321e-09 -3.35077e-09 -1.87222e-12) (5.42219e-09 -4.79911e-09 2.7256e-10) (6.95339e-09 -6.12089e-09 5.70858e-10) (8.42043e-09 -7.47203e-09 -8.22202e-11) (9.7785e-09 -8.60958e-09 5.27268e-10) (1.09094e-08 -9.44306e-09 4.67943e-10) (1.16691e-08 -9.92651e-09 4.15383e-12) (1.24101e-08 -1.03811e-08 4.48141e-10) (1.24407e-08 -1.03467e-08 -1.03033e-09)
2600          (8.17072e-11 -8.69157e-11 2.95704e-12) (1.49958e-09 -1.36945e-09 9.25264e-11) (3.312e-09 -3.1329e-09 -6.47363e-11) (5.1176e-09 -4.86038e-09 -6.37049e-10) (6.94e-09 -6.22792e-09 -1.61984e-10) (8.58004e-09 -7.34231e-09 3.11765e-11) (9.75017e-09 -8.72805e-09 1.55481e-10) (1.10361e-08 -9.39859e-09 7.492e-12) (1.192e-08 -9.91836e-09 -2.82984e-11) (1.2583e-08 -1.04038e-08 -5.67062e-10) (1.22204e-08 -1.01135e-08 -1.66331e-09)
2650          (4.49066e-11 -4.02522e-11 -5.54552e-11) (1.4365e-09 -1.35607e-09 4.1346e-10) (3.40797e-09 -3.13355e-09 2.27482e-10) (5.05035e-09 -4.42268e-09 2.13399e-10) (7.02361e-09 -5.84764e-09 7.01471e-10) (8.64508e-09 -7.17665e-09 7.78601e-10) (9.89485e-09 -8.49976e-09 8.90259e-10) (1.10617e-08 -9.55018e-09 1.14369e-09) (1.18945e-08 -9.74574e-09 1.53323e-09) (1.24295e-08 -1.06769e-08 9.1792e-10) (1.22701e-08 -1.05138e-08 1.26209e-09)
2700          (1.4259e-10 -9.96748e-11 2.10276e-10) (1.77847e-09 -1.517e-09 -2.95005e-11) (3.43539e-09 -3.11931e-09 -5.33588e-10) (5.08967e-09 -4.93894e-09 -2.37173e-11) (6.6431e-09 -6.01137e-09 -8.18427e-11) (8.37764e-09 -7.30594e-09 2.91306e-10) (9.51929e-09 -8.39665e-09 2.33035e-10) (1.1069e-08 -9.53002e-09 8.05872e-10) (1.15312e-08 -9.85408e-09 5.97436e-10) (1.22376e-08 -1.07178e-08 8.2211e-10) (1.21278e-08 -1.03452e-08 1.22836e-09)
2750          (1.19867e-10 -1.66379e-10 -1.47117e-10) (1.95706e-09 -1.8279e-09 1.3174e-10) (3.65741e-09 -3.29545e-09 -5.50232e-11) (5.26591e-09 -4.54492e-09 -4.0948e-10) (7.1922e-09 -6.07871e-09 -5.28882e-10) (8.67771e-09 -7.55684e-09 -5.89037e-10) (9.91878e-09 -8.73741e-09 -8.50537e-10) (1.11803e-08 -9.74769e-09 6.52114e-11) (1.17218e-08 -1.0036e-08 -3.36008e-10) (1.257e-08 -1.06868e-08 -4.47977e-10) (1.23174e-08 -1.03748e-08 -1.008e-09)
2800          (5.65247e-11 -4.06673e-11 9.24118e-11) (1.7511e-09 -1.49497e-09 4.76895e-10) (3.61999e-09 -2.99213e-09 -1.19897e-10) (5.25815e-09 -4.75996e-09 -5.29822e-10) (6.94452e-09 -6.20794e-09 -5.19304e-10) (8.40373e-09 -7.37728e-09 -8.56601e-10) (9.72243e-09 -8.72232e-09 -9.43925e-10) (1.11491e-08 -9.53326e-09 -6.69831e-10) (1.16913e-08 -9.84113e-09 -1.26485e-09) (1.24566e-08 -1.04731e-08 -1.49956e-09) (1.2224e-08 -1.03056e-08 -1.75717e-09)
2850          (1.44989e-10 -9.7413e-11 -8.84387e-11) (1.63006e-09 -1.26461e-09 2.62532e-10) (3.53627e-09 -3.08125e-09 -9.65309e-10) (5.39108e-09 -4.75534e-09 -4.21931e-10) (6.94378e-09 -5.80402e-09 1.24777e-10) (8.35772e-09 -7.57559e-09 -3.44815e-10) (9.70507e-09 -8.93303e-09 -4.27615e-10) (1.09431e-08 -9.87737e-09 -6.03903e-10) (1.16194e-08 -1.0095e-08 -4.33036e-10) (1.25521e-08 -1.06847e-08 -9.87425e-10) (1.2322e-08 -1.04151e-08 -1.2483e-09)
2900          (4.34221e-11 -1.2434e-10 4.66682e-11) (1.67913e-09 -1.59532e-09 -3.68199e-10) (3.55356e-09 -3.13884e-09 -1.06603e-10) (5.30315e-09 -4.78614e-09 -2.82944e-10) (6.90358e-09 -5.91238e-09 -3.63555e-10) (8.43158e-09 -7.48383e-09 -8.90058e-11) (9.68582e-09 -8.69549e-09 1.07532e-10) (1.06074e-08 -9.49282e-09 6.16672e-10) (1.16849e-08 -9.88989e-09 9.32995e-11) (1.24044e-08 -1.06437e-08 2.26175e-10) (1.20002e-08 -1.04446e-08 7.46189e-10)
2950          (6.61937e-11 -1.08674e-10 -5.92212e-12) (1.73636e-09 -1.53171e-09 -2.98141e-10) (3.62671e-09 -3.18225e-09 -2.09118e-10) (5.04251e-09 -4.78402e-09 -6.9694e-10) (6.80231e-09 -6.01239e-09 -4.52901e-10) (8.28572e-09 -7.29806e-09 -6.19349e-10) (9.67526e-09 -8.50059e-09 3.87187e-10) (1.0826e-08 -9.37063e-09 2.47473e-10) (1.15224e-08 -9.99459e-09 1.96417e-10) (1.25385e-08 -1.07119e-08 6.5254e-12) (1.21482e-08 -1.03238e-08 7.9527e-10)
3000          (1.31298e-10 -1.22524e-10 1.00301e-10) (1.66433e-09 -1.5381e-09 -1.49692e-10) (3.43109e-09 -3.01181e-09 -6.67628e-10) (5.18023e-09 -4.74686e-09 -9.33135e-10) (6.67224e-09 -6.29995e-09 -8.64078e-10) (8.47856e-09 -7.50185e-09 -3.36419e-10) (9.76759e-09 -8.6794e-09 -1.2033e-10) (1.10199e-08 -9.37474e-09 -1.33304e-10) (1.16317e-08 -1.00125e-08 9.21698e-11) (1.22064e-08 -1.05483e-08 -1.17303e-10) (1.20585e-08 -1.02909e-08 -1.55091e-11)
3050          (-5.14425e-12 4.75848e-12 7.4441e-11) (1.50775e-09 -1.27431e-09 -3.19567e-10) (3.48608e-09 -3.2958e-09 3.88239e-10) (5.13531e-09 -4.92851e-09 -1.68992e-11) (6.86984e-09 -6.29809e-09 1.14965e-09) (8.64234e-09 -7.65183e-09 8.33233e-10) (9.79838e-09 -8.6378e-09 2.10828e-09) (1.09543e-08 -9.76303e-09 2.41017e-09) (1.15401e-08 -9.97666e-09 2.29306e-09) (1.23214e-08 -1.08554e-08 2.04793e-09) (1.2122e-08 -1.06086e-08 2.99657e-09)
3100          (6.65106e-11 -2.18857e-10 8.94178e-11) (1.48287e-09 -1.61361e-09 6.34862e-11) (3.45806e-09 -3.09229e-09 -5.29602e-12) (5.26829e-09 -4.8126e-09 1.22267e-10) (6.94103e-09 -6.16758e-09 -3.13148e-10) (8.27805e-09 -7.54731e-09 -4.08826e-10) (9.87119e-09 -8.74392e-09 -1.17732e-09) (1.09021e-08 -9.81324e-09 -1.39681e-09) (1.14443e-08 -1.01176e-08 -9.22984e-10) (1.24116e-08 -1.04913e-08 -1.74228e-09) (1.21926e-08 -1.02896e-08 -1.3653e-09)
3150          (1.53901e-10 -1.69039e-10 -1.196e-11) (1.82662e-09 -1.53961e-09 5.78906e-11) (3.8158e-09 -3.1221e-09 2.64423e-10) (5.09238e-09 -4.7691e-09 -7.93586e-10) (7.13509e-09 -6.04046e-09 -4.84335e-10) (8.30129e-09 -7.42315e-09 -3.85423e-10) (9.62956e-09 -8.39291e-09 -5.36613e-10) (1.07684e-08 -9.46895e-09 -2.75426e-10) (1.12781e-08 -9.84853e-09 -2.68562e-10) (1.23201e-08 -1.0604e-08 -8.17551e-10) (1.21987e-08 -1.04202e-08 -1.46376e-09)
3200          (1.39803e-10 -1.47891e-10 1.22209e-10) (1.8778e-09 -1.66801e-09 3.43339e-10) (3.39309e-09 -3.24732e-09 3.81291e-10) (5.21369e-09 -4.69604e-09 -3.09375e-11) (7.13173e-09 -6.14497e-09 4.70393e-10) (8.41213e-09 -7.51569e-09 3.38984e-10) (9.73935e-09 -8.54097e-09 -6.91864e-11) (1.07771e-08 -9.48693e-09 1.06519e-10) (1.16251e-08 -9.879e-09 -1.46534e-10) (1.25262e-08 -1.04896e-08 -6.59475e-10) (1.21826e-08 -1.03712e-08 -4.57668e-10)
3250          (1.16399e-10 -1.1183e-10 -4.7482e-11) (1.37731e-09 -1.75206e-09 -7.11602e-11) (3.34462e-09 -3.46714e-09 -1.17321e-09) (5.27967e-09 -4.8836e-09 -1.44291e-09) (7.04243e-09 -6.36829e-09 -1.30542e-09) (8.63105e-09 -7.48044e-09 -1.57984e-09) (9.96501e-09 -8.5607e-09 -1.4167e-09) (1.10792e-08 -9.46731e-09 -1.05058e-09) (1.1498e-08 -9.93613e-09 -1.44149e-09) (1.21966e-08 -1.03917e-08 -1.59015e-09) (1.20542e-08 -1.03414e-08 -6.97373e-10)
3300          (1.692e-10 -4.47086e-11 -2.05492e-11) (1.73814e-09 -1.34366e-09 3.59557e-10) (3.21831e-09 -3.22312e-09 7.62743e-10) (4.9853e-09 -4.84929e-09 1.15745e-09) (6.98379e-09 -6.13942e-09 1.26283e-09) (8.38146e-09 -7.5801e-09 1.25994e-09) (9.73127e-09 -8.73157e-09 1.82966e-09) (1.08859e-08 -9.74784e-09 1.43296e-09) (1.15745e-08 -1.005e-08 1.32736e-09) (1.23102e-08 -1.06343e-08 9.29505e-10) (1.2188e-08 -1.04158e-08 7.35606e-10)
3350          (6.54944e-11 -1.62654e-10 1.11274e-10) (1.59918e-09 -1.58704e-09 -2.30539e-10) (3.56829e-09 -3.42245e-09 4.60685e-11) (4.86797e-09 -4.82547e-09 -4.48057e-10) (6.92617e-09 -6.24589e-09 -3.00885e-10) (8.64356e-09 -7.53816e-09 -1.1692e-10) (9.45491e-09 -8.79681e-09 5.71013e-12) (1.05879e-08 -9.66147e-09 8.45318e-10) (1.13917e-08 -1.00507e-08 6.12901e-10) (1.22253e-08 -1.0457e-08 5.43753e-10) (1.20273e-08 -1.04532e-08 1.35264e-09)
3400          (6.25702e-12 -8.90445e-11 7.47145e-11) (1.68532e-09 -1.54363e-09 2.98271e-10) (3.51428e-09 -3.26598e-09 8.12276e-10) (5.11698e-09 -4.65126e-09 6.36362e-10) (6.95142e-09 -6.01237e-09 6.78345e-10) (8.43602e-09 -7.51479e-09 8.98121e-10) (9.78404e-09 -8.68868e-09 1.79299e-09) (1.08156e-08 -9.6876e-09 1.70555e-09) (1.14729e-08 -1.01012e-08 1.00085e-09) (1.22272e-08 -1.04578e-08 8.29678e-10) (1.22696e-08 -1.03403e-08 1.81518e-09)
3450          (8.0903e-11 -8.03256e-11 -1.82579e-11) (1.65681e-09 -1.34276e-09 -4.48959e-10) (3.43636e-09 -2.95926e-09 -1.51378e-10) (5.0589e-09 -5.05067e-09 -8.71612e-11) (6.60982e-09 -6.15014e-09 6.30765e-11) (8.37943e-09 -7.31094e-09 4.7493e-10) (9.64196e-09 -8.73698e-09 4.89833e-10) (1.08985e-08 -9.79283e-09 8.70027e-10) (1.15319e-08 -1.01506e-08 1.25817e-09) (1.24791e-08 -1.08946e-08 9.14526e-10) (1.23968e-08 -1.04466e-08 1.1207e-09)
3500          (3.76604e-11 -2.90542e-11 1.015e-11) (1.64219e-09 -1.46658e-09 1.2725e-11) (3.34349e-09 -3.07882e-09 -6.83167e-10) (5.04243e-09 -4.64957e-09 -8.30846e-10) (6.86993e-09 -6.15694e-09 -4.99099e-10) (8.60619e-09 -7.33162e-09 -7.99287e-10) (9.58759e-09 -8.75147e-09 -2.80103e-10) (1.07137e-08 -9.47623e-09 -2.80903e-10) (1.15936e-08 -1.00755e-08 -3.99053e-10) (1.20617e-08 -1.05821e-08 -7.857e-10) (1.19992e-08 -1.03453e-08 -4.53192e-10)
3550          (1.76891e-10 -4.4281e-11 3.08474e-11) (1.5993e-09 -1.65489e-09 3.07973e-10) (3.298e-09 -3.09692e-09 3.77601e-10) (5.25395e-09 -4.56145e-09 2.6072e-10) (7.04348e-09 -6.16813e-09 4.01764e-10) (8.36581e-09 -7.47786e-09 3.75807e-10) (9.7988e-09 -8.49414e-09 6.63001e-10) (1.11633e-08 -9.44465e-09 2.99329e-10) (1.17222e-08 -9.65294e-09 2.72159e-10) (1.24148e-08 -1.05603e-08 2.64966e-10) (1.22575e-08 -1.04595e-08 1.01966e-09)
3600          (2.54787e-11 -1.52924e-10 -5.75712e-11) (1.73054e-09 -1.501e-09 -1.56343e-11) (3.38345e-09 -3.32779e-09 -7.45941e-10) (5.16782e-09 -4.83809e-09 -1.40127e-09) (7.04682e-09 -6.2248e-09 -1.17996e-09) (8.56077e-09 -7.41179e-09 -7.30839e-10) (9.80173e-09 -8.51253e-09 -1.52657e-09) (1.07945e-08 -9.23482e-09 -1.02806e-09) (1.15424e-08 -9.81113e-09 -9.6893e-10) (1.22792e-08 -1.02711e-08 -1.52554e-09) (1.21864e-08 -1.02634e-08 -2.0626e-09)
3650          (1.40945e-10 -5.57183e-11 1.64222e-10) (1.66508e-09 -1.59497e-09 -4.682e-10) (3.35795e-09 -3.11805e-09 7.21891e-10) (5.10588e-09 -4.70832e-09 4.90405e-10) (7.03288e-09 -6.08907e-09 -3.23187e-10) (8.80141e-09 -7.50129e-09 5.07053e-10) (9.86673e-09 -8.41437e-09 2.1988e-10) (1.07643e-08 -9.43417e-09 7.82201e-10) (1.16281e-08 -9.93602e-09 6.75444e-10) (1.22535e-08 -1.05091e-08 -1.68627e-10) (1.20528e-08 -1.04611e-08 1.53033e-10)
3700          (3.50484e-11 -2.07761e-10 -1.58666e-11) (1.69077e-09 -1.7769e-09 3.66189e-11) (3.52622e-09 -3.13884e-09 6.82161e-11) (5.07466e-09 -4.79124e-09 -2.04372e-10) (6.71606e-09 -6.24505e-09 7.40924e-10) (8.47469e-09 -7.3221e-09 2.35122e-10) (9.66432e-09 -8.57204e-09 5.60797e-10) (1.08261e-08 -9.72073e-09 1.14663e-09) (1.13328e-08 -9.85409e-09 7.85281e-10) (1.23947e-08 -1.0398e-08 8.72307e-10) (1.21802e-08 -1.03816e-08 4.88115e-10)
3750          (1.8623e-10 -1.16259e-10 1.68102e-11) (1.81984e-09 -1.60565e-09 4.18851e-10) (3.48384e-09 -2.98554e-09 3.8009e-10) (4.89781e-09 -4.73976e-09 7.36699e-11) (6.93629e-09 -6.42335e-09 1.24423e-10) (8.71414e-09 -7.80632e-09 -9.12338e-11) (9.73808e-09 -8.77961e-09 6.14349e-10) (1.06197e-08 -9.40502e-09 8.8254e-10) (1.15068e-08 -9.69411e-09 7.30682e-10) (1.23383e-08 -1.04457e-08 1.1782e-10) (1.21071e-08 -1.05379e-08 1.12516e-09)
3800          (1.87059e-10 -1.31696e-10 -4.0716e-11) (1.79436e-09 -1.32993e-09 -4.96028e-10) (3.66732e-09 -3.15684e-09 -3.44546e-10) (5.16465e-09 -4.80317e-09 -1.64549e-10) (6.87498e-09 -6.17498e-09 -1.34961e-10) (8.48059e-09 -7.49457e-09 -1.5182e-10) (9.95021e-09 -8.64652e-09 -6.36529e-10) (1.1063e-08 -9.56368e-09 -7.81938e-11) (1.15863e-08 -9.84977e-09 2.151e-10) (1.23623e-08 -1.04846e-08 4.94895e-12) (1.22529e-08 -1.04064e-08 -1.63786e-10)
3850          (4.49188e-11 -1.15828e-10 1.32179e-10) (1.51418e-09 -1.51524e-09 -1.59798e-11) (3.49475e-09 -3.08471e-09 2.74317e-10) (4.97613e-09 -4.74993e-09 4.79763e-10) (6.86923e-09 -6.17297e-09 7.91624e-10) (8.60957e-09 -7.35576e-09 -3.85024e-12) (9.96144e-09 -8.6936e-09 1.21213e-12) (1.09665e-08 -9.53068e-09 7.42936e-10) (1.16019e-08 -1.00693e-08 2.4208e-10) (1.23817e-08 -1.07031e-08 7.6907e-10) (1.20756e-08 -1.02307e-08 1.48122e-09)
3900          (7.1407e-11 -1.33601e-10 1.07805e-10) (1.78832e-09 -1.54501e-09 -1.86151e-10) (3.53162e-09 -3.03148e-09 -8.68356e-10) (5.29775e-09 -4.71269e-09 -1.33449e-09) (6.87288e-09 -6.25853e-09 -1.15416e-09) (8.45263e-09 -7.42843e-09 -5.75599e-10) (9.67638e-09 -8.75514e-09 -7.99929e-10) (1.11422e-08 -9.33796e-09 -8.61358e-10) (1.15983e-08 -1.00032e-08 -1.48853e-10) (1.23258e-08 -1.04311e-08 -7.57343e-10) (1.21543e-08 -1.04297e-08 -1.34482e-10)
3950          (9.24505e-11 -4.65538e-11 2.80419e-11) (1.54905e-09 -1.59962e-09 -1.00957e-10) (3.59172e-09 -3.03462e-09 9.57218e-10) (5.0349e-09 -4.79422e-09 -2.12887e-10) (6.94047e-09 -6.14498e-09 3.51821e-10) (8.54519e-09 -7.67003e-09 -6.2612e-10) (9.5903e-09 -8.61318e-09 -3.03416e-10) (1.10227e-08 -9.61941e-09 2.56124e-10) (1.15423e-08 -9.83225e-09 -6.00067e-10) (1.2352e-08 -1.04799e-08 -2.36897e-10) (1.20632e-08 -1.04172e-08 -8.96013e-10)
4000          (9.16018e-11 -1.56716e-10 -1.86859e-10) (1.43911e-09 -1.34692e-09 5.65633e-10) (3.37957e-09 -2.90407e-09 -3.78182e-12) (5.11272e-09 -4.81071e-09 3.75294e-10) (6.87371e-09 -6.3959e-09 3.04922e-10) (8.49171e-09 -7.40773e-09 8.93685e-10) (9.97638e-09 -8.96076e-09 7.79523e-11) (1.10075e-08 -9.70123e-09 7.38304e-10) (1.1504e-08 -1.00798e-08 3.47947e-10) (1.22686e-08 -1.05785e-08 1.02084e-09) (1.22222e-08 -1.02527e-08 5.13228e-10)
4050          (4.77396e-11 -1.15751e-10 1.99201e-11) (1.75373e-09 -1.58538e-09 1.69415e-11) (3.56156e-09 -3.14681e-09 -3.55309e-10) (5.14471e-09 -4.76509e-09 -8.15111e-10) (7.28226e-09 -5.97279e-09 -5.82793e-10) (8.65831e-09 -7.28983e-09 -5.96509e-10) (9.66617e-09 -8.74795e-09 -2.8542e-10) (1.08655e-08 -9.45643e-09 7.07524e-11) (1.1625e-08 -9.92753e-09 3.84544e-10) (1.24126e-08 -1.04479e-08 2.09778e-10) (1.21104e-08 -1.02514e-08 1.75538e-10)
4100          (2.79003e-11 -6.81842e-11 -1.54688e-11) (1.47581e-09 -1.53134e-09 -2.39509e-10) (3.36563e-09 -3.13558e-09 -4.13687e-10) (5.27417e-09 -4.73534e-09 1.36838e-10) (7.09444e-09 -6.31369e-09 7.06908e-11) (8.56068e-09 -7.7072e-09 -2.10597e-10) (9.7422e-09 -8.71135e-09 8.20605e-11) (1.08705e-08 -9.4775e-09 -3.32868e-10) (1.16063e-08 -9.94401e-09 5.15176e-10) (1.22687e-08 -1.08173e-08 3.75296e-10) (1.22035e-08 -1.02864e-08 1.22102e-09)
4150          (6.16806e-11 1.47913e-12 -9.86492e-11) (1.6924e-09 -1.51309e-09 2.47517e-10) (3.46149e-09 -3.17462e-09 4.99537e-10) (5.19387e-09 -4.82157e-09 9.7881e-10) (7.06924e-09 -5.9079e-09 5.61536e-10) (8.41537e-09 -7.31566e-09 1.01824e-09) (9.86363e-09 -8.53516e-09 1.11938e-09) (1.08408e-08 -9.57265e-09 1.56225e-09) (1.16983e-08 -9.98669e-09 1.26894e-09) (1.24024e-08 -1.04495e-08 1.44484e-09) (1.23273e-08 -1.03839e-08 1.64733e-09)
4200          (5.2461e-11 -4.61094e-11 9.18389e-11) (1.68771e-09 -1.69758e-09 -3.52595e-11) (3.81063e-09 -3.40956e-09 -8.11202e-10) (5.04765e-09 -5.17483e-09 -3.14035e-10) (6.80165e-09 -6.17893e-09 -4.53296e-10) (8.45167e-09 -7.56992e-09 -1.30323e-11) (1.01787e-08 -8.77252e-09 -1.01092e-09) (1.1123e-08 -9.85127e-09 -5.53423e-10) (1.16142e-08 -9.9944e-09 -9.52971e-10) (1.23295e-08 -1.04039e-08 -8.78513e-10) (1.20822e-08 -1.04078e-08 -1.31711e-09)
4250          (1.35131e-10 -1.09555e-10 -7.77662e-12) (1.72953e-09 -1.42329e-09 3.91189e-10) (3.33582e-09 -3.2071e-09 -2.812e-10) (4.97753e-09 -4.50151e-09 -3.92604e-10) (6.91274e-09 -6.2037e-09 -2.27129e-10) (8.69633e-09 -7.70662e-09 -3.91538e-10) (9.67125e-09 -8.86217e-09 -7.15364e-10) (1.07913e-08 -9.65754e-09 -8.98331e-10) (1.13259e-08 -9.90955e-09 -7.29687e-10) (1.22417e-08 -1.05203e-08 -1.45048e-09) (1.22166e-08 -1.02473e-08 -2.68241e-09)
4300          (1.07271e-10 -6.85711e-11 -4.95368e-11) (1.69936e-09 -1.49413e-09 -1.34693e-10) (3.48906e-09 -3.247e-09 -4.01379e-10) (5.0856e-09 -4.78486e-09 -1.06649e-09) (7.0062e-09 -6.22207e-09 -1.43576e-10) (8.7129e-09 -7.73118e-09 -4.04459e-10) (9.78728e-09 -8.82797e-09 2.30093e-10) (1.07502e-08 -9.66685e-09 3.13267e-11) (1.15392e-08 -1.0209e-08 4.01239e-10) (1.25751e-08 -1.03923e-08 -6.85913e-11) (1.23811e-08 -1.01365e-08 1.1102e-09)
4350          (5.02825e-11 -7.23061e-11 1.12111e-10) (1.7496e-09 -1.6947e-09 -1.31098e-10) (3.49306e-09 -3.1771e-09 4.40147e-10) (5.17383e-09 -4.9607e-09 4.61599e-10) (6.98827e-09 -6.4011e-09 1.1065e-09) (8.45795e-09 -7.50145e-09 7.02803e-10) (9.48987e-09 -8.75431e-09 1.49254e-09) (1.06912e-08 -9.43551e-09 1.29545e-09) (1.13876e-08 -1.0008e-08 8.05185e-10) (1.22258e-08 -1.06829e-08 8.08416e-10) (1.21987e-08 -1.04993e-08 4.61124e-10)
4400          (1.14247e-10 -8.47182e-11 3.15711e-11) (1.94995e-09 -1.60927e-09 -3.52627e-10) (3.59858e-09 -3.30274e-09 -1.64434e-10) (5.26841e-09 -4.86247e-09 -4.05593e-10) (7.0564e-09 -6.18311e-09 -1.202e-10) (8.56058e-09 -7.42949e-09 -3.40297e-10) (9.72332e-09 -8.47563e-09 1.54487e-10) (1.08722e-08 -9.33804e-09 -1.29594e-10) (1.1674e-08 -9.83438e-09 -5.75027e-10) (1.23206e-08 -1.05227e-08 -7.57171e-10) (1.21833e-08 -1.06327e-08 -4.13221e-10)
4450          (9.87209e-11 -7.28492e-11 -1.52029e-11) (1.76662e-09 -1.7576e-09 3.5996e-10) (3.60884e-09 -3.13626e-09 4.17628e-10) (5.14019e-09 -4.69316e-09 2.44423e-10) (6.90036e-09 -6.13414e-09 6.17135e-10) (8.46151e-09 -7.33803e-09 3.97161e-10) (9.73908e-09 -8.63056e-09 7.09794e-10) (1.09633e-08 -9.65013e-09 3.63856e-10) (1.18631e-08 -1.00583e-08 7.35047e-10) (1.22404e-08 -1.05558e-08 3.90086e-10) (1.2109e-08 -1.06231e-08 1.11563e-09)
4500          (7.55784e-11 -4.63682e-11 2.06182e-11) (1.73701e-09 -1.29209e-09 -4.4707e-10) (3.58517e-09 -2.82588e-09 9.20397e-11) (5.67737e-09 -4.56495e-09 -3.24926e-10) (7.16641e-09 -6.13084e-09 -7.37279e-10) (8.49249e-09 -7.33372e-09 7.50961e-10) (9.87579e-09 -8.64468e-09 4.78895e-10) (1.12623e-08 -9.67306e-09 6.37219e-10) (1.16818e-08 -1.01176e-08 5.61626e-10) (1.21091e-08 -1.06897e-08 2.69202e-10) (1.21664e-08 -1.02332e-08 -3.53167e-10)
4550          (1.52591e-10 -7.41468e-11 2.32909e-10) (1.67826e-09 -1.35099e-09 3.45743e-11) (3.16895e-09 -3.09336e-09 4.33604e-11) (5.00924e-09 -4.64639e-09 -6.37989e-10) (7.04972e-09 -6.20391e-09 -6.81905e-10) (8.66582e-09 -7.47647e-09 -5.40318e-10) (9.83277e-09 -8.88414e-09 -4.07799e-10) (1.08513e-08 -9.69059e-09 -1.2718e-09) (1.17106e-08 -1.0218e-08 -1.40777e-09) (1.23633e-08 -1.05735e-08 -1.50535e-09) (1.22158e-08 -1.03008e-08 -1.06857e-09)
4600          (2.06595e-11 -3.0634e-12 2.28734e-11) (1.81688e-09 -1.41559e-09 -3.05031e-10) (3.5352e-09 -3.31832e-09 1.04116e-10) (5.27696e-09 -4.89062e-09 3.93001e-10) (6.89283e-09 -6.11467e-09 1.89336e-10) (8.52584e-09 -7.44076e-09 3.95879e-10) (9.84054e-09 -8.89531e-09 1.02139e-09) (1.10835e-08 -9.45235e-09 5.45967e-10) (1.16786e-08 -9.80351e-09 5.07999e-10) (1.22859e-08 -1.04817e-08 2.18011e-10) (1.21788e-08 -1.0328e-08 5.6304e-10)
4650          (1.10253e-10 -5.75456e-11 -9.61362e-11) (1.80062e-09 -1.52257e-09 6.93468e-11) (3.42364e-09 -3.14959e-09 1.4372e-10) (5.08288e-09 -4.73636e-09 2.66132e-10) (7.11687e-09 -6.14913e-09 2.67497e-10) (8.71177e-09 -7.49228e-09 6.42857e-10) (9.87406e-09 -8.77661e-09 3.84179e-10) (1.07485e-08 -9.47988e-09 7.20183e-10) (1.19273e-08 -1.00122e-08 1.128e-09) (1.25724e-08 -1.04271e-08 6.13448e-10) (1.20952e-08 -1.04022e-08 1.24235e-10)
4700          (1.09161e-10 -1.08249e-10 1.39332e-10) (1.5247e-09 -1.73986e-09 -1.08583e-10) (3.44827e-09 -3.1815e-09 -2.33154e-11) (4.94127e-09 -4.82436e-09 -5.07005e-10) (6.97566e-09 -6.18312e-09 2.24015e-10) (8.47513e-09 -7.69032e-09 6.23514e-11) (1.00171e-08 -8.73157e-09 2.10268e-10) (1.11482e-08 -9.6468e-09 -7.54291e-11) (1.16201e-08 -9.92819e-09 9.77341e-11) (1.26197e-08 -1.04253e-08 3.40122e-10) (1.24758e-08 -1.036e-08 -1.00616e-09)
4750          (1.04777e-10 -9.53731e-11 -4.28626e-11) (1.58239e-09 -1.69016e-09 9.12899e-12) (3.66558e-09 -3.16491e-09 -8.40007e-10) (5.27494e-09 -4.68192e-09 -7.87254e-10) (6.97947e-09 -6.08032e-09 -8.46458e-10) (8.49598e-09 -7.35889e-09 -4.25136e-10) (9.70291e-09 -8.90065e-09 -3.9734e-10) (1.0669e-08 -9.53226e-09 -6.51257e-10) (1.15965e-08 -9.91411e-09 -1.11417e-09) (1.24272e-08 -1.046e-08 -1.22785e-09) (1.22954e-08 -1.00541e-08 -1.58979e-09)
4800          (1.14827e-10 -5.39713e-11 -6.35318e-11) (1.71376e-09 -1.44713e-09 8.11302e-11) (3.4299e-09 -3.30707e-09 3.35187e-10) (5.10207e-09 -4.77699e-09 -2.30962e-10) (6.72369e-09 -6.14184e-09 -2.1577e-10) (8.47211e-09 -7.58582e-09 -1.23429e-10) (9.70946e-09 -8.7691e-09 -3.34078e-10) (1.10231e-08 -9.39563e-09 -7.43996e-10) (1.18562e-08 -9.9537e-09 -4.335e-10) (1.23099e-08 -1.05598e-08 -1.0939e-09) (1.204e-08 -1.04276e-08 -1.08231e-09)
4850          (5.01082e-11 -1.01469e-10 1.10737e-12) (1.637e-09 -1.47695e-09 -5.99406e-10) (3.43354e-09 -3.10017e-09 -2.61192e-10) (5.09498e-09 -4.68683e-09 -5.25144e-10) (6.80166e-09 -6.11547e-09 3.02165e-11) (8.56083e-09 -7.39588e-09 4.81533e-10) (9.52612e-09 -8.81369e-09 1.28495e-10) (1.07437e-08 -9.64137e-09 5.84478e-11) (1.1486e-08 -1.01447e-08 3.57217e-10) (1.22016e-08 -1.07855e-08 -6.20581e-10) (1.19356e-08 -1.0431e-08 -3.79176e-10)
4900          (1.29827e-11 -1.41606e-10 8.55308e-11) (1.758e-09 -1.60701e-09 -6.49888e-10) (3.39878e-09 -3.25357e-09 -1.15023e-09) (4.94025e-09 -4.54203e-09 -7.0641e-10) (6.87328e-09 -6.03642e-09 -7.66852e-10) (8.60803e-09 -7.57027e-09 -6.67508e-10) (9.73987e-09 -8.66263e-09 -8.93295e-10) (1.06465e-08 -9.72349e-09 -1.10455e-09) (1.13866e-08 -9.9963e-09 -1.16355e-09) (1.22413e-08 -1.04453e-08 -9.28025e-10) (1.22164e-08 -1.03275e-08 -2.55663e-09)
4950          (1.10994e-10 -5.39829e-11 -7.21262e-11) (1.61352e-09 -1.48165e-09 9.6904e-11) (3.61378e-09 -3.21237e-09 -8.70908e-10) (5.05249e-09 -4.66566e-09 -3.92947e-10) (6.75769e-09 -6.14468e-09 8.67065e-11) (8.45531e-09 -7.45627e-09 5.73429e-10) (9.87266e-09 -8.68709e-09 -6.68898e-11) (1.10246e-08 -9.40193e-09 4.91954e-10) (1.178e-08 -9.86708e-09 4.92017e-10) (1.23453e-08 -1.0441e-08 5.81419e-10) (1.2013e-08 -1.05516e-08 8.94394e-10)
5000          (5.4844e-11 -2.95737e-11 4.63631e-11) (1.68759e-09 -1.67229e-09 1.85472e-10) (3.64858e-09 -3.15301e-09 -3.73433e-10) (5.18303e-09 -4.86138e-09 -2.82938e-10) (6.94296e-09 -6.13258e-09 9.09875e-10) (8.42674e-09 -7.65031e-09 1.12164e-09) (9.62656e-09 -8.68258e-09 7.21705e-10) (1.09667e-08 -9.43469e-09 3.35287e-10) (1.15489e-08 -1.00087e-08 8.69222e-10) (1.23637e-08 -1.03906e-08 9.81816e-10) (1.22944e-08 -1.0253e-08 1.13233e-09)
