# Probe 0 (0.0015 0.0015 0)
# Probe 1 (0.0015 0.0015 0.002)
# Probe 2 (0.0015 0.0015 0.004)
# Probe 3 (0.0015 0.0015 0.006)
# Probe 4 (0.0015 0.0015 0.008)
# Probe 5 (0.0015 0.0015 0.01)
# Probe 6 (0.0015 0.0015 0.012)
# Probe 7 (0.0015 0.0015 0.014)
# Probe 8 (0.0015 0.0015 0.016)
# Probe 9 (0.0015 0.0015 0.018)
# Probe 10 (0.0015 0.0015 0.02)
# Time        0             1             2             3             4             5             6             7             8             9             10           
50            116859        116859        116859        116859        116859        116859        49176.8       49176.8       49176.8       49176.8       49176.8      
100           144228        144228        144228        144228        144228        144228        54779.9       54779.9       54779.9       54779.9       54779.9      
150           155922        155922        155922        155922        155922        155922        61229.7       61229.7       61229.7       61229.7       61229.7      
200           161188        161188        161188        161188        161188        161188        65947.4       65947.4       65947.4       65947.4       65947.4      
250           163864        163864        163864        163864        163864        163864        68995.6       68995.6       68995.6       68995.6       68995.6      
300           165345        165345        165345        165345        165345        165345        70867.4       70867.4       70867.4       70867.4       70867.4      
350           166199        166199        166199        166199        166199        166199        71988.3       71988.3       71988.3       71988.3       71988.3      
400           166697        166697        166697        166697        166697        166697        72651.4       72651.4       72651.4       72651.4       72651.4      
450           166989        166989        166989        166989        166989        166989        73041.2       73041.2       73041.2       73041.2       73041.2      
500           167161        167161        167161        167161        167161        167161        73269.5       73269.5       73269.5       73269.5       73269.5      
550           167261        167261        167261        167261        167261        167261        73403         73403         73403         73403         73403        
600           167320        167320        167320        167320        167320        167320        73480.9       73480.9       73480.9       73480.9       73480.9      
650           167354        167354        167354        167354        167354        167354        73526.4       73526.4       73526.4       73526.4       73526.4      
700           167374        167374        167374        167374        167374        167374        73553         73553         73553         73553         73553        
750           167386        167386        167386        167386        167386        167386        73568.6       73568.6       73568.6       73568.6       73568.6      
800           167393        167393        167393        167393        167393        167393        73577.6       73577.6       73577.6       73577.6       73577.6      
850           167396        167396        167396        167396        167396        167396        73581.9       73581.9       73581.9       73581.9       73581.9      
900           167398        167398        167398        167398        167398        167398        73584.5       73584.5       73584.5       73584.5       73584.5      
950           167399        167399        167399        167399        167399        167399        73585.9       73585.9       73585.9       73585.9       73585.9      
1000          167400        167400        167400        167400        167400        167400        73587         73587         73587         73587         73587        
1050          167400        167400        167400        167400        167400        167400        73587         73587         73587         73587         73587        
1100          167400        167400        167400        167400        167400        167400        73587         73587         73587         73587         73587        
1150          167400        167400        167400        167400        167400        167400        73587         73587         73587         73587         73587        
1200          167400        167400        167400        167400        167400        167400        73587         73587         73587         73587         73587        
1250          167400        167400        167400        167400        167400        167400        73587         73587         73587         73587         73587        
1300          167400        167400        167400        167400        167400        167400        73587         73587         73587         73587         73587        
1350          167400        167400        167400        167400        167400        167400        73587         73587         73587         73587         73587        
1400          167400        167400        167400        167400        167400        167400        73587         73587         73587         73587         73587        
1450          167400        167400        167400        167400        167400        167400        73587         73587         73587         73587         73587        
1500          167400        167400        167400        167400        167400        167400        73587         73587         73587         73587         73587        
1550          167400        167400        167400        167400        167400        167400        73587         73587         73587         73587         73587        
1600          167400        167400        167400        167400        167400        167400        73587         73587         73587         73587         73587        
1650          167400        167400        167400        167400        167400        167400        73587         73587         73587         73587         73587        
1700          167400        167400        167400        167400        167400        167400        73587         73587         73587         73587         73587        
1750          167400        167400        167400        167400        167400        167400        73587         73587         73587         73587         73587        
1800          167400        167400        167400        167400        167400        167400        73587         73587         73587         73587         73587        
1850          167400        167400        167400        167400        167400        167400        73587         73587         73587         73587         73587        
1900          167400        167400        167400        167400        167400        167400        73587         73587         73587         73587         73587        
1950          167400        167400        167400        167400        167400        167400        73587         73587         73587         73587         73587        
2000          167400        167400        167400        167400        167400        167400        73587         73587         73587         73587         73587        
2050          167400        167400        167400        167400        167400        167400        73587         73587         73587         73587         73587        
2100          167400        167400        167400        167400        167400        167400        73587         73587         73587         73587         73587        
2150          167400        167400        167400        167400        167400        167400        73587         73587         73587         73587         73587        
2200          167400        167400        167400        167400        167400        167400        73587         73587         73587         73587         73587        
2250          167400        167400        167400        167400        167400        167400        73587         73587         73587         73587         73587        
2300          167400        167400        167400        167400        167400        167400        73587         73587         73587         73587         73587        
2350          167400        167400        167400        167400        167400        167400        73587         73587         73587         73587         73587        
2400          167400        167400        167400        167400        167400        167400        73587         73587         73587         73587         73587        
2450          167400        167400        167400        167400        167400        167400        73587         73587         73587         73587         73587        
2500          167400        167400        167400        167400        167400        167400        73587         73587         73587         73587         73587        
2550          167400        167400        167400        167400        167400        167400        73587         73587         73587         73587         73587        
2600          167400        167400        167400        167400        167400        167400        73587         73587         73587         73587         73587        
2650          167400        167400        167400        167400        167400        167400        73587         73587         73587         73587         73587        
2700          167400        167400        167400        167400        167400        167400        73587         73587         73587         73587         73587        
2750          167400        167400        167400        167400        167400        167400        73587         73587         73587         73587         73587        
2800          167400        167400        167400        167400        167400        167400        73587         73587         73587         73587         73587        
2850          167400        167400        167400        167400        167400        167400        73587         73587         73587         73587         73587        
2900          167400        167400        167400        167400        167400        167400        73587         73587         73587         73587         73587        
2950          167400        167400        167400        167400        167400        167400        73587         73587         73587         73587         73587        
3000          167400        167400        167400        167400        167400        167400        73587         73587         73587         73587         73587        
3050          167400        167400        167400        167400        167400        167400        73587         73587         73587         73587         73587        
3100          167400        167400        167400        167400        167400        167400        73587         73587         73587         73587         73587        
3150          167400        167400        167400        167400        167400        167400        73587         73587         73587         73587         73587        
3200          167400        167400        167400        167400        167400        167400        73587         73587         73587         73587         73587        
3250          167400        167400        167400        167400        167400        167400        73587         73587         73587         73587         73587        
3300          167400        167400        167400        167400        167400        167400        73587         73587         73587         73587         73587        
3350          167400        167400        167400        167400        167400        167400        73587         73587         73587         73587         73587        
3400          167400        167400        167400        167400        167400        167400        73587         73587         73587         73587         73587        
3450          167400        167400        167400        167400        167400        167400        73587         73587         73587         73587         73587        
3500          167400        167400        167400        167400        167400        167400        73587         73587         73587         73587         73587        
3550          167400        167400        167400        167400        167400        167400        73587         73587         73587         73587         73587        
3600          167400        167400        167400        167400        167400        167400        73587         73587         73587         73587         73587        
3650          167400        167400        167400        167400        167400        167400        73587         73587         73587         73587         73587        
3700          167400        167400        167400        167400        167400        167400        73587         73587         73587         73587         73587        
3750          167400        167400        167400        167400        167400        167400        73587         73587         73587         73587         73587        
3800          167400        167400        167400        167400        167400        167400        73587         73587         73587         73587         73587        
3850          167400        167400        167400        167400        167400        167400        73587         73587         73587         73587         73587        
3900          167400        167400        167400        167400        167400        167400        73587         73587         73587         73587         73587        
3950          167400        167400        167400        167400        167400        167400        73587         73587         73587         73587         73587        
4000          167400        167400        167400        167400        167400        167400        73587         73587         73587         73587         73587        
4050          167400        167400        167400        167400        167400        167400        73587         73587         73587         73587         73587        
4100          167400        167400        167400        167400        167400        167400        73587         73587         73587         73587         73587        
4150          167400        167400        167400        167400        167400        167400        73587         73587         73587         73587         73587        
4200          167400        167400        167400        167400        167400        167400        73587         73587         73587         73587         73587        
4250          167400        167400        167400        167400        167400        167400        73587         73587         73587         73587         73587        
4300          167400        167400        167400        167400        167400        167400        73587         73587         73587         73587         73587        
4350          167400        167400        167400        167400        167400        167400        73587         73587         73587         73587         73587        
4400          167400        167400        167400        167400        167400        167400        73587         73587         73587         73587         73587        
4450          167400        167400        167400        167400        167400        167400        73587         73587         73587         73587         73587        
4500          167400        167400        167400        167400        167400        167400        73587         73587         73587         73587         73587        
4550          167400        167400        167400        167400        167400        167400        73587         73587         73587         73587         73587        
4600          167400        167400        167400        167400        167400        167400        73587         73587         73587         73587         73587        
4650          167400        167400        167400        167400        167400        167400        73587         73587         73587         73587         73587        
4700          167400        167400        167400        167400        167400        167400        73587         73587         73587         73587         73587        
4750          167400        167400        167400        167400        167400        167400        73587         73587         73587         73587         73587        
4800          167400        167400        167400        167400        167400        167400        73587         73587         73587         73587         73587        
4850          167400        167400        167400        167400        167400        167400        73587         73587         73587         73587         73587        
4900          167400        167400        167400        167400        167400        167400        73587         73587         73587         73587         73587        
4950          167400        167400        167400        167400        167400        167400        73587         73587         73587         73587         73587        
5000          167400        167400        167400        167400        167400        167400        73587         73587         73587         73587         73587        
