# Probe 0 (0.0015 0.0015 0)
# Probe 1 (0.0015 0.0015 0.002)
# Probe 2 (0.0015 0.0015 0.004)
# Probe 3 (0.0015 0.0015 0.006)
# Probe 4 (0.0015 0.0015 0.008)
# Probe 5 (0.0015 0.0015 0.01)
# Probe 6 (0.0015 0.0015 0.012)
# Probe 7 (0.0015 0.0015 0.014)
# Probe 8 (0.0015 0.0015 0.016)
# Probe 9 (0.0015 0.0015 0.018)
# Probe 10 (0.0015 0.0015 0.02)
# Time        0             1             2             3             4             5             6             7             8             9             10           
50            (-51.6429 -51.6429 -1.20649e+07) (-51.6429 -51.6429 -1.20649e+07) (-51.6429 -51.6429 -1.20649e+07) (-51.6429 -51.6429 -1.20649e+07) (-51.6429 -51.6429 -1.20649e+07) (-51.6429 -51.6429 -1.20649e+07) (10.7862 10.7862 -6.14736e+06) (10.7862 10.7862 -6.14736e+06) (10.7862 10.7862 -6.14736e+06) (10.7862 10.7862 -6.14736e+06) (10.7862 10.7862 -6.14736e+06)
100           (-20.0088 -20.0088 -1.09926e+07) (-20.0088 -20.0088 -1.09926e+07) (-20.0088 -20.0088 -1.09926e+07) (-20.0088 -20.0088 -1.09926e+07) (-20.0088 -20.0088 -1.09926e+07) (-20.0088 -20.0088 -1.09926e+07) (-1.12641 -1.12641 -7.67796e+06) (-1.12641 -1.12641 -7.67796e+06) (-1.12641 -1.12641 -7.67796e+06) (-1.12641 -1.12641 -7.67796e+06) (-1.12641 -1.12641 -7.67796e+06)
150           (-5.55613 -5.55613 -1.03315e+07) (-5.55613 -5.55613 -1.03315e+07) (-5.55613 -5.55613 -1.03315e+07) (-5.55613 -5.55613 -1.03315e+07) (-5.55613 -5.55613 -1.03315e+07) (-5.55613 -5.55613 -1.03315e+07) (-2.17865 -2.17865 -8.44939e+06) (-2.17865 -2.17865 -8.44939e+06) (-2.17865 -2.17865 -8.44939e+06) (-2.17865 -2.17865 -8.44939e+06) (-2.17865 -2.17865 -8.44939e+06)
200           (2.93541 2.93541 -9.94323e+06) (2.93541 2.93541 -9.94323e+06) (2.93541 2.93541 -9.94323e+06) (2.93541 2.93541 -9.94323e+06) (2.93541 2.93541 -9.94323e+06) (2.93541 2.93541 -9.94323e+06) (2.15633 2.15633 -8.84923e+06) (2.15633 2.15633 -8.84923e+06) (2.15633 2.15633 -8.84923e+06) (2.15633 2.15633 -8.84923e+06) (2.15633 2.15633 -8.84923e+06)
250           (3.22069 3.22069 -9.71334e+06) (3.22069 3.22069 -9.71334e+06) (3.22069 3.22069 -9.71334e+06) (3.22069 3.22069 -9.71334e+06) (3.22069 3.22069 -9.71334e+06) (3.22069 3.22069 -9.71334e+06) (3.47288 3.47288 -9.07129e+06) (3.47288 3.47288 -9.07129e+06) (3.47288 3.47288 -9.07129e+06) (3.47288 3.47288 -9.07129e+06) (3.47288 3.47288 -9.07129e+06)
300           (-3.67976 -3.67976 -9.57687e+06) (-3.67976 -3.67976 -9.57687e+06) (-3.67976 -3.67976 -9.57687e+06) (-3.67976 -3.67976 -9.57687e+06) (-3.67976 -3.67976 -9.57687e+06) (-3.67976 -3.67976 -9.57687e+06) (-2.82609 -2.82609 -9.19954e+06) (-2.82609 -2.82609 -9.19954e+06) (-2.82609 -2.82609 -9.19954e+06) (-2.82609 -2.82609 -9.19954e+06) (-2.82609 -2.82609 -9.19954e+06)
350           (-2.30377 -2.30377 -9.49613e+06) (-2.30377 -2.30377 -9.49613e+06) (-2.30377 -2.30377 -9.49613e+06) (-2.30377 -2.30377 -9.49613e+06) (-2.30377 -2.30377 -9.49613e+06) (-2.30377 -2.30377 -9.49613e+06) (-1.78727 -1.78727 -9.27464e+06) (-1.78727 -1.78727 -9.27464e+06) (-1.78727 -1.78727 -9.27464e+06) (-1.78727 -1.78727 -9.27464e+06) (-1.78727 -1.78727 -9.27464e+06)
400           (-1.35392 -1.35392 -9.44854e+06) (-1.35392 -1.35392 -9.44854e+06) (-1.35392 -1.35392 -9.44854e+06) (-1.35392 -1.35392 -9.44854e+06) (-1.35392 -1.35392 -9.44854e+06) (-1.35392 -1.35392 -9.44854e+06) (-1.07046 -1.07046 -9.31877e+06) (-1.07046 -1.07046 -9.31877e+06) (-1.07046 -1.07046 -9.31877e+06) (-1.07046 -1.07046 -9.31877e+06) (-1.07046 -1.07046 -9.31877e+06)
450           (-3.44111 -3.44111 -9.42059e+06) (-3.44111 -3.44111 -9.42059e+06) (-3.44111 -3.44111 -9.42059e+06) (-3.44111 -3.44111 -9.42059e+06) (-3.44111 -3.44111 -9.42059e+06) (-3.44111 -3.44111 -9.42059e+06) (-2.18716 -2.18716 -9.34467e+06) (-2.18716 -2.18716 -9.34467e+06) (-2.18716 -2.18716 -9.34467e+06) (-2.18716 -2.18716 -9.34467e+06) (-2.18716 -2.18716 -9.34467e+06)
500           (-2.0481 -2.0481 -9.40421e+06) (-2.0481 -2.0481 -9.40421e+06) (-2.0481 -2.0481 -9.40421e+06) (-2.0481 -2.0481 -9.40421e+06) (-2.0481 -2.0481 -9.40421e+06) (-2.0481 -2.0481 -9.40421e+06) (-1.29344 -1.29344 -9.35985e+06) (-1.29344 -1.29344 -9.35985e+06) (-1.29344 -1.29344 -9.35985e+06) (-1.29344 -1.29344 -9.35985e+06) (-1.29344 -1.29344 -9.35985e+06)
550           (-1.19799 -1.19799 -9.39464e+06) (-1.19799 -1.19799 -9.39464e+06) (-1.19799 -1.19799 -9.39464e+06) (-1.19799 -1.19799 -9.39464e+06) (-1.19799 -1.19799 -9.39464e+06) (-1.19799 -1.19799 -9.39464e+06) (-0.759598 -0.759598 -9.36873e+06) (-0.759598 -0.759598 -9.36873e+06) (-0.759598 -0.759598 -9.36873e+06) (-0.759598 -0.759598 -9.36873e+06) (-0.759598 -0.759598 -9.36873e+06)
600           (2.52913 2.52913 -9.38904e+06) (2.52913 2.52913 -9.38904e+06) (2.52913 2.52913 -9.38904e+06) (2.52913 2.52913 -9.38904e+06) (2.52913 2.52913 -9.38904e+06) (2.52913 2.52913 -9.38904e+06) (2.31094 2.31094 -9.37391e+06) (2.31094 2.31094 -9.37391e+06) (2.31094 2.31094 -9.37391e+06) (2.31094 2.31094 -9.37391e+06) (2.31094 2.31094 -9.37391e+06)
650           (0.685126 0.685126 -9.38577e+06) (0.685126 0.685126 -9.38577e+06) (0.685126 0.685126 -9.38577e+06) (0.685126 0.685126 -9.38577e+06) (0.685126 0.685126 -9.38577e+06) (0.685126 0.685126 -9.38577e+06) (0.693661 0.693661 -9.37695e+06) (0.693661 0.693661 -9.37695e+06) (0.693661 0.693661 -9.37695e+06) (0.693661 0.693661 -9.37695e+06) (0.693661 0.693661 -9.37695e+06)
700           (2.10447 2.10447 -9.38387e+06) (2.10447 2.10447 -9.38387e+06) (2.10447 2.10447 -9.38387e+06) (2.10447 2.10447 -9.38387e+06) (2.10447 2.10447 -9.38387e+06) (2.10447 2.10447 -9.38387e+06) (1.73557 1.73557 -9.37872e+06) (1.73557 1.73557 -9.37872e+06) (1.73557 1.73557 -9.37872e+06) (1.73557 1.73557 -9.37872e+06) (1.73557 1.73557 -9.37872e+06)
750           (-0.798126 -0.798126 -9.38275e+06) (-0.798126 -0.798126 -9.38275e+06) (-0.798126 -0.798126 -9.38275e+06) (-0.798126 -0.798126 -9.38275e+06) (-0.798126 -0.798126 -9.38275e+06) (-0.798126 -0.798126 -9.38275e+06) (-0.544655 -0.544655 -9.37975e+06) (-0.544655 -0.544655 -9.37975e+06) (-0.544655 -0.544655 -9.37975e+06) (-0.544655 -0.544655 -9.37975e+06) (-0.544655 -0.544655 -9.37975e+06)
800           (-1.12556 -1.12556 -9.3821e+06) (-1.12556 -1.12556 -9.3821e+06) (-1.12556 -1.12556 -9.3821e+06) (-1.12556 -1.12556 -9.3821e+06) (-1.12556 -1.12556 -9.3821e+06) (-1.12556 -1.12556 -9.3821e+06) (-1.12038 -1.12038 -9.38035e+06) (-1.12038 -1.12038 -9.38035e+06) (-1.12038 -1.12038 -9.38035e+06) (-1.12038 -1.12038 -9.38035e+06) (-1.12038 -1.12038 -9.38035e+06)
850           (0.774279 0.774279 -9.38179e+06) (0.774279 0.774279 -9.38179e+06) (0.774279 0.774279 -9.38179e+06) (0.774279 0.774279 -9.38179e+06) (0.774279 0.774279 -9.38179e+06) (0.774279 0.774279 -9.38179e+06) (0.965682 0.965682 -9.38064e+06) (0.965682 0.965682 -9.38064e+06) (0.965682 0.965682 -9.38064e+06) (0.965682 0.965682 -9.38064e+06) (0.965682 0.965682 -9.38064e+06)
900           (-0.0137321 -0.0137322 -9.3816e+06) (-0.0137321 -0.0137322 -9.3816e+06) (-0.0137321 -0.0137322 -9.3816e+06) (-0.0137321 -0.0137322 -9.3816e+06) (-0.0137321 -0.0137322 -9.3816e+06) (-0.0137321 -0.0137322 -9.3816e+06) (0.27636 0.27636 -9.38082e+06) (0.27636 0.27636 -9.38082e+06) (0.27636 0.27636 -9.38082e+06) (0.27636 0.27636 -9.38082e+06) (0.27636 0.27636 -9.38082e+06)
950           (-0.688967 -0.688967 -9.38151e+06) (-0.688967 -0.688967 -9.38151e+06) (-0.688967 -0.688967 -9.38151e+06) (-0.688967 -0.688967 -9.38151e+06) (-0.688967 -0.688967 -9.38151e+06) (-0.688967 -0.688967 -9.38151e+06) (-0.822228 -0.822228 -9.3809e+06) (-0.822228 -0.822228 -9.3809e+06) (-0.822228 -0.822228 -9.3809e+06) (-0.822228 -0.822228 -9.3809e+06) (-0.822228 -0.822228 -9.3809e+06)
1000          (0.169647 0.169647 -9.38143e+06) (0.169647 0.169647 -9.38143e+06) (0.169647 0.169647 -9.38143e+06) (0.169647 0.169647 -9.38143e+06) (0.169647 0.169647 -9.38143e+06) (0.169647 0.169647 -9.38143e+06) (0.365799 0.365799 -9.38097e+06) (0.365799 0.365799 -9.38097e+06) (0.365799 0.365799 -9.38097e+06) (0.365799 0.365799 -9.38097e+06) (0.365799 0.365799 -9.38097e+06)
1050          (0.169647 0.169647 -9.38143e+06) (0.169647 0.169647 -9.38143e+06) (0.169647 0.169647 -9.38143e+06) (0.169647 0.169647 -9.38143e+06) (0.169647 0.169647 -9.38143e+06) (0.169647 0.169647 -9.38143e+06) (0.365799 0.365799 -9.38097e+06) (0.365799 0.365799 -9.38097e+06) (0.365799 0.365799 -9.38097e+06) (0.365799 0.365799 -9.38097e+06) (0.365799 0.365799 -9.38097e+06)
1100          (0.169647 0.169647 -9.38143e+06) (0.169647 0.169647 -9.38143e+06) (0.169647 0.169647 -9.38143e+06) (0.169647 0.169647 -9.38143e+06) (0.169647 0.169647 -9.38143e+06) (0.169647 0.169647 -9.38143e+06) (0.365799 0.365799 -9.38097e+06) (0.365799 0.365799 -9.38097e+06) (0.365799 0.365799 -9.38097e+06) (0.365799 0.365799 -9.38097e+06) (0.365799 0.365799 -9.38097e+06)
1150          (0.169647 0.169647 -9.38143e+06) (0.169647 0.169647 -9.38143e+06) (0.169647 0.169647 -9.38143e+06) (0.169647 0.169647 -9.38143e+06) (0.169647 0.169647 -9.38143e+06) (0.169647 0.169647 -9.38143e+06) (0.365799 0.365799 -9.38097e+06) (0.365799 0.365799 -9.38097e+06) (0.365799 0.365799 -9.38097e+06) (0.365799 0.365799 -9.38097e+06) (0.365799 0.365799 -9.38097e+06)
1200          (0.169647 0.169647 -9.38143e+06) (0.169647 0.169647 -9.38143e+06) (0.169647 0.169647 -9.38143e+06) (0.169647 0.169647 -9.38143e+06) (0.169647 0.169647 -9.38143e+06) (0.169647 0.169647 -9.38143e+06) (0.365799 0.365799 -9.38097e+06) (0.365799 0.365799 -9.38097e+06) (0.365799 0.365799 -9.38097e+06) (0.365799 0.365799 -9.38097e+06) (0.365799 0.365799 -9.38097e+06)
1250          (0.169647 0.169647 -9.38143e+06) (0.169647 0.169647 -9.38143e+06) (0.169647 0.169647 -9.38143e+06) (0.169647 0.169647 -9.38143e+06) (0.169647 0.169647 -9.38143e+06) (0.169647 0.169647 -9.38143e+06) (0.365799 0.365799 -9.38097e+06) (0.365799 0.365799 -9.38097e+06) (0.365799 0.365799 -9.38097e+06) (0.365799 0.365799 -9.38097e+06) (0.365799 0.365799 -9.38097e+06)
1300          (0.169647 0.169647 -9.38143e+06) (0.169647 0.169647 -9.38143e+06) (0.169647 0.169647 -9.38143e+06) (0.169647 0.169647 -9.38143e+06) (0.169647 0.169647 -9.38143e+06) (0.169647 0.169647 -9.38143e+06) (0.365799 0.365799 -9.38097e+06) (0.365799 0.365799 -9.38097e+06) (0.365799 0.365799 -9.38097e+06) (0.365799 0.365799 -9.38097e+06) (0.365799 0.365799 -9.38097e+06)
1350          (0.169647 0.169647 -9.38143e+06) (0.169647 0.169647 -9.38143e+06) (0.169647 0.169647 -9.38143e+06) (0.169647 0.169647 -9.38143e+06) (0.169647 0.169647 -9.38143e+06) (0.169647 0.169647 -9.38143e+06) (0.365799 0.365799 -9.38097e+06) (0.365799 0.365799 -9.38097e+06) (0.365799 0.365799 -9.38097e+06) (0.365799 0.365799 -9.38097e+06) (0.365799 0.365799 -9.38097e+06)
1400          (0.169647 0.169647 -9.38143e+06) (0.169647 0.169647 -9.38143e+06) (0.169647 0.169647 -9.38143e+06) (0.169647 0.169647 -9.38143e+06) (0.169647 0.169647 -9.38143e+06) (0.169647 0.169647 -9.38143e+06) (0.365799 0.365799 -9.38097e+06) (0.365799 0.365799 -9.38097e+06) (0.365799 0.365799 -9.38097e+06) (0.365799 0.365799 -9.38097e+06) (0.365799 0.365799 -9.38097e+06)
1450          (0.169647 0.169647 -9.38143e+06) (0.169647 0.169647 -9.38143e+06) (0.169647 0.169647 -9.38143e+06) (0.169647 0.169647 -9.38143e+06) (0.169647 0.169647 -9.38143e+06) (0.169647 0.169647 -9.38143e+06) (0.365799 0.365799 -9.38097e+06) (0.365799 0.365799 -9.38097e+06) (0.365799 0.365799 -9.38097e+06) (0.365799 0.365799 -9.38097e+06) (0.365799 0.365799 -9.38097e+06)
1500          (0.169647 0.169647 -9.38143e+06) (0.169647 0.169647 -9.38143e+06) (0.169647 0.169647 -9.38143e+06) (0.169647 0.169647 -9.38143e+06) (0.169647 0.169647 -9.38143e+06) (0.169647 0.169647 -9.38143e+06) (0.365799 0.365799 -9.38097e+06) (0.365799 0.365799 -9.38097e+06) (0.365799 0.365799 -9.38097e+06) (0.365799 0.365799 -9.38097e+06) (0.365799 0.365799 -9.38097e+06)
1550          (0.169647 0.169647 -9.38143e+06) (0.169647 0.169647 -9.38143e+06) (0.169647 0.169647 -9.38143e+06) (0.169647 0.169647 -9.38143e+06) (0.169647 0.169647 -9.38143e+06) (0.169647 0.169647 -9.38143e+06) (0.365799 0.365799 -9.38097e+06) (0.365799 0.365799 -9.38097e+06) (0.365799 0.365799 -9.38097e+06) (0.365799 0.365799 -9.38097e+06) (0.365799 0.365799 -9.38097e+06)
1600          (0.169647 0.169647 -9.38143e+06) (0.169647 0.169647 -9.38143e+06) (0.169647 0.169647 -9.38143e+06) (0.169647 0.169647 -9.38143e+06) (0.169647 0.169647 -9.38143e+06) (0.169647 0.169647 -9.38143e+06) (0.365799 0.365799 -9.38097e+06) (0.365799 0.365799 -9.38097e+06) (0.365799 0.365799 -9.38097e+06) (0.365799 0.365799 -9.38097e+06) (0.365799 0.365799 -9.38097e+06)
1650          (0.169647 0.169647 -9.38143e+06) (0.169647 0.169647 -9.38143e+06) (0.169647 0.169647 -9.38143e+06) (0.169647 0.169647 -9.38143e+06) (0.169647 0.169647 -9.38143e+06) (0.169647 0.169647 -9.38143e+06) (0.365799 0.365799 -9.38097e+06) (0.365799 0.365799 -9.38097e+06) (0.365799 0.365799 -9.38097e+06) (0.365799 0.365799 -9.38097e+06) (0.365799 0.365799 -9.38097e+06)
1700          (0.169647 0.169647 -9.38143e+06) (0.169647 0.169647 -9.38143e+06) (0.169647 0.169647 -9.38143e+06) (0.169647 0.169647 -9.38143e+06) (0.169647 0.169647 -9.38143e+06) (0.169647 0.169647 -9.38143e+06) (0.365799 0.365799 -9.38097e+06) (0.365799 0.365799 -9.38097e+06) (0.365799 0.365799 -9.38097e+06) (0.365799 0.365799 -9.38097e+06) (0.365799 0.365799 -9.38097e+06)
1750          (0.169647 0.169647 -9.38143e+06) (0.169647 0.169647 -9.38143e+06) (0.169647 0.169647 -9.38143e+06) (0.169647 0.169647 -9.38143e+06) (0.169647 0.169647 -9.38143e+06) (0.169647 0.169647 -9.38143e+06) (0.365799 0.365799 -9.38097e+06) (0.365799 0.365799 -9.38097e+06) (0.365799 0.365799 -9.38097e+06) (0.365799 0.365799 -9.38097e+06) (0.365799 0.365799 -9.38097e+06)
1800          (0.169647 0.169647 -9.38143e+06) (0.169647 0.169647 -9.38143e+06) (0.169647 0.169647 -9.38143e+06) (0.169647 0.169647 -9.38143e+06) (0.169647 0.169647 -9.38143e+06) (0.169647 0.169647 -9.38143e+06) (0.365799 0.365799 -9.38097e+06) (0.365799 0.365799 -9.38097e+06) (0.365799 0.365799 -9.38097e+06) (0.365799 0.365799 -9.38097e+06) (0.365799 0.365799 -9.38097e+06)
1850          (0.169647 0.169647 -9.38143e+06) (0.169647 0.169647 -9.38143e+06) (0.169647 0.169647 -9.38143e+06) (0.169647 0.169647 -9.38143e+06) (0.169647 0.169647 -9.38143e+06) (0.169647 0.169647 -9.38143e+06) (0.365799 0.365799 -9.38097e+06) (0.365799 0.365799 -9.38097e+06) (0.365799 0.365799 -9.38097e+06) (0.365799 0.365799 -9.38097e+06) (0.365799 0.365799 -9.38097e+06)
1900          (0.169647 0.169647 -9.38143e+06) (0.169647 0.169647 -9.38143e+06) (0.169647 0.169647 -9.38143e+06) (0.169647 0.169647 -9.38143e+06) (0.169647 0.169647 -9.38143e+06) (0.169647 0.169647 -9.38143e+06) (0.365799 0.365799 -9.38097e+06) (0.365799 0.365799 -9.38097e+06) (0.365799 0.365799 -9.38097e+06) (0.365799 0.365799 -9.38097e+06) (0.365799 0.365799 -9.38097e+06)
1950          (0.169647 0.169647 -9.38143e+06) (0.169647 0.169647 -9.38143e+06) (0.169647 0.169647 -9.38143e+06) (0.169647 0.169647 -9.38143e+06) (0.169647 0.169647 -9.38143e+06) (0.169647 0.169647 -9.38143e+06) (0.365799 0.365799 -9.38097e+06) (0.365799 0.365799 -9.38097e+06) (0.365799 0.365799 -9.38097e+06) (0.365799 0.365799 -9.38097e+06) (0.365799 0.365799 -9.38097e+06)
2000          (0.169647 0.169647 -9.38143e+06) (0.169647 0.169647 -9.38143e+06) (0.169647 0.169647 -9.38143e+06) (0.169647 0.169647 -9.38143e+06) (0.169647 0.169647 -9.38143e+06) (0.169647 0.169647 -9.38143e+06) (0.365799 0.365799 -9.38097e+06) (0.365799 0.365799 -9.38097e+06) (0.365799 0.365799 -9.38097e+06) (0.365799 0.365799 -9.38097e+06) (0.365799 0.365799 -9.38097e+06)
2050          (0.169647 0.169647 -9.38143e+06) (0.169647 0.169647 -9.38143e+06) (0.169647 0.169647 -9.38143e+06) (0.169647 0.169647 -9.38143e+06) (0.169647 0.169647 -9.38143e+06) (0.169647 0.169647 -9.38143e+06) (0.365799 0.365799 -9.38097e+06) (0.365799 0.365799 -9.38097e+06) (0.365799 0.365799 -9.38097e+06) (0.365799 0.365799 -9.38097e+06) (0.365799 0.365799 -9.38097e+06)
2100          (0.169647 0.169647 -9.38143e+06) (0.169647 0.169647 -9.38143e+06) (0.169647 0.169647 -9.38143e+06) (0.169647 0.169647 -9.38143e+06) (0.169647 0.169647 -9.38143e+06) (0.169647 0.169647 -9.38143e+06) (0.365799 0.365799 -9.38097e+06) (0.365799 0.365799 -9.38097e+06) (0.365799 0.365799 -9.38097e+06) (0.365799 0.365799 -9.38097e+06) (0.365799 0.365799 -9.38097e+06)
2150          (0.169647 0.169647 -9.38143e+06) (0.169647 0.169647 -9.38143e+06) (0.169647 0.169647 -9.38143e+06) (0.169647 0.169647 -9.38143e+06) (0.169647 0.169647 -9.38143e+06) (0.169647 0.169647 -9.38143e+06) (0.365799 0.365799 -9.38097e+06) (0.365799 0.365799 -9.38097e+06) (0.365799 0.365799 -9.38097e+06) (0.365799 0.365799 -9.38097e+06) (0.365799 0.365799 -9.38097e+06)
2200          (0.169647 0.169647 -9.38143e+06) (0.169647 0.169647 -9.38143e+06) (0.169647 0.169647 -9.38143e+06) (0.169647 0.169647 -9.38143e+06) (0.169647 0.169647 -9.38143e+06) (0.169647 0.169647 -9.38143e+06) (0.365799 0.365799 -9.38097e+06) (0.365799 0.365799 -9.38097e+06) (0.365799 0.365799 -9.38097e+06) (0.365799 0.365799 -9.38097e+06) (0.365799 0.365799 -9.38097e+06)
2250          (0.169647 0.169647 -9.38143e+06) (0.169647 0.169647 -9.38143e+06) (0.169647 0.169647 -9.38143e+06) (0.169647 0.169647 -9.38143e+06) (0.169647 0.169647 -9.38143e+06) (0.169647 0.169647 -9.38143e+06) (0.365799 0.365799 -9.38097e+06) (0.365799 0.365799 -9.38097e+06) (0.365799 0.365799 -9.38097e+06) (0.365799 0.365799 -9.38097e+06) (0.365799 0.365799 -9.38097e+06)
2300          (0.169647 0.169647 -9.38143e+06) (0.169647 0.169647 -9.38143e+06) (0.169647 0.169647 -9.38143e+06) (0.169647 0.169647 -9.38143e+06) (0.169647 0.169647 -9.38143e+06) (0.169647 0.169647 -9.38143e+06) (0.365799 0.365799 -9.38097e+06) (0.365799 0.365799 -9.38097e+06) (0.365799 0.365799 -9.38097e+06) (0.365799 0.365799 -9.38097e+06) (0.365799 0.365799 -9.38097e+06)
2350          (0.169647 0.169647 -9.38143e+06) (0.169647 0.169647 -9.38143e+06) (0.169647 0.169647 -9.38143e+06) (0.169647 0.169647 -9.38143e+06) (0.169647 0.169647 -9.38143e+06) (0.169647 0.169647 -9.38143e+06) (0.365799 0.365799 -9.38097e+06) (0.365799 0.365799 -9.38097e+06) (0.365799 0.365799 -9.38097e+06) (0.365799 0.365799 -9.38097e+06) (0.365799 0.365799 -9.38097e+06)
2400          (0.169647 0.169647 -9.38143e+06) (0.169647 0.169647 -9.38143e+06) (0.169647 0.169647 -9.38143e+06) (0.169647 0.169647 -9.38143e+06) (0.169647 0.169647 -9.38143e+06) (0.169647 0.169647 -9.38143e+06) (0.365799 0.365799 -9.38097e+06) (0.365799 0.365799 -9.38097e+06) (0.365799 0.365799 -9.38097e+06) (0.365799 0.365799 -9.38097e+06) (0.365799 0.365799 -9.38097e+06)
2450          (0.169647 0.169647 -9.38143e+06) (0.169647 0.169647 -9.38143e+06) (0.169647 0.169647 -9.38143e+06) (0.169647 0.169647 -9.38143e+06) (0.169647 0.169647 -9.38143e+06) (0.169647 0.169647 -9.38143e+06) (0.365799 0.365799 -9.38097e+06) (0.365799 0.365799 -9.38097e+06) (0.365799 0.365799 -9.38097e+06) (0.365799 0.365799 -9.38097e+06) (0.365799 0.365799 -9.38097e+06)
2500          (0.169647 0.169647 -9.38143e+06) (0.169647 0.169647 -9.38143e+06) (0.169647 0.169647 -9.38143e+06) (0.169647 0.169647 -9.38143e+06) (0.169647 0.169647 -9.38143e+06) (0.169647 0.169647 -9.38143e+06) (0.365799 0.365799 -9.38097e+06) (0.365799 0.365799 -9.38097e+06) (0.365799 0.365799 -9.38097e+06) (0.365799 0.365799 -9.38097e+06) (0.365799 0.365799 -9.38097e+06)
2550          (0.169647 0.169647 -9.38143e+06) (0.169647 0.169647 -9.38143e+06) (0.169647 0.169647 -9.38143e+06) (0.169647 0.169647 -9.38143e+06) (0.169647 0.169647 -9.38143e+06) (0.169647 0.169647 -9.38143e+06) (0.365799 0.365799 -9.38097e+06) (0.365799 0.365799 -9.38097e+06) (0.365799 0.365799 -9.38097e+06) (0.365799 0.365799 -9.38097e+06) (0.365799 0.365799 -9.38097e+06)
2600          (0.169647 0.169647 -9.38143e+06) (0.169647 0.169647 -9.38143e+06) (0.169647 0.169647 -9.38143e+06) (0.169647 0.169647 -9.38143e+06) (0.169647 0.169647 -9.38143e+06) (0.169647 0.169647 -9.38143e+06) (0.365799 0.365799 -9.38097e+06) (0.365799 0.365799 -9.38097e+06) (0.365799 0.365799 -9.38097e+06) (0.365799 0.365799 -9.38097e+06) (0.365799 0.365799 -9.38097e+06)
2650          (0.169647 0.169647 -9.38143e+06) (0.169647 0.169647 -9.38143e+06) (0.169647 0.169647 -9.38143e+06) (0.169647 0.169647 -9.38143e+06) (0.169647 0.169647 -9.38143e+06) (0.169647 0.169647 -9.38143e+06) (0.365799 0.365799 -9.38097e+06) (0.365799 0.365799 -9.38097e+06) (0.365799 0.365799 -9.38097e+06) (0.365799 0.365799 -9.38097e+06) (0.365799 0.365799 -9.38097e+06)
2700          (0.169647 0.169647 -9.38143e+06) (0.169647 0.169647 -9.38143e+06) (0.169647 0.169647 -9.38143e+06) (0.169647 0.169647 -9.38143e+06) (0.169647 0.169647 -9.38143e+06) (0.169647 0.169647 -9.38143e+06) (0.365799 0.365799 -9.38097e+06) (0.365799 0.365799 -9.38097e+06) (0.365799 0.365799 -9.38097e+06) (0.365799 0.365799 -9.38097e+06) (0.365799 0.365799 -9.38097e+06)
2750          (0.169647 0.169647 -9.38143e+06) (0.169647 0.169647 -9.38143e+06) (0.169647 0.169647 -9.38143e+06) (0.169647 0.169647 -9.38143e+06) (0.169647 0.169647 -9.38143e+06) (0.169647 0.169647 -9.38143e+06) (0.365799 0.365799 -9.38097e+06) (0.365799 0.365799 -9.38097e+06) (0.365799 0.365799 -9.38097e+06) (0.365799 0.365799 -9.38097e+06) (0.365799 0.365799 -9.38097e+06)
2800          (0.169647 0.169647 -9.38143e+06) (0.169647 0.169647 -9.38143e+06) (0.169647 0.169647 -9.38143e+06) (0.169647 0.169647 -9.38143e+06) (0.169647 0.169647 -9.38143e+06) (0.169647 0.169647 -9.38143e+06) (0.365799 0.365799 -9.38097e+06) (0.365799 0.365799 -9.38097e+06) (0.365799 0.365799 -9.38097e+06) (0.365799 0.365799 -9.38097e+06) (0.365799 0.365799 -9.38097e+06)
2850          (0.169647 0.169647 -9.38143e+06) (0.169647 0.169647 -9.38143e+06) (0.169647 0.169647 -9.38143e+06) (0.169647 0.169647 -9.38143e+06) (0.169647 0.169647 -9.38143e+06) (0.169647 0.169647 -9.38143e+06) (0.365799 0.365799 -9.38097e+06) (0.365799 0.365799 -9.38097e+06) (0.365799 0.365799 -9.38097e+06) (0.365799 0.365799 -9.38097e+06) (0.365799 0.365799 -9.38097e+06)
2900          (0.169647 0.169647 -9.38143e+06) (0.169647 0.169647 -9.38143e+06) (0.169647 0.169647 -9.38143e+06) (0.169647 0.169647 -9.38143e+06) (0.169647 0.169647 -9.38143e+06) (0.169647 0.169647 -9.38143e+06) (0.365799 0.365799 -9.38097e+06) (0.365799 0.365799 -9.38097e+06) (0.365799 0.365799 -9.38097e+06) (0.365799 0.365799 -9.38097e+06) (0.365799 0.365799 -9.38097e+06)
2950          (0.169647 0.169647 -9.38143e+06) (0.169647 0.169647 -9.38143e+06) (0.169647 0.169647 -9.38143e+06) (0.169647 0.169647 -9.38143e+06) (0.169647 0.169647 -9.38143e+06) (0.169647 0.169647 -9.38143e+06) (0.365799 0.365799 -9.38097e+06) (0.365799 0.365799 -9.38097e+06) (0.365799 0.365799 -9.38097e+06) (0.365799 0.365799 -9.38097e+06) (0.365799 0.365799 -9.38097e+06)
3000          (0.169647 0.169647 -9.38143e+06) (0.169647 0.169647 -9.38143e+06) (0.169647 0.169647 -9.38143e+06) (0.169647 0.169647 -9.38143e+06) (0.169647 0.169647 -9.38143e+06) (0.169647 0.169647 -9.38143e+06) (0.365799 0.365799 -9.38097e+06) (0.365799 0.365799 -9.38097e+06) (0.365799 0.365799 -9.38097e+06) (0.365799 0.365799 -9.38097e+06) (0.365799 0.365799 -9.38097e+06)
3050          (0.169647 0.169647 -9.38143e+06) (0.169647 0.169647 -9.38143e+06) (0.169647 0.169647 -9.38143e+06) (0.169647 0.169647 -9.38143e+06) (0.169647 0.169647 -9.38143e+06) (0.169647 0.169647 -9.38143e+06) (0.365799 0.365799 -9.38097e+06) (0.365799 0.365799 -9.38097e+06) (0.365799 0.365799 -9.38097e+06) (0.365799 0.365799 -9.38097e+06) (0.365799 0.365799 -9.38097e+06)
3100          (0.169647 0.169647 -9.38143e+06) (0.169647 0.169647 -9.38143e+06) (0.169647 0.169647 -9.38143e+06) (0.169647 0.169647 -9.38143e+06) (0.169647 0.169647 -9.38143e+06) (0.169647 0.169647 -9.38143e+06) (0.365799 0.365799 -9.38097e+06) (0.365799 0.365799 -9.38097e+06) (0.365799 0.365799 -9.38097e+06) (0.365799 0.365799 -9.38097e+06) (0.365799 0.365799 -9.38097e+06)
3150          (0.169647 0.169647 -9.38143e+06) (0.169647 0.169647 -9.38143e+06) (0.169647 0.169647 -9.38143e+06) (0.169647 0.169647 -9.38143e+06) (0.169647 0.169647 -9.38143e+06) (0.169647 0.169647 -9.38143e+06) (0.365799 0.365799 -9.38097e+06) (0.365799 0.365799 -9.38097e+06) (0.365799 0.365799 -9.38097e+06) (0.365799 0.365799 -9.38097e+06) (0.365799 0.365799 -9.38097e+06)
3200          (0.169647 0.169647 -9.38143e+06) (0.169647 0.169647 -9.38143e+06) (0.169647 0.169647 -9.38143e+06) (0.169647 0.169647 -9.38143e+06) (0.169647 0.169647 -9.38143e+06) (0.169647 0.169647 -9.38143e+06) (0.365799 0.365799 -9.38097e+06) (0.365799 0.365799 -9.38097e+06) (0.365799 0.365799 -9.38097e+06) (0.365799 0.365799 -9.38097e+06) (0.365799 0.365799 -9.38097e+06)
3250          (0.169647 0.169647 -9.38143e+06) (0.169647 0.169647 -9.38143e+06) (0.169647 0.169647 -9.38143e+06) (0.169647 0.169647 -9.38143e+06) (0.169647 0.169647 -9.38143e+06) (0.169647 0.169647 -9.38143e+06) (0.365799 0.365799 -9.38097e+06) (0.365799 0.365799 -9.38097e+06) (0.365799 0.365799 -9.38097e+06) (0.365799 0.365799 -9.38097e+06) (0.365799 0.365799 -9.38097e+06)
3300          (0.169647 0.169647 -9.38143e+06) (0.169647 0.169647 -9.38143e+06) (0.169647 0.169647 -9.38143e+06) (0.169647 0.169647 -9.38143e+06) (0.169647 0.169647 -9.38143e+06) (0.169647 0.169647 -9.38143e+06) (0.365799 0.365799 -9.38097e+06) (0.365799 0.365799 -9.38097e+06) (0.365799 0.365799 -9.38097e+06) (0.365799 0.365799 -9.38097e+06) (0.365799 0.365799 -9.38097e+06)
3350          (0.169647 0.169647 -9.38143e+06) (0.169647 0.169647 -9.38143e+06) (0.169647 0.169647 -9.38143e+06) (0.169647 0.169647 -9.38143e+06) (0.169647 0.169647 -9.38143e+06) (0.169647 0.169647 -9.38143e+06) (0.365799 0.365799 -9.38097e+06) (0.365799 0.365799 -9.38097e+06) (0.365799 0.365799 -9.38097e+06) (0.365799 0.365799 -9.38097e+06) (0.365799 0.365799 -9.38097e+06)
3400          (0.169647 0.169647 -9.38143e+06) (0.169647 0.169647 -9.38143e+06) (0.169647 0.169647 -9.38143e+06) (0.169647 0.169647 -9.38143e+06) (0.169647 0.169647 -9.38143e+06) (0.169647 0.169647 -9.38143e+06) (0.365799 0.365799 -9.38097e+06) (0.365799 0.365799 -9.38097e+06) (0.365799 0.365799 -9.38097e+06) (0.365799 0.365799 -9.38097e+06) (0.365799 0.365799 -9.38097e+06)
3450          (0.169647 0.169647 -9.38143e+06) (0.169647 0.169647 -9.38143e+06) (0.169647 0.169647 -9.38143e+06) (0.169647 0.169647 -9.38143e+06) (0.169647 0.169647 -9.38143e+06) (0.169647 0.169647 -9.38143e+06) (0.365799 0.365799 -9.38097e+06) (0.365799 0.365799 -9.38097e+06) (0.365799 0.365799 -9.38097e+06) (0.365799 0.365799 -9.38097e+06) (0.365799 0.365799 -9.38097e+06)
3500          (0.169647 0.169647 -9.38143e+06) (0.169647 0.169647 -9.38143e+06) (0.169647 0.169647 -9.38143e+06) (0.169647 0.169647 -9.38143e+06) (0.169647 0.169647 -9.38143e+06) (0.169647 0.169647 -9.38143e+06) (0.365799 0.365799 -9.38097e+06) (0.365799 0.365799 -9.38097e+06) (0.365799 0.365799 -9.38097e+06) (0.365799 0.365799 -9.38097e+06) (0.365799 0.365799 -9.38097e+06)
3550          (0.169647 0.169647 -9.38143e+06) (0.169647 0.169647 -9.38143e+06) (0.169647 0.169647 -9.38143e+06) (0.169647 0.169647 -9.38143e+06) (0.169647 0.169647 -9.38143e+06) (0.169647 0.169647 -9.38143e+06) (0.365799 0.365799 -9.38097e+06) (0.365799 0.365799 -9.38097e+06) (0.365799 0.365799 -9.38097e+06) (0.365799 0.365799 -9.38097e+06) (0.365799 0.365799 -9.38097e+06)
3600          (0.169647 0.169647 -9.38143e+06) (0.169647 0.169647 -9.38143e+06) (0.169647 0.169647 -9.38143e+06) (0.169647 0.169647 -9.38143e+06) (0.169647 0.169647 -9.38143e+06) (0.169647 0.169647 -9.38143e+06) (0.365799 0.365799 -9.38097e+06) (0.365799 0.365799 -9.38097e+06) (0.365799 0.365799 -9.38097e+06) (0.365799 0.365799 -9.38097e+06) (0.365799 0.365799 -9.38097e+06)
3650          (0.169647 0.169647 -9.38143e+06) (0.169647 0.169647 -9.38143e+06) (0.169647 0.169647 -9.38143e+06) (0.169647 0.169647 -9.38143e+06) (0.169647 0.169647 -9.38143e+06) (0.169647 0.169647 -9.38143e+06) (0.365799 0.365799 -9.38097e+06) (0.365799 0.365799 -9.38097e+06) (0.365799 0.365799 -9.38097e+06) (0.365799 0.365799 -9.38097e+06) (0.365799 0.365799 -9.38097e+06)
3700          (0.169647 0.169647 -9.38143e+06) (0.169647 0.169647 -9.38143e+06) (0.169647 0.169647 -9.38143e+06) (0.169647 0.169647 -9.38143e+06) (0.169647 0.169647 -9.38143e+06) (0.169647 0.169647 -9.38143e+06) (0.365799 0.365799 -9.38097e+06) (0.365799 0.365799 -9.38097e+06) (0.365799 0.365799 -9.38097e+06) (0.365799 0.365799 -9.38097e+06) (0.365799 0.365799 -9.38097e+06)
3750          (0.169647 0.169647 -9.38143e+06) (0.169647 0.169647 -9.38143e+06) (0.169647 0.169647 -9.38143e+06) (0.169647 0.169647 -9.38143e+06) (0.169647 0.169647 -9.38143e+06) (0.169647 0.169647 -9.38143e+06) (0.365799 0.365799 -9.38097e+06) (0.365799 0.365799 -9.38097e+06) (0.365799 0.365799 -9.38097e+06) (0.365799 0.365799 -9.38097e+06) (0.365799 0.365799 -9.38097e+06)
3800          (0.169647 0.169647 -9.38143e+06) (0.169647 0.169647 -9.38143e+06) (0.169647 0.169647 -9.38143e+06) (0.169647 0.169647 -9.38143e+06) (0.169647 0.169647 -9.38143e+06) (0.169647 0.169647 -9.38143e+06) (0.365799 0.365799 -9.38097e+06) (0.365799 0.365799 -9.38097e+06) (0.365799 0.365799 -9.38097e+06) (0.365799 0.365799 -9.38097e+06) (0.365799 0.365799 -9.38097e+06)
3850          (0.169647 0.169647 -9.38143e+06) (0.169647 0.169647 -9.38143e+06) (0.169647 0.169647 -9.38143e+06) (0.169647 0.169647 -9.38143e+06) (0.169647 0.169647 -9.38143e+06) (0.169647 0.169647 -9.38143e+06) (0.365799 0.365799 -9.38097e+06) (0.365799 0.365799 -9.38097e+06) (0.365799 0.365799 -9.38097e+06) (0.365799 0.365799 -9.38097e+06) (0.365799 0.365799 -9.38097e+06)
3900          (0.169647 0.169647 -9.38143e+06) (0.169647 0.169647 -9.38143e+06) (0.169647 0.169647 -9.38143e+06) (0.169647 0.169647 -9.38143e+06) (0.169647 0.169647 -9.38143e+06) (0.169647 0.169647 -9.38143e+06) (0.365799 0.365799 -9.38097e+06) (0.365799 0.365799 -9.38097e+06) (0.365799 0.365799 -9.38097e+06) (0.365799 0.365799 -9.38097e+06) (0.365799 0.365799 -9.38097e+06)
3950          (0.169647 0.169647 -9.38143e+06) (0.169647 0.169647 -9.38143e+06) (0.169647 0.169647 -9.38143e+06) (0.169647 0.169647 -9.38143e+06) (0.169647 0.169647 -9.38143e+06) (0.169647 0.169647 -9.38143e+06) (0.365799 0.365799 -9.38097e+06) (0.365799 0.365799 -9.38097e+06) (0.365799 0.365799 -9.38097e+06) (0.365799 0.365799 -9.38097e+06) (0.365799 0.365799 -9.38097e+06)
4000          (0.169647 0.169647 -9.38143e+06) (0.169647 0.169647 -9.38143e+06) (0.169647 0.169647 -9.38143e+06) (0.169647 0.169647 -9.38143e+06) (0.169647 0.169647 -9.38143e+06) (0.169647 0.169647 -9.38143e+06) (0.365799 0.365799 -9.38097e+06) (0.365799 0.365799 -9.38097e+06) (0.365799 0.365799 -9.38097e+06) (0.365799 0.365799 -9.38097e+06) (0.365799 0.365799 -9.38097e+06)
4050          (0.169647 0.169647 -9.38143e+06) (0.169647 0.169647 -9.38143e+06) (0.169647 0.169647 -9.38143e+06) (0.169647 0.169647 -9.38143e+06) (0.169647 0.169647 -9.38143e+06) (0.169647 0.169647 -9.38143e+06) (0.365799 0.365799 -9.38097e+06) (0.365799 0.365799 -9.38097e+06) (0.365799 0.365799 -9.38097e+06) (0.365799 0.365799 -9.38097e+06) (0.365799 0.365799 -9.38097e+06)
4100          (0.169647 0.169647 -9.38143e+06) (0.169647 0.169647 -9.38143e+06) (0.169647 0.169647 -9.38143e+06) (0.169647 0.169647 -9.38143e+06) (0.169647 0.169647 -9.38143e+06) (0.169647 0.169647 -9.38143e+06) (0.365799 0.365799 -9.38097e+06) (0.365799 0.365799 -9.38097e+06) (0.365799 0.365799 -9.38097e+06) (0.365799 0.365799 -9.38097e+06) (0.365799 0.365799 -9.38097e+06)
4150          (0.169647 0.169647 -9.38143e+06) (0.169647 0.169647 -9.38143e+06) (0.169647 0.169647 -9.38143e+06) (0.169647 0.169647 -9.38143e+06) (0.169647 0.169647 -9.38143e+06) (0.169647 0.169647 -9.38143e+06) (0.365799 0.365799 -9.38097e+06) (0.365799 0.365799 -9.38097e+06) (0.365799 0.365799 -9.38097e+06) (0.365799 0.365799 -9.38097e+06) (0.365799 0.365799 -9.38097e+06)
4200          (0.169647 0.169647 -9.38143e+06) (0.169647 0.169647 -9.38143e+06) (0.169647 0.169647 -9.38143e+06) (0.169647 0.169647 -9.38143e+06) (0.169647 0.169647 -9.38143e+06) (0.169647 0.169647 -9.38143e+06) (0.365799 0.365799 -9.38097e+06) (0.365799 0.365799 -9.38097e+06) (0.365799 0.365799 -9.38097e+06) (0.365799 0.365799 -9.38097e+06) (0.365799 0.365799 -9.38097e+06)
4250          (0.169647 0.169647 -9.38143e+06) (0.169647 0.169647 -9.38143e+06) (0.169647 0.169647 -9.38143e+06) (0.169647 0.169647 -9.38143e+06) (0.169647 0.169647 -9.38143e+06) (0.169647 0.169647 -9.38143e+06) (0.365799 0.365799 -9.38097e+06) (0.365799 0.365799 -9.38097e+06) (0.365799 0.365799 -9.38097e+06) (0.365799 0.365799 -9.38097e+06) (0.365799 0.365799 -9.38097e+06)
4300          (0.169647 0.169647 -9.38143e+06) (0.169647 0.169647 -9.38143e+06) (0.169647 0.169647 -9.38143e+06) (0.169647 0.169647 -9.38143e+06) (0.169647 0.169647 -9.38143e+06) (0.169647 0.169647 -9.38143e+06) (0.365799 0.365799 -9.38097e+06) (0.365799 0.365799 -9.38097e+06) (0.365799 0.365799 -9.38097e+06) (0.365799 0.365799 -9.38097e+06) (0.365799 0.365799 -9.38097e+06)
4350          (0.169647 0.169647 -9.38143e+06) (0.169647 0.169647 -9.38143e+06) (0.169647 0.169647 -9.38143e+06) (0.169647 0.169647 -9.38143e+06) (0.169647 0.169647 -9.38143e+06) (0.169647 0.169647 -9.38143e+06) (0.365799 0.365799 -9.38097e+06) (0.365799 0.365799 -9.38097e+06) (0.365799 0.365799 -9.38097e+06) (0.365799 0.365799 -9.38097e+06) (0.365799 0.365799 -9.38097e+06)
4400          (0.169647 0.169647 -9.38143e+06) (0.169647 0.169647 -9.38143e+06) (0.169647 0.169647 -9.38143e+06) (0.169647 0.169647 -9.38143e+06) (0.169647 0.169647 -9.38143e+06) (0.169647 0.169647 -9.38143e+06) (0.365799 0.365799 -9.38097e+06) (0.365799 0.365799 -9.38097e+06) (0.365799 0.365799 -9.38097e+06) (0.365799 0.365799 -9.38097e+06) (0.365799 0.365799 -9.38097e+06)
4450          (0.169647 0.169647 -9.38143e+06) (0.169647 0.169647 -9.38143e+06) (0.169647 0.169647 -9.38143e+06) (0.169647 0.169647 -9.38143e+06) (0.169647 0.169647 -9.38143e+06) (0.169647 0.169647 -9.38143e+06) (0.365799 0.365799 -9.38097e+06) (0.365799 0.365799 -9.38097e+06) (0.365799 0.365799 -9.38097e+06) (0.365799 0.365799 -9.38097e+06) (0.365799 0.365799 -9.38097e+06)
4500          (0.169647 0.169647 -9.38143e+06) (0.169647 0.169647 -9.38143e+06) (0.169647 0.169647 -9.38143e+06) (0.169647 0.169647 -9.38143e+06) (0.169647 0.169647 -9.38143e+06) (0.169647 0.169647 -9.38143e+06) (0.365799 0.365799 -9.38097e+06) (0.365799 0.365799 -9.38097e+06) (0.365799 0.365799 -9.38097e+06) (0.365799 0.365799 -9.38097e+06) (0.365799 0.365799 -9.38097e+06)
4550          (0.169647 0.169647 -9.38143e+06) (0.169647 0.169647 -9.38143e+06) (0.169647 0.169647 -9.38143e+06) (0.169647 0.169647 -9.38143e+06) (0.169647 0.169647 -9.38143e+06) (0.169647 0.169647 -9.38143e+06) (0.365799 0.365799 -9.38097e+06) (0.365799 0.365799 -9.38097e+06) (0.365799 0.365799 -9.38097e+06) (0.365799 0.365799 -9.38097e+06) (0.365799 0.365799 -9.38097e+06)
4600          (0.169647 0.169647 -9.38143e+06) (0.169647 0.169647 -9.38143e+06) (0.169647 0.169647 -9.38143e+06) (0.169647 0.169647 -9.38143e+06) (0.169647 0.169647 -9.38143e+06) (0.169647 0.169647 -9.38143e+06) (0.365799 0.365799 -9.38097e+06) (0.365799 0.365799 -9.38097e+06) (0.365799 0.365799 -9.38097e+06) (0.365799 0.365799 -9.38097e+06) (0.365799 0.365799 -9.38097e+06)
4650          (0.169647 0.169647 -9.38143e+06) (0.169647 0.169647 -9.38143e+06) (0.169647 0.169647 -9.38143e+06) (0.169647 0.169647 -9.38143e+06) (0.169647 0.169647 -9.38143e+06) (0.169647 0.169647 -9.38143e+06) (0.365799 0.365799 -9.38097e+06) (0.365799 0.365799 -9.38097e+06) (0.365799 0.365799 -9.38097e+06) (0.365799 0.365799 -9.38097e+06) (0.365799 0.365799 -9.38097e+06)
4700          (0.169647 0.169647 -9.38143e+06) (0.169647 0.169647 -9.38143e+06) (0.169647 0.169647 -9.38143e+06) (0.169647 0.169647 -9.38143e+06) (0.169647 0.169647 -9.38143e+06) (0.169647 0.169647 -9.38143e+06) (0.365799 0.365799 -9.38097e+06) (0.365799 0.365799 -9.38097e+06) (0.365799 0.365799 -9.38097e+06) (0.365799 0.365799 -9.38097e+06) (0.365799 0.365799 -9.38097e+06)
4750          (0.169647 0.169647 -9.38143e+06) (0.169647 0.169647 -9.38143e+06) (0.169647 0.169647 -9.38143e+06) (0.169647 0.169647 -9.38143e+06) (0.169647 0.169647 -9.38143e+06) (0.169647 0.169647 -9.38143e+06) (0.365799 0.365799 -9.38097e+06) (0.365799 0.365799 -9.38097e+06) (0.365799 0.365799 -9.38097e+06) (0.365799 0.365799 -9.38097e+06) (0.365799 0.365799 -9.38097e+06)
4800          (0.169647 0.169647 -9.38143e+06) (0.169647 0.169647 -9.38143e+06) (0.169647 0.169647 -9.38143e+06) (0.169647 0.169647 -9.38143e+06) (0.169647 0.169647 -9.38143e+06) (0.169647 0.169647 -9.38143e+06) (0.365799 0.365799 -9.38097e+06) (0.365799 0.365799 -9.38097e+06) (0.365799 0.365799 -9.38097e+06) (0.365799 0.365799 -9.38097e+06) (0.365799 0.365799 -9.38097e+06)
4850          (0.169647 0.169647 -9.38143e+06) (0.169647 0.169647 -9.38143e+06) (0.169647 0.169647 -9.38143e+06) (0.169647 0.169647 -9.38143e+06) (0.169647 0.169647 -9.38143e+06) (0.169647 0.169647 -9.38143e+06) (0.365799 0.365799 -9.38097e+06) (0.365799 0.365799 -9.38097e+06) (0.365799 0.365799 -9.38097e+06) (0.365799 0.365799 -9.38097e+06) (0.365799 0.365799 -9.38097e+06)
4900          (0.169647 0.169647 -9.38143e+06) (0.169647 0.169647 -9.38143e+06) (0.169647 0.169647 -9.38143e+06) (0.169647 0.169647 -9.38143e+06) (0.169647 0.169647 -9.38143e+06) (0.169647 0.169647 -9.38143e+06) (0.365799 0.365799 -9.38097e+06) (0.365799 0.365799 -9.38097e+06) (0.365799 0.365799 -9.38097e+06) (0.365799 0.365799 -9.38097e+06) (0.365799 0.365799 -9.38097e+06)
4950          (0.169647 0.169647 -9.38143e+06) (0.169647 0.169647 -9.38143e+06) (0.169647 0.169647 -9.38143e+06) (0.169647 0.169647 -9.38143e+06) (0.169647 0.169647 -9.38143e+06) (0.169647 0.169647 -9.38143e+06) (0.365799 0.365799 -9.38097e+06) (0.365799 0.365799 -9.38097e+06) (0.365799 0.365799 -9.38097e+06) (0.365799 0.365799 -9.38097e+06) (0.365799 0.365799 -9.38097e+06)
5000          (0.169647 0.169647 -9.38143e+06) (0.169647 0.169647 -9.38143e+06) (0.169647 0.169647 -9.38143e+06) (0.169647 0.169647 -9.38143e+06) (0.169647 0.169647 -9.38143e+06) (0.169647 0.169647 -9.38143e+06) (0.365799 0.365799 -9.38097e+06) (0.365799 0.365799 -9.38097e+06) (0.365799 0.365799 -9.38097e+06) (0.365799 0.365799 -9.38097e+06) (0.365799 0.365799 -9.38097e+06)
