# Probe 0 (0.0015 0.0015 0)
# Probe 1 (0.0015 0.0015 0.002)
# Probe 2 (0.0015 0.0015 0.004)
# Probe 3 (0.0015 0.0015 0.006)
# Probe 4 (0.0015 0.0015 0.008)
# Probe 5 (0.0015 0.0015 0.01)
# Probe 6 (0.0015 0.0015 0.012)
# Probe 7 (0.0015 0.0015 0.014)
# Probe 8 (0.0015 0.0015 0.016)
# Probe 9 (0.0015 0.0015 0.018)
# Probe 10 (0.0015 0.0015 0.02)
# Time        0             1             2             3             4             5             6             7             8             9             10           
50            (170453 -45981.1 -9.51142e+06) (170453 -45981.1 -9.51142e+06) (170453 -45981.1 -9.51142e+06) (170453 -45981.1 -9.51142e+06) (170453 -45981.1 -9.51142e+06) (170453 -45981.1 -9.51142e+06) (170453 -45981.1 -9.51142e+06) (170453 -45981.1 -9.51142e+06) (170453 -45981.1 -9.51142e+06) (170453 -45981.1 -9.51142e+06) (170453 -45981.1 -9.51142e+06)
100           (191257 -152643 -9.51142e+06) (191257 -152643 -9.51142e+06) (191257 -152643 -9.51142e+06) (191257 -152643 -9.51142e+06) (191257 -152643 -9.51142e+06) (191257 -152643 -9.51142e+06) (191257 -152643 -9.51142e+06) (191257 -152643 -9.51142e+06) (191257 -152643 -9.51142e+06) (191257 -152643 -9.51142e+06) (191257 -152643 -9.51142e+06)
150           (185990 -155386 -9.51142e+06) (185990 -155386 -9.51142e+06) (185990 -155386 -9.51142e+06) (185990 -155386 -9.51142e+06) (185990 -155386 -9.51142e+06) (185990 -155386 -9.51142e+06) (185990 -155386 -9.51142e+06) (185990 -155386 -9.51142e+06) (185990 -155386 -9.51142e+06) (185990 -155386 -9.51142e+06) (185990 -155386 -9.51142e+06)
200           (178430 -161208 -9.51142e+06) (178430 -161208 -9.51142e+06) (178430 -161208 -9.51142e+06) (178430 -161208 -9.51142e+06) (178430 -161208 -9.51142e+06) (178430 -161208 -9.51142e+06) (178430 -161208 -9.51142e+06) (178430 -161208 -9.51142e+06) (178430 -161208 -9.51142e+06) (178430 -161208 -9.51142e+06) (178430 -161208 -9.51142e+06)
250           (174693 -164699 -9.51142e+06) (174693 -164699 -9.51142e+06) (174693 -164699 -9.51142e+06) (174693 -164699 -9.51142e+06) (174693 -164699 -9.51142e+06) (174693 -164699 -9.51142e+06) (174693 -164699 -9.51142e+06) (174693 -164699 -9.51142e+06) (174693 -164699 -9.51142e+06) (174693 -164699 -9.51142e+06) (174693 -164699 -9.51142e+06)
300           (173339 -165878 -9.51142e+06) (173339 -165878 -9.51142e+06) (173339 -165878 -9.51142e+06) (173339 -165878 -9.51142e+06) (173339 -165878 -9.51142e+06) (173339 -165878 -9.51142e+06) (173339 -165878 -9.51142e+06) (173339 -165878 -9.51142e+06) (173339 -165878 -9.51142e+06) (173339 -165878 -9.51142e+06) (173339 -165878 -9.51142e+06)
350           (172891 -166236 -9.51142e+06) (172891 -166236 -9.51142e+06) (172891 -166236 -9.51142e+06) (172891 -166236 -9.51142e+06) (172891 -166236 -9.51142e+06) (172891 -166236 -9.51142e+06) (172891 -166236 -9.51142e+06) (172891 -166236 -9.51142e+06) (172891 -166236 -9.51142e+06) (172891 -166236 -9.51142e+06) (172891 -166236 -9.51142e+06)
400           (172744 -166340 -9.51142e+06) (172744 -166340 -9.51142e+06) (172744 -166340 -9.51142e+06) (172744 -166340 -9.51142e+06) (172744 -166340 -9.51142e+06) (172744 -166340 -9.51142e+06) (172744 -166340 -9.51142e+06) (172744 -166340 -9.51142e+06) (172744 -166340 -9.51142e+06) (172744 -166340 -9.51142e+06) (172744 -166340 -9.51142e+06)
450           (172695 -166369 -9.51142e+06) (172695 -166369 -9.51142e+06) (172695 -166369 -9.51142e+06) (172695 -166369 -9.51142e+06) (172695 -166369 -9.51142e+06) (172695 -166369 -9.51142e+06) (172695 -166369 -9.51142e+06) (172695 -166369 -9.51142e+06) (172695 -166369 -9.51142e+06) (172695 -166369 -9.51142e+06) (172695 -166369 -9.51142e+06)
500           (172679 -166379 -9.51142e+06) (172679 -166379 -9.51142e+06) (172679 -166379 -9.51142e+06) (172679 -166379 -9.51142e+06) (172679 -166379 -9.51142e+06) (172679 -166379 -9.51142e+06) (172679 -166379 -9.51142e+06) (172679 -166379 -9.51142e+06) (172679 -166379 -9.51142e+06) (172679 -166379 -9.51142e+06) (172679 -166379 -9.51142e+06)
550           (172675 -166381 -9.51142e+06) (172675 -166381 -9.51142e+06) (172675 -166381 -9.51142e+06) (172675 -166381 -9.51142e+06) (172675 -166381 -9.51142e+06) (172675 -166381 -9.51142e+06) (172675 -166381 -9.51142e+06) (172675 -166381 -9.51142e+06) (172675 -166381 -9.51142e+06) (172675 -166381 -9.51142e+06) (172675 -166381 -9.51142e+06)
600           (172673 -166383 -9.51142e+06) (172673 -166383 -9.51142e+06) (172673 -166383 -9.51142e+06) (172673 -166383 -9.51142e+06) (172673 -166383 -9.51142e+06) (172673 -166383 -9.51142e+06) (172673 -166383 -9.51142e+06) (172673 -166383 -9.51142e+06) (172673 -166383 -9.51142e+06) (172673 -166383 -9.51142e+06) (172673 -166383 -9.51142e+06)
650           (172673 -166383 -9.51142e+06) (172673 -166383 -9.51142e+06) (172673 -166383 -9.51142e+06) (172673 -166383 -9.51142e+06) (172673 -166383 -9.51142e+06) (172673 -166383 -9.51142e+06) (172673 -166383 -9.51142e+06) (172673 -166383 -9.51142e+06) (172673 -166383 -9.51142e+06) (172673 -166383 -9.51142e+06) (172673 -166383 -9.51142e+06)
700           (172673 -166383 -9.51142e+06) (172673 -166383 -9.51142e+06) (172673 -166383 -9.51142e+06) (172673 -166383 -9.51142e+06) (172673 -166383 -9.51142e+06) (172673 -166383 -9.51142e+06) (172673 -166383 -9.51142e+06) (172673 -166383 -9.51142e+06) (172673 -166383 -9.51142e+06) (172673 -166383 -9.51142e+06) (172673 -166383 -9.51142e+06)
750           (172673 -166383 -9.51142e+06) (172673 -166383 -9.51142e+06) (172673 -166383 -9.51142e+06) (172673 -166383 -9.51142e+06) (172673 -166383 -9.51142e+06) (172673 -166383 -9.51142e+06) (172673 -166383 -9.51142e+06) (172673 -166383 -9.51142e+06) (172673 -166383 -9.51142e+06) (172673 -166383 -9.51142e+06) (172673 -166383 -9.51142e+06)
800           (172673 -166383 -9.51142e+06) (172673 -166383 -9.51142e+06) (172673 -166383 -9.51142e+06) (172673 -166383 -9.51142e+06) (172673 -166383 -9.51142e+06) (172673 -166383 -9.51142e+06) (172673 -166383 -9.51142e+06) (172673 -166383 -9.51142e+06) (172673 -166383 -9.51142e+06) (172673 -166383 -9.51142e+06) (172673 -166383 -9.51142e+06)
850           (172673 -166383 -9.51142e+06) (172673 -166383 -9.51142e+06) (172673 -166383 -9.51142e+06) (172673 -166383 -9.51142e+06) (172673 -166383 -9.51142e+06) (172673 -166383 -9.51142e+06) (172673 -166383 -9.51142e+06) (172673 -166383 -9.51142e+06) (172673 -166383 -9.51142e+06) (172673 -166383 -9.51142e+06) (172673 -166383 -9.51142e+06)
900           (172673 -166383 -9.51142e+06) (172673 -166383 -9.51142e+06) (172673 -166383 -9.51142e+06) (172673 -166383 -9.51142e+06) (172673 -166383 -9.51142e+06) (172673 -166383 -9.51142e+06) (172673 -166383 -9.51142e+06) (172673 -166383 -9.51142e+06) (172673 -166383 -9.51142e+06) (172673 -166383 -9.51142e+06) (172673 -166383 -9.51142e+06)
950           (172673 -166383 -9.51142e+06) (172673 -166383 -9.51142e+06) (172673 -166383 -9.51142e+06) (172673 -166383 -9.51142e+06) (172673 -166383 -9.51142e+06) (172673 -166383 -9.51142e+06) (172673 -166383 -9.51142e+06) (172673 -166383 -9.51142e+06) (172673 -166383 -9.51142e+06) (172673 -166383 -9.51142e+06) (172673 -166383 -9.51142e+06)
1000          (172673 -166383 -9.51142e+06) (172673 -166383 -9.51142e+06) (172673 -166383 -9.51142e+06) (172673 -166383 -9.51142e+06) (172673 -166383 -9.51142e+06) (172673 -166383 -9.51142e+06) (172673 -166383 -9.51142e+06) (172673 -166383 -9.51142e+06) (172673 -166383 -9.51142e+06) (172673 -166383 -9.51142e+06) (172673 -166383 -9.51142e+06)
1050          (172673 -166383 -9.51142e+06) (172673 -166383 -9.51142e+06) (172673 -166383 -9.51142e+06) (172673 -166383 -9.51142e+06) (172673 -166383 -9.51142e+06) (172673 -166383 -9.51142e+06) (172673 -166383 -9.51142e+06) (172673 -166383 -9.51142e+06) (172673 -166383 -9.51142e+06) (172673 -166383 -9.51142e+06) (172673 -166383 -9.51142e+06)
1100          (172673 -166383 -9.51142e+06) (172673 -166383 -9.51142e+06) (172673 -166383 -9.51142e+06) (172673 -166383 -9.51142e+06) (172673 -166383 -9.51142e+06) (172673 -166383 -9.51142e+06) (172673 -166383 -9.51142e+06) (172673 -166383 -9.51142e+06) (172673 -166383 -9.51142e+06) (172673 -166383 -9.51142e+06) (172673 -166383 -9.51142e+06)
1150          (172673 -166383 -9.51142e+06) (172673 -166383 -9.51142e+06) (172673 -166383 -9.51142e+06) (172673 -166383 -9.51142e+06) (172673 -166383 -9.51142e+06) (172673 -166383 -9.51142e+06) (172673 -166383 -9.51142e+06) (172673 -166383 -9.51142e+06) (172673 -166383 -9.51142e+06) (172673 -166383 -9.51142e+06) (172673 -166383 -9.51142e+06)
1200          (172673 -166383 -9.51142e+06) (172673 -166383 -9.51142e+06) (172673 -166383 -9.51142e+06) (172673 -166383 -9.51142e+06) (172673 -166383 -9.51142e+06) (172673 -166383 -9.51142e+06) (172673 -166383 -9.51142e+06) (172673 -166383 -9.51142e+06) (172673 -166383 -9.51142e+06) (172673 -166383 -9.51142e+06) (172673 -166383 -9.51142e+06)
1250          (172673 -166383 -9.51142e+06) (172673 -166383 -9.51142e+06) (172673 -166383 -9.51142e+06) (172673 -166383 -9.51142e+06) (172673 -166383 -9.51142e+06) (172673 -166383 -9.51142e+06) (172673 -166383 -9.51142e+06) (172673 -166383 -9.51142e+06) (172673 -166383 -9.51142e+06) (172673 -166383 -9.51142e+06) (172673 -166383 -9.51142e+06)
1300          (172673 -166383 -9.51142e+06) (172673 -166383 -9.51142e+06) (172673 -166383 -9.51142e+06) (172673 -166383 -9.51142e+06) (172673 -166383 -9.51142e+06) (172673 -166383 -9.51142e+06) (172673 -166383 -9.51142e+06) (172673 -166383 -9.51142e+06) (172673 -166383 -9.51142e+06) (172673 -166383 -9.51142e+06) (172673 -166383 -9.51142e+06)
1350          (172673 -166383 -9.51142e+06) (172673 -166383 -9.51142e+06) (172673 -166383 -9.51142e+06) (172673 -166383 -9.51142e+06) (172673 -166383 -9.51142e+06) (172673 -166383 -9.51142e+06) (172673 -166383 -9.51142e+06) (172673 -166383 -9.51142e+06) (172673 -166383 -9.51142e+06) (172673 -166383 -9.51142e+06) (172673 -166383 -9.51142e+06)
1400          (172673 -166383 -9.51142e+06) (172673 -166383 -9.51142e+06) (172673 -166383 -9.51142e+06) (172673 -166383 -9.51142e+06) (172673 -166383 -9.51142e+06) (172673 -166383 -9.51142e+06) (172673 -166383 -9.51142e+06) (172673 -166383 -9.51142e+06) (172673 -166383 -9.51142e+06) (172673 -166383 -9.51142e+06) (172673 -166383 -9.51142e+06)
1450          (172673 -166383 -9.51142e+06) (172673 -166383 -9.51142e+06) (172673 -166383 -9.51142e+06) (172673 -166383 -9.51142e+06) (172673 -166383 -9.51142e+06) (172673 -166383 -9.51142e+06) (172673 -166383 -9.51142e+06) (172673 -166383 -9.51142e+06) (172673 -166383 -9.51142e+06) (172673 -166383 -9.51142e+06) (172673 -166383 -9.51142e+06)
1500          (172673 -166383 -9.51142e+06) (172673 -166383 -9.51142e+06) (172673 -166383 -9.51142e+06) (172673 -166383 -9.51142e+06) (172673 -166383 -9.51142e+06) (172673 -166383 -9.51142e+06) (172673 -166383 -9.51142e+06) (172673 -166383 -9.51142e+06) (172673 -166383 -9.51142e+06) (172673 -166383 -9.51142e+06) (172673 -166383 -9.51142e+06)
1550          (172673 -166383 -9.51142e+06) (172673 -166383 -9.51142e+06) (172673 -166383 -9.51142e+06) (172673 -166383 -9.51142e+06) (172673 -166383 -9.51142e+06) (172673 -166383 -9.51142e+06) (172673 -166383 -9.51142e+06) (172673 -166383 -9.51142e+06) (172673 -166383 -9.51142e+06) (172673 -166383 -9.51142e+06) (172673 -166383 -9.51142e+06)
1600          (172673 -166383 -9.51142e+06) (172673 -166383 -9.51142e+06) (172673 -166383 -9.51142e+06) (172673 -166383 -9.51142e+06) (172673 -166383 -9.51142e+06) (172673 -166383 -9.51142e+06) (172673 -166383 -9.51142e+06) (172673 -166383 -9.51142e+06) (172673 -166383 -9.51142e+06) (172673 -166383 -9.51142e+06) (172673 -166383 -9.51142e+06)
1650          (172673 -166383 -9.51142e+06) (172673 -166383 -9.51142e+06) (172673 -166383 -9.51142e+06) (172673 -166383 -9.51142e+06) (172673 -166383 -9.51142e+06) (172673 -166383 -9.51142e+06) (172673 -166383 -9.51142e+06) (172673 -166383 -9.51142e+06) (172673 -166383 -9.51142e+06) (172673 -166383 -9.51142e+06) (172673 -166383 -9.51142e+06)
1700          (172673 -166383 -9.51142e+06) (172673 -166383 -9.51142e+06) (172673 -166383 -9.51142e+06) (172673 -166383 -9.51142e+06) (172673 -166383 -9.51142e+06) (172673 -166383 -9.51142e+06) (172673 -166383 -9.51142e+06) (172673 -166383 -9.51142e+06) (172673 -166383 -9.51142e+06) (172673 -166383 -9.51142e+06) (172673 -166383 -9.51142e+06)
1750          (172673 -166383 -9.51142e+06) (172673 -166383 -9.51142e+06) (172673 -166383 -9.51142e+06) (172673 -166383 -9.51142e+06) (172673 -166383 -9.51142e+06) (172673 -166383 -9.51142e+06) (172673 -166383 -9.51142e+06) (172673 -166383 -9.51142e+06) (172673 -166383 -9.51142e+06) (172673 -166383 -9.51142e+06) (172673 -166383 -9.51142e+06)
1800          (172673 -166383 -9.51142e+06) (172673 -166383 -9.51142e+06) (172673 -166383 -9.51142e+06) (172673 -166383 -9.51142e+06) (172673 -166383 -9.51142e+06) (172673 -166383 -9.51142e+06) (172673 -166383 -9.51142e+06) (172673 -166383 -9.51142e+06) (172673 -166383 -9.51142e+06) (172673 -166383 -9.51142e+06) (172673 -166383 -9.51142e+06)
1850          (172673 -166383 -9.51142e+06) (172673 -166383 -9.51142e+06) (172673 -166383 -9.51142e+06) (172673 -166383 -9.51142e+06) (172673 -166383 -9.51142e+06) (172673 -166383 -9.51142e+06) (172673 -166383 -9.51142e+06) (172673 -166383 -9.51142e+06) (172673 -166383 -9.51142e+06) (172673 -166383 -9.51142e+06) (172673 -166383 -9.51142e+06)
1900          (172673 -166383 -9.51142e+06) (172673 -166383 -9.51142e+06) (172673 -166383 -9.51142e+06) (172673 -166383 -9.51142e+06) (172673 -166383 -9.51142e+06) (172673 -166383 -9.51142e+06) (172673 -166383 -9.51142e+06) (172673 -166383 -9.51142e+06) (172673 -166383 -9.51142e+06) (172673 -166383 -9.51142e+06) (172673 -166383 -9.51142e+06)
1950          (172673 -166383 -9.51142e+06) (172673 -166383 -9.51142e+06) (172673 -166383 -9.51142e+06) (172673 -166383 -9.51142e+06) (172673 -166383 -9.51142e+06) (172673 -166383 -9.51142e+06) (172673 -166383 -9.51142e+06) (172673 -166383 -9.51142e+06) (172673 -166383 -9.51142e+06) (172673 -166383 -9.51142e+06) (172673 -166383 -9.51142e+06)
2000          (172673 -166383 -9.51142e+06) (172673 -166383 -9.51142e+06) (172673 -166383 -9.51142e+06) (172673 -166383 -9.51142e+06) (172673 -166383 -9.51142e+06) (172673 -166383 -9.51142e+06) (172673 -166383 -9.51142e+06) (172673 -166383 -9.51142e+06) (172673 -166383 -9.51142e+06) (172673 -166383 -9.51142e+06) (172673 -166383 -9.51142e+06)
2050          (172673 -166383 -9.51142e+06) (172673 -166383 -9.51142e+06) (172673 -166383 -9.51142e+06) (172673 -166383 -9.51142e+06) (172673 -166383 -9.51142e+06) (172673 -166383 -9.51142e+06) (172673 -166383 -9.51142e+06) (172673 -166383 -9.51142e+06) (172673 -166383 -9.51142e+06) (172673 -166383 -9.51142e+06) (172673 -166383 -9.51142e+06)
2100          (172673 -166383 -9.51142e+06) (172673 -166383 -9.51142e+06) (172673 -166383 -9.51142e+06) (172673 -166383 -9.51142e+06) (172673 -166383 -9.51142e+06) (172673 -166383 -9.51142e+06) (172673 -166383 -9.51142e+06) (172673 -166383 -9.51142e+06) (172673 -166383 -9.51142e+06) (172673 -166383 -9.51142e+06) (172673 -166383 -9.51142e+06)
2150          (172673 -166383 -9.51142e+06) (172673 -166383 -9.51142e+06) (172673 -166383 -9.51142e+06) (172673 -166383 -9.51142e+06) (172673 -166383 -9.51142e+06) (172673 -166383 -9.51142e+06) (172673 -166383 -9.51142e+06) (172673 -166383 -9.51142e+06) (172673 -166383 -9.51142e+06) (172673 -166383 -9.51142e+06) (172673 -166383 -9.51142e+06)
2200          (172673 -166383 -9.51142e+06) (172673 -166383 -9.51142e+06) (172673 -166383 -9.51142e+06) (172673 -166383 -9.51142e+06) (172673 -166383 -9.51142e+06) (172673 -166383 -9.51142e+06) (172673 -166383 -9.51142e+06) (172673 -166383 -9.51142e+06) (172673 -166383 -9.51142e+06) (172673 -166383 -9.51142e+06) (172673 -166383 -9.51142e+06)
2250          (172673 -166383 -9.51142e+06) (172673 -166383 -9.51142e+06) (172673 -166383 -9.51142e+06) (172673 -166383 -9.51142e+06) (172673 -166383 -9.51142e+06) (172673 -166383 -9.51142e+06) (172673 -166383 -9.51142e+06) (172673 -166383 -9.51142e+06) (172673 -166383 -9.51142e+06) (172673 -166383 -9.51142e+06) (172673 -166383 -9.51142e+06)
2300          (172673 -166383 -9.51142e+06) (172673 -166383 -9.51142e+06) (172673 -166383 -9.51142e+06) (172673 -166383 -9.51142e+06) (172673 -166383 -9.51142e+06) (172673 -166383 -9.51142e+06) (172673 -166383 -9.51142e+06) (172673 -166383 -9.51142e+06) (172673 -166383 -9.51142e+06) (172673 -166383 -9.51142e+06) (172673 -166383 -9.51142e+06)
2350          (172673 -166383 -9.51142e+06) (172673 -166383 -9.51142e+06) (172673 -166383 -9.51142e+06) (172673 -166383 -9.51142e+06) (172673 -166383 -9.51142e+06) (172673 -166383 -9.51142e+06) (172673 -166383 -9.51142e+06) (172673 -166383 -9.51142e+06) (172673 -166383 -9.51142e+06) (172673 -166383 -9.51142e+06) (172673 -166383 -9.51142e+06)
2400          (172673 -166383 -9.51142e+06) (172673 -166383 -9.51142e+06) (172673 -166383 -9.51142e+06) (172673 -166383 -9.51142e+06) (172673 -166383 -9.51142e+06) (172673 -166383 -9.51142e+06) (172673 -166383 -9.51142e+06) (172673 -166383 -9.51142e+06) (172673 -166383 -9.51142e+06) (172673 -166383 -9.51142e+06) (172673 -166383 -9.51142e+06)
2450          (172673 -166383 -9.51142e+06) (172673 -166383 -9.51142e+06) (172673 -166383 -9.51142e+06) (172673 -166383 -9.51142e+06) (172673 -166383 -9.51142e+06) (172673 -166383 -9.51142e+06) (172673 -166383 -9.51142e+06) (172673 -166383 -9.51142e+06) (172673 -166383 -9.51142e+06) (172673 -166383 -9.51142e+06) (172673 -166383 -9.51142e+06)
2500          (172673 -166383 -9.51142e+06) (172673 -166383 -9.51142e+06) (172673 -166383 -9.51142e+06) (172673 -166383 -9.51142e+06) (172673 -166383 -9.51142e+06) (172673 -166383 -9.51142e+06) (172673 -166383 -9.51142e+06) (172673 -166383 -9.51142e+06) (172673 -166383 -9.51142e+06) (172673 -166383 -9.51142e+06) (172673 -166383 -9.51142e+06)
2550          (172673 -166383 -9.51142e+06) (172673 -166383 -9.51142e+06) (172673 -166383 -9.51142e+06) (172673 -166383 -9.51142e+06) (172673 -166383 -9.51142e+06) (172673 -166383 -9.51142e+06) (172673 -166383 -9.51142e+06) (172673 -166383 -9.51142e+06) (172673 -166383 -9.51142e+06) (172673 -166383 -9.51142e+06) (172673 -166383 -9.51142e+06)
2600          (172673 -166383 -9.51142e+06) (172673 -166383 -9.51142e+06) (172673 -166383 -9.51142e+06) (172673 -166383 -9.51142e+06) (172673 -166383 -9.51142e+06) (172673 -166383 -9.51142e+06) (172673 -166383 -9.51142e+06) (172673 -166383 -9.51142e+06) (172673 -166383 -9.51142e+06) (172673 -166383 -9.51142e+06) (172673 -166383 -9.51142e+06)
2650          (172673 -166383 -9.51142e+06) (172673 -166383 -9.51142e+06) (172673 -166383 -9.51142e+06) (172673 -166383 -9.51142e+06) (172673 -166383 -9.51142e+06) (172673 -166383 -9.51142e+06) (172673 -166383 -9.51142e+06) (172673 -166383 -9.51142e+06) (172673 -166383 -9.51142e+06) (172673 -166383 -9.51142e+06) (172673 -166383 -9.51142e+06)
2700          (172673 -166383 -9.51142e+06) (172673 -166383 -9.51142e+06) (172673 -166383 -9.51142e+06) (172673 -166383 -9.51142e+06) (172673 -166383 -9.51142e+06) (172673 -166383 -9.51142e+06) (172673 -166383 -9.51142e+06) (172673 -166383 -9.51142e+06) (172673 -166383 -9.51142e+06) (172673 -166383 -9.51142e+06) (172673 -166383 -9.51142e+06)
2750          (172673 -166383 -9.51142e+06) (172673 -166383 -9.51142e+06) (172673 -166383 -9.51142e+06) (172673 -166383 -9.51142e+06) (172673 -166383 -9.51142e+06) (172673 -166383 -9.51142e+06) (172673 -166383 -9.51142e+06) (172673 -166383 -9.51142e+06) (172673 -166383 -9.51142e+06) (172673 -166383 -9.51142e+06) (172673 -166383 -9.51142e+06)
2800          (172673 -166383 -9.51142e+06) (172673 -166383 -9.51142e+06) (172673 -166383 -9.51142e+06) (172673 -166383 -9.51142e+06) (172673 -166383 -9.51142e+06) (172673 -166383 -9.51142e+06) (172673 -166383 -9.51142e+06) (172673 -166383 -9.51142e+06) (172673 -166383 -9.51142e+06) (172673 -166383 -9.51142e+06) (172673 -166383 -9.51142e+06)
2850          (172673 -166383 -9.51142e+06) (172673 -166383 -9.51142e+06) (172673 -166383 -9.51142e+06) (172673 -166383 -9.51142e+06) (172673 -166383 -9.51142e+06) (172673 -166383 -9.51142e+06) (172673 -166383 -9.51142e+06) (172673 -166383 -9.51142e+06) (172673 -166383 -9.51142e+06) (172673 -166383 -9.51142e+06) (172673 -166383 -9.51142e+06)
2900          (172673 -166383 -9.51142e+06) (172673 -166383 -9.51142e+06) (172673 -166383 -9.51142e+06) (172673 -166383 -9.51142e+06) (172673 -166383 -9.51142e+06) (172673 -166383 -9.51142e+06) (172673 -166383 -9.51142e+06) (172673 -166383 -9.51142e+06) (172673 -166383 -9.51142e+06) (172673 -166383 -9.51142e+06) (172673 -166383 -9.51142e+06)
2950          (172673 -166383 -9.51142e+06) (172673 -166383 -9.51142e+06) (172673 -166383 -9.51142e+06) (172673 -166383 -9.51142e+06) (172673 -166383 -9.51142e+06) (172673 -166383 -9.51142e+06) (172673 -166383 -9.51142e+06) (172673 -166383 -9.51142e+06) (172673 -166383 -9.51142e+06) (172673 -166383 -9.51142e+06) (172673 -166383 -9.51142e+06)
3000          (172673 -166383 -9.51142e+06) (172673 -166383 -9.51142e+06) (172673 -166383 -9.51142e+06) (172673 -166383 -9.51142e+06) (172673 -166383 -9.51142e+06) (172673 -166383 -9.51142e+06) (172673 -166383 -9.51142e+06) (172673 -166383 -9.51142e+06) (172673 -166383 -9.51142e+06) (172673 -166383 -9.51142e+06) (172673 -166383 -9.51142e+06)
3050          (172673 -166383 -9.51142e+06) (172673 -166383 -9.51142e+06) (172673 -166383 -9.51142e+06) (172673 -166383 -9.51142e+06) (172673 -166383 -9.51142e+06) (172673 -166383 -9.51142e+06) (172673 -166383 -9.51142e+06) (172673 -166383 -9.51142e+06) (172673 -166383 -9.51142e+06) (172673 -166383 -9.51142e+06) (172673 -166383 -9.51142e+06)
3100          (172673 -166383 -9.51142e+06) (172673 -166383 -9.51142e+06) (172673 -166383 -9.51142e+06) (172673 -166383 -9.51142e+06) (172673 -166383 -9.51142e+06) (172673 -166383 -9.51142e+06) (172673 -166383 -9.51142e+06) (172673 -166383 -9.51142e+06) (172673 -166383 -9.51142e+06) (172673 -166383 -9.51142e+06) (172673 -166383 -9.51142e+06)
3150          (172673 -166383 -9.51142e+06) (172673 -166383 -9.51142e+06) (172673 -166383 -9.51142e+06) (172673 -166383 -9.51142e+06) (172673 -166383 -9.51142e+06) (172673 -166383 -9.51142e+06) (172673 -166383 -9.51142e+06) (172673 -166383 -9.51142e+06) (172673 -166383 -9.51142e+06) (172673 -166383 -9.51142e+06) (172673 -166383 -9.51142e+06)
3200          (172673 -166383 -9.51142e+06) (172673 -166383 -9.51142e+06) (172673 -166383 -9.51142e+06) (172673 -166383 -9.51142e+06) (172673 -166383 -9.51142e+06) (172673 -166383 -9.51142e+06) (172673 -166383 -9.51142e+06) (172673 -166383 -9.51142e+06) (172673 -166383 -9.51142e+06) (172673 -166383 -9.51142e+06) (172673 -166383 -9.51142e+06)
3250          (172673 -166383 -9.51142e+06) (172673 -166383 -9.51142e+06) (172673 -166383 -9.51142e+06) (172673 -166383 -9.51142e+06) (172673 -166383 -9.51142e+06) (172673 -166383 -9.51142e+06) (172673 -166383 -9.51142e+06) (172673 -166383 -9.51142e+06) (172673 -166383 -9.51142e+06) (172673 -166383 -9.51142e+06) (172673 -166383 -9.51142e+06)
3300          (172673 -166383 -9.51142e+06) (172673 -166383 -9.51142e+06) (172673 -166383 -9.51142e+06) (172673 -166383 -9.51142e+06) (172673 -166383 -9.51142e+06) (172673 -166383 -9.51142e+06) (172673 -166383 -9.51142e+06) (172673 -166383 -9.51142e+06) (172673 -166383 -9.51142e+06) (172673 -166383 -9.51142e+06) (172673 -166383 -9.51142e+06)
3350          (172673 -166383 -9.51142e+06) (172673 -166383 -9.51142e+06) (172673 -166383 -9.51142e+06) (172673 -166383 -9.51142e+06) (172673 -166383 -9.51142e+06) (172673 -166383 -9.51142e+06) (172673 -166383 -9.51142e+06) (172673 -166383 -9.51142e+06) (172673 -166383 -9.51142e+06) (172673 -166383 -9.51142e+06) (172673 -166383 -9.51142e+06)
3400          (172673 -166383 -9.51142e+06) (172673 -166383 -9.51142e+06) (172673 -166383 -9.51142e+06) (172673 -166383 -9.51142e+06) (172673 -166383 -9.51142e+06) (172673 -166383 -9.51142e+06) (172673 -166383 -9.51142e+06) (172673 -166383 -9.51142e+06) (172673 -166383 -9.51142e+06) (172673 -166383 -9.51142e+06) (172673 -166383 -9.51142e+06)
3450          (172673 -166383 -9.51142e+06) (172673 -166383 -9.51142e+06) (172673 -166383 -9.51142e+06) (172673 -166383 -9.51142e+06) (172673 -166383 -9.51142e+06) (172673 -166383 -9.51142e+06) (172673 -166383 -9.51142e+06) (172673 -166383 -9.51142e+06) (172673 -166383 -9.51142e+06) (172673 -166383 -9.51142e+06) (172673 -166383 -9.51142e+06)
3500          (172673 -166383 -9.51142e+06) (172673 -166383 -9.51142e+06) (172673 -166383 -9.51142e+06) (172673 -166383 -9.51142e+06) (172673 -166383 -9.51142e+06) (172673 -166383 -9.51142e+06) (172673 -166383 -9.51142e+06) (172673 -166383 -9.51142e+06) (172673 -166383 -9.51142e+06) (172673 -166383 -9.51142e+06) (172673 -166383 -9.51142e+06)
3550          (172673 -166383 -9.51142e+06) (172673 -166383 -9.51142e+06) (172673 -166383 -9.51142e+06) (172673 -166383 -9.51142e+06) (172673 -166383 -9.51142e+06) (172673 -166383 -9.51142e+06) (172673 -166383 -9.51142e+06) (172673 -166383 -9.51142e+06) (172673 -166383 -9.51142e+06) (172673 -166383 -9.51142e+06) (172673 -166383 -9.51142e+06)
3600          (172673 -166383 -9.51142e+06) (172673 -166383 -9.51142e+06) (172673 -166383 -9.51142e+06) (172673 -166383 -9.51142e+06) (172673 -166383 -9.51142e+06) (172673 -166383 -9.51142e+06) (172673 -166383 -9.51142e+06) (172673 -166383 -9.51142e+06) (172673 -166383 -9.51142e+06) (172673 -166383 -9.51142e+06) (172673 -166383 -9.51142e+06)
3650          (172673 -166383 -9.51142e+06) (172673 -166383 -9.51142e+06) (172673 -166383 -9.51142e+06) (172673 -166383 -9.51142e+06) (172673 -166383 -9.51142e+06) (172673 -166383 -9.51142e+06) (172673 -166383 -9.51142e+06) (172673 -166383 -9.51142e+06) (172673 -166383 -9.51142e+06) (172673 -166383 -9.51142e+06) (172673 -166383 -9.51142e+06)
3700          (172673 -166383 -9.51142e+06) (172673 -166383 -9.51142e+06) (172673 -166383 -9.51142e+06) (172673 -166383 -9.51142e+06) (172673 -166383 -9.51142e+06) (172673 -166383 -9.51142e+06) (172673 -166383 -9.51142e+06) (172673 -166383 -9.51142e+06) (172673 -166383 -9.51142e+06) (172673 -166383 -9.51142e+06) (172673 -166383 -9.51142e+06)
3750          (172673 -166383 -9.51142e+06) (172673 -166383 -9.51142e+06) (172673 -166383 -9.51142e+06) (172673 -166383 -9.51142e+06) (172673 -166383 -9.51142e+06) (172673 -166383 -9.51142e+06) (172673 -166383 -9.51142e+06) (172673 -166383 -9.51142e+06) (172673 -166383 -9.51142e+06) (172673 -166383 -9.51142e+06) (172673 -166383 -9.51142e+06)
3800          (172673 -166383 -9.51142e+06) (172673 -166383 -9.51142e+06) (172673 -166383 -9.51142e+06) (172673 -166383 -9.51142e+06) (172673 -166383 -9.51142e+06) (172673 -166383 -9.51142e+06) (172673 -166383 -9.51142e+06) (172673 -166383 -9.51142e+06) (172673 -166383 -9.51142e+06) (172673 -166383 -9.51142e+06) (172673 -166383 -9.51142e+06)
3850          (172673 -166383 -9.51142e+06) (172673 -166383 -9.51142e+06) (172673 -166383 -9.51142e+06) (172673 -166383 -9.51142e+06) (172673 -166383 -9.51142e+06) (172673 -166383 -9.51142e+06) (172673 -166383 -9.51142e+06) (172673 -166383 -9.51142e+06) (172673 -166383 -9.51142e+06) (172673 -166383 -9.51142e+06) (172673 -166383 -9.51142e+06)
3900          (172673 -166383 -9.51142e+06) (172673 -166383 -9.51142e+06) (172673 -166383 -9.51142e+06) (172673 -166383 -9.51142e+06) (172673 -166383 -9.51142e+06) (172673 -166383 -9.51142e+06) (172673 -166383 -9.51142e+06) (172673 -166383 -9.51142e+06) (172673 -166383 -9.51142e+06) (172673 -166383 -9.51142e+06) (172673 -166383 -9.51142e+06)
3950          (172673 -166383 -9.51142e+06) (172673 -166383 -9.51142e+06) (172673 -166383 -9.51142e+06) (172673 -166383 -9.51142e+06) (172673 -166383 -9.51142e+06) (172673 -166383 -9.51142e+06) (172673 -166383 -9.51142e+06) (172673 -166383 -9.51142e+06) (172673 -166383 -9.51142e+06) (172673 -166383 -9.51142e+06) (172673 -166383 -9.51142e+06)
4000          (172673 -166383 -9.51142e+06) (172673 -166383 -9.51142e+06) (172673 -166383 -9.51142e+06) (172673 -166383 -9.51142e+06) (172673 -166383 -9.51142e+06) (172673 -166383 -9.51142e+06) (172673 -166383 -9.51142e+06) (172673 -166383 -9.51142e+06) (172673 -166383 -9.51142e+06) (172673 -166383 -9.51142e+06) (172673 -166383 -9.51142e+06)
4050          (172673 -166383 -9.51142e+06) (172673 -166383 -9.51142e+06) (172673 -166383 -9.51142e+06) (172673 -166383 -9.51142e+06) (172673 -166383 -9.51142e+06) (172673 -166383 -9.51142e+06) (172673 -166383 -9.51142e+06) (172673 -166383 -9.51142e+06) (172673 -166383 -9.51142e+06) (172673 -166383 -9.51142e+06) (172673 -166383 -9.51142e+06)
4100          (172673 -166383 -9.51142e+06) (172673 -166383 -9.51142e+06) (172673 -166383 -9.51142e+06) (172673 -166383 -9.51142e+06) (172673 -166383 -9.51142e+06) (172673 -166383 -9.51142e+06) (172673 -166383 -9.51142e+06) (172673 -166383 -9.51142e+06) (172673 -166383 -9.51142e+06) (172673 -166383 -9.51142e+06) (172673 -166383 -9.51142e+06)
4150          (172673 -166383 -9.51142e+06) (172673 -166383 -9.51142e+06) (172673 -166383 -9.51142e+06) (172673 -166383 -9.51142e+06) (172673 -166383 -9.51142e+06) (172673 -166383 -9.51142e+06) (172673 -166383 -9.51142e+06) (172673 -166383 -9.51142e+06) (172673 -166383 -9.51142e+06) (172673 -166383 -9.51142e+06) (172673 -166383 -9.51142e+06)
4200          (172673 -166383 -9.51142e+06) (172673 -166383 -9.51142e+06) (172673 -166383 -9.51142e+06) (172673 -166383 -9.51142e+06) (172673 -166383 -9.51142e+06) (172673 -166383 -9.51142e+06) (172673 -166383 -9.51142e+06) (172673 -166383 -9.51142e+06) (172673 -166383 -9.51142e+06) (172673 -166383 -9.51142e+06) (172673 -166383 -9.51142e+06)
4250          (172673 -166383 -9.51142e+06) (172673 -166383 -9.51142e+06) (172673 -166383 -9.51142e+06) (172673 -166383 -9.51142e+06) (172673 -166383 -9.51142e+06) (172673 -166383 -9.51142e+06) (172673 -166383 -9.51142e+06) (172673 -166383 -9.51142e+06) (172673 -166383 -9.51142e+06) (172673 -166383 -9.51142e+06) (172673 -166383 -9.51142e+06)
4300          (172673 -166383 -9.51142e+06) (172673 -166383 -9.51142e+06) (172673 -166383 -9.51142e+06) (172673 -166383 -9.51142e+06) (172673 -166383 -9.51142e+06) (172673 -166383 -9.51142e+06) (172673 -166383 -9.51142e+06) (172673 -166383 -9.51142e+06) (172673 -166383 -9.51142e+06) (172673 -166383 -9.51142e+06) (172673 -166383 -9.51142e+06)
4350          (172673 -166383 -9.51142e+06) (172673 -166383 -9.51142e+06) (172673 -166383 -9.51142e+06) (172673 -166383 -9.51142e+06) (172673 -166383 -9.51142e+06) (172673 -166383 -9.51142e+06) (172673 -166383 -9.51142e+06) (172673 -166383 -9.51142e+06) (172673 -166383 -9.51142e+06) (172673 -166383 -9.51142e+06) (172673 -166383 -9.51142e+06)
4400          (172673 -166383 -9.51142e+06) (172673 -166383 -9.51142e+06) (172673 -166383 -9.51142e+06) (172673 -166383 -9.51142e+06) (172673 -166383 -9.51142e+06) (172673 -166383 -9.51142e+06) (172673 -166383 -9.51142e+06) (172673 -166383 -9.51142e+06) (172673 -166383 -9.51142e+06) (172673 -166383 -9.51142e+06) (172673 -166383 -9.51142e+06)
4450          (172673 -166383 -9.51142e+06) (172673 -166383 -9.51142e+06) (172673 -166383 -9.51142e+06) (172673 -166383 -9.51142e+06) (172673 -166383 -9.51142e+06) (172673 -166383 -9.51142e+06) (172673 -166383 -9.51142e+06) (172673 -166383 -9.51142e+06) (172673 -166383 -9.51142e+06) (172673 -166383 -9.51142e+06) (172673 -166383 -9.51142e+06)
4500          (172673 -166383 -9.51142e+06) (172673 -166383 -9.51142e+06) (172673 -166383 -9.51142e+06) (172673 -166383 -9.51142e+06) (172673 -166383 -9.51142e+06) (172673 -166383 -9.51142e+06) (172673 -166383 -9.51142e+06) (172673 -166383 -9.51142e+06) (172673 -166383 -9.51142e+06) (172673 -166383 -9.51142e+06) (172673 -166383 -9.51142e+06)
4550          (172673 -166383 -9.51142e+06) (172673 -166383 -9.51142e+06) (172673 -166383 -9.51142e+06) (172673 -166383 -9.51142e+06) (172673 -166383 -9.51142e+06) (172673 -166383 -9.51142e+06) (172673 -166383 -9.51142e+06) (172673 -166383 -9.51142e+06) (172673 -166383 -9.51142e+06) (172673 -166383 -9.51142e+06) (172673 -166383 -9.51142e+06)
4600          (172673 -166383 -9.51142e+06) (172673 -166383 -9.51142e+06) (172673 -166383 -9.51142e+06) (172673 -166383 -9.51142e+06) (172673 -166383 -9.51142e+06) (172673 -166383 -9.51142e+06) (172673 -166383 -9.51142e+06) (172673 -166383 -9.51142e+06) (172673 -166383 -9.51142e+06) (172673 -166383 -9.51142e+06) (172673 -166383 -9.51142e+06)
4650          (172673 -166383 -9.51142e+06) (172673 -166383 -9.51142e+06) (172673 -166383 -9.51142e+06) (172673 -166383 -9.51142e+06) (172673 -166383 -9.51142e+06) (172673 -166383 -9.51142e+06) (172673 -166383 -9.51142e+06) (172673 -166383 -9.51142e+06) (172673 -166383 -9.51142e+06) (172673 -166383 -9.51142e+06) (172673 -166383 -9.51142e+06)
4700          (172673 -166383 -9.51142e+06) (172673 -166383 -9.51142e+06) (172673 -166383 -9.51142e+06) (172673 -166383 -9.51142e+06) (172673 -166383 -9.51142e+06) (172673 -166383 -9.51142e+06) (172673 -166383 -9.51142e+06) (172673 -166383 -9.51142e+06) (172673 -166383 -9.51142e+06) (172673 -166383 -9.51142e+06) (172673 -166383 -9.51142e+06)
4750          (172673 -166383 -9.51142e+06) (172673 -166383 -9.51142e+06) (172673 -166383 -9.51142e+06) (172673 -166383 -9.51142e+06) (172673 -166383 -9.51142e+06) (172673 -166383 -9.51142e+06) (172673 -166383 -9.51142e+06) (172673 -166383 -9.51142e+06) (172673 -166383 -9.51142e+06) (172673 -166383 -9.51142e+06) (172673 -166383 -9.51142e+06)
4800          (172673 -166383 -9.51142e+06) (172673 -166383 -9.51142e+06) (172673 -166383 -9.51142e+06) (172673 -166383 -9.51142e+06) (172673 -166383 -9.51142e+06) (172673 -166383 -9.51142e+06) (172673 -166383 -9.51142e+06) (172673 -166383 -9.51142e+06) (172673 -166383 -9.51142e+06) (172673 -166383 -9.51142e+06) (172673 -166383 -9.51142e+06)
4850          (172673 -166383 -9.51142e+06) (172673 -166383 -9.51142e+06) (172673 -166383 -9.51142e+06) (172673 -166383 -9.51142e+06) (172673 -166383 -9.51142e+06) (172673 -166383 -9.51142e+06) (172673 -166383 -9.51142e+06) (172673 -166383 -9.51142e+06) (172673 -166383 -9.51142e+06) (172673 -166383 -9.51142e+06) (172673 -166383 -9.51142e+06)
4900          (172673 -166383 -9.51142e+06) (172673 -166383 -9.51142e+06) (172673 -166383 -9.51142e+06) (172673 -166383 -9.51142e+06) (172673 -166383 -9.51142e+06) (172673 -166383 -9.51142e+06) (172673 -166383 -9.51142e+06) (172673 -166383 -9.51142e+06) (172673 -166383 -9.51142e+06) (172673 -166383 -9.51142e+06) (172673 -166383 -9.51142e+06)
4950          (172673 -166383 -9.51142e+06) (172673 -166383 -9.51142e+06) (172673 -166383 -9.51142e+06) (172673 -166383 -9.51142e+06) (172673 -166383 -9.51142e+06) (172673 -166383 -9.51142e+06) (172673 -166383 -9.51142e+06) (172673 -166383 -9.51142e+06) (172673 -166383 -9.51142e+06) (172673 -166383 -9.51142e+06) (172673 -166383 -9.51142e+06)
5000          (172673 -166383 -9.51142e+06) (172673 -166383 -9.51142e+06) (172673 -166383 -9.51142e+06) (172673 -166383 -9.51142e+06) (172673 -166383 -9.51142e+06) (172673 -166383 -9.51142e+06) (172673 -166383 -9.51142e+06) (172673 -166383 -9.51142e+06) (172673 -166383 -9.51142e+06) (172673 -166383 -9.51142e+06) (172673 -166383 -9.51142e+06)
