# Probe 0 (0.0015 0.0015 0)
# Probe 1 (0.0015 0.0015 0.002)
# Probe 2 (0.0015 0.0015 0.004)
# Probe 3 (0.0015 0.0015 0.006)
# Probe 4 (0.0015 0.0015 0.008)
# Probe 5 (0.0015 0.0015 0.01)
# Probe 6 (0.0015 0.0015 0.012)
# Probe 7 (0.0015 0.0015 0.014)
# Probe 8 (0.0015 0.0015 0.016)
# Probe 9 (0.0015 0.0015 0.018)
# Probe 10 (0.0015 0.0015 0.02)
# Time        0             1             2             3             4             5             6             7             8             9             10           
50            (-72.1075 40.3668 5602.99) (-72.1075 40.3668 5602.99) (-72.1075 40.3668 5602.99) (-72.1075 40.3668 5602.99) (-72.1075 40.3668 5602.99) (-72.1075 40.3668 5602.99) (-72.1075 40.3668 5602.99) (-72.1075 40.3668 5602.99) (-72.1075 40.3668 5602.99) (-72.1075 40.3668 5602.99) (-72.1075 40.3668 5602.99)
100           (-62.9239 103.681 5602.99) (-62.9239 103.681 5602.99) (-62.9239 103.681 5602.99) (-62.9239 103.681 5602.99) (-62.9239 103.681 5602.99) (-62.9239 103.681 5602.99) (-62.9239 103.681 5602.99) (-62.9239 103.681 5602.99) (-62.9239 103.681 5602.99) (-62.9239 103.681 5602.99) (-62.9239 103.681 5602.99)
150           (-53.9059 101.667 5602.99) (-53.9059 101.667 5602.99) (-53.9059 101.667 5602.99) (-53.9059 101.667 5602.99) (-53.9059 101.667 5602.99) (-53.9059 101.667 5602.99) (-53.9059 101.667 5602.99) (-53.9059 101.667 5602.99) (-53.9059 101.667 5602.99) (-53.9059 101.667 5602.99) (-53.9059 101.667 5602.99)
200           (-49.1653 104.413 5602.99) (-49.1653 104.413 5602.99) (-49.1653 104.413 5602.99) (-49.1653 104.413 5602.99) (-49.1653 104.413 5602.99) (-49.1653 104.413 5602.99) (-49.1653 104.413 5602.99) (-49.1653 104.413 5602.99) (-49.1653 104.413 5602.99) (-49.1653 104.413 5602.99) (-49.1653 104.413 5602.99)
250           (-47.2662 106.448 5602.99) (-47.2662 106.448 5602.99) (-47.2662 106.448 5602.99) (-47.2662 106.448 5602.99) (-47.2662 106.448 5602.99) (-47.2662 106.448 5602.99) (-47.2662 106.448 5602.99) (-47.2662 106.448 5602.99) (-47.2662 106.448 5602.99) (-47.2662 106.448 5602.99) (-47.2662 106.448 5602.99)
300           (-46.6151 107.164 5602.99) (-46.6151 107.164 5602.99) (-46.6151 107.164 5602.99) (-46.6151 107.164 5602.99) (-46.6151 107.164 5602.99) (-46.6151 107.164 5602.99) (-46.6151 107.164 5602.99) (-46.6151 107.164 5602.99) (-46.6151 107.164 5602.99) (-46.6151 107.164 5602.99) (-46.6151 107.164 5602.99)
350           (-46.4014 107.384 5602.99) (-46.4014 107.384 5602.99) (-46.4014 107.384 5602.99) (-46.4014 107.384 5602.99) (-46.4014 107.384 5602.99) (-46.4014 107.384 5602.99) (-46.4014 107.384 5602.99) (-46.4014 107.384 5602.99) (-46.4014 107.384 5602.99) (-46.4014 107.384 5602.99) (-46.4014 107.384 5602.99)
400           (-46.3303 107.449 5602.99) (-46.3303 107.449 5602.99) (-46.3303 107.449 5602.99) (-46.3303 107.449 5602.99) (-46.3303 107.449 5602.99) (-46.3303 107.449 5602.99) (-46.3303 107.449 5602.99) (-46.3303 107.449 5602.99) (-46.3303 107.449 5602.99) (-46.3303 107.449 5602.99) (-46.3303 107.449 5602.99)
450           (-46.3067 107.467 5602.99) (-46.3067 107.467 5602.99) (-46.3067 107.467 5602.99) (-46.3067 107.467 5602.99) (-46.3067 107.467 5602.99) (-46.3067 107.467 5602.99) (-46.3067 107.467 5602.99) (-46.3067 107.467 5602.99) (-46.3067 107.467 5602.99) (-46.3067 107.467 5602.99) (-46.3067 107.467 5602.99)
500           (-46.2986 107.473 5602.99) (-46.2986 107.473 5602.99) (-46.2986 107.473 5602.99) (-46.2986 107.473 5602.99) (-46.2986 107.473 5602.99) (-46.2986 107.473 5602.99) (-46.2986 107.473 5602.99) (-46.2986 107.473 5602.99) (-46.2986 107.473 5602.99) (-46.2986 107.473 5602.99) (-46.2986 107.473 5602.99)
550           (-46.2959 107.475 5602.99) (-46.2959 107.475 5602.99) (-46.2959 107.475 5602.99) (-46.2959 107.475 5602.99) (-46.2959 107.475 5602.99) (-46.2959 107.475 5602.99) (-46.2959 107.475 5602.99) (-46.2959 107.475 5602.99) (-46.2959 107.475 5602.99) (-46.2959 107.475 5602.99) (-46.2959 107.475 5602.99)
600           (-46.295 107.476 5602.99) (-46.295 107.476 5602.99) (-46.295 107.476 5602.99) (-46.295 107.476 5602.99) (-46.295 107.476 5602.99) (-46.295 107.476 5602.99) (-46.295 107.476 5602.99) (-46.295 107.476 5602.99) (-46.295 107.476 5602.99) (-46.295 107.476 5602.99) (-46.295 107.476 5602.99)
650           (-46.295 107.476 5602.99) (-46.295 107.476 5602.99) (-46.295 107.476 5602.99) (-46.295 107.476 5602.99) (-46.295 107.476 5602.99) (-46.295 107.476 5602.99) (-46.295 107.476 5602.99) (-46.295 107.476 5602.99) (-46.295 107.476 5602.99) (-46.295 107.476 5602.99) (-46.295 107.476 5602.99)
700           (-46.295 107.476 5602.99) (-46.295 107.476 5602.99) (-46.295 107.476 5602.99) (-46.295 107.476 5602.99) (-46.295 107.476 5602.99) (-46.295 107.476 5602.99) (-46.295 107.476 5602.99) (-46.295 107.476 5602.99) (-46.295 107.476 5602.99) (-46.295 107.476 5602.99) (-46.295 107.476 5602.99)
750           (-46.295 107.476 5602.99) (-46.295 107.476 5602.99) (-46.295 107.476 5602.99) (-46.295 107.476 5602.99) (-46.295 107.476 5602.99) (-46.295 107.476 5602.99) (-46.295 107.476 5602.99) (-46.295 107.476 5602.99) (-46.295 107.476 5602.99) (-46.295 107.476 5602.99) (-46.295 107.476 5602.99)
800           (-46.295 107.476 5602.99) (-46.295 107.476 5602.99) (-46.295 107.476 5602.99) (-46.295 107.476 5602.99) (-46.295 107.476 5602.99) (-46.295 107.476 5602.99) (-46.295 107.476 5602.99) (-46.295 107.476 5602.99) (-46.295 107.476 5602.99) (-46.295 107.476 5602.99) (-46.295 107.476 5602.99)
850           (-46.295 107.476 5602.99) (-46.295 107.476 5602.99) (-46.295 107.476 5602.99) (-46.295 107.476 5602.99) (-46.295 107.476 5602.99) (-46.295 107.476 5602.99) (-46.295 107.476 5602.99) (-46.295 107.476 5602.99) (-46.295 107.476 5602.99) (-46.295 107.476 5602.99) (-46.295 107.476 5602.99)
900           (-46.295 107.476 5602.99) (-46.295 107.476 5602.99) (-46.295 107.476 5602.99) (-46.295 107.476 5602.99) (-46.295 107.476 5602.99) (-46.295 107.476 5602.99) (-46.295 107.476 5602.99) (-46.295 107.476 5602.99) (-46.295 107.476 5602.99) (-46.295 107.476 5602.99) (-46.295 107.476 5602.99)
950           (-46.295 107.476 5602.99) (-46.295 107.476 5602.99) (-46.295 107.476 5602.99) (-46.295 107.476 5602.99) (-46.295 107.476 5602.99) (-46.295 107.476 5602.99) (-46.295 107.476 5602.99) (-46.295 107.476 5602.99) (-46.295 107.476 5602.99) (-46.295 107.476 5602.99) (-46.295 107.476 5602.99)
1000          (-46.295 107.476 5602.99) (-46.295 107.476 5602.99) (-46.295 107.476 5602.99) (-46.295 107.476 5602.99) (-46.295 107.476 5602.99) (-46.295 107.476 5602.99) (-46.295 107.476 5602.99) (-46.295 107.476 5602.99) (-46.295 107.476 5602.99) (-46.295 107.476 5602.99) (-46.295 107.476 5602.99)
1050          (-46.295 107.476 5602.99) (-46.295 107.476 5602.99) (-46.295 107.476 5602.99) (-46.295 107.476 5602.99) (-46.295 107.476 5602.99) (-46.295 107.476 5602.99) (-46.295 107.476 5602.99) (-46.295 107.476 5602.99) (-46.295 107.476 5602.99) (-46.295 107.476 5602.99) (-46.295 107.476 5602.99)
1100          (-46.295 107.476 5602.99) (-46.295 107.476 5602.99) (-46.295 107.476 5602.99) (-46.295 107.476 5602.99) (-46.295 107.476 5602.99) (-46.295 107.476 5602.99) (-46.295 107.476 5602.99) (-46.295 107.476 5602.99) (-46.295 107.476 5602.99) (-46.295 107.476 5602.99) (-46.295 107.476 5602.99)
1150          (-46.295 107.476 5602.99) (-46.295 107.476 5602.99) (-46.295 107.476 5602.99) (-46.295 107.476 5602.99) (-46.295 107.476 5602.99) (-46.295 107.476 5602.99) (-46.295 107.476 5602.99) (-46.295 107.476 5602.99) (-46.295 107.476 5602.99) (-46.295 107.476 5602.99) (-46.295 107.476 5602.99)
1200          (-46.295 107.476 5602.99) (-46.295 107.476 5602.99) (-46.295 107.476 5602.99) (-46.295 107.476 5602.99) (-46.295 107.476 5602.99) (-46.295 107.476 5602.99) (-46.295 107.476 5602.99) (-46.295 107.476 5602.99) (-46.295 107.476 5602.99) (-46.295 107.476 5602.99) (-46.295 107.476 5602.99)
1250          (-46.295 107.476 5602.99) (-46.295 107.476 5602.99) (-46.295 107.476 5602.99) (-46.295 107.476 5602.99) (-46.295 107.476 5602.99) (-46.295 107.476 5602.99) (-46.295 107.476 5602.99) (-46.295 107.476 5602.99) (-46.295 107.476 5602.99) (-46.295 107.476 5602.99) (-46.295 107.476 5602.99)
1300          (-46.295 107.476 5602.99) (-46.295 107.476 5602.99) (-46.295 107.476 5602.99) (-46.295 107.476 5602.99) (-46.295 107.476 5602.99) (-46.295 107.476 5602.99) (-46.295 107.476 5602.99) (-46.295 107.476 5602.99) (-46.295 107.476 5602.99) (-46.295 107.476 5602.99) (-46.295 107.476 5602.99)
1350          (-46.295 107.476 5602.99) (-46.295 107.476 5602.99) (-46.295 107.476 5602.99) (-46.295 107.476 5602.99) (-46.295 107.476 5602.99) (-46.295 107.476 5602.99) (-46.295 107.476 5602.99) (-46.295 107.476 5602.99) (-46.295 107.476 5602.99) (-46.295 107.476 5602.99) (-46.295 107.476 5602.99)
1400          (-46.295 107.476 5602.99) (-46.295 107.476 5602.99) (-46.295 107.476 5602.99) (-46.295 107.476 5602.99) (-46.295 107.476 5602.99) (-46.295 107.476 5602.99) (-46.295 107.476 5602.99) (-46.295 107.476 5602.99) (-46.295 107.476 5602.99) (-46.295 107.476 5602.99) (-46.295 107.476 5602.99)
1450          (-46.295 107.476 5602.99) (-46.295 107.476 5602.99) (-46.295 107.476 5602.99) (-46.295 107.476 5602.99) (-46.295 107.476 5602.99) (-46.295 107.476 5602.99) (-46.295 107.476 5602.99) (-46.295 107.476 5602.99) (-46.295 107.476 5602.99) (-46.295 107.476 5602.99) (-46.295 107.476 5602.99)
1500          (-46.295 107.476 5602.99) (-46.295 107.476 5602.99) (-46.295 107.476 5602.99) (-46.295 107.476 5602.99) (-46.295 107.476 5602.99) (-46.295 107.476 5602.99) (-46.295 107.476 5602.99) (-46.295 107.476 5602.99) (-46.295 107.476 5602.99) (-46.295 107.476 5602.99) (-46.295 107.476 5602.99)
1550          (-46.295 107.476 5602.99) (-46.295 107.476 5602.99) (-46.295 107.476 5602.99) (-46.295 107.476 5602.99) (-46.295 107.476 5602.99) (-46.295 107.476 5602.99) (-46.295 107.476 5602.99) (-46.295 107.476 5602.99) (-46.295 107.476 5602.99) (-46.295 107.476 5602.99) (-46.295 107.476 5602.99)
1600          (-46.295 107.476 5602.99) (-46.295 107.476 5602.99) (-46.295 107.476 5602.99) (-46.295 107.476 5602.99) (-46.295 107.476 5602.99) (-46.295 107.476 5602.99) (-46.295 107.476 5602.99) (-46.295 107.476 5602.99) (-46.295 107.476 5602.99) (-46.295 107.476 5602.99) (-46.295 107.476 5602.99)
1650          (-46.295 107.476 5602.99) (-46.295 107.476 5602.99) (-46.295 107.476 5602.99) (-46.295 107.476 5602.99) (-46.295 107.476 5602.99) (-46.295 107.476 5602.99) (-46.295 107.476 5602.99) (-46.295 107.476 5602.99) (-46.295 107.476 5602.99) (-46.295 107.476 5602.99) (-46.295 107.476 5602.99)
1700          (-46.295 107.476 5602.99) (-46.295 107.476 5602.99) (-46.295 107.476 5602.99) (-46.295 107.476 5602.99) (-46.295 107.476 5602.99) (-46.295 107.476 5602.99) (-46.295 107.476 5602.99) (-46.295 107.476 5602.99) (-46.295 107.476 5602.99) (-46.295 107.476 5602.99) (-46.295 107.476 5602.99)
1750          (-46.295 107.476 5602.99) (-46.295 107.476 5602.99) (-46.295 107.476 5602.99) (-46.295 107.476 5602.99) (-46.295 107.476 5602.99) (-46.295 107.476 5602.99) (-46.295 107.476 5602.99) (-46.295 107.476 5602.99) (-46.295 107.476 5602.99) (-46.295 107.476 5602.99) (-46.295 107.476 5602.99)
1800          (-46.295 107.476 5602.99) (-46.295 107.476 5602.99) (-46.295 107.476 5602.99) (-46.295 107.476 5602.99) (-46.295 107.476 5602.99) (-46.295 107.476 5602.99) (-46.295 107.476 5602.99) (-46.295 107.476 5602.99) (-46.295 107.476 5602.99) (-46.295 107.476 5602.99) (-46.295 107.476 5602.99)
1850          (-46.295 107.476 5602.99) (-46.295 107.476 5602.99) (-46.295 107.476 5602.99) (-46.295 107.476 5602.99) (-46.295 107.476 5602.99) (-46.295 107.476 5602.99) (-46.295 107.476 5602.99) (-46.295 107.476 5602.99) (-46.295 107.476 5602.99) (-46.295 107.476 5602.99) (-46.295 107.476 5602.99)
1900          (-46.295 107.476 5602.99) (-46.295 107.476 5602.99) (-46.295 107.476 5602.99) (-46.295 107.476 5602.99) (-46.295 107.476 5602.99) (-46.295 107.476 5602.99) (-46.295 107.476 5602.99) (-46.295 107.476 5602.99) (-46.295 107.476 5602.99) (-46.295 107.476 5602.99) (-46.295 107.476 5602.99)
1950          (-46.295 107.476 5602.99) (-46.295 107.476 5602.99) (-46.295 107.476 5602.99) (-46.295 107.476 5602.99) (-46.295 107.476 5602.99) (-46.295 107.476 5602.99) (-46.295 107.476 5602.99) (-46.295 107.476 5602.99) (-46.295 107.476 5602.99) (-46.295 107.476 5602.99) (-46.295 107.476 5602.99)
2000          (-46.295 107.476 5602.99) (-46.295 107.476 5602.99) (-46.295 107.476 5602.99) (-46.295 107.476 5602.99) (-46.295 107.476 5602.99) (-46.295 107.476 5602.99) (-46.295 107.476 5602.99) (-46.295 107.476 5602.99) (-46.295 107.476 5602.99) (-46.295 107.476 5602.99) (-46.295 107.476 5602.99)
2050          (-46.295 107.476 5602.99) (-46.295 107.476 5602.99) (-46.295 107.476 5602.99) (-46.295 107.476 5602.99) (-46.295 107.476 5602.99) (-46.295 107.476 5602.99) (-46.295 107.476 5602.99) (-46.295 107.476 5602.99) (-46.295 107.476 5602.99) (-46.295 107.476 5602.99) (-46.295 107.476 5602.99)
2100          (-46.295 107.476 5602.99) (-46.295 107.476 5602.99) (-46.295 107.476 5602.99) (-46.295 107.476 5602.99) (-46.295 107.476 5602.99) (-46.295 107.476 5602.99) (-46.295 107.476 5602.99) (-46.295 107.476 5602.99) (-46.295 107.476 5602.99) (-46.295 107.476 5602.99) (-46.295 107.476 5602.99)
2150          (-46.295 107.476 5602.99) (-46.295 107.476 5602.99) (-46.295 107.476 5602.99) (-46.295 107.476 5602.99) (-46.295 107.476 5602.99) (-46.295 107.476 5602.99) (-46.295 107.476 5602.99) (-46.295 107.476 5602.99) (-46.295 107.476 5602.99) (-46.295 107.476 5602.99) (-46.295 107.476 5602.99)
2200          (-46.295 107.476 5602.99) (-46.295 107.476 5602.99) (-46.295 107.476 5602.99) (-46.295 107.476 5602.99) (-46.295 107.476 5602.99) (-46.295 107.476 5602.99) (-46.295 107.476 5602.99) (-46.295 107.476 5602.99) (-46.295 107.476 5602.99) (-46.295 107.476 5602.99) (-46.295 107.476 5602.99)
2250          (-46.295 107.476 5602.99) (-46.295 107.476 5602.99) (-46.295 107.476 5602.99) (-46.295 107.476 5602.99) (-46.295 107.476 5602.99) (-46.295 107.476 5602.99) (-46.295 107.476 5602.99) (-46.295 107.476 5602.99) (-46.295 107.476 5602.99) (-46.295 107.476 5602.99) (-46.295 107.476 5602.99)
2300          (-46.295 107.476 5602.99) (-46.295 107.476 5602.99) (-46.295 107.476 5602.99) (-46.295 107.476 5602.99) (-46.295 107.476 5602.99) (-46.295 107.476 5602.99) (-46.295 107.476 5602.99) (-46.295 107.476 5602.99) (-46.295 107.476 5602.99) (-46.295 107.476 5602.99) (-46.295 107.476 5602.99)
2350          (-46.295 107.476 5602.99) (-46.295 107.476 5602.99) (-46.295 107.476 5602.99) (-46.295 107.476 5602.99) (-46.295 107.476 5602.99) (-46.295 107.476 5602.99) (-46.295 107.476 5602.99) (-46.295 107.476 5602.99) (-46.295 107.476 5602.99) (-46.295 107.476 5602.99) (-46.295 107.476 5602.99)
2400          (-46.295 107.476 5602.99) (-46.295 107.476 5602.99) (-46.295 107.476 5602.99) (-46.295 107.476 5602.99) (-46.295 107.476 5602.99) (-46.295 107.476 5602.99) (-46.295 107.476 5602.99) (-46.295 107.476 5602.99) (-46.295 107.476 5602.99) (-46.295 107.476 5602.99) (-46.295 107.476 5602.99)
2450          (-46.295 107.476 5602.99) (-46.295 107.476 5602.99) (-46.295 107.476 5602.99) (-46.295 107.476 5602.99) (-46.295 107.476 5602.99) (-46.295 107.476 5602.99) (-46.295 107.476 5602.99) (-46.295 107.476 5602.99) (-46.295 107.476 5602.99) (-46.295 107.476 5602.99) (-46.295 107.476 5602.99)
2500          (-46.295 107.476 5602.99) (-46.295 107.476 5602.99) (-46.295 107.476 5602.99) (-46.295 107.476 5602.99) (-46.295 107.476 5602.99) (-46.295 107.476 5602.99) (-46.295 107.476 5602.99) (-46.295 107.476 5602.99) (-46.295 107.476 5602.99) (-46.295 107.476 5602.99) (-46.295 107.476 5602.99)
2550          (-46.295 107.476 5602.99) (-46.295 107.476 5602.99) (-46.295 107.476 5602.99) (-46.295 107.476 5602.99) (-46.295 107.476 5602.99) (-46.295 107.476 5602.99) (-46.295 107.476 5602.99) (-46.295 107.476 5602.99) (-46.295 107.476 5602.99) (-46.295 107.476 5602.99) (-46.295 107.476 5602.99)
2600          (-46.295 107.476 5602.99) (-46.295 107.476 5602.99) (-46.295 107.476 5602.99) (-46.295 107.476 5602.99) (-46.295 107.476 5602.99) (-46.295 107.476 5602.99) (-46.295 107.476 5602.99) (-46.295 107.476 5602.99) (-46.295 107.476 5602.99) (-46.295 107.476 5602.99) (-46.295 107.476 5602.99)
2650          (-46.295 107.476 5602.99) (-46.295 107.476 5602.99) (-46.295 107.476 5602.99) (-46.295 107.476 5602.99) (-46.295 107.476 5602.99) (-46.295 107.476 5602.99) (-46.295 107.476 5602.99) (-46.295 107.476 5602.99) (-46.295 107.476 5602.99) (-46.295 107.476 5602.99) (-46.295 107.476 5602.99)
2700          (-46.295 107.476 5602.99) (-46.295 107.476 5602.99) (-46.295 107.476 5602.99) (-46.295 107.476 5602.99) (-46.295 107.476 5602.99) (-46.295 107.476 5602.99) (-46.295 107.476 5602.99) (-46.295 107.476 5602.99) (-46.295 107.476 5602.99) (-46.295 107.476 5602.99) (-46.295 107.476 5602.99)
2750          (-46.295 107.476 5602.99) (-46.295 107.476 5602.99) (-46.295 107.476 5602.99) (-46.295 107.476 5602.99) (-46.295 107.476 5602.99) (-46.295 107.476 5602.99) (-46.295 107.476 5602.99) (-46.295 107.476 5602.99) (-46.295 107.476 5602.99) (-46.295 107.476 5602.99) (-46.295 107.476 5602.99)
2800          (-46.295 107.476 5602.99) (-46.295 107.476 5602.99) (-46.295 107.476 5602.99) (-46.295 107.476 5602.99) (-46.295 107.476 5602.99) (-46.295 107.476 5602.99) (-46.295 107.476 5602.99) (-46.295 107.476 5602.99) (-46.295 107.476 5602.99) (-46.295 107.476 5602.99) (-46.295 107.476 5602.99)
2850          (-46.295 107.476 5602.99) (-46.295 107.476 5602.99) (-46.295 107.476 5602.99) (-46.295 107.476 5602.99) (-46.295 107.476 5602.99) (-46.295 107.476 5602.99) (-46.295 107.476 5602.99) (-46.295 107.476 5602.99) (-46.295 107.476 5602.99) (-46.295 107.476 5602.99) (-46.295 107.476 5602.99)
2900          (-46.295 107.476 5602.99) (-46.295 107.476 5602.99) (-46.295 107.476 5602.99) (-46.295 107.476 5602.99) (-46.295 107.476 5602.99) (-46.295 107.476 5602.99) (-46.295 107.476 5602.99) (-46.295 107.476 5602.99) (-46.295 107.476 5602.99) (-46.295 107.476 5602.99) (-46.295 107.476 5602.99)
2950          (-46.295 107.476 5602.99) (-46.295 107.476 5602.99) (-46.295 107.476 5602.99) (-46.295 107.476 5602.99) (-46.295 107.476 5602.99) (-46.295 107.476 5602.99) (-46.295 107.476 5602.99) (-46.295 107.476 5602.99) (-46.295 107.476 5602.99) (-46.295 107.476 5602.99) (-46.295 107.476 5602.99)
3000          (-46.295 107.476 5602.99) (-46.295 107.476 5602.99) (-46.295 107.476 5602.99) (-46.295 107.476 5602.99) (-46.295 107.476 5602.99) (-46.295 107.476 5602.99) (-46.295 107.476 5602.99) (-46.295 107.476 5602.99) (-46.295 107.476 5602.99) (-46.295 107.476 5602.99) (-46.295 107.476 5602.99)
3050          (-46.295 107.476 5602.99) (-46.295 107.476 5602.99) (-46.295 107.476 5602.99) (-46.295 107.476 5602.99) (-46.295 107.476 5602.99) (-46.295 107.476 5602.99) (-46.295 107.476 5602.99) (-46.295 107.476 5602.99) (-46.295 107.476 5602.99) (-46.295 107.476 5602.99) (-46.295 107.476 5602.99)
3100          (-46.295 107.476 5602.99) (-46.295 107.476 5602.99) (-46.295 107.476 5602.99) (-46.295 107.476 5602.99) (-46.295 107.476 5602.99) (-46.295 107.476 5602.99) (-46.295 107.476 5602.99) (-46.295 107.476 5602.99) (-46.295 107.476 5602.99) (-46.295 107.476 5602.99) (-46.295 107.476 5602.99)
3150          (-46.295 107.476 5602.99) (-46.295 107.476 5602.99) (-46.295 107.476 5602.99) (-46.295 107.476 5602.99) (-46.295 107.476 5602.99) (-46.295 107.476 5602.99) (-46.295 107.476 5602.99) (-46.295 107.476 5602.99) (-46.295 107.476 5602.99) (-46.295 107.476 5602.99) (-46.295 107.476 5602.99)
3200          (-46.295 107.476 5602.99) (-46.295 107.476 5602.99) (-46.295 107.476 5602.99) (-46.295 107.476 5602.99) (-46.295 107.476 5602.99) (-46.295 107.476 5602.99) (-46.295 107.476 5602.99) (-46.295 107.476 5602.99) (-46.295 107.476 5602.99) (-46.295 107.476 5602.99) (-46.295 107.476 5602.99)
3250          (-46.295 107.476 5602.99) (-46.295 107.476 5602.99) (-46.295 107.476 5602.99) (-46.295 107.476 5602.99) (-46.295 107.476 5602.99) (-46.295 107.476 5602.99) (-46.295 107.476 5602.99) (-46.295 107.476 5602.99) (-46.295 107.476 5602.99) (-46.295 107.476 5602.99) (-46.295 107.476 5602.99)
3300          (-46.295 107.476 5602.99) (-46.295 107.476 5602.99) (-46.295 107.476 5602.99) (-46.295 107.476 5602.99) (-46.295 107.476 5602.99) (-46.295 107.476 5602.99) (-46.295 107.476 5602.99) (-46.295 107.476 5602.99) (-46.295 107.476 5602.99) (-46.295 107.476 5602.99) (-46.295 107.476 5602.99)
3350          (-46.295 107.476 5602.99) (-46.295 107.476 5602.99) (-46.295 107.476 5602.99) (-46.295 107.476 5602.99) (-46.295 107.476 5602.99) (-46.295 107.476 5602.99) (-46.295 107.476 5602.99) (-46.295 107.476 5602.99) (-46.295 107.476 5602.99) (-46.295 107.476 5602.99) (-46.295 107.476 5602.99)
3400          (-46.295 107.476 5602.99) (-46.295 107.476 5602.99) (-46.295 107.476 5602.99) (-46.295 107.476 5602.99) (-46.295 107.476 5602.99) (-46.295 107.476 5602.99) (-46.295 107.476 5602.99) (-46.295 107.476 5602.99) (-46.295 107.476 5602.99) (-46.295 107.476 5602.99) (-46.295 107.476 5602.99)
3450          (-46.295 107.476 5602.99) (-46.295 107.476 5602.99) (-46.295 107.476 5602.99) (-46.295 107.476 5602.99) (-46.295 107.476 5602.99) (-46.295 107.476 5602.99) (-46.295 107.476 5602.99) (-46.295 107.476 5602.99) (-46.295 107.476 5602.99) (-46.295 107.476 5602.99) (-46.295 107.476 5602.99)
3500          (-46.295 107.476 5602.99) (-46.295 107.476 5602.99) (-46.295 107.476 5602.99) (-46.295 107.476 5602.99) (-46.295 107.476 5602.99) (-46.295 107.476 5602.99) (-46.295 107.476 5602.99) (-46.295 107.476 5602.99) (-46.295 107.476 5602.99) (-46.295 107.476 5602.99) (-46.295 107.476 5602.99)
3550          (-46.295 107.476 5602.99) (-46.295 107.476 5602.99) (-46.295 107.476 5602.99) (-46.295 107.476 5602.99) (-46.295 107.476 5602.99) (-46.295 107.476 5602.99) (-46.295 107.476 5602.99) (-46.295 107.476 5602.99) (-46.295 107.476 5602.99) (-46.295 107.476 5602.99) (-46.295 107.476 5602.99)
3600          (-46.295 107.476 5602.99) (-46.295 107.476 5602.99) (-46.295 107.476 5602.99) (-46.295 107.476 5602.99) (-46.295 107.476 5602.99) (-46.295 107.476 5602.99) (-46.295 107.476 5602.99) (-46.295 107.476 5602.99) (-46.295 107.476 5602.99) (-46.295 107.476 5602.99) (-46.295 107.476 5602.99)
3650          (-46.295 107.476 5602.99) (-46.295 107.476 5602.99) (-46.295 107.476 5602.99) (-46.295 107.476 5602.99) (-46.295 107.476 5602.99) (-46.295 107.476 5602.99) (-46.295 107.476 5602.99) (-46.295 107.476 5602.99) (-46.295 107.476 5602.99) (-46.295 107.476 5602.99) (-46.295 107.476 5602.99)
3700          (-46.295 107.476 5602.99) (-46.295 107.476 5602.99) (-46.295 107.476 5602.99) (-46.295 107.476 5602.99) (-46.295 107.476 5602.99) (-46.295 107.476 5602.99) (-46.295 107.476 5602.99) (-46.295 107.476 5602.99) (-46.295 107.476 5602.99) (-46.295 107.476 5602.99) (-46.295 107.476 5602.99)
3750          (-46.295 107.476 5602.99) (-46.295 107.476 5602.99) (-46.295 107.476 5602.99) (-46.295 107.476 5602.99) (-46.295 107.476 5602.99) (-46.295 107.476 5602.99) (-46.295 107.476 5602.99) (-46.295 107.476 5602.99) (-46.295 107.476 5602.99) (-46.295 107.476 5602.99) (-46.295 107.476 5602.99)
3800          (-46.295 107.476 5602.99) (-46.295 107.476 5602.99) (-46.295 107.476 5602.99) (-46.295 107.476 5602.99) (-46.295 107.476 5602.99) (-46.295 107.476 5602.99) (-46.295 107.476 5602.99) (-46.295 107.476 5602.99) (-46.295 107.476 5602.99) (-46.295 107.476 5602.99) (-46.295 107.476 5602.99)
3850          (-46.295 107.476 5602.99) (-46.295 107.476 5602.99) (-46.295 107.476 5602.99) (-46.295 107.476 5602.99) (-46.295 107.476 5602.99) (-46.295 107.476 5602.99) (-46.295 107.476 5602.99) (-46.295 107.476 5602.99) (-46.295 107.476 5602.99) (-46.295 107.476 5602.99) (-46.295 107.476 5602.99)
3900          (-46.295 107.476 5602.99) (-46.295 107.476 5602.99) (-46.295 107.476 5602.99) (-46.295 107.476 5602.99) (-46.295 107.476 5602.99) (-46.295 107.476 5602.99) (-46.295 107.476 5602.99) (-46.295 107.476 5602.99) (-46.295 107.476 5602.99) (-46.295 107.476 5602.99) (-46.295 107.476 5602.99)
3950          (-46.295 107.476 5602.99) (-46.295 107.476 5602.99) (-46.295 107.476 5602.99) (-46.295 107.476 5602.99) (-46.295 107.476 5602.99) (-46.295 107.476 5602.99) (-46.295 107.476 5602.99) (-46.295 107.476 5602.99) (-46.295 107.476 5602.99) (-46.295 107.476 5602.99) (-46.295 107.476 5602.99)
4000          (-46.295 107.476 5602.99) (-46.295 107.476 5602.99) (-46.295 107.476 5602.99) (-46.295 107.476 5602.99) (-46.295 107.476 5602.99) (-46.295 107.476 5602.99) (-46.295 107.476 5602.99) (-46.295 107.476 5602.99) (-46.295 107.476 5602.99) (-46.295 107.476 5602.99) (-46.295 107.476 5602.99)
4050          (-46.295 107.476 5602.99) (-46.295 107.476 5602.99) (-46.295 107.476 5602.99) (-46.295 107.476 5602.99) (-46.295 107.476 5602.99) (-46.295 107.476 5602.99) (-46.295 107.476 5602.99) (-46.295 107.476 5602.99) (-46.295 107.476 5602.99) (-46.295 107.476 5602.99) (-46.295 107.476 5602.99)
4100          (-46.295 107.476 5602.99) (-46.295 107.476 5602.99) (-46.295 107.476 5602.99) (-46.295 107.476 5602.99) (-46.295 107.476 5602.99) (-46.295 107.476 5602.99) (-46.295 107.476 5602.99) (-46.295 107.476 5602.99) (-46.295 107.476 5602.99) (-46.295 107.476 5602.99) (-46.295 107.476 5602.99)
4150          (-46.295 107.476 5602.99) (-46.295 107.476 5602.99) (-46.295 107.476 5602.99) (-46.295 107.476 5602.99) (-46.295 107.476 5602.99) (-46.295 107.476 5602.99) (-46.295 107.476 5602.99) (-46.295 107.476 5602.99) (-46.295 107.476 5602.99) (-46.295 107.476 5602.99) (-46.295 107.476 5602.99)
4200          (-46.295 107.476 5602.99) (-46.295 107.476 5602.99) (-46.295 107.476 5602.99) (-46.295 107.476 5602.99) (-46.295 107.476 5602.99) (-46.295 107.476 5602.99) (-46.295 107.476 5602.99) (-46.295 107.476 5602.99) (-46.295 107.476 5602.99) (-46.295 107.476 5602.99) (-46.295 107.476 5602.99)
4250          (-46.295 107.476 5602.99) (-46.295 107.476 5602.99) (-46.295 107.476 5602.99) (-46.295 107.476 5602.99) (-46.295 107.476 5602.99) (-46.295 107.476 5602.99) (-46.295 107.476 5602.99) (-46.295 107.476 5602.99) (-46.295 107.476 5602.99) (-46.295 107.476 5602.99) (-46.295 107.476 5602.99)
4300          (-46.295 107.476 5602.99) (-46.295 107.476 5602.99) (-46.295 107.476 5602.99) (-46.295 107.476 5602.99) (-46.295 107.476 5602.99) (-46.295 107.476 5602.99) (-46.295 107.476 5602.99) (-46.295 107.476 5602.99) (-46.295 107.476 5602.99) (-46.295 107.476 5602.99) (-46.295 107.476 5602.99)
4350          (-46.295 107.476 5602.99) (-46.295 107.476 5602.99) (-46.295 107.476 5602.99) (-46.295 107.476 5602.99) (-46.295 107.476 5602.99) (-46.295 107.476 5602.99) (-46.295 107.476 5602.99) (-46.295 107.476 5602.99) (-46.295 107.476 5602.99) (-46.295 107.476 5602.99) (-46.295 107.476 5602.99)
4400          (-46.295 107.476 5602.99) (-46.295 107.476 5602.99) (-46.295 107.476 5602.99) (-46.295 107.476 5602.99) (-46.295 107.476 5602.99) (-46.295 107.476 5602.99) (-46.295 107.476 5602.99) (-46.295 107.476 5602.99) (-46.295 107.476 5602.99) (-46.295 107.476 5602.99) (-46.295 107.476 5602.99)
4450          (-46.295 107.476 5602.99) (-46.295 107.476 5602.99) (-46.295 107.476 5602.99) (-46.295 107.476 5602.99) (-46.295 107.476 5602.99) (-46.295 107.476 5602.99) (-46.295 107.476 5602.99) (-46.295 107.476 5602.99) (-46.295 107.476 5602.99) (-46.295 107.476 5602.99) (-46.295 107.476 5602.99)
4500          (-46.295 107.476 5602.99) (-46.295 107.476 5602.99) (-46.295 107.476 5602.99) (-46.295 107.476 5602.99) (-46.295 107.476 5602.99) (-46.295 107.476 5602.99) (-46.295 107.476 5602.99) (-46.295 107.476 5602.99) (-46.295 107.476 5602.99) (-46.295 107.476 5602.99) (-46.295 107.476 5602.99)
4550          (-46.295 107.476 5602.99) (-46.295 107.476 5602.99) (-46.295 107.476 5602.99) (-46.295 107.476 5602.99) (-46.295 107.476 5602.99) (-46.295 107.476 5602.99) (-46.295 107.476 5602.99) (-46.295 107.476 5602.99) (-46.295 107.476 5602.99) (-46.295 107.476 5602.99) (-46.295 107.476 5602.99)
4600          (-46.295 107.476 5602.99) (-46.295 107.476 5602.99) (-46.295 107.476 5602.99) (-46.295 107.476 5602.99) (-46.295 107.476 5602.99) (-46.295 107.476 5602.99) (-46.295 107.476 5602.99) (-46.295 107.476 5602.99) (-46.295 107.476 5602.99) (-46.295 107.476 5602.99) (-46.295 107.476 5602.99)
4650          (-46.295 107.476 5602.99) (-46.295 107.476 5602.99) (-46.295 107.476 5602.99) (-46.295 107.476 5602.99) (-46.295 107.476 5602.99) (-46.295 107.476 5602.99) (-46.295 107.476 5602.99) (-46.295 107.476 5602.99) (-46.295 107.476 5602.99) (-46.295 107.476 5602.99) (-46.295 107.476 5602.99)
4700          (-46.295 107.476 5602.99) (-46.295 107.476 5602.99) (-46.295 107.476 5602.99) (-46.295 107.476 5602.99) (-46.295 107.476 5602.99) (-46.295 107.476 5602.99) (-46.295 107.476 5602.99) (-46.295 107.476 5602.99) (-46.295 107.476 5602.99) (-46.295 107.476 5602.99) (-46.295 107.476 5602.99)
4750          (-46.295 107.476 5602.99) (-46.295 107.476 5602.99) (-46.295 107.476 5602.99) (-46.295 107.476 5602.99) (-46.295 107.476 5602.99) (-46.295 107.476 5602.99) (-46.295 107.476 5602.99) (-46.295 107.476 5602.99) (-46.295 107.476 5602.99) (-46.295 107.476 5602.99) (-46.295 107.476 5602.99)
4800          (-46.295 107.476 5602.99) (-46.295 107.476 5602.99) (-46.295 107.476 5602.99) (-46.295 107.476 5602.99) (-46.295 107.476 5602.99) (-46.295 107.476 5602.99) (-46.295 107.476 5602.99) (-46.295 107.476 5602.99) (-46.295 107.476 5602.99) (-46.295 107.476 5602.99) (-46.295 107.476 5602.99)
4850          (-46.295 107.476 5602.99) (-46.295 107.476 5602.99) (-46.295 107.476 5602.99) (-46.295 107.476 5602.99) (-46.295 107.476 5602.99) (-46.295 107.476 5602.99) (-46.295 107.476 5602.99) (-46.295 107.476 5602.99) (-46.295 107.476 5602.99) (-46.295 107.476 5602.99) (-46.295 107.476 5602.99)
4900          (-46.295 107.476 5602.99) (-46.295 107.476 5602.99) (-46.295 107.476 5602.99) (-46.295 107.476 5602.99) (-46.295 107.476 5602.99) (-46.295 107.476 5602.99) (-46.295 107.476 5602.99) (-46.295 107.476 5602.99) (-46.295 107.476 5602.99) (-46.295 107.476 5602.99) (-46.295 107.476 5602.99)
4950          (-46.295 107.476 5602.99) (-46.295 107.476 5602.99) (-46.295 107.476 5602.99) (-46.295 107.476 5602.99) (-46.295 107.476 5602.99) (-46.295 107.476 5602.99) (-46.295 107.476 5602.99) (-46.295 107.476 5602.99) (-46.295 107.476 5602.99) (-46.295 107.476 5602.99) (-46.295 107.476 5602.99)
5000          (-46.295 107.476 5602.99) (-46.295 107.476 5602.99) (-46.295 107.476 5602.99) (-46.295 107.476 5602.99) (-46.295 107.476 5602.99) (-46.295 107.476 5602.99) (-46.295 107.476 5602.99) (-46.295 107.476 5602.99) (-46.295 107.476 5602.99) (-46.295 107.476 5602.99) (-46.295 107.476 5602.99)
