# Probe 0 (0.0015 0.0015 0)
# Probe 1 (0.0015 0.0015 0.002)
# Probe 2 (0.0015 0.0015 0.004)
# Probe 3 (0.0015 0.0015 0.006)
# Probe 4 (0.0015 0.0015 0.008)
# Probe 5 (0.0015 0.0015 0.01)
# Probe 6 (0.0015 0.0015 0.012)
# Probe 7 (0.0015 0.0015 0.014)
# Probe 8 (0.0015 0.0015 0.016)
# Probe 9 (0.0015 0.0015 0.018)
# Probe 10 (0.0015 0.0015 0.02)
# Time        0             1             2             3             4             5             6             7             8             9             10           
50            0.000753196   0.000753196   0.000753196   0.000753196   0.000753196   0.000753196   0.000753196   0.000753196   0.000753196   0.000753196   0.000753196  
100           0.000753196   0.000753196   0.000753196   0.000753196   0.000753196   0.000753196   0.000753196   0.000753196   0.000753196   0.000753196   0.000753196  
150           0.000753196   0.000753196   0.000753196   0.000753196   0.000753196   0.000753196   0.000753196   0.000753196   0.000753196   0.000753196   0.000753196  
200           0.000753196   0.000753196   0.000753196   0.000753196   0.000753196   0.000753196   0.000753196   0.000753196   0.000753196   0.000753196   0.000753196  
250           0.000753196   0.000753196   0.000753196   0.000753196   0.000753196   0.000753196   0.000753196   0.000753196   0.000753196   0.000753196   0.000753196  
300           0.000753196   0.000753196   0.000753196   0.000753196   0.000753196   0.000753196   0.000753196   0.000753196   0.000753196   0.000753196   0.000753196  
350           0.000753196   0.000753196   0.000753196   0.000753196   0.000753196   0.000753196   0.000753196   0.000753196   0.000753196   0.000753196   0.000753196  
400           0.000753196   0.000753196   0.000753196   0.000753196   0.000753196   0.000753196   0.000753196   0.000753196   0.000753196   0.000753196   0.000753196  
450           0.000753196   0.000753196   0.000753196   0.000753196   0.000753196   0.000753196   0.000753196   0.000753196   0.000753196   0.000753196   0.000753196  
500           0.000753196   0.000753196   0.000753196   0.000753196   0.000753196   0.000753196   0.000753196   0.000753196   0.000753196   0.000753196   0.000753196  
550           0.000753196   0.000753196   0.000753196   0.000753196   0.000753196   0.000753196   0.000753196   0.000753196   0.000753196   0.000753196   0.000753196  
600           0.000753196   0.000753196   0.000753196   0.000753196   0.000753196   0.000753196   0.000753196   0.000753196   0.000753196   0.000753196   0.000753196  
650           0.000753196   0.000753196   0.000753196   0.000753196   0.000753196   0.000753196   0.000753196   0.000753196   0.000753196   0.000753196   0.000753196  
700           0.000753196   0.000753196   0.000753196   0.000753196   0.000753196   0.000753196   0.000753196   0.000753196   0.000753196   0.000753196   0.000753196  
750           0.000753196   0.000753196   0.000753196   0.000753196   0.000753196   0.000753196   0.000753196   0.000753196   0.000753196   0.000753196   0.000753196  
800           0.000753196   0.000753196   0.000753196   0.000753196   0.000753196   0.000753196   0.000753196   0.000753196   0.000753196   0.000753196   0.000753196  
850           0.000753196   0.000753196   0.000753196   0.000753196   0.000753196   0.000753196   0.000753196   0.000753196   0.000753196   0.000753196   0.000753196  
900           0.000753196   0.000753196   0.000753196   0.000753196   0.000753196   0.000753196   0.000753196   0.000753196   0.000753196   0.000753196   0.000753196  
950           0.000753196   0.000753196   0.000753196   0.000753196   0.000753196   0.000753196   0.000753196   0.000753196   0.000753196   0.000753196   0.000753196  
1000          0.000753196   0.000753196   0.000753196   0.000753196   0.000753196   0.000753196   0.000753196   0.000753196   0.000753196   0.000753196   0.000753196  
1050          0.000753196   0.000753196   0.000753196   0.000753196   0.000753196   0.000753196   0.000753196   0.000753196   0.000753196   0.000753196   0.000753196  
1100          0.000753196   0.000753196   0.000753196   0.000753196   0.000753196   0.000753196   0.000753196   0.000753196   0.000753196   0.000753196   0.000753196  
1150          0.000753196   0.000753196   0.000753196   0.000753196   0.000753196   0.000753196   0.000753196   0.000753196   0.000753196   0.000753196   0.000753196  
1200          0.000753196   0.000753196   0.000753196   0.000753196   0.000753196   0.000753196   0.000753196   0.000753196   0.000753196   0.000753196   0.000753196  
1250          0.000753196   0.000753196   0.000753196   0.000753196   0.000753196   0.000753196   0.000753196   0.000753196   0.000753196   0.000753196   0.000753196  
1300          0.000753196   0.000753196   0.000753196   0.000753196   0.000753196   0.000753196   0.000753196   0.000753196   0.000753196   0.000753196   0.000753196  
1350          0.000753196   0.000753196   0.000753196   0.000753196   0.000753196   0.000753196   0.000753196   0.000753196   0.000753196   0.000753196   0.000753196  
1400          0.000753196   0.000753196   0.000753196   0.000753196   0.000753196   0.000753196   0.000753196   0.000753196   0.000753196   0.000753196   0.000753196  
1450          0.000753196   0.000753196   0.000753196   0.000753196   0.000753196   0.000753196   0.000753196   0.000753196   0.000753196   0.000753196   0.000753196  
1500          0.000753196   0.000753196   0.000753196   0.000753196   0.000753196   0.000753196   0.000753196   0.000753196   0.000753196   0.000753196   0.000753196  
1550          0.000753196   0.000753196   0.000753196   0.000753196   0.000753196   0.000753196   0.000753196   0.000753196   0.000753196   0.000753196   0.000753196  
1600          0.000753196   0.000753196   0.000753196   0.000753196   0.000753196   0.000753196   0.000753196   0.000753196   0.000753196   0.000753196   0.000753196  
1650          0.000753196   0.000753196   0.000753196   0.000753196   0.000753196   0.000753196   0.000753196   0.000753196   0.000753196   0.000753196   0.000753196  
1700          0.000753196   0.000753196   0.000753196   0.000753196   0.000753196   0.000753196   0.000753196   0.000753196   0.000753196   0.000753196   0.000753196  
1750          0.000753196   0.000753196   0.000753196   0.000753196   0.000753196   0.000753196   0.000753196   0.000753196   0.000753196   0.000753196   0.000753196  
1800          0.000753196   0.000753196   0.000753196   0.000753196   0.000753196   0.000753196   0.000753196   0.000753196   0.000753196   0.000753196   0.000753196  
1850          0.000753196   0.000753196   0.000753196   0.000753196   0.000753196   0.000753196   0.000753196   0.000753196   0.000753196   0.000753196   0.000753196  
1900          0.000753196   0.000753196   0.000753196   0.000753196   0.000753196   0.000753196   0.000753196   0.000753196   0.000753196   0.000753196   0.000753196  
1950          0.000753196   0.000753196   0.000753196   0.000753196   0.000753196   0.000753196   0.000753196   0.000753196   0.000753196   0.000753196   0.000753196  
2000          0.000753196   0.000753196   0.000753196   0.000753196   0.000753196   0.000753196   0.000753196   0.000753196   0.000753196   0.000753196   0.000753196  
2050          0.000753196   0.000753196   0.000753196   0.000753196   0.000753196   0.000753196   0.000753196   0.000753196   0.000753196   0.000753196   0.000753196  
2100          0.000753196   0.000753196   0.000753196   0.000753196   0.000753196   0.000753196   0.000753196   0.000753196   0.000753196   0.000753196   0.000753196  
2150          0.000753196   0.000753196   0.000753196   0.000753196   0.000753196   0.000753196   0.000753196   0.000753196   0.000753196   0.000753196   0.000753196  
2200          0.000753196   0.000753196   0.000753196   0.000753196   0.000753196   0.000753196   0.000753196   0.000753196   0.000753196   0.000753196   0.000753196  
2250          0.000753196   0.000753196   0.000753196   0.000753196   0.000753196   0.000753196   0.000753196   0.000753196   0.000753196   0.000753196   0.000753196  
2300          0.000753196   0.000753196   0.000753196   0.000753196   0.000753196   0.000753196   0.000753196   0.000753196   0.000753196   0.000753196   0.000753196  
2350          0.000753196   0.000753196   0.000753196   0.000753196   0.000753196   0.000753196   0.000753196   0.000753196   0.000753196   0.000753196   0.000753196  
2400          0.000753196   0.000753196   0.000753196   0.000753196   0.000753196   0.000753196   0.000753196   0.000753196   0.000753196   0.000753196   0.000753196  
2450          0.000753196   0.000753196   0.000753196   0.000753196   0.000753196   0.000753196   0.000753196   0.000753196   0.000753196   0.000753196   0.000753196  
2500          0.000753196   0.000753196   0.000753196   0.000753196   0.000753196   0.000753196   0.000753196   0.000753196   0.000753196   0.000753196   0.000753196  
2550          0.000753196   0.000753196   0.000753196   0.000753196   0.000753196   0.000753196   0.000753196   0.000753196   0.000753196   0.000753196   0.000753196  
2600          0.000753196   0.000753196   0.000753196   0.000753196   0.000753196   0.000753196   0.000753196   0.000753196   0.000753196   0.000753196   0.000753196  
2650          0.000753196   0.000753196   0.000753196   0.000753196   0.000753196   0.000753196   0.000753196   0.000753196   0.000753196   0.000753196   0.000753196  
2700          0.000753196   0.000753196   0.000753196   0.000753196   0.000753196   0.000753196   0.000753196   0.000753196   0.000753196   0.000753196   0.000753196  
2750          0.000753196   0.000753196   0.000753196   0.000753196   0.000753196   0.000753196   0.000753196   0.000753196   0.000753196   0.000753196   0.000753196  
2800          0.000753196   0.000753196   0.000753196   0.000753196   0.000753196   0.000753196   0.000753196   0.000753196   0.000753196   0.000753196   0.000753196  
2850          0.000753196   0.000753196   0.000753196   0.000753196   0.000753196   0.000753196   0.000753196   0.000753196   0.000753196   0.000753196   0.000753196  
2900          0.000753196   0.000753196   0.000753196   0.000753196   0.000753196   0.000753196   0.000753196   0.000753196   0.000753196   0.000753196   0.000753196  
2950          0.000753196   0.000753196   0.000753196   0.000753196   0.000753196   0.000753196   0.000753196   0.000753196   0.000753196   0.000753196   0.000753196  
3000          0.000753196   0.000753196   0.000753196   0.000753196   0.000753196   0.000753196   0.000753196   0.000753196   0.000753196   0.000753196   0.000753196  
3050          0.000753196   0.000753196   0.000753196   0.000753196   0.000753196   0.000753196   0.000753196   0.000753196   0.000753196   0.000753196   0.000753196  
3100          0.000753196   0.000753196   0.000753196   0.000753196   0.000753196   0.000753196   0.000753196   0.000753196   0.000753196   0.000753196   0.000753196  
3150          0.000753196   0.000753196   0.000753196   0.000753196   0.000753196   0.000753196   0.000753196   0.000753196   0.000753196   0.000753196   0.000753196  
3200          0.000753196   0.000753196   0.000753196   0.000753196   0.000753196   0.000753196   0.000753196   0.000753196   0.000753196   0.000753196   0.000753196  
3250          0.000753196   0.000753196   0.000753196   0.000753196   0.000753196   0.000753196   0.000753196   0.000753196   0.000753196   0.000753196   0.000753196  
3300          0.000753196   0.000753196   0.000753196   0.000753196   0.000753196   0.000753196   0.000753196   0.000753196   0.000753196   0.000753196   0.000753196  
3350          0.000753196   0.000753196   0.000753196   0.000753196   0.000753196   0.000753196   0.000753196   0.000753196   0.000753196   0.000753196   0.000753196  
3400          0.000753196   0.000753196   0.000753196   0.000753196   0.000753196   0.000753196   0.000753196   0.000753196   0.000753196   0.000753196   0.000753196  
3450          0.000753196   0.000753196   0.000753196   0.000753196   0.000753196   0.000753196   0.000753196   0.000753196   0.000753196   0.000753196   0.000753196  
3500          0.000753196   0.000753196   0.000753196   0.000753196   0.000753196   0.000753196   0.000753196   0.000753196   0.000753196   0.000753196   0.000753196  
3550          0.000753196   0.000753196   0.000753196   0.000753196   0.000753196   0.000753196   0.000753196   0.000753196   0.000753196   0.000753196   0.000753196  
3600          0.000753196   0.000753196   0.000753196   0.000753196   0.000753196   0.000753196   0.000753196   0.000753196   0.000753196   0.000753196   0.000753196  
3650          0.000753196   0.000753196   0.000753196   0.000753196   0.000753196   0.000753196   0.000753196   0.000753196   0.000753196   0.000753196   0.000753196  
3700          0.000753196   0.000753196   0.000753196   0.000753196   0.000753196   0.000753196   0.000753196   0.000753196   0.000753196   0.000753196   0.000753196  
3750          0.000753196   0.000753196   0.000753196   0.000753196   0.000753196   0.000753196   0.000753196   0.000753196   0.000753196   0.000753196   0.000753196  
3800          0.000753196   0.000753196   0.000753196   0.000753196   0.000753196   0.000753196   0.000753196   0.000753196   0.000753196   0.000753196   0.000753196  
3850          0.000753196   0.000753196   0.000753196   0.000753196   0.000753196   0.000753196   0.000753196   0.000753196   0.000753196   0.000753196   0.000753196  
3900          0.000753196   0.000753196   0.000753196   0.000753196   0.000753196   0.000753196   0.000753196   0.000753196   0.000753196   0.000753196   0.000753196  
3950          0.000753196   0.000753196   0.000753196   0.000753196   0.000753196   0.000753196   0.000753196   0.000753196   0.000753196   0.000753196   0.000753196  
4000          0.000753196   0.000753196   0.000753196   0.000753196   0.000753196   0.000753196   0.000753196   0.000753196   0.000753196   0.000753196   0.000753196  
4050          0.000753196   0.000753196   0.000753196   0.000753196   0.000753196   0.000753196   0.000753196   0.000753196   0.000753196   0.000753196   0.000753196  
4100          0.000753196   0.000753196   0.000753196   0.000753196   0.000753196   0.000753196   0.000753196   0.000753196   0.000753196   0.000753196   0.000753196  
4150          0.000753196   0.000753196   0.000753196   0.000753196   0.000753196   0.000753196   0.000753196   0.000753196   0.000753196   0.000753196   0.000753196  
4200          0.000753196   0.000753196   0.000753196   0.000753196   0.000753196   0.000753196   0.000753196   0.000753196   0.000753196   0.000753196   0.000753196  
4250          0.000753196   0.000753196   0.000753196   0.000753196   0.000753196   0.000753196   0.000753196   0.000753196   0.000753196   0.000753196   0.000753196  
4300          0.000753196   0.000753196   0.000753196   0.000753196   0.000753196   0.000753196   0.000753196   0.000753196   0.000753196   0.000753196   0.000753196  
4350          0.000753196   0.000753196   0.000753196   0.000753196   0.000753196   0.000753196   0.000753196   0.000753196   0.000753196   0.000753196   0.000753196  
4400          0.000753196   0.000753196   0.000753196   0.000753196   0.000753196   0.000753196   0.000753196   0.000753196   0.000753196   0.000753196   0.000753196  
4450          0.000753196   0.000753196   0.000753196   0.000753196   0.000753196   0.000753196   0.000753196   0.000753196   0.000753196   0.000753196   0.000753196  
4500          0.000753196   0.000753196   0.000753196   0.000753196   0.000753196   0.000753196   0.000753196   0.000753196   0.000753196   0.000753196   0.000753196  
4550          0.000753196   0.000753196   0.000753196   0.000753196   0.000753196   0.000753196   0.000753196   0.000753196   0.000753196   0.000753196   0.000753196  
4600          0.000753196   0.000753196   0.000753196   0.000753196   0.000753196   0.000753196   0.000753196   0.000753196   0.000753196   0.000753196   0.000753196  
4650          0.000753196   0.000753196   0.000753196   0.000753196   0.000753196   0.000753196   0.000753196   0.000753196   0.000753196   0.000753196   0.000753196  
4700          0.000753196   0.000753196   0.000753196   0.000753196   0.000753196   0.000753196   0.000753196   0.000753196   0.000753196   0.000753196   0.000753196  
4750          0.000753196   0.000753196   0.000753196   0.000753196   0.000753196   0.000753196   0.000753196   0.000753196   0.000753196   0.000753196   0.000753196  
4800          0.000753196   0.000753196   0.000753196   0.000753196   0.000753196   0.000753196   0.000753196   0.000753196   0.000753196   0.000753196   0.000753196  
4850          0.000753196   0.000753196   0.000753196   0.000753196   0.000753196   0.000753196   0.000753196   0.000753196   0.000753196   0.000753196   0.000753196  
4900          0.000753196   0.000753196   0.000753196   0.000753196   0.000753196   0.000753196   0.000753196   0.000753196   0.000753196   0.000753196   0.000753196  
4950          0.000753196   0.000753196   0.000753196   0.000753196   0.000753196   0.000753196   0.000753196   0.000753196   0.000753196   0.000753196   0.000753196  
5000          0.000753196   0.000753196   0.000753196   0.000753196   0.000753196   0.000753196   0.000753196   0.000753196   0.000753196   0.000753196   0.000753196  
