# Probe 0 (0.0015 0.0015 0)
# Probe 1 (0.0015 0.0015 0.002)
# Probe 2 (0.0015 0.0015 0.004)
# Probe 3 (0.0015 0.0015 0.006)
# Probe 4 (0.0015 0.0015 0.008)
# Probe 5 (0.0015 0.0015 0.01)
# Probe 6 (0.0015 0.0015 0.012)
# Probe 7 (0.0015 0.0015 0.014)
# Probe 8 (0.0015 0.0015 0.016)
# Probe 9 (0.0015 0.0015 0.018)
# Probe 10 (0.0015 0.0015 0.02)
# Time        0             1             2             3             4             5             6             7             8             9             10           
50            (-4.2618e-11 -1.9199e-10 2.03266e-10) (-5.95813e-12 -2.85437e-10 -1.89874e-10) (5.58121e-10 -6.62709e-10 3.71899e-10) (7.71281e-10 -7.59211e-10 -7.5454e-10) (1.14121e-09 -9.57785e-10 -7.14282e-10) (1.54173e-09 -1.41332e-09 -1.17717e-09) (1.74566e-09 -1.65012e-09 -1.61804e-09) (2.22679e-09 -1.99507e-09 -1.34965e-09) (2.27582e-09 -2.08241e-09 -1.26004e-09) (2.61364e-09 -2.64004e-09 -9.55714e-10) (2.43273e-09 -2.73196e-09 -1.43918e-09)
100           (-8.51564e-12 -1.35542e-10 6.70163e-11) (3.3661e-10 -2.98196e-10 -6.81078e-10) (7.5629e-10 -8.4366e-10 -1.11328e-09) (1.36901e-09 -1.47419e-09 -1.52275e-10) (1.86836e-09 -1.98811e-09 -1.60623e-10) (2.43394e-09 -2.79202e-09 5.59768e-10) (2.68307e-09 -2.77117e-09 -1.73597e-10) (2.99559e-09 -3.20045e-09 2.28282e-10) (3.47152e-09 -3.2482e-09 9.30082e-10) (3.72176e-09 -3.64529e-09 3.1373e-10) (3.77237e-09 -3.90479e-09 4.23319e-10)
150           (7.68199e-11 -2.50539e-11 -1.88736e-10) (5.65708e-10 -6.62306e-10 -5.3053e-11) (8.17472e-10 -8.37377e-10 3.45063e-10) (1.62062e-09 -1.62534e-09 4.43065e-10) (2.29155e-09 -2.00554e-09 1.20865e-10) (2.90573e-09 -2.76939e-09 1.19599e-10) (3.18405e-09 -3.2099e-09 3.12125e-10) (3.95265e-09 -3.92671e-09 6.75961e-10) (4.14423e-09 -4.28669e-09 5.39675e-10) (4.7738e-09 -4.48712e-09 1.04785e-09) (4.75322e-09 -4.34917e-09 1.74495e-09)
200           (7.10249e-11 -6.18498e-11 1.63772e-10) (8.00454e-10 -4.79624e-10 1.9308e-10) (1.70164e-09 -1.27246e-09 1.80548e-10) (1.90235e-09 -2.05776e-09 3.05717e-10) (2.49466e-09 -2.61477e-09 -9.51184e-11) (3.19502e-09 -3.04372e-09 4.02772e-10) (3.68708e-09 -3.67754e-09 7.6927e-10) (4.11395e-09 -4.1463e-09 6.17241e-10) (4.77397e-09 -4.59152e-09 9.84366e-10) (5.11788e-09 -4.8298e-09 1.23588e-09) (5.22548e-09 -4.83709e-09 8.54537e-10)
250           (6.69819e-11 -7.6302e-11 -1.11934e-10) (6.92598e-10 -5.85088e-10 7.39848e-10) (1.22472e-09 -1.28878e-09 5.06609e-10) (1.95266e-09 -2.1092e-09 9.07463e-10) (2.86013e-09 -2.43492e-09 2.61274e-10) (3.33604e-09 -2.89987e-09 1.32898e-09) (4.14212e-09 -3.80704e-09 7.56223e-10) (4.63246e-09 -4.45044e-09 1.03568e-09) (5.01693e-09 -4.59804e-09 1.18946e-09) (5.24456e-09 -4.95596e-09 1.22294e-09) (5.33107e-09 -5.0767e-09 1.21144e-09)
300           (1.38962e-10 -1.0621e-10 -2.53857e-10) (5.56365e-10 -5.85824e-10 -4.37376e-12) (1.39363e-09 -1.20019e-09 -1.74358e-10) (1.71356e-09 -1.94018e-09 1.37127e-10) (2.70604e-09 -2.53557e-09 -3.35614e-11) (3.44214e-09 -3.51656e-09 -1.37671e-12) (3.77293e-09 -4.06039e-09 9.21032e-10) (4.42334e-09 -4.41139e-09 1.03992e-09) (4.93604e-09 -4.94742e-09 5.44072e-10) (5.30518e-09 -5.41415e-09 1.60508e-09) (5.20848e-09 -5.54122e-09 9.87521e-10)
350           (1.21886e-10 -1.17236e-11 1.43351e-10) (5.16895e-10 -6.44147e-10 2.72524e-10) (1.20565e-09 -1.18835e-09 -4.96348e-10) (2.11821e-09 -1.896e-09 -2.24971e-11) (2.74286e-09 -2.70482e-09 -3.02834e-10) (3.57052e-09 -3.39018e-09 -2.94712e-10) (4.12452e-09 -3.84107e-09 -8.10195e-10) (4.34408e-09 -4.50359e-09 -1.22285e-09) (4.90664e-09 -5.06599e-09 1.34083e-10) (5.20784e-09 -5.28086e-09 -1.05112e-10) (5.52291e-09 -5.25213e-09 -4.0424e-10)
400           (3.51828e-11 -5.08423e-11 -1.51635e-10) (5.27479e-10 -7.64309e-10 -4.1831e-11) (1.35574e-09 -1.12605e-09 2.6449e-10) (2.14746e-09 -2.17944e-09 -1.96407e-10) (2.68958e-09 -2.55133e-09 6.52647e-11) (3.16233e-09 -3.58266e-09 4.46125e-10) (3.85889e-09 -4.05029e-09 1.04987e-09) (4.39996e-09 -4.39731e-09 2.15002e-09) (5.07568e-09 -4.86994e-09 1.29721e-09) (5.41332e-09 -5.10402e-09 1.46131e-09) (5.283e-09 -5.32199e-09 1.64793e-09)
450           (6.27468e-12 -2.1225e-11 -5.13838e-11) (5.25259e-10 -6.14299e-10 -2.30298e-10) (1.43081e-09 -1.5768e-09 1.07296e-09) (1.93326e-09 -2.22492e-09 1.17331e-09) (2.57645e-09 -3.04465e-09 1.3141e-09) (3.2397e-09 -3.43573e-09 7.96111e-10) (3.8524e-09 -4.00491e-09 1.00924e-09) (4.47804e-09 -4.52923e-09 1.53323e-09) (4.82586e-09 -4.97463e-09 1.93066e-09) (5.41917e-09 -5.13906e-09 2.26843e-09) (5.35523e-09 -5.41219e-09 3.04152e-09)
500           (1.45591e-10 -7.13572e-11 1.18574e-10) (5.92581e-10 -7.42993e-10 -4.53058e-10) (1.28846e-09 -1.43473e-09 -4.22225e-11) (2.10927e-09 -2.01414e-09 -7.11771e-10) (2.6064e-09 -2.63598e-09 -1.18486e-09) (3.42826e-09 -3.32834e-09 1.53991e-10) (4.02259e-09 -3.87503e-09 -6.28913e-10) (4.80662e-09 -4.46812e-09 -4.26763e-10) (5.15216e-09 -4.87189e-09 -9.592e-10) (5.3703e-09 -5.52257e-09 -3.64442e-10) (5.48733e-09 -5.4666e-09 -1.10702e-09)
550           (1.32766e-10 -9.01888e-11 2.6964e-11) (7.60408e-10 -6.95023e-10 -2.35359e-10) (1.28401e-09 -1.50621e-09 -2.74085e-10) (1.91264e-09 -2.16945e-09 7.88979e-10) (2.5536e-09 -2.71927e-09 6.87038e-10) (3.31569e-09 -3.34348e-09 8.18935e-10) (3.66209e-09 -3.81378e-09 6.60433e-10) (4.18379e-09 -4.63372e-09 1.55259e-09) (4.73914e-09 -5.23389e-09 6.71296e-10) (5.28124e-09 -5.50387e-09 7.81886e-10) (5.71654e-09 -5.52566e-09 1.94467e-09)
600           (1.78675e-10 -1.92878e-12 -2.75431e-11) (5.82494e-10 -5.1014e-10 2.47133e-12) (1.28168e-09 -1.21561e-09 -3.73892e-10) (2.07791e-09 -1.93451e-09 -6.74758e-10) (2.9435e-09 -2.96698e-09 -2.91423e-10) (3.48038e-09 -3.33319e-09 -2.0943e-10) (4.04796e-09 -3.90747e-09 -2.29645e-10) (4.48251e-09 -4.49004e-09 -3.35429e-10) (5.07327e-09 -5.11102e-09 4.98118e-10) (5.38577e-09 -5.45408e-09 1.44549e-09) (5.52627e-09 -5.48582e-09 1.08598e-09)
650           (-2.00612e-11 -3.38396e-11 9.92894e-11) (3.59173e-10 -5.03469e-10 4.46405e-10) (1.18509e-09 -1.41944e-09 2.8415e-10) (2.15146e-09 -1.88535e-09 5.83322e-10) (2.76859e-09 -2.82974e-09 8.04488e-10) (3.70686e-09 -3.46913e-09 7.49268e-10) (3.8877e-09 -3.85769e-09 5.0258e-10) (4.82725e-09 -4.68003e-09 1.1446e-10) (5.15538e-09 -5.17805e-09 -6.54508e-10) (5.43278e-09 -5.55977e-09 -1.84303e-09) (5.42949e-09 -5.80629e-09 -2.33032e-09)
700           (-1.31133e-10 -8.37695e-11 -7.08088e-11) (5.75076e-10 -9.80708e-10 -4.06595e-10) (1.21615e-09 -1.26174e-09 2.18234e-10) (2.05592e-09 -2.01635e-09 -5.63095e-10) (2.84194e-09 -2.70841e-09 2.22381e-10) (3.11316e-09 -3.30428e-09 -5.82109e-10) (4.0343e-09 -3.92294e-09 4.39679e-10) (4.45808e-09 -4.75224e-09 2.45111e-10) (5.10077e-09 -5.0911e-09 4.43597e-11) (5.4812e-09 -5.34359e-09 -1.06112e-10) (5.52779e-09 -5.53746e-09 -9.68549e-10)
750           (1.42517e-10 -5.50497e-11 -7.60035e-11) (8.62463e-10 -6.5744e-10 -4.54448e-10) (1.43147e-09 -1.47269e-09 1.92782e-10) (1.8553e-09 -1.75732e-09 8.49434e-11) (2.6207e-09 -2.6966e-09 9.01785e-10) (3.31618e-09 -3.12496e-09 -7.79028e-11) (3.8096e-09 -3.98871e-09 2.82078e-10) (4.67767e-09 -4.42223e-09 4.04499e-10) (5.24872e-09 -5.09029e-09 2.04721e-10) (5.65888e-09 -5.47063e-09 5.52599e-10) (5.50201e-09 -5.26748e-09 5.25551e-10)
800           (5.53106e-11 -6.0738e-12 -2.68164e-10) (7.32457e-10 -6.6989e-10 3.72874e-10) (1.42234e-09 -1.52138e-09 -1.34077e-11) (2.06029e-09 -2.23012e-09 7.2194e-11) (2.48623e-09 -2.60414e-09 5.8231e-10) (3.27233e-09 -3.74712e-09 3.1133e-10) (3.73478e-09 -4.20246e-09 1.54984e-09) (4.51315e-09 -4.66272e-09 1.03844e-09) (5.18244e-09 -5.14933e-09 7.41222e-10) (5.44347e-09 -5.4195e-09 9.52329e-10) (5.57935e-09 -5.09344e-09 1.17318e-09)
850           (8.94013e-11 -4.34031e-11 -1.28556e-10) (8.43672e-10 -6.79457e-10 9.90201e-11) (1.2953e-09 -1.18103e-09 7.67358e-10) (2.03592e-09 -1.94751e-09 5.11995e-10) (2.71207e-09 -2.63064e-09 6.14786e-10) (3.35638e-09 -3.44714e-09 7.41533e-11) (4.14116e-09 -4.05621e-09 -1.01363e-10) (4.51913e-09 -4.65117e-09 1.38462e-10) (5.09162e-09 -5.03342e-09 -1.41778e-10) (5.3912e-09 -5.46811e-09 -9.59391e-10) (5.41496e-09 -5.775e-09 -2.74352e-10)
900           (6.69223e-11 -2.76833e-11 8.98153e-12) (7.87051e-10 -5.74548e-10 3.49031e-10) (1.026e-09 -1.46345e-09 1.58179e-10) (2.07927e-09 -2.1131e-09 5.34291e-10) (2.87271e-09 -2.82022e-09 5.59392e-10) (3.51177e-09 -3.54079e-09 4.55915e-10) (3.92611e-09 -4.08382e-09 3.19627e-10) (4.89672e-09 -4.64595e-09 1.9468e-10) (5.2187e-09 -5.05248e-09 -1.30531e-10) (5.6364e-09 -5.42056e-09 -3.54335e-10) (5.70246e-09 -5.49111e-09 2.30417e-10)
950           (-9.02683e-11 -8.09702e-12 4.68546e-11) (6.57925e-10 -7.8436e-10 -5.49445e-10) (1.0989e-09 -1.32283e-09 -5.79983e-11) (2.09546e-09 -2.20361e-09 -2.61409e-10) (2.90919e-09 -2.83432e-09 -3.2429e-10) (3.50429e-09 -3.37272e-09 9.1292e-10) (4.07955e-09 -3.68687e-09 8.19342e-10) (4.65361e-09 -4.30641e-09 5.92384e-10) (5.07154e-09 -4.92558e-09 5.50818e-10) (5.31379e-09 -5.25884e-09 6.46394e-10) (5.49239e-09 -5.75604e-09 8.51178e-10)
1000          (-8.19509e-12 -1.72976e-10 2.08549e-10) (5.07619e-10 -7.24905e-10 4.54643e-11) (1.32704e-09 -1.23301e-09 -1.32379e-10) (2.00174e-09 -2.20265e-09 -2.75743e-10) (2.83768e-09 -2.95636e-09 -5.1533e-10) (3.3667e-09 -3.38174e-09 -4.98144e-11) (4.14821e-09 -3.79445e-09 1.25773e-10) (4.42963e-09 -4.46918e-09 6.29653e-10) (4.9863e-09 -5.14821e-09 8.2738e-11) (5.43916e-09 -5.15619e-09 -3.50089e-10) (5.39295e-09 -5.51275e-09 1.26665e-09)
1050          (5.94863e-11 -1.90781e-10 -1.93788e-10) (6.60659e-10 -6.7617e-10 -3.22186e-10) (1.13913e-09 -1.28059e-09 4.3805e-11) (2.03264e-09 -1.98194e-09 2.32666e-10) (2.69781e-09 -3.00718e-09 5.32614e-10) (3.3227e-09 -3.62768e-09 5.29125e-10) (4.16643e-09 -4.10046e-09 1.09058e-09) (4.66195e-09 -4.60541e-09 1.94387e-09) (4.95078e-09 -4.98284e-09 1.09642e-09) (5.19377e-09 -5.38842e-09 1.94082e-09) (5.27627e-09 -5.62907e-09 2.28056e-09)
1100          (-5.7458e-11 1.37499e-10 2.24678e-10) (7.22033e-10 -4.76805e-10 1.7996e-10) (1.40793e-09 -1.56457e-09 7.2515e-10) (2.18085e-09 -2.18183e-09 5.91516e-10) (2.71224e-09 -2.87044e-09 1.02978e-09) (3.36254e-09 -3.56291e-09 8.82659e-10) (3.97503e-09 -3.99065e-09 1.16899e-09) (4.41175e-09 -4.73016e-09 1.75364e-09) (5.0865e-09 -5.15497e-09 2.58078e-09) (5.5346e-09 -5.54926e-09 2.73971e-09) (5.22322e-09 -6.07922e-09 3.47086e-09)
1150          (6.76425e-11 -1.51367e-10 -4.83425e-11) (5.83701e-10 -8.36646e-10 -4.93579e-10) (1.45808e-09 -9.9937e-10 -4.27066e-10) (2.17032e-09 -2.16548e-09 2.16655e-10) (2.71462e-09 -2.76993e-09 6.73392e-10) (3.21866e-09 -3.71787e-09 5.8828e-10) (3.84755e-09 -4.03596e-09 1.24195e-09) (4.58337e-09 -4.72806e-09 8.05177e-10) (5.44754e-09 -5.12825e-09 -1.09284e-10) (5.33527e-09 -5.6652e-09 7.4479e-10) (5.28666e-09 -6.04547e-09 1.74025e-09)
1200          (1.23167e-10 -1.59342e-10 1.19087e-10) (6.55569e-10 -7.34952e-10 -1.73467e-10) (1.35203e-09 -1.31973e-09 -6.30592e-11) (2.00433e-09 -2.14849e-09 2.84718e-10) (2.55414e-09 -2.78572e-09 5.87093e-10) (3.45724e-09 -3.62305e-09 8.95631e-10) (4.22441e-09 -4.25516e-09 4.6969e-10) (4.68864e-09 -4.62749e-09 7.29729e-10) (5.07705e-09 -5.24793e-09 7.25688e-10) (5.40388e-09 -5.46421e-09 7.54342e-10) (5.41217e-09 -5.63755e-09 1.15696e-09)
1250          (6.44356e-11 -1.72732e-10 -9.16117e-11) (4.94365e-10 -6.48681e-10 2.38954e-10) (1.21933e-09 -1.20111e-09 5.37121e-12) (2.02525e-09 -1.94852e-09 5.05472e-10) (2.72115e-09 -2.79363e-09 9.85583e-10) (3.68035e-09 -3.46887e-09 -3.65672e-10) (4.02798e-09 -4.08082e-09 3.68196e-10) (4.39105e-09 -4.64912e-09 7.55815e-10) (5.07082e-09 -5.19204e-09 9.54861e-10) (5.59852e-09 -5.64832e-09 1.2392e-09) (5.50077e-09 -5.16699e-09 1.5598e-09)
1300          (1.65846e-10 6.32333e-11 7.44534e-12) (1.03718e-09 -3.82932e-10 -2.37432e-10) (1.38982e-09 -1.30081e-09 -7.79869e-11) (2.34951e-09 -1.89771e-09 3.43012e-10) (2.66567e-09 -2.70868e-09 3.54497e-10) (3.4883e-09 -3.31672e-09 -5.90306e-11) (3.83877e-09 -4.20367e-09 3.8812e-10) (4.59362e-09 -4.63596e-09 3.60124e-10) (5.07681e-09 -4.85124e-09 1.49497e-09) (5.52116e-09 -5.32745e-09 1.36601e-09) (5.06643e-09 -5.52685e-09 1.00119e-09)
1350          (2.45355e-10 -1.29047e-10 1.2251e-10) (6.563e-10 -8.81843e-10 -4.14699e-10) (1.32887e-09 -1.20568e-09 4.69564e-10) (1.91035e-09 -1.94885e-09 -3.48911e-11) (2.68301e-09 -2.83085e-09 -6.38093e-10) (3.44853e-09 -3.51547e-09 3.17349e-10) (3.94796e-09 -4.13778e-09 4.50301e-10) (4.55322e-09 -4.71859e-09 4.59542e-10) (5.30402e-09 -5.26129e-09 9.41178e-10) (5.29838e-09 -5.47293e-09 2.51741e-10) (5.34316e-09 -5.22759e-09 -1.06181e-10)
1400          (6.15947e-11 -1.92094e-10 2.37266e-10) (7.90799e-10 -3.02522e-10 -4.23335e-10) (1.46484e-09 -1.39533e-09 6.54977e-10) (2.1632e-09 -2.18163e-09 5.25826e-10) (2.58195e-09 -2.81587e-09 2.05969e-10) (3.53822e-09 -3.33858e-09 -3.45114e-11) (4.06142e-09 -3.96853e-09 -4.82267e-11) (4.71434e-09 -4.61306e-09 -5.91793e-11) (4.98985e-09 -5.43551e-09 -8.03566e-10) (5.06756e-09 -5.55905e-09 4.72657e-10) (5.7558e-09 -5.62151e-09 9.66171e-10)
1450          (2.92388e-10 -5.42126e-11 -1.55577e-10) (6.94487e-10 -5.67919e-10 2.15409e-10) (1.15058e-09 -9.50419e-10 6.39353e-10) (1.9014e-09 -1.88094e-09 1.42466e-09) (2.47599e-09 -2.71153e-09 1.2691e-09) (3.397e-09 -3.29112e-09 1.66649e-09) (4.16274e-09 -4.06621e-09 1.62367e-09) (4.52638e-09 -4.55418e-09 1.70232e-09) (5.12008e-09 -4.89779e-09 2.04025e-09) (5.33368e-09 -5.57714e-09 2.84633e-09) (5.89509e-09 -5.66948e-09 3.73611e-09)
1500          (1.42412e-10 -1.52004e-10 -2.81654e-11) (4.79659e-10 -6.67979e-10 3.6126e-10) (1.28853e-09 -1.11765e-09 8.0495e-10) (2.14061e-09 -2.31426e-09 8.90098e-10) (2.54871e-09 -2.99707e-09 1.54529e-09) (3.35793e-09 -3.46011e-09 1.44677e-09) (3.99582e-09 -4.29842e-09 1.49136e-09) (4.95993e-09 -4.33188e-09 1.6987e-09) (5.39297e-09 -4.86459e-09 1.84747e-09) (5.72726e-09 -5.29321e-09 2.43425e-09) (5.42092e-09 -5.38477e-09 3.25779e-09)
1550          (3.14093e-10 -5.18578e-11 -2.03624e-11) (7.57038e-10 -4.5901e-10 8.48237e-11) (1.347e-09 -1.52638e-09 4.26837e-10) (1.90315e-09 -2.14429e-09 3.18539e-10) (2.80895e-09 -2.72411e-09 1.30203e-10) (3.38529e-09 -3.42207e-09 1.88815e-10) (4.00284e-09 -3.96882e-09 1.20422e-09) (4.54379e-09 -4.5469e-09 5.45477e-10) (5.10132e-09 -5.00149e-09 1.18658e-09) (5.35807e-09 -5.41705e-09 1.2289e-09) (5.3265e-09 -5.2936e-09 6.66832e-10)
1600          (7.97568e-12 -1.24213e-10 1.9523e-10) (5.00687e-10 -9.92936e-10 2.2342e-10) (1.45652e-09 -1.31637e-09 7.00667e-10) (2.13645e-09 -2e-09 1.24671e-09) (2.76059e-09 -2.60485e-09 5.20226e-10) (3.31614e-09 -3.5033e-09 4.63253e-10) (3.98396e-09 -4.28854e-09 1.13195e-09) (4.66522e-09 -4.62097e-09 3.31837e-10) (5.17941e-09 -5.24765e-09 1.39114e-09) (5.44324e-09 -5.3974e-09 1.45373e-09) (5.28315e-09 -5.4557e-09 2.33563e-09)
1650          (1.44715e-10 -1.28588e-10 -2.51362e-10) (5.93045e-10 -6.90933e-10 -4.07032e-10) (1.34899e-09 -1.3993e-09 9.91137e-10) (1.923e-09 -1.91233e-09 1.01037e-09) (2.96767e-09 -2.48893e-09 1.23216e-09) (3.66875e-09 -3.24178e-09 1.06812e-09) (4.16495e-09 -3.96393e-09 1.56061e-09) (4.69776e-09 -4.66808e-09 1.37047e-09) (5.16094e-09 -5.14192e-09 1.17947e-09) (5.75281e-09 -5.51911e-09 2.1e-09) (5.32204e-09 -5.705e-09 2.30168e-09)
1700          (3.95022e-11 -4.48332e-11 1.81627e-10) (9.92277e-10 -4.08212e-10 -1.76124e-10) (1.42874e-09 -1.4334e-09 -5.89527e-10) (1.72964e-09 -2.11524e-09 -1.16757e-10) (2.63503e-09 -2.4295e-09 -7.2342e-10) (3.55245e-09 -3.30905e-09 -1.04433e-09) (4.09874e-09 -4.21214e-09 -1.28069e-09) (4.57769e-09 -4.50174e-09 -1.56374e-09) (4.97427e-09 -5.1737e-09 -1.68437e-09) (5.33264e-09 -5.47297e-09 -1.53356e-09) (5.1832e-09 -5.43254e-09 -1.62601e-09)
1750          (2.46907e-11 -7.48099e-11 -3.69482e-11) (8.71383e-10 -5.49168e-10 8.50875e-11) (1.11195e-09 -1.30963e-09 -5.44335e-10) (1.71525e-09 -2.18313e-09 -6.03546e-11) (2.55738e-09 -2.94333e-09 -5.33302e-10) (3.29553e-09 -3.3296e-09 -4.50154e-10) (4.02793e-09 -3.93147e-09 -4.73655e-10) (4.5634e-09 -4.21725e-09 -7.38184e-10) (4.99775e-09 -4.9353e-09 -5.26472e-10) (5.31033e-09 -5.11188e-09 2.60926e-10) (5.39926e-09 -5.15508e-09 2.44174e-10)
1800          (5.58036e-11 7.76953e-12 -3.28284e-11) (8.73933e-10 -6.27922e-10 3.12109e-10) (1.28968e-09 -1.41635e-09 -1.64842e-10) (1.81485e-09 -2.08295e-09 1.03985e-09) (2.59677e-09 -2.63064e-09 7.57613e-10) (3.23081e-09 -3.22612e-09 7.309e-10) (3.99109e-09 -3.70817e-09 9.22546e-10) (4.31886e-09 -4.46122e-09 1.21924e-09) (5.27339e-09 -5.16685e-09 1.4237e-09) (5.62164e-09 -5.31471e-09 2.06552e-09) (5.32805e-09 -5.35522e-09 1.86647e-09)
1850          (2.03434e-10 4.2569e-11 3.14944e-10) (6.09794e-10 -5.01569e-10 -9.84333e-11) (1.20587e-09 -1.24975e-09 9.42822e-10) (1.99662e-09 -1.93587e-09 5.77761e-10) (2.55953e-09 -2.66153e-09 8.99676e-10) (3.39762e-09 -3.33564e-09 8.75425e-10) (4.05712e-09 -3.99564e-09 1.23896e-09) (4.72937e-09 -4.32958e-09 1.49439e-09) (5.12441e-09 -4.85112e-09 2.15765e-09) (5.20723e-09 -5.30461e-09 1.27281e-09) (5.28681e-09 -5.21682e-09 1.50912e-09)
1900          (2.69343e-11 -1.66954e-10 1.00027e-10) (7.35338e-10 -8.7191e-10 -4.94242e-10) (1.31295e-09 -1.39686e-09 3.37005e-11) (1.98497e-09 -2.13112e-09 -8.86156e-10) (2.80199e-09 -2.70197e-09 -4.91371e-10) (3.19204e-09 -3.50631e-09 -8.7453e-10) (3.755e-09 -3.93554e-09 -3.83581e-10) (4.43961e-09 -4.67051e-09 -8.38782e-10) (5.01161e-09 -5.14438e-09 -8.687e-11) (5.54499e-09 -5.18467e-09 -5.67065e-10) (5.50136e-09 -5.5263e-09 -8.07216e-10)
1950          (-7.84546e-11 -1.5863e-10 1.26392e-10) (6.38822e-10 -5.58317e-10 -2.35529e-10) (1.43824e-09 -1.25532e-09 2.46203e-10) (2.32702e-09 -1.96803e-09 -9.5407e-12) (2.75238e-09 -2.54414e-09 2.2074e-11) (3.38016e-09 -3.36983e-09 5.19686e-10) (3.82293e-09 -4.21572e-09 4.95846e-10) (4.49296e-09 -4.74826e-09 4.25207e-10) (5.18283e-09 -5.30579e-09 8.20778e-10) (5.46029e-09 -5.46767e-09 1.09782e-09) (5.50417e-09 -5.27745e-09 1.62117e-09)
2000          (6.46691e-11 -1.15639e-10 8.07258e-12) (6.52154e-10 -6.95056e-10 -3.38136e-10) (1.35233e-09 -1.36967e-09 1.53702e-10) (1.89374e-09 -2.12623e-09 -3.28312e-10) (2.94975e-09 -2.82608e-09 -3.81054e-10) (3.37866e-09 -3.43298e-09 -4.77851e-10) (4.2078e-09 -3.90534e-09 -1.05309e-09) (4.53376e-09 -4.79729e-09 1.29283e-11) (4.97428e-09 -5.23695e-09 7.72475e-10) (5.48089e-09 -5.52675e-09 -2.75904e-10) (5.60525e-09 -5.78322e-09 4.59139e-10)
2050          (1.8257e-10 -5.70705e-11 -3.96e-11) (7.58338e-10 -7.0334e-10 -4.49031e-10) (1.36769e-09 -1.62279e-09 -6.69277e-11) (2.19126e-09 -2.10781e-09 3.01515e-10) (2.72523e-09 -2.66241e-09 1.86358e-10) (3.37891e-09 -3.33075e-09 7.20811e-12) (4.03933e-09 -3.83335e-09 1.12846e-09) (4.61865e-09 -4.57189e-09 2.51259e-11) (5.13966e-09 -5.32588e-09 3.96426e-10) (5.51012e-09 -5.43742e-09 -4.41024e-10) (5.71081e-09 -5.43037e-09 1.19571e-10)
2100          (1.00044e-10 -1.52354e-10 2.00229e-10) (6.66263e-10 -6.92869e-10 5.95457e-11) (1.45321e-09 -1.43385e-09 5.44923e-10) (2.27126e-09 -2.2113e-09 1.063e-09) (2.68735e-09 -2.79464e-09 1.69701e-09) (3.45837e-09 -3.59635e-09 1.09553e-09) (4.18403e-09 -4.00677e-09 9.11229e-10) (4.78446e-09 -4.78701e-09 8.98977e-10) (5.32363e-09 -5.05849e-09 6.10944e-10) (5.73189e-09 -5.25862e-09 1.12993e-09) (5.85843e-09 -5.38774e-09 8.47678e-10)
2150          (7.09876e-11 -1.08958e-10 -3.94006e-11) (5.51622e-10 -8.01557e-10 2.47321e-10) (1.47549e-09 -1.27747e-09 -4.28599e-10) (1.88314e-09 -1.87966e-09 -7.6905e-10) (3.07241e-09 -2.61928e-09 4.1475e-10) (3.40236e-09 -3.55356e-09 -2.69299e-10) (3.93823e-09 -4.18872e-09 -1.12246e-09) (4.62925e-09 -4.57469e-09 -1.06383e-09) (4.81906e-09 -5.00904e-09 -1.02734e-09) (5.56875e-09 -5.10003e-09 -1.084e-09) (5.73939e-09 -5.20483e-09 -6.80695e-10)
2200          (1.9256e-10 -4.24902e-11 -9.32204e-11) (6.00459e-10 -6.52012e-10 2.53634e-10) (1.31601e-09 -1.46684e-09 -1.16614e-10) (2.08461e-09 -2.01132e-09 -2.26694e-10) (2.84087e-09 -2.57059e-09 5.17257e-10) (3.78479e-09 -3.40218e-09 1.14025e-09) (3.96623e-09 -4.19576e-09 7.77809e-10) (4.93369e-09 -4.79674e-09 6.22887e-10) (5.22449e-09 -5.17819e-09 8.19819e-10) (5.74178e-09 -5.4508e-09 1.10391e-09) (5.58125e-09 -5.50975e-09 3.07907e-10)
2250          (-7.63323e-12 -1.39088e-10 -1.37921e-10) (6.04669e-10 -6.45747e-10 -1.63523e-10) (1.12261e-09 -1.60597e-09 3.60254e-10) (2.08386e-09 -2.28314e-09 2.49932e-10) (2.71348e-09 -2.73265e-09 1.1871e-09) (3.3916e-09 -3.35745e-09 8.87764e-10) (4.1769e-09 -3.87298e-09 1.41573e-09) (4.47966e-09 -4.54547e-09 1.02241e-09) (5.22131e-09 -4.97387e-09 1.17713e-09) (5.2751e-09 -5.50406e-09 4.63329e-11) (5.00074e-09 -5.48849e-09 -1.57352e-09)
2300          (1.03552e-10 2.16534e-11 1.81828e-10) (5.14857e-10 -5.69173e-10 -7.55975e-11) (1.31676e-09 -1.19614e-09 -7.79653e-10) (2.1983e-09 -1.89086e-09 -2.13525e-10) (2.94031e-09 -2.66305e-09 -2.01382e-10) (3.47229e-09 -3.64863e-09 2.24377e-10) (4.01502e-09 -4.01398e-09 1.42824e-10) (4.6907e-09 -4.64101e-09 4.19373e-10) (5.05858e-09 -5.34105e-09 4.30263e-10) (5.39879e-09 -5.54475e-09 7.7683e-10) (5.26631e-09 -5.85354e-09 1.3752e-09)
2350          (6.1409e-11 1.0008e-10 3.62393e-10) (7.32462e-10 -8.76616e-10 3.46381e-10) (1.67808e-09 -1.48664e-09 1.29503e-09) (2.10975e-09 -2.08734e-09 1.77057e-09) (2.7931e-09 -2.58722e-09 1.99998e-09) (3.44358e-09 -3.38247e-09 2.08502e-09) (3.89153e-09 -3.99073e-09 2.52751e-09) (4.36083e-09 -4.59724e-09 2.78549e-09) (5.07509e-09 -5.14948e-09 3.21117e-09) (5.08485e-09 -5.41445e-09 3.92119e-09) (5.44396e-09 -5.42678e-09 3.9676e-09)
2400          (1.5111e-10 -8.9955e-11 2.09633e-10) (4.50109e-10 -6.36708e-10 -5.45463e-11) (1.43029e-09 -1.27584e-09 5.76404e-10) (1.96586e-09 -2.07904e-09 -7.28747e-10) (2.85231e-09 -2.47445e-09 -6.89567e-10) (3.25517e-09 -3.39563e-09 -3.32228e-10) (4.09009e-09 -3.79168e-09 -6.97309e-11) (4.67116e-09 -4.37125e-09 -6.11805e-10) (4.96443e-09 -5.35497e-09 8.84598e-11) (4.93022e-09 -5.25227e-09 1.73694e-10) (5.47767e-09 -5.54036e-09 3.33984e-11)
2450          (1.92742e-10 -3.6997e-11 1.14273e-10) (6.94886e-10 -5.60746e-10 2.09069e-10) (1.25913e-09 -1.25685e-09 8.25134e-10) (2.08708e-09 -1.89457e-09 1.18334e-09) (2.83749e-09 -2.3726e-09 1.5566e-10) (3.45449e-09 -3.14228e-09 5.01378e-10) (3.97893e-09 -4.04375e-09 9.77447e-10) (4.44017e-09 -4.54005e-09 7.12498e-10) (4.91235e-09 -4.83813e-09 1.13658e-09) (5.20694e-09 -5.15862e-09 9.21851e-10) (5.35483e-09 -5.06457e-09 1.15241e-09)
2500          (2.145e-10 -1.1166e-10 -1.03848e-10) (6.77896e-10 -6.9037e-10 5.79454e-10) (1.48673e-09 -1.47784e-09 2.08002e-10) (2.24056e-09 -2.0189e-09 9.43642e-10) (3.08324e-09 -2.61551e-09 2.71063e-10) (3.34183e-09 -3.3368e-09 2.61271e-10) (3.97693e-09 -3.80533e-09 6.29576e-10) (4.63441e-09 -4.52879e-09 5.6553e-10) (5.04677e-09 -5.29741e-09 3.10083e-10) (5.46955e-09 -5.28092e-09 3.94804e-10) (5.60909e-09 -5.34589e-09 1.28353e-10)
2550          (2.79912e-10 -6.51511e-11 -1.81681e-10) (5.90296e-10 -8.9913e-10 3.67978e-10) (1.40614e-09 -1.21197e-09 2.08645e-11) (2.20933e-09 -2.08599e-09 3.84441e-10) (2.74468e-09 -2.61452e-09 2.29824e-10) (3.36958e-09 -3.39634e-09 2.39354e-10) (4.38751e-09 -3.99841e-09 -4.36525e-10) (4.46848e-09 -4.39668e-09 -6.44525e-10) (5.25256e-09 -4.76617e-09 2.93963e-10) (5.38567e-09 -5.4667e-09 4.4255e-10) (5.46705e-09 -5.45955e-09 1.34649e-09)
2600          (4.01973e-11 1.00038e-10 8.84782e-11) (7.70292e-10 -6.59382e-10 7.75705e-10) (1.43245e-09 -1.31183e-09 9.80636e-12) (2.19968e-09 -2.09912e-09 -4.32297e-10) (2.55821e-09 -2.51465e-09 -8.37069e-10) (3.25212e-09 -3.28078e-09 -1.95111e-10) (3.97413e-09 -4.12583e-09 -5.1606e-10) (4.5656e-09 -4.61299e-09 5.95628e-11) (5.03674e-09 -5.1826e-09 9.59455e-11) (5.1462e-09 -5.27887e-09 9.17693e-12) (5.35329e-09 -5.7114e-09 4.75702e-11)
2650          (9.53943e-11 -1.4339e-13 -2.21477e-10) (9.26142e-10 -5.55002e-10 1.18265e-10) (1.39468e-09 -1.46636e-09 -2.501e-10) (2.09919e-09 -2.05255e-09 1.07678e-09) (2.77358e-09 -2.80502e-09 1.09414e-09) (3.47046e-09 -3.54442e-09 1.25307e-09) (4.04041e-09 -3.93181e-09 6.50182e-10) (4.64224e-09 -4.58698e-09 1.30551e-09) (5.03694e-09 -4.86152e-09 1.1838e-09) (5.78806e-09 -5.4001e-09 1.88704e-09) (5.68805e-09 -5.65287e-09 2.72064e-09)
2700          (8.27838e-11 -3.4319e-11 6.79277e-11) (6.57948e-10 -5.45232e-10 -2.4046e-10) (1.40957e-09 -1.48783e-09 -5.00582e-10) (1.83276e-09 -2.10043e-09 1.67833e-11) (2.52845e-09 -2.85051e-09 9.55166e-10) (3.41197e-09 -3.38802e-09 1.16349e-09) (4.02056e-09 -3.82631e-09 1.86214e-09) (4.4799e-09 -4.50506e-09 2.40469e-09) (5.18877e-09 -4.94081e-09 2.56736e-09) (5.54618e-09 -5.18522e-09 3.41423e-09) (5.84569e-09 -5.30863e-09 3.21242e-09)
2750          (9.97503e-11 -1.6342e-10 2.50717e-10) (3.88827e-10 -6.86044e-10 1.76976e-11) (1.29133e-09 -1.43815e-09 5.30437e-10) (2.07154e-09 -2.22617e-09 2.27574e-10) (2.74654e-09 -2.64537e-09 1.19172e-09) (3.3939e-09 -3.26784e-09 8.9908e-10) (4.07873e-09 -4.10955e-09 1.56697e-09) (4.67639e-09 -4.47321e-09 1.12679e-09) (5.13265e-09 -5.08929e-09 1.1692e-09) (5.32645e-09 -5.41142e-09 1.0124e-09) (5.29021e-09 -5.65194e-09 5.97481e-10)
2800          (-3.0409e-11 -1.04456e-10 5.35557e-12) (8.80351e-10 -6.0948e-10 -8.34481e-11) (1.48452e-09 -1.14823e-09 4.66133e-11) (2.11733e-09 -2.08839e-09 1.24458e-10) (2.84113e-09 -2.60432e-09 -4.3928e-11) (3.46279e-09 -3.60007e-09 1.64648e-10) (4.06248e-09 -3.85188e-09 -1.89818e-10) (4.6908e-09 -4.57712e-09 6.57821e-10) (5.2051e-09 -5.1319e-09 4.23181e-10) (5.23487e-09 -5.33744e-09 1.02943e-09) (5.34516e-09 -5.62773e-09 1.05773e-09)
2850          (5.68915e-11 -1.37939e-10 1.556e-10) (7.69758e-10 -9.02939e-10 2.97655e-11) (1.15916e-09 -1.37446e-09 8.2929e-10) (2.16117e-09 -2.07885e-09 4.55401e-10) (2.82253e-09 -2.78605e-09 8.47883e-10) (3.59684e-09 -3.45224e-09 -6.50823e-11) (4.15432e-09 -3.81151e-09 2.38953e-10) (4.62649e-09 -4.51909e-09 4.93866e-10) (5.20496e-09 -4.93027e-09 7.40953e-10) (5.59097e-09 -5.23129e-09 7.52671e-10) (5.43855e-09 -5.79041e-09 8.2133e-10)
2900          (1.39372e-10 -3.0871e-11 6.82863e-11) (3.84538e-10 -7.45567e-10 1.7268e-10) (1.36388e-09 -1.2298e-09 5.70145e-10) (2.07736e-09 -1.87438e-09 8.83333e-10) (2.79046e-09 -2.85911e-09 2.21462e-10) (3.40495e-09 -3.34554e-09 3.671e-10) (4.07164e-09 -3.93898e-09 6.98725e-10) (4.50833e-09 -4.6231e-09 1.63304e-09) (5.14956e-09 -5.0615e-09 1.86362e-09) (5.3132e-09 -5.22579e-09 1.93354e-09) (5.40935e-09 -5.3706e-09 3.00038e-09)
2950          (-4.71303e-11 -1.52304e-10 -3.54581e-11) (5.96073e-10 -6.96332e-10 5.41085e-10) (1.09362e-09 -1.40088e-09 1.0463e-09) (1.96118e-09 -2.00181e-09 2.21924e-09) (2.98727e-09 -2.99482e-09 3.04772e-09) (3.76852e-09 -3.6892e-09 2.5697e-09) (4.0531e-09 -4.13333e-09 3.39716e-09) (4.66868e-09 -4.60793e-09 3.41908e-09) (4.69105e-09 -5.01709e-09 3.10648e-09) (5.43499e-09 -5.34896e-09 3.09471e-09) (5.63238e-09 -5.20158e-09 3.17913e-09)
3000          (1.6255e-11 -1.6281e-10 -4.10378e-11) (8.56003e-10 -7.09679e-10 -4.95823e-11) (1.31451e-09 -1.48809e-09 3.21472e-10) (2.13589e-09 -2.07964e-09 -1.94457e-10) (2.81141e-09 -2.70606e-09 -3.50271e-10) (3.44411e-09 -3.51061e-09 -1.27166e-10) (4.02913e-09 -4.37529e-09 -7.09681e-10) (4.50349e-09 -4.69761e-09 1.02106e-09) (5.23097e-09 -5.23043e-09 2.1774e-10) (5.49519e-09 -5.68414e-09 6.06197e-10) (5.27842e-09 -5.68977e-09 8.21487e-10)
3050          (1.02204e-10 -9.05626e-11 1.01846e-10) (6.59519e-10 -8.11827e-10 -1.7289e-10) (1.46357e-09 -1.3587e-09 6.57801e-11) (2.0672e-09 -2.23409e-09 -2.19667e-10) (2.84954e-09 -3.0085e-09 -6.12435e-10) (3.2425e-09 -3.42227e-09 -3.38216e-10) (3.9035e-09 -4.19506e-09 -7.8395e-10) (4.53977e-09 -4.5139e-09 4.55947e-11) (4.83722e-09 -5.33093e-09 -5.91302e-10) (5.58802e-09 -5.66914e-09 -4.00411e-10) (5.30276e-09 -5.72408e-09 -1.50951e-10)
3100          (7.85947e-11 -1.24969e-10 -3.94824e-10) (5.80667e-10 -7.91015e-10 9.63021e-11) (1.33728e-09 -1.1795e-09 2.20203e-10) (1.97112e-09 -2.17976e-09 3.27694e-10) (2.83037e-09 -2.84647e-09 7.12498e-10) (3.47425e-09 -3.47675e-09 6.58668e-10) (4.31846e-09 -4.00298e-09 4.66219e-10) (4.69465e-09 -4.26044e-09 8.04588e-10) (4.88778e-09 -5.05843e-09 8.62259e-10) (5.47029e-09 -5.63701e-09 9.81507e-10) (5.34411e-09 -5.48267e-09 8.26435e-10)
3150          (8.84565e-11 -2.28672e-10 1.0913e-10) (4.85119e-10 -9.2859e-10 1.84141e-10) (1.31964e-09 -1.1452e-09 -7.29145e-10) (1.97878e-09 -2.054e-09 2.16074e-10) (2.67685e-09 -2.70844e-09 -2.99546e-10) (3.44373e-09 -3.4118e-09 8.93276e-11) (4.10856e-09 -3.97031e-09 -8.95043e-10) (4.6214e-09 -4.80761e-09 -6.23377e-11) (5.12145e-09 -5.12198e-09 -8.07216e-10) (5.55916e-09 -5.46412e-09 -2.7752e-10) (5.43351e-09 -5.66898e-09 -1.22979e-09)
3200          (1.71268e-10 -1.88263e-10 -1.38269e-10) (9.01705e-10 -1.00035e-09 4.66451e-10) (1.21273e-09 -1.48786e-09 3.56238e-10) (1.9783e-09 -1.87434e-09 5.14348e-10) (2.64519e-09 -2.43342e-09 9.16023e-10) (3.54329e-09 -3.52217e-09 8.89089e-10) (3.96652e-09 -4.08391e-09 1.97409e-09) (4.42065e-09 -4.45507e-09 2.794e-09) (5.2069e-09 -5.26177e-09 3.03516e-09) (5.63979e-09 -5.55372e-09 3.27546e-09) (5.45304e-09 -5.39319e-09 2.82615e-09)
3250          (1.71097e-10 -4.69833e-11 2.85218e-10) (5.96519e-10 -4.4231e-10 1.13973e-10) (1.15599e-09 -1.45008e-09 3.79157e-10) (2.11202e-09 -2.08438e-09 6.78674e-10) (2.74438e-09 -2.90194e-09 1.1492e-09) (3.22972e-09 -3.4676e-09 2.04247e-09) (4.03611e-09 -4.03631e-09 1.32236e-09) (4.45801e-09 -4.72119e-09 1.64558e-09) (5.16869e-09 -5.05968e-09 1.11551e-09) (5.35934e-09 -5.46994e-09 7.13175e-10) (5.64388e-09 -5.63193e-09 1.7483e-11)
3300          (1.24794e-10 -1.17947e-10 -3.52772e-11) (8.82962e-10 -7.20837e-10 -4.49123e-10) (1.44489e-09 -1.2354e-09 -3.92963e-10) (1.87178e-09 -2.0117e-09 -3.12159e-10) (2.7142e-09 -2.75204e-09 -7.30858e-10) (3.62864e-09 -3.51229e-09 -3.60696e-10) (4.0558e-09 -3.7632e-09 6.76176e-12) (4.68985e-09 -4.50169e-09 -3.62526e-10) (5.08728e-09 -4.87716e-09 3.4142e-11) (5.20668e-09 -5.46951e-09 5.53594e-10) (5.67332e-09 -5.09768e-09 -1.11548e-09)
3350          (8.69341e-11 -2.74831e-10 -2.03612e-11) (7.11921e-10 -5.80497e-10 -1.86903e-10) (1.14522e-09 -1.06818e-09 5.60253e-10) (1.89123e-09 -1.94347e-09 1.33356e-10) (2.53706e-09 -2.7083e-09 1.13711e-09) (3.41703e-09 -3.37396e-09 1.57211e-09) (4.05186e-09 -4.19282e-09 2.48402e-09) (4.77024e-09 -4.26001e-09 2.30774e-09) (5.07366e-09 -5.13337e-09 1.91934e-09) (5.46867e-09 -5.38868e-09 2.27064e-09) (5.50297e-09 -5.62823e-09 2.23036e-09)
3400          (8.93069e-11 -1.36003e-10 -9.64216e-11) (6.853e-10 -7.00255e-10 3.78933e-10) (1.57601e-09 -9.26979e-10 6.2658e-10) (2.02375e-09 -1.94029e-09 3.17117e-10) (2.62029e-09 -2.65227e-09 6.67593e-10) (3.34012e-09 -3.41553e-09 1.51605e-09) (4.18273e-09 -4.05453e-09 1.12547e-09) (4.55072e-09 -4.45159e-09 1.44146e-09) (5.3048e-09 -4.86491e-09 1.53187e-09) (5.32527e-09 -5.48821e-09 2.00845e-09) (5.33061e-09 -5.68205e-09 2.33007e-09)
3450          (6.67601e-11 -1.49008e-10 3.59882e-11) (6.23391e-10 -8.99505e-10 -5.73923e-11) (1.4779e-09 -1.2818e-09 -4.84007e-10) (2.08682e-09 -2.01325e-09 -6.47385e-10) (2.85449e-09 -2.74288e-09 -1.14457e-09) (3.56032e-09 -3.40729e-09 -1.11095e-09) (3.87856e-09 -4.02069e-09 -7.81644e-10) (4.41093e-09 -4.37044e-09 -5.43324e-10) (5.04988e-09 -5.03389e-09 -1.07e-10) (5.45213e-09 -5.42237e-09 -2.57301e-10) (5.50796e-09 -5.25626e-09 6.67077e-10)
3500          (-7.77978e-12 -7.23627e-11 2.24663e-10) (6.27864e-10 -5.01694e-10 -2.689e-10) (1.36789e-09 -1.28642e-09 3.25231e-10) (2.11157e-09 -2.09075e-09 5.97733e-10) (2.80492e-09 -2.76535e-09 8.7136e-10) (3.72414e-09 -3.68193e-09 4.89286e-10) (3.94818e-09 -4.10544e-09 1.29108e-09) (4.35419e-09 -4.63701e-09 2.25013e-09) (5.09172e-09 -5.08281e-09 2.25944e-09) (5.37619e-09 -5.43495e-09 1.57267e-09) (5.30885e-09 -5.32402e-09 3.4447e-09)
3550          (1.50531e-10 7.37764e-11 -3.23951e-10) (4.95167e-10 -3.85855e-10 6.27984e-10) (1.27616e-09 -1.18988e-09 2.2206e-10) (2.07379e-09 -2.18235e-09 6.95401e-10) (2.6757e-09 -2.58713e-09 1.6011e-09) (3.39305e-09 -3.14249e-09 1.28095e-09) (4.00399e-09 -3.93545e-09 1.49411e-09) (4.63798e-09 -4.59254e-09 1.87554e-09) (5.10053e-09 -5.01378e-09 1.46922e-09) (5.53123e-09 -5.40499e-09 1.82585e-09) (5.71609e-09 -5.35153e-09 9.33682e-10)
3600          (3.68709e-11 -5.14073e-11 3.62572e-11) (7.92349e-10 -3.98781e-10 -2.57903e-10) (1.26891e-09 -1.32189e-09 -1.77847e-10) (2.22016e-09 -2.17574e-09 3.52398e-10) (2.62832e-09 -2.79914e-09 1.11297e-09) (3.23456e-09 -3.59962e-09 1.3012e-09) (3.94337e-09 -3.89777e-09 1.21591e-09) (4.60156e-09 -4.65152e-09 1.14969e-09) (4.9499e-09 -4.88999e-09 1.1562e-09) (5.60095e-09 -5.30296e-09 1.28972e-09) (5.50328e-09 -5.92251e-09 2.49963e-09)
3650          (-1.01049e-11 -6.5135e-11 3.42308e-10) (8.42651e-10 -6.39371e-10 -1.83078e-10) (1.54053e-09 -1.17584e-09 6.79515e-10) (2.2623e-09 -2.03871e-09 1.18647e-09) (2.96548e-09 -2.88374e-09 1.75137e-09) (3.44491e-09 -3.64057e-09 1.07059e-09) (4.04405e-09 -4.12757e-09 1.08194e-09) (4.46847e-09 -4.59349e-09 1.90262e-09) (5.03243e-09 -5.03402e-09 1.99513e-09) (5.4021e-09 -5.22572e-09 1.76235e-09) (5.38649e-09 -5.66088e-09 1.71654e-09)
3700          (9.91596e-11 -1.18487e-10 5.55661e-11) (6.90757e-10 -6.48431e-10 -2.56396e-10) (1.55222e-09 -1.30472e-09 -2.76598e-10) (2.23398e-09 -1.99214e-09 3.10976e-10) (2.91939e-09 -2.68537e-09 -9.54521e-11) (3.39297e-09 -3.40225e-09 6.12349e-10) (4.29746e-09 -3.77838e-09 7.36734e-10) (4.6107e-09 -4.51769e-09 1.4142e-09) (5.1362e-09 -5.25058e-09 7.65339e-10) (5.39245e-09 -5.44971e-09 1.20422e-09) (5.59886e-09 -5.69956e-09 5.9207e-10)
3750          (1.0685e-10 -1.72301e-10 6.27959e-11) (4.89599e-10 -8.61564e-10 2.72974e-10) (1.54085e-09 -1.23119e-09 2.35851e-11) (2.09238e-09 -2.00337e-09 5.97477e-10) (2.68948e-09 -2.8372e-09 1.00923e-09) (3.78664e-09 -3.31565e-09 2.47147e-10) (4.19307e-09 -4.23642e-09 8.56921e-10) (4.82363e-09 -4.65274e-09 1.82242e-09) (4.79527e-09 -5.02283e-09 1.43295e-09) (5.32972e-09 -5.42258e-09 2.1536e-09) (5.17966e-09 -5.5374e-09 1.97948e-09)
3800          (1.09601e-10 -4.14184e-11 7.63889e-12) (6.55917e-10 -7.90329e-10 -1.54559e-10) (1.45518e-09 -1.30137e-09 -1.9202e-10) (2.19467e-09 -2.05232e-09 -3.45887e-11) (2.8671e-09 -2.44428e-09 2.63507e-10) (3.36377e-09 -3.52672e-09 -4.16056e-10) (3.90801e-09 -4.05557e-09 3.35024e-11) (4.38356e-09 -4.68147e-09 4.7557e-10) (5.03954e-09 -5.14313e-09 7.04289e-10) (5.38336e-09 -5.40328e-09 1.59289e-09) (5.39919e-09 -5.71009e-09 5.92553e-10)
3850          (1.10031e-10 -1.48628e-10 -1.9739e-10) (6.96596e-10 -7.30494e-10 -1.33212e-10) (1.5791e-09 -1.31448e-09 3.80224e-10) (1.81487e-09 -2.06869e-09 1.19427e-09) (2.78834e-09 -2.87464e-09 1.50988e-09) (3.47799e-09 -3.51464e-09 2.1227e-09) (3.85196e-09 -4.20138e-09 2.14689e-09) (4.45563e-09 -4.82915e-09 2.8539e-09) (4.84867e-09 -5.04967e-09 3.25721e-09) (5.2936e-09 -5.38364e-09 3.74589e-09) (5.55922e-09 -5.81916e-09 4.4644e-09)
3900          (1.4762e-11 -1.51556e-10 -2.08347e-11) (7.38212e-10 -9.4601e-10 1.14837e-10) (1.37873e-09 -1.55837e-09 1.26087e-09) (2.22207e-09 -2.09906e-09 1.29833e-09) (2.6559e-09 -2.7817e-09 6.59082e-10) (3.67687e-09 -3.32125e-09 9.14142e-10) (4.02288e-09 -3.95929e-09 1.18552e-09) (4.71587e-09 -4.51855e-09 1.40539e-09) (5.10458e-09 -4.90814e-09 1.77776e-09) (5.49867e-09 -5.45295e-09 1.76954e-09) (5.71022e-09 -5.59497e-09 1.30196e-09)
3950          (6.68461e-11 -3.92895e-11 5.70083e-10) (6.39741e-10 -6.30282e-10 1.73351e-10) (1.62159e-09 -1.31177e-09 4.93281e-10) (2.09229e-09 -1.86696e-09 2.6179e-10) (2.63646e-09 -2.54375e-09 -8.66475e-11) (3.39213e-09 -3.69092e-09 1.30478e-09) (4.17596e-09 -4.36716e-09 3.54746e-10) (4.4885e-09 -4.45048e-09 4.39816e-10) (5.0756e-09 -5.10853e-09 1.14547e-09) (5.47155e-09 -5.46745e-09 9.05939e-10) (5.49356e-09 -5.73362e-09 1.43428e-09)
4000          (7.67325e-11 -2.37415e-10 -2.62019e-10) (5.22701e-10 -7.53571e-10 -1.01574e-11) (1.17298e-09 -1.67237e-09 -3.00904e-10) (2.1785e-09 -2.41825e-09 4.0962e-10) (2.7222e-09 -2.98748e-09 7.7285e-10) (3.18884e-09 -3.62106e-09 -8.27185e-12) (4.02405e-09 -4.28516e-09 1.55136e-10) (4.4901e-09 -4.72666e-09 3.07622e-10) (5.04398e-09 -5.15591e-09 -2.73672e-10) (5.03586e-09 -5.55385e-09 -2.26037e-10) (5.13601e-09 -5.56778e-09 -4.28757e-10)
4050          (-5.88202e-11 -5.47264e-11 1.67184e-10) (6.49132e-10 -7.58743e-10 4.97262e-11) (1.49469e-09 -1.51586e-09 8.73534e-10) (2.07574e-09 -2.11949e-09 1.46603e-09) (2.57698e-09 -2.78995e-09 1.3617e-09) (3.22522e-09 -3.52295e-09 2.17999e-09) (4.24431e-09 -4.15163e-09 2.64315e-09) (4.4815e-09 -4.93589e-09 2.10028e-09) (4.98583e-09 -5.12094e-09 9.56455e-10) (5.27082e-09 -5.2748e-09 1.47732e-09) (5.5686e-09 -5.54479e-09 1.83837e-09)
4100          (-9.31335e-11 -1.57356e-11 4.97618e-11) (5.2975e-10 -7.02842e-10 -2.05091e-10) (1.28001e-09 -1.30991e-09 6.23997e-10) (2.23082e-09 -1.82426e-09 6.16967e-10) (2.72896e-09 -3.01805e-09 8.07975e-10) (3.35218e-09 -3.48421e-09 1.37097e-09) (4.15112e-09 -3.74214e-09 7.96647e-10) (4.84719e-09 -4.2871e-09 1.30478e-09) (5.09992e-09 -4.82696e-09 2.44889e-09) (5.35813e-09 -5.42615e-09 1.57081e-09) (5.54131e-09 -5.9153e-09 2.06797e-09)
4150          (6.1259e-11 -1.57869e-10 3.41046e-11) (6.31336e-10 -5.66522e-10 2.37316e-10) (1.11922e-09 -1.4047e-09 4.25474e-10) (2.07255e-09 -2.05211e-09 -1.79547e-11) (2.86223e-09 -2.8716e-09 -2.77606e-10) (3.36728e-09 -3.60968e-09 -1.01646e-09) (3.6443e-09 -4.12792e-09 -7.32208e-11) (4.59251e-09 -4.44553e-09 -1.00029e-09) (5.2135e-09 -5.11562e-09 -1.03899e-09) (5.39511e-09 -5.40211e-09 -1.2267e-09) (5.5118e-09 -5.56245e-09 -8.53627e-10)
4200          (8.3902e-11 -1.70477e-10 1.10786e-10) (6.27071e-10 -7.67737e-10 1.97613e-10) (1.40978e-09 -1.34375e-09 -1.37381e-10) (2.07427e-09 -1.95017e-09 7.57278e-10) (2.70048e-09 -2.62779e-09 7.76701e-10) (3.52302e-09 -3.4868e-09 5.41545e-10) (4.00389e-09 -3.86962e-09 3.42454e-10) (4.55503e-09 -4.47764e-09 6.6096e-10) (5.32073e-09 -5.24192e-09 7.78982e-10) (5.45131e-09 -5.29028e-09 9.02893e-10) (5.79443e-09 -5.5789e-09 1.65796e-09)
4250          (1.06711e-10 -7.159e-11 5.61015e-11) (6.34089e-10 -6.46485e-10 -9.00319e-11) (1.45414e-09 -1.38858e-09 5.94416e-11) (2.08052e-09 -1.90767e-09 -6.13044e-10) (2.6619e-09 -2.77443e-09 -4.52208e-10) (3.30034e-09 -3.51221e-09 -2.57554e-10) (3.90265e-09 -4.12751e-09 1.04081e-10) (4.58935e-09 -4.22671e-09 -6.01718e-10) (5.32672e-09 -4.84965e-09 -1.23102e-09) (5.39893e-09 -5.28046e-09 -3.37467e-10) (5.52743e-09 -5.42154e-09 -1.83787e-09)
4300          (2.01973e-10 -5.32745e-11 -1.14157e-10) (6.71835e-10 -6.86357e-10 2.92822e-10) (1.29014e-09 -1.43304e-09 -4.45884e-10) (2.05063e-09 -2.09159e-09 4.30468e-10) (2.72318e-09 -2.64601e-09 5.79e-10) (3.3529e-09 -3.15442e-09 6.7736e-10) (4.2135e-09 -3.93394e-09 1.57795e-09) (4.64308e-09 -4.61493e-09 1.20861e-09) (5.16177e-09 -4.9852e-09 7.58053e-10) (5.46258e-09 -5.09188e-09 8.90849e-10) (5.50396e-09 -5.19371e-09 -2.68211e-10)
4350          (-7.86603e-11 -1.49209e-10 -4.47539e-11) (5.38282e-10 -6.54006e-10 5.45318e-10) (1.30557e-09 -1.44821e-09 5.00668e-10) (1.90259e-09 -2.0798e-09 5.57689e-10) (2.8555e-09 -2.61455e-09 1.5392e-10) (3.44223e-09 -3.43141e-09 4.94342e-10) (4.15796e-09 -3.86762e-09 6.91149e-10) (4.44357e-09 -4.4904e-09 8.75057e-11) (4.77191e-09 -4.87661e-09 3.64258e-10) (5.75854e-09 -5.2123e-09 9.64713e-10) (5.41867e-09 -5.68474e-09 1.00641e-09)
4400          (1.91961e-10 -2.12776e-10 -7.72916e-11) (4.64877e-10 -4.7233e-10 4.25981e-10) (1.26652e-09 -1.38602e-09 -1.46327e-10) (2.10398e-09 -1.96918e-09 7.30383e-10) (2.59241e-09 -2.91742e-09 5.6397e-10) (3.54386e-09 -3.44912e-09 4.39463e-10) (4.039e-09 -4.00791e-09 2.96797e-10) (4.67068e-09 -4.61947e-09 -3.80688e-11) (5.16563e-09 -5.09969e-09 -2.80735e-10) (5.23452e-09 -5.37492e-09 3.19036e-10) (5.27531e-09 -5.38196e-09 -1.2743e-09)
4450          (1.60224e-10 -2.73198e-10 2.56751e-11) (8.16453e-10 -8.83369e-10 9.93235e-11) (1.58052e-09 -1.37425e-09 -9.00736e-11) (2.24525e-09 -1.85501e-09 3.04054e-10) (2.77999e-09 -2.82914e-09 1.49548e-09) (3.50278e-09 -3.47002e-09 1.29822e-09) (4.11716e-09 -4.17811e-09 2.14061e-09) (4.58953e-09 -4.73425e-09 1.34371e-09) (5.10613e-09 -5.04997e-09 1.63865e-09) (5.37327e-09 -5.6439e-09 1.65642e-09) (5.58065e-09 -5.42553e-09 1.72662e-09)
4500          (-6.63536e-11 -1.76544e-10 2.1302e-10) (4.98369e-10 -6.31318e-10 1.20359e-10) (1.40403e-09 -1.3036e-09 -1.57861e-10) (1.96393e-09 -2.11439e-09 -8.23593e-10) (2.69609e-09 -2.73733e-09 -8.27778e-10) (3.76684e-09 -3.38718e-09 -4.73015e-10) (4.1304e-09 -4.15737e-09 -3.65503e-10) (4.26596e-09 -4.76161e-09 1.25161e-10) (5.06151e-09 -5.00018e-09 -7.67191e-11) (5.24001e-09 -5.27749e-09 3.26073e-10) (5.40285e-09 -5.54428e-09 9.75273e-10)
4550          (4.37834e-11 -5.47884e-11 6.20531e-13) (8.25726e-10 -3.4325e-10 -1.41551e-10) (1.45331e-09 -1.15369e-09 -5.40838e-11) (2.2949e-09 -1.85288e-09 -8.41119e-10) (2.8159e-09 -2.57421e-09 -1.38247e-09) (3.47387e-09 -3.31505e-09 -2.74557e-10) (4.1021e-09 -3.9001e-09 -6.87928e-10) (4.72689e-09 -4.32444e-09 -1.28307e-10) (4.99631e-09 -5.04095e-09 -4.20012e-10) (5.52008e-09 -5.19412e-09 -4.1016e-10) (5.15318e-09 -5.34411e-09 5.00171e-10)
4600          (1.93477e-10 5.93489e-11 -1.21896e-12) (8.63172e-10 -5.98329e-10 6.26064e-10) (1.74368e-09 -1.37328e-09 6.15535e-10) (2.13501e-09 -1.99784e-09 1.03616e-09) (2.65464e-09 -2.91194e-09 1.28698e-09) (3.49473e-09 -3.68131e-09 1.36721e-09) (3.86557e-09 -4.2528e-09 1.14604e-09) (4.63954e-09 -4.40212e-09 8.94591e-10) (5.03213e-09 -5.14869e-09 1.07506e-09) (5.54879e-09 -5.43622e-09 1.84459e-09) (5.63742e-09 -5.55617e-09 1.9479e-09)
4650          (2.79108e-11 -8.01372e-11 -8.72859e-11) (6.2122e-10 -7.7811e-10 -1.42635e-10) (1.40499e-09 -1.31941e-09 7.9428e-11) (1.88499e-09 -1.90242e-09 4.34173e-10) (2.55329e-09 -2.80754e-09 -2.16769e-10) (3.51568e-09 -3.21853e-09 -4.38367e-11) (4.1541e-09 -4.10348e-09 -2.6442e-10) (4.81516e-09 -4.46564e-09 -5.38419e-10) (5.15393e-09 -5.14405e-09 1.87159e-10) (5.46168e-09 -5.31352e-09 -6.1693e-10) (5.31724e-09 -5.51196e-09 -5.54048e-10)
4700          (1.86799e-10 -2.52549e-10 -1.67642e-10) (8.13108e-10 -7.1659e-10 1.72647e-10) (1.52953e-09 -1.25811e-09 7.68814e-10) (1.85962e-09 -2.11848e-09 1.13721e-09) (2.9405e-09 -2.81267e-09 8.79998e-10) (3.29195e-09 -3.64088e-09 1.00827e-09) (3.89145e-09 -3.79046e-09 4.58657e-10) (4.78394e-09 -4.50598e-09 9.0273e-10) (4.91547e-09 -5.27244e-09 4.44938e-10) (5.66787e-09 -5.52372e-09 6.54761e-10) (5.46986e-09 -5.75673e-09 1.14379e-09)
4750          (1.03468e-10 1.06793e-10 2.85268e-11) (8.52676e-10 -6.74999e-10 2.19023e-10) (1.46296e-09 -1.42938e-09 2.26247e-11) (1.94251e-09 -1.97235e-09 7.1187e-10) (2.62523e-09 -2.6641e-09 1.86601e-10) (3.38044e-09 -3.50145e-09 4.28029e-10) (3.90506e-09 -4.07024e-09 -1.89072e-10) (4.75581e-09 -4.33269e-09 -2.85607e-10) (5.33637e-09 -5.03448e-09 -2.27528e-12) (5.48189e-09 -5.24697e-09 9.22192e-10) (4.9981e-09 -5.50936e-09 8.85815e-10)
4800          (-2.50213e-11 1.0275e-10 3.77045e-11) (7.20262e-10 -4.18916e-10 -8.78822e-10) (1.52009e-09 -1.59336e-09 -2.27502e-10) (1.95436e-09 -2.16503e-09 3.89003e-11) (2.71068e-09 -2.66386e-09 1.47647e-10) (3.26214e-09 -3.52377e-09 -2.27864e-11) (3.88257e-09 -4.10488e-09 -2.6994e-10) (4.64069e-09 -4.40237e-09 -6.33076e-10) (5.26364e-09 -4.77049e-09 -1.98963e-10) (5.48999e-09 -5.17003e-09 2.34768e-10) (5.49915e-09 -5.08799e-09 6.68402e-10)
4850          (1.4321e-10 -1.30298e-10 -3.62351e-10) (5.46572e-10 -8.05098e-10 -3.15373e-10) (1.39456e-09 -1.27345e-09 1.47471e-10) (2.18961e-09 -2.04127e-09 1.57104e-10) (2.825e-09 -2.65642e-09 2.71204e-10) (3.28336e-09 -3.31636e-09 1.60539e-09) (3.96092e-09 -4.18814e-09 1.11888e-09) (4.42148e-09 -4.45457e-09 1.72116e-09) (5.07408e-09 -4.90303e-09 1.52277e-09) (5.51311e-09 -5.29651e-09 2.35574e-09) (5.48453e-09 -5.28474e-09 1.87031e-09)
4900          (1.42159e-10 1.00163e-11 -1.38729e-10) (7.17492e-10 -4.52215e-10 4.14019e-10) (1.5346e-09 -1.22767e-09 -5.84421e-10) (1.98184e-09 -2.28538e-09 7.31857e-10) (2.42856e-09 -2.64905e-09 2.59497e-10) (3.56246e-09 -3.47907e-09 -9.83129e-11) (3.94302e-09 -4.02303e-09 -2.08219e-10) (4.55828e-09 -4.58093e-09 3.21874e-10) (5.10633e-09 -5.07003e-09 2.22809e-10) (5.38705e-09 -5.50259e-09 -3.55958e-10) (5.46318e-09 -5.42065e-09 -7.94181e-11)
4950          (1.64046e-10 -6.84294e-11 9.0901e-11) (7.59634e-10 -8.06518e-10 4.70208e-11) (1.25153e-09 -1.29326e-09 -2.23745e-10) (1.97072e-09 -1.84408e-09 -5.30031e-10) (2.55109e-09 -2.3763e-09 -4.12456e-10) (3.60553e-09 -3.22668e-09 -1.42777e-10) (3.83846e-09 -3.87202e-09 -1.55453e-09) (4.58002e-09 -4.69307e-09 -5.07388e-10) (5.4258e-09 -5.25587e-09 -7.27157e-10) (5.74687e-09 -5.47813e-09 -1.13136e-10) (5.44933e-09 -5.52724e-09 7.04771e-11)
5000          (2.88919e-11 -2.09878e-10 -8.01461e-11) (4.62939e-10 -5.111e-10 -3.58415e-10) (1.36882e-09 -1.37038e-09 1.00693e-10) (2.23201e-09 -2.10564e-09 -5.54755e-10) (2.74024e-09 -2.63668e-09 -6.95998e-10) (3.5731e-09 -3.29563e-09 6.22468e-11) (4.16175e-09 -3.86967e-09 -6.29589e-10) (4.68652e-09 -4.47799e-09 -9.5857e-10) (5.32878e-09 -4.94215e-09 -4.41264e-10) (5.27285e-09 -5.33752e-09 -5.54972e-10) (5.34075e-09 -5.44453e-09 -7.11424e-10)
