# Fix print output for fix printTemp
30 1000
45 897.932645954905
60 837.95927507194
75 794.014722588016
90 759.824587276456
105 732.183557245155
120 709.229254901529
135 689.78402566681
150 673.056584948596
165 658.490286726587
180 645.679177550686
195 634.318456174467
210 624.173699833822
225 615.060932064884
240 606.833255358973
255 599.371618356532
270 592.578275370824
285 586.372050214548
300 580.684839837756
315 575.458988833784
330 570.645287700986
345 566.20142571068
360 562.090780324261
375 558.281459307516
390 554.745535034041
405 551.458426681295
420 548.39839746123
435 545.546142215985
450 542.884446650089
465 540.397903833853
480 538.072676853961
495 535.896298920819
510 533.8575040868
525 531.946083141236
540 530.152760337086
555 528.469087451564
570 526.887352346963
585 525.400499722212
600 524.002062162171
615 522.686099924652
630 521.447148173216
645 520.280170580566
660 519.18051840336
675 518.143894273852
690 517.166320071761
705 516.244108337638
720 515.373836770026
735 514.552325415953
750 513.776616220806
765 513.043954650803
780 512.35177314107
795 511.697676156003
810 511.079426677092
825 510.494933957545
840 509.942242403907
855 509.419521462471
870 508.925056403433
885 508.457239908973
900 508.014564382538
915 507.595614906576
930 507.199062784285
945 506.823659608326
960 506.468231805995
975 506.131675615769
990 505.812952455172
1005 505.511084644197
1020 505.225151452246
1035 504.954285439969
1050 504.697669070208
1065 504.454531565002
1080 504.224145987733
1095 504.005826531727
1110 503.798925998271
1125 503.602833448731
1140 503.416972016882
1155 503.24079686875
1170 503.073793298601
1185 502.915474950625
1200 502.765382156699
1215 502.623080381697
1230 502.488158768354
1245 502.360228774419
1260 502.238922895492
1275 502.123893467451
1290 502.014811542852
1305 501.911365836195
1320 501.813261733318
1335 501.720220360531
1350 501.631977709546
1365 501.548283814431
1380 501.468901977162
1395 501.393608038659
1410 501.322189692298
1425 501.254445837249
1440 501.190185969053
1455 501.12922960516
1470 501.071405743165
1485 501.016552349856
1500 500.964515878992
1515 500.915150816273
1530 500.868319249673
1545 500.823890463751
1560 500.781740556464
1575 500.741752077098
1590 500.703813684182
1605 500.667819822108
1620 500.63367041546
1635 500.601270579972
1650 500.57053034919
1665 500.541364415937
1680 500.513691887694
1695 500.487436055208
1710 500.462524173476
1725 500.438887254498
1740 500.416459871055
1755 500.395179971007
1770 500.374988701442
1785 500.355830242136
1800 500.33765164788
1815 500.320402699122
1830 500.30403576051
1845 500.288505646869
1860 500.27376949626
1875 500.259786649678
1890 500.246518537076
1905 500.233928569371
1920 500.221982036101
1935 500.210646008388
1950 500.199889247027
1965 500.189682115334
1980 500.179996496528
1995 500.170805715445
2010 500.162084464263
2025 500.153808732153
2040 500.145955738538
2055 500.138503869805
2070 500.131432619342
2085 500.124722530608
2100 500.118355143233
2115 500.112312941825
2130 500.106579307475
2145 500.101138471744
2160 500.095975473004
2175 500.091076115099
2190 500.086426928049
2205 500.082015130844
2220 500.077828596101
2235 500.073855816623
2250 500.070085873557
2265 500.066508406317
2280 500.063113583952
2295 500.059892078039
2310 500.056835036955
2325 500.053934061477
2340 500.051181181632
2355 500.048568834697
2370 500.046089844416
2385 500.043737401177
2400 500.041505043298
2415 500.039386639191
