# Probe 0 (0.0015 0.0015 0)
# Probe 1 (0.0015 0.0015 0.002)
# Probe 2 (0.0015 0.0015 0.004)
# Probe 3 (0.0015 0.0015 0.006)
# Probe 4 (0.0015 0.0015 0.008)
# Probe 5 (0.0015 0.0015 0.01)
# Probe 6 (0.0015 0.0015 0.012)
# Probe 7 (0.0015 0.0015 0.014)
# Probe 8 (0.0015 0.0015 0.016)
# Probe 9 (0.0015 0.0015 0.018)
# Probe 10 (0.0015 0.0015 0.02)
# Time        0             1             2             3             4             5             6             7             8             9             10           
50            95518         95518         35077.9       13102         5147.95       2512.89       1548.52       1376.23       1570.96       2461.17       5223.04      
100           129289        129289        61361.4       24479.8       9371.21       4070.2        2052.95       1592.75       1739.32       2728.88       5654.28      
150           147606        147606        86175.3       39793.6       15897.6       6584.35       2885.71       1935.36       1965.11       3040.22       6129.17      
200           158350        158350        103688        55963.6       24693.1       10264.8       4156.97       2450.17       2265.32       3392.09       6612.27      
250           165498        165498        115924        70305.8       35154         15308.6       6021.11       3204.94       2667.12       3788.62       7086.3       
300           170744        170744        125091        82077.7       46053.3       21736.7       8661.23       4290.07       3209.83       4241.76       7548.91      
350           174826        174826        132303        91681.2       56245.2       29213.7       12235.8       5813          3946.51       4771.89       8007.99      
400           178126        178126        138170        99646.1       65262.1       37115.1       16798.6       7883.98       4942.29       5407.74       8478.64      
450           180865        180865        143066        106379        73152.6       44859         22225.8       10601.7       6275.61       6188.24       8982.36      
500           183194        183194        147244        112182        80105.4       52132.9       28219.5       14022.4       8032.88       7162.77       9546.6       
550           185214        185214        150881        117272        86301.1       58863.6       34430.2       18125.9       10296.1       8389.39       10204.1      
600           186998        186998        154101        121808        91887.9       65084.6       40587.8       22801.1       13123.2       9929.42       10991.2      
650           188598        188598        156995        125905        96980.8       70854.7       46551.2       27871.5       16524.1       11836.7       11943.8      
700           190052        190052        159630        129650        101669        76235.4       52273.5       33145.6       20437.5       14140.3       13090.6      
750           191387        191387        162054        133107        106021        81278.7       57744.2       38454.3       24727.3       16825.1       14443.5      
800           192624        192624        164302        136322        110084        86019.9       62953.5       43664.2       29210.9       19821.5       15989.6      
850           193777        193777        166399        139323        113887        90474.9       67883.6       48675.3       33704.6       23013.6       17688        
900           194853        194853        168356        142128        117443        94645.2       72511.7       53414.8       38058.5       26263.3       19475.3      
950           195855        195855        170180        144738        120751        98523.4       76814.9       57831.5       42167         29439.3       21277.4      
1000          196786        196786        171870        147156        123810        102101        80775.6       61891.3       45962.4       32438         23024        
1050          197643        197643        173427        149378        126614        105372        84382.5       65576         49408         35191.2       24658.9      
1100          198426        198426        174847        151401        129161        108331        87632.5       68880.7       52490.2       37664.1       26146        
1150          199134        199134        176131        153226        131451        110983        90531.4       71812.7       55213.4       39848.3       27468.6      
1200          199769        199769        177280        154857        133491        113337        93091.6       74388.4       57593.7       41751.9       28624.9      
1250          200334        200334        178300        156301        135293        115408        95333.2       76631.5       59655.9       43394.6       29623.2      
1300          200830        200830        179196        157568        136870        117214        97280.8       78570.6       61430.1       44801.7       30477.2      
1350          201264        201264        179979        158671        138240        118778        98960.8       80236         62946.9       45999.5       31203.1      
1400          201641        201641        180657        159626        139423        120125        100402        81658.8       64237.6       47014.8       31817.1      
1450          201965        201965        181241        160446        140437        121277        101631        82868.9       65331.6       47872.5       32334.8      
1500          202242        202242        181740        161148        141303        122259        102676        83894.2       66255.9       48595         32770.1      
1550          202479        202479        182165        161744        142039        123092        103561        84760.3       67034.7       49202.4       33135.5      
1600          202680        202680        182526        162250        142662        123796        104307        85490         67689.5       49711.9       33441.6      
1650          202850        202850        182831        162678        143188        124390        104936        86103.5       68239.3       50139.1       33697.9      
1700          202993        202993        183089        163038        143631        124890        105465        86618.3       68700         50496.5       33912.3      
1750          203114        203114        183306        163341        144003        125310        105908        87049.7       69085.6       50795.4       34091.4      
1800          203215        203215        183487        163596        144316        125661        106279        87410.8       69408.1       51045.1       34240.9      
1850          203300        203300        183640        163809        144577        125956        106590        87712.7       69677.5       51253.6       34365.7      
1900          203371        203371        183768        163987        144796        126202        106850        87964.9       69902.4       51427.5       34469.8      
1950          203431        203431        183874        164136        144979        126408        107067        88175.5       70090.1       51572.6       34556.6      
2000          203481        203481        183964        164261        145132        126580        107248        88351.2       70246.9       51693.8       34629        
2050          203522        203522        184038        164365        145260        126723        107399        88497.5       70377         51794.3       34689.1      
2100          203557        203557        184100        164452        145366        126843        107525        88619.6       70485.9       51878.4       34739.4      
2150          203586        203586        184152        164524        145454        126942        107630        88721.1       70576.2       51948.1       34781        
2200          203610        203610        184195        164584        145528        127025        107717        88805.5       70651.4       52006.2       34815.7      
2250          203630        203630        184231        164634        145589        127094        107789        88875.7       70713.9       52054.4       34844.6      
2300          203646        203646        184260        164675        145639        127150        107848        88933.1       70764.9       52093.8       34868.1      
2350          203659        203659        184284        164709        145681        127197        107898        88981.3       70807.9       52127.1       34888        
2400          203671        203671        184304        164737        145716        127236        107939        89021.3       70843.6       52154.6       34904.4      
2450          203680        203680        184322        164761        145745        127269        107973        89054.4       70873.1       52177.4       34918.1      
2500          203688        203688        184336        164781        145769        127296        108002        89082.4       70897.9       52196.6       34929.6      
2550          203695        203695        184348        164797        145789        127319        108026        89105.6       70918.6       52212.6       34939.1      
2600          203700        203700        184357        164810        145805        127336        108045        89123.6       70934.7       52225         34946.5      
2650          203704        203704        184365        164821        145819        127352        108061        89139.7       70948.9       52236         34953.2      
2700          203708        203708        184371        164831        145831        127365        108075        89153         70960.8       52245.2       34958.6      
2750          203711        203711        184377        164838        145840        127376        108086        89163.5       70970.2       52252.4       34963        
2800          203714        203714        184382        164845        145848        127385        108096        89172.9       70978.6       52258.9       34966.9      
2850          203716        203716        184385        164850        145854        127392        108103        89179.9       70984.8       52263.7       34969.7      
2900          203718        203718        184389        164855        145860        127398        108110        89186.7       70990.9       52268.4       34972.5      
2950          203719        203719        184391        164858        145864        127403        108115        89191.3       70995         52271.5       34974.4      
3000          203720        203720        184393        164861        145868        127407        108119        89195.9       70999.1       52274.7       34976.4      
3050          203721        203721        184395        164864        145871        127411        108123        89199.3       71002.1       52277.1       34977.6      
3100          203722        203722        184396        164865        145873        127413        108125        89201.6       71004.1       52278.7       34978.6      
3150          203722        203722        184397        164867        145875        127415        108127        89203.8       71006.1       52280.2       34979.5      
3200          203723        203723        184398        164868        145877        127417        108130        89206         71008.2       52281.8       34980.5      
3250          203723        203723        184398        164868        145877        127417        108130        89206         71008.2       52281.8       34980.5      
3300          203724        203724        184399        164870        145879        127419        108132        89208.3       71010.2       52283.5       34981.5      
3350          203724        203724        184399        164870        145879        127419        108132        89208.3       71010.2       52283.5       34981.5      
3400          203724        203724        184399        164870        145879        127419        108132        89208.3       71010.2       52283.5       34981.5      
3450          203724        203724        184399        164870        145879        127419        108132        89208.3       71010.2       52283.5       34981.5      
3500          203724        203724        184399        164870        145879        127419        108132        89208.3       71010.2       52283.5       34981.5      
3550          203724        203724        184399        164870        145879        127419        108132        89208.3       71010.2       52283.5       34981.5      
3600          203724        203724        184399        164870        145879        127419        108132        89208.3       71010.2       52283.5       34981.5      
3650          203724        203724        184399        164870        145879        127419        108132        89208.3       71010.2       52283.5       34981.5      
3700          203724        203724        184399        164870        145879        127419        108132        89208.3       71010.2       52283.5       34981.5      
3750          203724        203724        184399        164870        145879        127419        108132        89208.3       71010.2       52283.5       34981.5      
3800          203724        203724        184399        164870        145879        127419        108132        89208.3       71010.2       52283.5       34981.5      
3850          203724        203724        184399        164870        145879        127419        108132        89208.3       71010.2       52283.5       34981.5      
3900          203724        203724        184399        164870        145879        127419        108132        89208.3       71010.2       52283.5       34981.5      
3950          203724        203724        184399        164870        145879        127419        108132        89208.3       71010.2       52283.5       34981.5      
4000          203724        203724        184399        164870        145879        127419        108132        89208.3       71010.2       52283.5       34981.5      
4050          203724        203724        184399        164870        145879        127419        108132        89208.3       71010.2       52283.5       34981.5      
4100          203724        203724        184399        164870        145879        127419        108132        89208.3       71010.2       52283.5       34981.5      
4150          203724        203724        184399        164870        145879        127419        108132        89208.3       71010.2       52283.5       34981.5      
4200          203724        203724        184399        164870        145879        127419        108132        89208.3       71010.2       52283.5       34981.5      
4250          203724        203724        184399        164870        145879        127419        108132        89208.3       71010.2       52283.5       34981.5      
4300          203724        203724        184399        164870        145879        127419        108132        89208.3       71010.2       52283.5       34981.5      
4350          203724        203724        184399        164870        145879        127419        108132        89208.3       71010.2       52283.5       34981.5      
4400          203724        203724        184399        164870        145879        127419        108132        89208.3       71010.2       52283.5       34981.5      
4450          203724        203724        184399        164870        145879        127419        108132        89208.3       71010.2       52283.5       34981.5      
4500          203724        203724        184399        164870        145879        127419        108132        89208.3       71010.2       52283.5       34981.5      
4550          203724        203724        184399        164870        145879        127419        108132        89208.3       71010.2       52283.5       34981.5      
4600          203724        203724        184399        164870        145879        127419        108132        89208.3       71010.2       52283.5       34981.5      
4650          203724        203724        184399        164870        145879        127419        108132        89208.3       71010.2       52283.5       34981.5      
4700          203724        203724        184399        164870        145879        127419        108132        89208.3       71010.2       52283.5       34981.5      
4750          203724        203724        184399        164870        145879        127419        108132        89208.3       71010.2       52283.5       34981.5      
4800          203724        203724        184399        164870        145879        127419        108132        89208.3       71010.2       52283.5       34981.5      
4850          203724        203724        184399        164870        145879        127419        108132        89208.3       71010.2       52283.5       34981.5      
4900          203724        203724        184399        164870        145879        127419        108132        89208.3       71010.2       52283.5       34981.5      
4950          203724        203724        184399        164870        145879        127419        108132        89208.3       71010.2       52283.5       34981.5      
5000          203724        203724        184399        164870        145879        127419        108132        89208.3       71010.2       52283.5       34981.5      
