# Probe 0 (0.0015 0.0015 0)
# Probe 1 (0.0015 0.0015 0.002)
# Probe 2 (0.0015 0.0015 0.004)
# Probe 3 (0.0015 0.0015 0.006)
# Probe 4 (0.0015 0.0015 0.008)
# Probe 5 (0.0015 0.0015 0.01)
# Probe 6 (0.0015 0.0015 0.012)
# Probe 7 (0.0015 0.0015 0.014)
# Probe 8 (0.0015 0.0015 0.016)
# Probe 9 (0.0015 0.0015 0.018)
# Probe 10 (0.0015 0.0015 0.02)
# Time        0             1             2             3             4             5             6             7             8             9             10           
50            (-4.0111e-17 -8.18791e-18 -9.70957e-15) (-4.0111e-17 -8.18791e-18 -9.70957e-15) (-2.2327e-17 -3.20581e-17 -2.89439e-14) (1.16549e-16 9.00836e-17 -4.74108e-14) (5.70242e-17 3.8984e-17 -6.47047e-14) (1.3503e-16 -4.89889e-17 -8.12025e-14) (-5.5789e-17 -2.62542e-17 -9.58091e-14) (-2.92938e-16 2.90211e-17 -1.07266e-13) (-3.2212e-16 8.61968e-17 -1.16856e-13) (-8.618e-17 1.17841e-16 -1.22927e-13) (1.61248e-16 9.46092e-17 -1.23985e-13)
100           (-2.77568e-18 1.3889e-19 -5.417e-16) (-2.77568e-18 1.3889e-19 -5.417e-16) (-1.38778e-18 -1.65144e-18 -1.61439e-15) (9.31199e-18 4.16446e-18 -2.64102e-15) (2.91422e-18 1.38903e-18 -3.60366e-15) (9.4369e-18 -1.39928e-18 -4.5239e-15) (-4.17695e-18 -2.61177e-18 -5.33803e-15) (-1.7779e-17 1.37528e-19 -5.9755e-15) (-1.8016e-17 4.41452e-18 -6.50919e-15) (-4.42452e-18 6.92904e-18 -6.8462e-15) (7.32886e-18 6.91114e-18 -6.90386e-15)
150           (-1.42671e-15 -2.59939e-16 -3.48164e-13) (-1.42671e-15 -2.59939e-16 -3.48164e-13) (-8.00581e-16 -1.23541e-15 -1.03784e-12) (4.18293e-15 3.24341e-15 -1.69992e-12) (2.03203e-15 1.40283e-15 -2.32002e-12) (4.89574e-15 -1.87387e-15 -2.91149e-12) (-2.05834e-15 -9.38835e-16 -3.43498e-12) (-1.04553e-14 1.06307e-15 -3.84562e-12) (-1.15758e-14 3.12305e-15 -4.18936e-12) (-3.00519e-15 4.17923e-15 -4.40684e-12) (5.79497e-15 3.34345e-15 -4.44472e-12)
200           (-7.89828e-17 -1.50045e-17 -1.93887e-14) (-7.89828e-17 -1.50045e-17 -1.93887e-14) (-4.5411e-17 -6.93906e-17 -5.78022e-14) (2.34263e-16 1.7804e-16 -9.46803e-14) (1.138e-16 7.64808e-17 -1.29222e-13) (2.72148e-16 -1.03962e-16 -1.62171e-13) (-1.14062e-16 -5.27346e-17 -1.91339e-13) (-5.82926e-16 5.70509e-17 -2.14221e-13) (-6.4409e-16 1.77234e-16 -2.33378e-13) (-1.69298e-16 2.32029e-16 -2.45498e-13) (3.24869e-16 1.88615e-16 -2.47612e-13)
250           (-1.6667e-18 -1.5124e-19 -1.08073e-15) (-1.6667e-18 -1.5124e-19 -1.08073e-15) (-2.77682e-18 -4.2895e-18 -3.22123e-15) (1.38778e-17 1.08387e-17 -5.27439e-15) (8.05052e-18 5.41246e-18 -7.19524e-15) (1.53918e-17 -5.41123e-18 -9.03206e-15) (-5.56374e-18 -2.76182e-18 -1.06591e-14) (-3.20568e-17 4.02818e-18 -1.19342e-14) (-3.47197e-17 1.09884e-17 -1.30003e-14) (-7.12903e-18 1.38665e-17 -1.36744e-14) (2.04131e-17 8.46559e-18 -1.37903e-14)
300           (-5.51112e-15 -1.00995e-15 -1.3453e-12) (-5.51112e-15 -1.00995e-15 -1.3453e-12) (-3.09794e-15 -4.7741e-15 -4.00806e-12) (1.61286e-14 1.2506e-14 -6.55867e-12) (7.84634e-15 5.42292e-15 -8.93977e-12) (1.88197e-14 -7.2288e-15 -1.12025e-11) (-7.85044e-15 -3.60414e-15 -1.31972e-11) (-4.01285e-14 4.05987e-15 -1.47543e-11) (-4.43444e-14 1.19729e-14 -1.60541e-11) (-1.15364e-14 1.59973e-14 -1.68733e-11) (2.21872e-14 1.27876e-14 -1.70108e-11)
350           (-3.03783e-16 -5.41377e-17 -7.43626e-14) (-3.03783e-16 -5.41377e-17 -7.43626e-14) (-1.69303e-16 -2.66331e-16 -2.21673e-13) (8.92619e-16 6.91415e-16 -3.631e-13) (4.36883e-16 2.99379e-16 -4.9557e-13) (1.04644e-15 -3.99686e-16 -6.21935e-13) (-4.39924e-16 -1.98609e-16 -7.3379e-13) (-2.23428e-15 2.2635e-16 -8.21544e-13) (-2.47189e-15 6.67669e-16 -8.95007e-13) (-6.41319e-16 8.95285e-16 -9.41493e-13) (1.23934e-15 7.15978e-16 -9.496e-13)
400           (-1.92789e-17 -4.02455e-18 -4.1443e-15) (-1.92789e-17 -4.02455e-18 -4.1443e-15) (-1.09635e-17 -1.6641e-17 -1.23517e-14) (4.89599e-17 3.85969e-17 -2.02261e-14) (2.51189e-17 1.56418e-17 -2.76033e-14) (5.82871e-17 -2.19422e-17 -3.46427e-14) (-2.62554e-17 -9.71574e-18 -4.08748e-14) (-1.2615e-16 1.24913e-17 -4.57649e-14) (-1.3738e-16 3.74688e-17 -4.98561e-14) (-3.60701e-17 4.88625e-17 -5.24449e-14) (6.82925e-17 4.1356e-17 -5.28973e-14)
450           (-1.38901e-18 -1.37264e-18 -2.32181e-16) (-1.38901e-18 -1.37264e-18 -2.32181e-16) (-1.38653e-19 -1.25175e-18 -6.90151e-16) (4.0247e-18 4.1357e-19 -1.12748e-15) (1.5128e-18 2.50075e-19 -1.5377e-15) (2.80179e-18 2.48389e-18 -1.92985e-15) (-2.50065e-19 1.23638e-18 -2.27827e-15) (-6.93767e-18 1.38665e-21 -2.5484e-15) (-7.07518e-18 2.91295e-18 -2.77456e-15) (-1.5128e-18 4.02342e-18 -2.91873e-15) (5.28744e-18 2.78804e-18 -2.94115e-15)
500           (-1.70942e-15 -3.13813e-16 -4.16986e-13) (-1.70942e-15 -3.13813e-16 -4.16986e-13) (-9.58817e-16 -1.48081e-15 -1.24301e-12) (5.00996e-15 3.88597e-15 -2.03604e-12) (2.43387e-15 1.68035e-15 -2.77884e-12) (5.8656e-15 -2.24842e-15 -3.48742e-12) (-2.46362e-15 -1.12703e-15 -4.11464e-12) (-1.25236e-14 1.27013e-15 -4.6067e-12) (-1.38659e-14 3.74178e-15 -5.01864e-12) (-3.6002e-15 5.00663e-15 -5.27929e-12) (6.94683e-15 4.0028e-15 -5.32474e-12)
550           (-9.58708e-17 -1.5407e-17 -2.3228e-14) (-9.58708e-17 -1.5407e-17 -2.3228e-14) (-5.38639e-17 -8.43813e-17 -6.92413e-14) (2.7809e-16 2.16247e-16 -1.1342e-13) (1.37393e-16 9.17104e-17 -1.54803e-13) (3.27659e-16 -1.26012e-16 -1.94275e-13) (-1.37531e-16 -6.3687e-17 -2.29214e-13) (-6.96695e-16 6.80157e-17 -2.56622e-13) (-7.71779e-16 2.09569e-16 -2.79572e-13) (-2.02194e-16 2.81584e-16 -2.94095e-13) (3.83725e-16 2.25962e-16 -2.96627e-13)
600           (-5.41397e-18 -1.24901e-18 -1.29269e-15) (-5.41397e-18 -1.24901e-18 -1.29269e-15) (-2.77582e-18 -6.93627e-18 -3.8569e-15) (1.39055e-17 1.38401e-17 -6.31831e-15) (8.44932e-18 4.1771e-18 -8.62211e-15) (1.92764e-17 -5.54015e-18 -1.08246e-14) (-9.57569e-18 -4.06203e-18 -1.27726e-14) (-3.89842e-17 2.99914e-18 -1.42982e-14) (-4.28839e-17 1.24801e-17 -1.55752e-14) (-1.22651e-17 1.55032e-17 -1.63841e-14) (2.09417e-17 1.27649e-17 -1.65232e-14)
650           (-6.37413e-15 -1.16454e-15 -1.55611e-12) (-6.37413e-15 -1.16454e-15 -1.55611e-12) (-3.58768e-15 -5.51412e-15 -4.63244e-12) (1.86008e-14 1.44141e-14 -7.5695e-12) (9.06349e-15 6.28184e-15 -1.02979e-11) (2.15958e-14 -8.32811e-15 -1.28761e-11) (-8.91063e-15 -4.12458e-15 -1.51352e-11) (-4.59506e-14 4.62045e-15 -1.68853e-11) (-5.06309e-14 1.36827e-14 -1.83397e-11) (-1.32038e-14 1.82443e-14 -1.92511e-11) (2.5298e-14 1.45824e-14 -1.93949e-11)
700           (-3.47357e-16 -6.27154e-17 -8.50476e-14) (-3.47357e-16 -6.27154e-17 -8.50476e-14) (-1.97905e-16 -3.02554e-16 -2.53522e-13) (1.02044e-15 7.91214e-16 -4.15269e-13) (4.95582e-16 3.42901e-16 -5.66769e-13) (1.19635e-15 -4.58113e-16 -7.11288e-13) (-5.01437e-16 -2.30485e-16 -8.39213e-13) (-2.55392e-15 2.58282e-16 -9.3957e-13) (-2.82855e-15 7.64578e-16 -1.02359e-12) (-7.34299e-16 1.02145e-15 -1.07675e-12) (1.41574e-15 8.16076e-16 -1.08602e-12)
750           (-1.943e-17 -2.77807e-18 -4.73684e-15) (-1.943e-17 -2.77807e-18 -4.73684e-15) (-1.09787e-17 -1.6806e-17 -1.41219e-14) (5.56641e-17 4.42705e-17 -2.31332e-14) (2.77446e-17 1.94014e-17 -3.15714e-14) (6.66138e-17 -2.62415e-17 -3.96221e-14) (-2.9006e-17 -1.23901e-17 -4.67504e-14) (-1.4146e-16 1.37654e-17 -5.23411e-14) (-1.56847e-16 4.17623e-17 -5.70229e-14) (-3.88869e-17 5.84005e-17 -5.99831e-14) (7.88415e-17 4.55597e-17 -6.04989e-14)
800           (-1.26299e-19 -1.11297e-19 -2.6479e-16) (-1.26299e-19 -1.11297e-19 -2.6479e-16) (-1.38764e-18 -2.63692e-18 -7.87293e-16) (2.6508e-18 2.77706e-18 -1.28715e-15) (1.40166e-18 1.27397e-19 -1.75694e-15) (5.41095e-18 -1.249e-18 -2.20546e-15) (-1.50033e-18 1.36007e-18 -2.6032e-15) (-9.7007e-18 1.26139e-18 -2.9147e-15) (-9.71319e-18 4.14933e-18 -3.17432e-15) (-2.63567e-18 3.0255e-18 -3.33997e-15) (5.41373e-18 2.91185e-18 -3.36659e-15)
850           (-2.51169e-15 -4.56164e-16 -6.13015e-13) (-2.51169e-15 -4.56164e-16 -6.13015e-13) (-1.41204e-15 -2.1761e-15 -1.82736e-12) (7.36135e-15 5.71136e-15 -2.9932e-12) (3.57917e-15 2.4685e-15 -4.0852e-12) (8.62347e-15 -3.30094e-15 -5.12689e-12) (-3.62246e-15 -1.65635e-15 -6.04896e-12) (-1.84125e-14 1.86683e-15 -6.77234e-12) (-2.03839e-14 5.49919e-15 -7.37793e-12) (-5.29238e-15 7.36206e-15 -7.76111e-12) (1.02114e-14 5.88123e-15 -7.82792e-12)
900           (-1.42657e-16 -2.37049e-17 -3.41489e-14) (-1.42657e-16 -2.37049e-17 -3.41489e-14) (-7.88304e-17 -1.23137e-16 -1.01796e-13) (4.1179e-16 3.16594e-16 -1.66741e-13) (1.99844e-16 1.37256e-16 -2.27572e-13) (4.79083e-16 -1.84552e-16 -2.85602e-13) (-2.00136e-16 -9.00839e-17 -3.36967e-13) (-1.0256e-15 1.01486e-16 -3.77262e-13) (-1.13537e-15 3.0809e-16 -4.10997e-13) (-2.9695e-16 4.11026e-16 -4.32341e-13) (5.67925e-16 3.30169e-16 -4.36061e-13)
950           (-7.19247e-18 -1.26262e-18 -1.90168e-15) (-7.19247e-18 -1.26262e-18 -1.90168e-15) (-5.55123e-18 -6.93914e-18 -5.67136e-15) (2.483e-17 1.80425e-17 -9.28872e-15) (1.24638e-17 8.07785e-18 -1.26765e-14) (2.77407e-17 -8.32931e-18 -1.59079e-14) (-1.13783e-17 -5.54974e-18 -1.87702e-14) (-5.69006e-17 5.42634e-18 -2.10156e-14) (-6.37006e-17 1.81922e-17 -2.28975e-14) (-1.80411e-17 2.35924e-17 -2.40863e-14) (3.06564e-17 1.9153e-17 -2.42932e-14)
1000          (4.2714e-15 7.77766e-16 1.04268e-12) (4.2714e-15 7.77766e-16 1.04268e-12) (2.4324e-15 3.66276e-15 3.07982e-12) (-1.21113e-14 -9.31408e-15 4.96023e-12) (-5.99972e-15 -4.26485e-15 6.61698e-12) (-1.3315e-14 5.35366e-15 8.08444e-12) (4.85608e-15 2.45189e-15 9.27714e-12) (2.7709e-14 -2.6167e-15 1.01117e-11) (2.95453e-14 -8.07267e-15 1.07617e-11) (7.93254e-15 -1.05098e-14 1.11331e-11) (-1.45292e-14 -8.39332e-15 1.11291e-11)
1050          (2.07923e-16 3.75966e-17 5.05619e-14) (2.07923e-16 3.75966e-17 5.05619e-14) (1.15451e-16 1.80402e-16 1.50716e-13) (-6.07596e-16 -4.71868e-16 2.46871e-13) (-2.95737e-16 -2.0423e-16 3.36941e-13) (-7.10706e-16 2.71898e-16 4.2286e-13) (2.98517e-16 1.37004e-16 4.98911e-13) (1.51843e-15 -1.53907e-16 5.58575e-13) (1.67804e-15 -4.52725e-16 6.08522e-13) (4.3729e-16 -6.07884e-16 6.40124e-13) (-8.4507e-16 -4.8451e-16 6.45637e-13)
1100          (1.01043e-17 1.27537e-18 2.81659e-15) (1.01043e-17 1.27537e-18 2.81659e-15) (7.05004e-18 9.9756e-18 8.39569e-15) (-3.34455e-17 -2.63676e-17 1.37517e-14) (-1.55305e-17 -1.09762e-17 1.87689e-14) (-3.77327e-17 1.51407e-17 2.3556e-14) (1.92789e-17 8.18663e-18 2.77897e-14) (8.60291e-17 -7.07656e-18 3.11122e-14) (9.31206e-17 -2.63416e-17 3.38964e-14) (2.49775e-17 -3.21843e-17 3.56571e-14) (-4.86974e-17 -2.92433e-17 3.59647e-14)
1150          (-5.92393e-15 -1.04568e-15 -1.4454e-12) (-5.92393e-15 -1.04568e-15 -1.4454e-12) (-3.54403e-15 -4.89178e-15 -4.12998e-12) (1.46722e-14 1.08215e-14 -6.20923e-12) (7.86816e-15 6.24869e-15 -7.47476e-12) (1.17595e-14 -6.03452e-15 -8.02159e-12) (-9.56086e-16 -1.71423e-15 -7.97345e-12) (-2.14672e-14 1.22489e-15 -7.49214e-12) (-1.82971e-14 5.40892e-15 -6.93882e-12) (-5.8772e-15 5.89612e-15 -6.45396e-12) (7.97886e-15 4.68987e-15 -6.079e-12)
1200          (-1.49886e-16 -2.49967e-17 -3.66686e-14) (-1.49886e-16 -2.49967e-17 -3.66686e-14) (-8.33823e-17 -1.31602e-16 -1.09305e-13) (4.41459e-16 3.41274e-16 -1.79041e-13) (2.15111e-16 1.46958e-16 -2.44361e-13) (5.16136e-16 -1.98181e-16 -3.06675e-13) (-2.16512e-16 -9.99206e-17 -3.61831e-13) (-1.10083e-15 1.07166e-16 -4.05102e-13) (-1.22004e-15 3.30435e-16 -4.41325e-13) (-3.19195e-16 4.40197e-16 -4.64245e-13) (6.10773e-16 3.53751e-16 -4.68242e-13)
1250          (-6.95402e-18 -1.26288e-18 -2.0431e-15) (-6.95402e-18 -1.26288e-18 -2.0431e-15) (-4.29061e-18 -7.07518e-18 -6.08889e-15) (2.50926e-17 1.68048e-17 -9.97238e-15) (1.12411e-17 8.07575e-18 -1.36112e-14) (3.0505e-17 -8.46684e-18 -1.7084e-14) (-1.113e-17 -4.17584e-18 -2.01578e-14) (-6.10752e-17 6.78889e-18 -2.25667e-14) (-6.80153e-17 1.6666e-17 -2.45854e-14) (-1.66687e-17 2.51189e-17 -2.5863e-14) (3.45583e-17 1.81814e-17 -2.60866e-14)
1300          (4.76006e-15 8.62466e-16 1.16199e-12) (4.76006e-15 8.62466e-16 1.16199e-12) (2.72483e-15 4.06526e-15 3.41968e-12) (-1.33218e-14 -1.02082e-14 5.4717e-12) (-6.64666e-15 -4.77676e-15 7.23663e-12) (-1.42993e-14 5.85613e-15 8.75367e-12) (4.92278e-15 2.59618e-15 9.94243e-12) (2.94887e-14 -2.71316e-15 1.073e-11) (3.10056e-14 -8.51547e-15 1.13215e-11) (8.42511e-15 -1.09655e-14 1.16397e-11) (-1.5143e-14 -8.75791e-15 1.15968e-11)
1350          (2.19152e-16 4.01096e-17 5.34971e-14) (2.19152e-16 4.01096e-17 5.34971e-14) (1.24765e-16 1.90131e-16 1.59471e-13) (-6.45065e-16 -4.99597e-16 2.61212e-13) (-3.16004e-16 -2.15111e-16 3.56508e-13) (-7.52339e-16 2.86027e-16 4.47414e-13) (3.16695e-16 1.43096e-16 5.27882e-13) (1.60738e-15 -1.61276e-16 5.91009e-13) (1.77798e-15 -4.8284e-16 6.43861e-13) (4.63637e-16 -6.4284e-16 6.773e-13) (-8.91007e-16 -5.13635e-16 6.83128e-13)
1400          (1.26261e-17 1.39903e-19 2.97847e-15) (1.26261e-17 1.39903e-19 2.97847e-15) (6.81274e-18 1.10922e-17 8.88128e-15) (-3.48347e-17 -2.9006e-17 1.45503e-14) (-1.93026e-17 -1.1216e-17 1.98604e-14) (-4.1771e-17 1.55167e-17 2.49253e-14) (1.55583e-17 9.32463e-18 2.9411e-14) (8.87086e-17 -8.31432e-18 3.29263e-14) (9.85218e-17 -2.75908e-17 3.58659e-14) (2.51327e-17 -3.59588e-17 3.77288e-14) (-4.86101e-17 -3.038e-17 3.80548e-14)
1450          (-4.62791e-14 -8.14207e-15 -1.1299e-11) (-4.62791e-14 -8.14207e-15 -1.1299e-11) (-2.82555e-14 -3.74883e-14 -3.17511e-11) (1.08045e-13 7.81744e-14 -4.63387e-11) (5.93895e-14 4.84362e-14 -5.3737e-11) (7.84017e-14 -4.31441e-14 -5.5427e-11) (-1.20985e-15 -1.08512e-14 -5.30942e-11) (-1.39555e-13 7.00582e-15 -4.83087e-11) (-1.14182e-13 3.42231e-14 -4.35902e-11) (-3.75279e-14 3.62437e-14 -3.98309e-11) (4.88354e-14 2.87857e-14 -3.71704e-11)
1500          (-9.68863e-16 -1.76531e-16 -2.36906e-13) (-9.68863e-16 -1.76531e-16 -2.36906e-13) (-5.45274e-16 -8.41038e-16 -7.06204e-13) (2.84545e-15 2.20693e-15 -1.15676e-12) (1.38365e-15 9.5466e-16 -1.57878e-12) (3.33274e-15 -1.27569e-15 -1.98135e-12) (-1.39797e-15 -6.39804e-16 -2.3377e-12) (-7.1159e-15 7.20294e-16 -2.61726e-12) (-7.87695e-15 2.12755e-15 -2.8513e-12) (-2.04593e-15 2.84397e-15 -2.99939e-12) (3.94606e-15 2.27356e-15 -3.02521e-12)
1550          (-5.55027e-17 -9.5908e-18 -1.3198e-14) (-5.55027e-17 -9.5908e-18 -1.3198e-14) (-3.16566e-17 -4.856e-17 -3.93406e-14) (1.59471e-16 1.2214e-16 -6.44383e-14) (7.78421e-17 5.14855e-17 -8.79459e-14) (1.84605e-16 -6.82815e-17 -1.1037e-13) (-7.91074e-17 -3.49597e-17 -1.30218e-13) (-3.96786e-16 3.87346e-17 -1.45792e-13) (-4.35795e-16 1.19461e-16 -1.58834e-13) (-1.14925e-16 1.59611e-16 -1.67085e-13) (2.21896e-16 1.26427e-16 -1.68523e-13)
1600          (-1.30075e-18 1.24851e-23 -7.36026e-16) (-1.30075e-18 1.24851e-23 -7.36026e-16) (-1.51281e-18 -2.91296e-18 -2.19233e-15) (9.43843e-18 8.05065e-18 -3.58874e-15) (4.16332e-18 2.51202e-18 -4.89837e-15) (1.09409e-17 -2.66445e-18 -6.14956e-15) (-4.29213e-18 -2.63541e-18 -7.25617e-15) (-2.20922e-17 4.01069e-20 -8.12208e-15) (-2.37072e-17 5.56376e-18 -8.84534e-15) (-6.93764e-18 9.46467e-18 -9.3063e-15) (1.23651e-17 7.20119e-18 -9.38739e-15)
1650          (-4.24248e-15 -7.76766e-16 -1.03535e-12) (-4.24248e-15 -7.76766e-16 -1.03535e-12) (-2.38086e-15 -3.67518e-15 -3.08611e-12) (1.24301e-14 9.64543e-15 -5.05443e-12) (6.03855e-15 4.16997e-15 -6.89737e-12) (1.45533e-14 -5.57712e-15 -8.65459e-12) (-6.10992e-15 -2.79324e-15 -1.02093e-11) (-3.1069e-14 3.15073e-15 -1.14283e-11) (-3.43926e-14 9.27907e-15 -1.24484e-11) (-8.93302e-15 1.24174e-14 -1.30936e-11) (1.72262e-14 9.9243e-15 -1.32056e-11)
1700          (-2.37304e-16 -4.17496e-17 -5.76221e-14) (-2.37304e-16 -4.17496e-17 -5.76221e-14) (-1.31708e-16 -2.04168e-16 -1.71771e-13) (6.91143e-16 5.3958e-16 -2.81359e-13) (3.37085e-16 2.31763e-16 -3.84006e-13) (8.10503e-16 -3.10731e-16 -4.81925e-13) (-3.39025e-16 -1.53935e-16 -5.68601e-13) (-1.72951e-15 1.74915e-16 -6.36598e-13) (-1.91524e-15 5.1654e-16 -6.93523e-13) (-4.9701e-16 6.95298e-16 -7.29545e-13) (9.60621e-16 5.5376e-16 -7.35829e-13)
1750          (-1.13648e-17 -1.38778e-18 -3.21077e-15) (-1.13648e-17 -1.38778e-18 -3.21077e-15) (-7.06516e-18 -1.47246e-17 -9.56945e-15) (3.74691e-17 3.05311e-17 -1.56755e-14) (1.83037e-17 1.12296e-17 -2.1394e-14) (4.57717e-17 -1.76401e-17 -2.68466e-14) (-2.08031e-17 -9.60079e-18 -3.16764e-14) (-9.7045e-17 8.3253e-18 -3.54631e-14) (-1.05447e-16 3.0406e-17 -3.86321e-14) (-2.78969e-17 4.02456e-17 -4.06405e-14) (5.39838e-17 3.19204e-17 -4.09904e-14)
1800          (1.86288e-14 3.0685e-15 4.56543e-12) (1.86288e-14 3.0685e-15 4.56543e-12) (1.10793e-14 1.47843e-14 1.28318e-11) (-4.19363e-14 -2.96453e-14 1.82624e-11) (-2.38078e-14 -2.03213e-14 2.00215e-11) (-2.48627e-14 1.59264e-14 1.91503e-11) (-3.56083e-15 2.94667e-15 1.68416e-11) (4.15168e-14 -1.21089e-15 1.39839e-11) (2.92785e-14 -9.23487e-15 1.15052e-11) (1.05608e-14 -8.60291e-15 9.73278e-12) (-1.14078e-14 -6.8219e-15 8.67357e-12)
1850          (2.94345e-16 5.42373e-17 7.20329e-14) (2.94345e-16 5.42373e-17 7.20329e-14) (1.66375e-16 2.56482e-16 2.14722e-13) (-8.64754e-16 -6.71623e-16 3.51708e-13) (-4.20529e-16 -2.91286e-16 4.80016e-13) (-1.01338e-15 3.88471e-16 6.0242e-13) (4.28716e-16 1.94433e-16 7.10769e-13) (2.16405e-15 -2.21768e-16 7.95768e-13) (2.3942e-15 -6.46865e-16 8.66927e-13) (6.23148e-16 -8.66014e-16 9.11953e-13) (-1.19926e-15 -6.91287e-16 9.19797e-13)
1900          (1.80284e-17 1.5138e-18 4.01264e-15) (1.80284e-17 1.5138e-18 4.01264e-15) (8.2019e-18 1.40306e-17 1.19601e-14) (-4.74361e-17 -3.63336e-17 1.95924e-14) (-2.34813e-17 -1.52783e-17 2.67427e-14) (-5.56252e-17 2.33033e-17 3.35594e-14) (2.47277e-17 9.82689e-18 3.9593e-14) (1.19369e-16 -1.12259e-17 4.43314e-14) (1.30618e-16 -3.85929e-17 4.82968e-14) (3.34593e-17 -4.84613e-17 5.08054e-14) (-6.67525e-17 -3.87469e-17 5.12405e-14)
1950          (1.26525e-19 -1.38628e-20 2.24616e-16) (1.26525e-19 -1.38628e-20 2.24616e-16) (-9.98049e-19 2.66301e-18 6.69135e-16) (-2.77567e-18 -1.39029e-18 1.09401e-15) (-3.90951e-19 -2.6204e-21 1.48922e-15) (-2.65053e-18 1.38642e-19 1.86806e-15) (1.63773e-18 1.21851e-25 2.2068e-15) (7.18897e-18 -2.37321e-19 2.46875e-15) (8.29894e-18 -1.38779e-18 2.68587e-15) (1.38915e-18 -1.52683e-18 2.82652e-15) (-2.90309e-18 -3.8883e-18 2.85474e-15)
2000          (-2.01247e-16 -3.49735e-17 -4.92553e-14) (-2.01247e-16 -3.49735e-17 -4.92553e-14) (-1.12401e-16 -1.74865e-16 -1.46827e-13) (5.91195e-16 4.60487e-16 -2.405e-13) (2.87389e-16 1.98456e-16 -3.2824e-13) (6.92802e-16 -2.63596e-16 -4.11938e-13) (-2.91339e-16 -1.3174e-16 -4.86026e-13) (-1.47959e-15 1.50017e-16 -5.44148e-13) (-1.63781e-15 4.40362e-16 -5.92807e-13) (-4.27454e-16 5.89993e-16 -6.23596e-13) (8.21716e-16 4.73142e-16 -6.28965e-13)
2050          (-1.23412e-17 -1.52641e-18 -2.74455e-15) (-1.23412e-17 -1.52641e-18 -2.74455e-15) (-6.80025e-18 -9.71721e-18 -8.17905e-15) (3.56812e-17 2.75792e-17 -1.33976e-14) (1.66548e-17 9.71809e-18 -1.82856e-14) (3.88332e-17 -1.26178e-17 -2.29465e-14) (-1.8177e-17 -5.80107e-18 -2.70733e-14) (-8.45163e-17 8.07576e-18 -3.03123e-14) (-8.91096e-17 2.49815e-17 -3.30254e-14) (-2.37062e-17 3.47945e-17 -3.47419e-14) (4.57845e-17 2.76169e-17 -3.50387e-14)
2100          (2.78511e-14 4.91531e-15 6.80041e-12) (2.78511e-14 4.91531e-15 6.80041e-12) (1.67405e-14 2.28731e-14 1.93376e-11) (-6.82563e-14 -5.02479e-14 2.89287e-11) (-3.66441e-14 -2.90899e-14 3.47502e-11) (-5.48975e-14 2.80273e-14 3.73387e-11) (5.04358e-15 8.08592e-15 3.72825e-11) (1.00847e-13 -5.96759e-15 3.52906e-11) (8.72339e-14 -2.56529e-14 3.29816e-11) (2.76797e-14 -2.83544e-14 3.09317e-11) (-3.84219e-14 -2.25487e-14 2.92829e-11)
2150          (7.06277e-16 1.29056e-16 1.72251e-13) (7.06277e-16 1.29056e-16 1.72251e-13) (3.96876e-16 6.12035e-16 5.13471e-13) (-2.06927e-15 -1.60697e-15 8.41063e-13) (-1.00478e-15 -6.93651e-16 1.14791e-12) (-2.42342e-15 9.27328e-16 1.44061e-12) (1.01883e-15 4.65065e-16 1.69971e-12) (5.17176e-15 -5.22329e-16 1.90297e-12) (5.72816e-15 -1.54621e-15 2.07314e-12) (1.48653e-15 -2.06828e-15 2.18081e-12) (-2.86895e-15 -1.65306e-15 2.19958e-12)
2200          (3.7735e-17 6.81287e-18 9.59539e-15) (3.7735e-17 6.81287e-18 9.59539e-15) (2.34524e-17 3.58201e-17 2.86046e-14) (-1.127e-16 -9.03186e-17 4.68545e-14) (-5.8288e-17 -3.72206e-17 6.39465e-14) (-1.33506e-16 5.12233e-17 8.02537e-14) (5.80108e-17 2.62418e-17 9.46851e-14) (2.87416e-16 -2.78959e-17 1.06009e-13) (3.20294e-16 -8.60578e-17 1.15488e-13) (8.07843e-17 -1.15312e-16 1.21487e-13) (-1.60857e-16 -9.15966e-17 1.22535e-13)
2250          (2.87647e-18 -1.12285e-19 5.34781e-16) (2.87647e-18 -1.12285e-19 5.34781e-16) (1.50031e-18 2.7893e-18 1.59535e-15) (-6.94152e-18 -5.5486e-18 2.61141e-15) (-2.90309e-18 -1.53903e-18 3.56337e-15) (-7.06517e-18 1.26403e-18 4.47199e-15) (2.78569e-18 1.38641e-18 5.27693e-15) (1.53932e-17 -1.23789e-18 5.90873e-15) (1.6681e-17 -4.3021e-18 6.43543e-15) (4.16473e-18 -6.92403e-18 6.77039e-15) (-9.83936e-18 -5.66341e-18 6.82739e-15)
2300          (-4.89101e-15 -8.95895e-16 -1.19425e-12) (-4.89101e-15 -8.95895e-16 -1.19425e-12) (-2.74582e-15 -4.23978e-15 -3.55993e-12) (1.43428e-14 1.11291e-14 -5.83099e-12) (6.96964e-15 4.80974e-15 -7.95805e-12) (1.67949e-14 -6.43482e-15 -9.9869e-12) (-7.05769e-15 -3.22275e-15 -1.17826e-11) (-3.58591e-14 3.63673e-15 -1.31912e-11) (-3.97056e-14 1.0715e-14 -1.43703e-11) (-1.03084e-14 1.43342e-14 -1.51163e-11) (1.98859e-14 1.14578e-14 -1.52463e-11)
2350          (-2.70876e-16 -4.85863e-17 -6.65136e-14) (-2.70876e-16 -4.85863e-17 -6.65136e-14) (-1.52771e-16 -2.37175e-16 -1.98273e-13) (7.97891e-16 6.20373e-16 -3.24771e-13) (3.89969e-16 2.67834e-16 -4.43258e-13) (9.36928e-16 -3.58041e-16 -5.56285e-13) (-3.9415e-16 -1.77925e-16 -6.56335e-13) (-1.99875e-15 2.04007e-16 -7.34826e-13) (-2.2111e-15 5.98006e-16 -8.00538e-13) (-5.7454e-16 7.99775e-16 -8.4212e-13) (1.10775e-15 6.38664e-16 -8.49372e-13)
2400          (-1.61401e-17 -2.53836e-18 -3.70662e-15) (-1.61401e-17 -2.53836e-18 -3.70662e-15) (-8.31431e-18 -1.24792e-17 -1.10478e-14) (4.45327e-17 3.70677e-17 -1.80931e-14) (2.23408e-17 1.41139e-17 -2.46911e-14) (5.4122e-17 -1.83176e-17 -3.09909e-14) (-2.37046e-17 -9.70182e-18 -3.65655e-14) (-1.12275e-16 9.84325e-18 -4.09357e-14) (-1.22138e-16 3.33182e-17 -4.45953e-14) (-3.31681e-17 4.57857e-17 -4.69112e-14) (6.23253e-17 3.596e-17 -4.73162e-14)
2450          (-1.96784e-10 -2.83746e-10 -3.12018e-10) (-1.96784e-10 -2.83746e-10 -3.12018e-10) (8.58803e-20 1.33854e-18 -9.50347e-12) (3.30799e-14 1.47785e-14 -1.53324e-11) (3.08662e-14 3.03562e-14 -1.10265e-11) (9.7703e-15 -1.21889e-14 -9.43366e-12) (8.22693e-15 -7.32098e-16 -7.47992e-12) (-1.73653e-14 -2.23119e-16 -5.6258e-12) (-9.42283e-15 3.33271e-15 -4.19382e-12) (-3.90148e-15 2.51347e-15 -3.26132e-12) (3.20319e-15 1.99984e-15 -2.76265e-12)
2500          (8.18706e-17 1.27526e-17 1.99963e-14) (8.18706e-17 1.27526e-17 1.99963e-14) (4.34263e-17 7.10294e-17 5.96108e-14) (-2.40102e-16 -1.87114e-16 9.76448e-14) (-1.16713e-16 -8.02405e-17 1.33267e-13) (-2.8296e-16 1.09248e-16 1.67245e-13) (1.18102e-16 5.27221e-17 1.97327e-13) (6.02317e-16 -5.98261e-17 2.20923e-13) (6.63534e-16 -1.77929e-16 2.40673e-13) (1.71952e-16 -2.40116e-16 2.53172e-13) (-3.3346e-16 -1.9268e-16 2.55351e-13)
2550          (3.05186e-18 1.26151e-20 1.11361e-15) (3.05186e-18 1.26151e-20 1.11361e-15) (1.52517e-18 6.66135e-18 3.32346e-15) (-1.27413e-17 -1.23614e-17 5.44393e-15) (-6.93902e-18 -2.90046e-18 7.42601e-15) (-1.6627e-17 4.2885e-18 9.31878e-15) (5.84101e-18 1.40177e-18 1.09951e-14) (3.34469e-17 -5.26121e-18 1.23085e-14) (3.74452e-17 -1.10884e-17 1.34078e-14) (8.46706e-18 -1.41039e-17 1.41044e-14) (-1.81787e-17 -1.11172e-17 1.42296e-14)
2600          (-3.88718e-16 -7.06658e-17 -9.47931e-14) (-3.88718e-16 -7.06658e-17 -9.47931e-14) (-2.19124e-16 -3.37125e-16 -2.82519e-13) (1.13679e-15 8.82533e-16 -4.62607e-13) (5.5361e-16 3.80271e-16 -6.31102e-13) (1.33093e-15 -5.10574e-16 -7.91624e-13) (-5.57937e-16 -2.55394e-16 -9.3352e-13) (-2.83856e-15 2.87262e-16 -1.04465e-12) (-3.13986e-15 8.45712e-16 -1.1376e-12) (-8.1733e-16 1.13526e-15 -1.19633e-12) (1.57396e-15 9.07649e-16 -1.20644e-12)
2650          (-2.2191e-17 -4.16345e-18 -5.26547e-15) (-2.2191e-17 -4.16345e-18 -5.26547e-15) (-1.23512e-17 -2.0829e-17 -1.56994e-14) (6.38368e-17 4.98239e-17 -2.57181e-14) (3.06687e-17 1.8445e-17 -3.51e-14) (7.48167e-17 -2.78682e-17 -4.40465e-14) (-3.19203e-17 -1.38904e-17 -5.19692e-14) (-1.59587e-16 1.37681e-17 -5.81871e-14) (-1.76124e-16 4.71899e-17 -6.33896e-14) (-4.84097e-17 6.37021e-17 -6.66841e-14) (8.85697e-17 5.13244e-17 -6.72574e-14)
2700          (-1.63644e-19 -1.23641e-18 -2.92059e-16) (-1.63644e-19 -1.23641e-18 -2.92059e-16) (1.09662e-18 -1.52642e-18 -8.74847e-16) (2.76171e-18 2.66053e-18 -1.43615e-15) (1.38792e-18 -1.1126e-20 -1.95728e-15) (4.30199e-18 -1.2379e-18 -2.45468e-15) (-2.90046e-18 1.3714e-18 -2.89812e-15) (-8.32945e-18 1.2615e-19 -3.24011e-15) (-8.46546e-18 2.77544e-18 -3.52759e-15) (-1.63909e-18 2.91559e-18 -3.71409e-15) (4.03857e-18 4.16183e-18 -3.74406e-15)
2750          (1.60016e-15 2.90611e-16 3.90431e-13) (1.60016e-15 2.90611e-16 3.90431e-13) (8.9888e-16 1.38546e-15 1.16385e-12) (-4.6885e-15 -3.63878e-15 1.90637e-12) (-2.27756e-15 -1.57197e-15 2.60186e-12) (-5.49249e-15 2.10296e-15 3.2653e-12) (2.3094e-15 1.05376e-15 3.85257e-12) (1.17278e-14 -1.18689e-15 4.31328e-12) (1.29817e-14 -3.50205e-15 4.69898e-12) (3.37021e-15 -4.68892e-15 4.94303e-12) (-6.50399e-15 -3.74621e-15 4.98557e-12)
2800          (8.65825e-17 1.66547e-17 2.17494e-14) (8.65825e-17 1.66547e-17 2.17494e-14) (4.86988e-17 7.53554e-17 6.48354e-14) (-2.59697e-16 -2.03895e-16 1.06199e-13) (-1.27815e-16 -8.7192e-17 1.4494e-13) (-3.04069e-16 1.15313e-16 1.81901e-13) (1.2784e-16 5.71629e-17 2.14617e-13) (6.52294e-16 -6.3992e-17 2.4028e-13) (7.21934e-16 -1.94445e-16 2.61766e-13) (1.87495e-16 -2.62445e-16 2.75361e-13) (-3.6474e-16 -2.08322e-16 2.77732e-13)
2850          (5.55225e-18 2.37446e-19 1.20983e-15) (5.55225e-18 2.37446e-19 1.20983e-15) (1.27526e-18 4.29949e-18 3.60905e-15) (-1.39916e-17 -9.71588e-18 5.91442e-15) (-7.0652e-18 -4.30196e-18 8.07351e-15) (-1.81523e-17 5.55124e-18 1.01331e-14) (9.57693e-18 1.42664e-18 1.19557e-14) (3.74703e-17 -1.52781e-18 1.33832e-14) (4.03706e-17 -9.72847e-18 1.45773e-14) (1.12022e-17 -1.38931e-17 1.53362e-14) (-1.84549e-17 -1.37405e-17 1.54698e-14)
2900          (5.7068e-15 1.04352e-15 1.39318e-12) (5.7068e-15 1.04352e-15 1.39318e-12) (3.20922e-15 4.94179e-15 4.14897e-12) (-1.66744e-14 -1.29265e-14 6.7841e-12) (-8.11987e-15 -5.62376e-15 9.23774e-12) (-1.94095e-14 7.47152e-15 1.15625e-11) (8.04742e-15 3.70991e-15 1.36054e-11) (4.13356e-14 -4.16922e-15 1.51938e-11) (4.56087e-14 -1.23184e-14 1.65166e-11) (1.18806e-14 -1.64441e-14 1.73479e-11) (-2.2805e-14 -1.31405e-14 1.7483e-11)
2950          (3.14758e-16 5.55278e-17 7.65502e-14) (3.14758e-16 5.55278e-17 7.65502e-14) (1.74991e-16 2.73162e-16 2.28195e-13) (-9.20251e-16 -7.13233e-16 3.73782e-13) (-4.49408e-16 -3.08203e-16 5.1015e-13) (-1.07446e-15 4.1219e-16 6.40233e-13) (4.527e-16 2.06905e-16 7.55381e-13) (2.29978e-15 -2.3565e-16 8.45717e-13) (2.54418e-15 -6.85864e-16 9.21338e-13) (6.60757e-16 -9.17666e-16 9.69191e-13) (-1.27706e-15 -7.35436e-16 9.77532e-13)
3000          (1.5407e-17 2.77655e-18 4.26389e-15) (1.5407e-17 2.77655e-18 4.26389e-15) (9.70073e-18 1.67807e-17 1.2714e-14) (-4.88652e-17 -3.87218e-17 2.08251e-14) (-2.51177e-17 -1.66682e-17 2.84195e-14) (-6.09226e-17 2.34386e-17 3.56654e-14) (2.49577e-17 1.23386e-17 4.20803e-14) (1.26816e-16 -1.25901e-17 4.71126e-14) (1.39071e-16 -3.78714e-17 5.13248e-14) (3.88555e-17 -5.13496e-17 5.39913e-14) (-7.08048e-17 -4.16348e-17 5.44571e-14)
3050          (-1.24886e-19 1.38639e-18 2.37997e-16) (-1.24886e-19 1.38639e-18 2.37997e-16) (1.51254e-20 1.52392e-18 7.06589e-16) (-2.91169e-18 -2.77818e-18 1.15797e-15) (-2.74919e-18 1.37389e-18 1.58178e-15) (-5.27369e-18 1.38889e-18 1.98607e-15) (2.63664e-18 -1.38625e-18 2.34608e-15) (5.95356e-18 -1.26123e-19 2.6258e-15) (8.17443e-18 -4.02331e-18 2.86037e-15) (2.63956e-18 -2.6769e-18 3.009e-15) (-4.16599e-18 -4.14821e-18 3.03391e-15)
3100          (-4.29101e-17 -6.94027e-18 -1.03246e-14) (-4.29101e-17 -6.94027e-18 -1.03246e-14) (-2.49789e-17 -3.74714e-17 -3.07813e-14) (1.24652e-16 9.60108e-17 -5.04227e-14) (6.24516e-17 3.90106e-17 -6.88152e-14) (1.44359e-16 -5.70104e-17 -8.636e-14) (-6.34383e-17 -2.63928e-17 -1.01894e-13) (-3.10857e-16 3.05326e-17 -1.14078e-13) (-3.44051e-16 9.17315e-17 -1.24278e-13) (-8.8982e-17 1.27514e-16 -1.30734e-13) (1.73349e-16 9.86717e-17 -1.31856e-13)
3150          (-1.2354e-18 2.37074e-18 -5.74959e-16) (-1.2354e-18 2.37074e-18 -5.74959e-16) (-1.15172e-18 -3.02548e-18 -1.71283e-15) (7.18882e-18 4.45062e-18 -2.80546e-15) (4.02844e-18 2.75056e-19 -3.82933e-15) (6.96539e-18 -1.52531e-18 -4.80701e-15) (-4.28813e-18 -1.37629e-18 -5.67453e-15) (-1.70406e-17 1.37292e-19 -6.35468e-15) (-1.83187e-17 5.42622e-18 -6.92252e-15) (-2.80209e-18 8.21429e-18 -7.28117e-15) (9.85085e-18 5.66353e-18 -7.34576e-15)
3200          (4.26059e-16 7.78546e-17 1.03698e-13) (4.26059e-16 7.78546e-17 1.03698e-13) (2.38564e-16 3.67771e-16 3.09112e-13) (-1.24502e-15 -9.64442e-16 5.06311e-13) (-6.06608e-16 -4.18866e-16 6.91006e-13) (-1.45891e-15 5.56926e-16 8.67171e-13) (6.12173e-16 2.77715e-16 1.02309e-12) (3.1146e-15 -3.13933e-16 1.1454e-12) (3.44532e-15 -9.29992e-16 1.24779e-12) (8.96533e-16 -1.24641e-15 1.31257e-12) (-1.72663e-15 -9.92606e-16 1.32385e-12)
3250          (2.35935e-17 1.6777e-18 5.77684e-15) (2.35935e-17 1.6777e-18 5.77684e-15) (1.24901e-17 2.20671e-17 1.72189e-14) (-6.78893e-17 -5.54851e-17 2.82024e-14) (-3.3332e-17 -2.24543e-17 3.84875e-14) (-8.18658e-17 3.19178e-17 4.83013e-14) (3.48082e-17 1.40279e-17 5.69885e-14) (1.73616e-16 -1.55282e-17 6.38041e-14) (1.92916e-16 -5.39972e-17 6.95096e-14) (5.0199e-17 -7.17763e-17 7.31206e-14) (-9.587e-17 -5.55365e-17 7.37476e-14)
3300          (2.77442e-19 1.24594e-24 3.21253e-16) (2.77442e-19 1.24594e-24 3.21253e-16) (1.12548e-18 2.74905e-18 9.572e-16) (-5.41109e-18 -2.87784e-18 1.56749e-15) (-1.52518e-18 1.38627e-19 2.1404e-15) (-4.30073e-18 1.5374e-21 2.68973e-15) (1.54031e-18 -1.34906e-18 3.17583e-15) (1.22e-17 1.12022e-20 3.55415e-15) (8.47795e-18 -2.90298e-18 3.86982e-15) (1.52768e-18 -4.30059e-18 4.07053e-15) (-6.80024e-18 -4.28824e-18 4.10719e-15)
3350          (-3.53881e-16 -6.49647e-17 -8.63371e-14) (-3.53881e-16 -6.49647e-17 -8.63371e-14) (-1.9696e-16 -3.0672e-16 -2.57365e-13) (1.03936e-15 8.04829e-16 -4.21562e-13) (5.06283e-16 3.49299e-16 -5.75355e-13) (1.21337e-15 -4.6755e-16 -7.2206e-13) (-5.11999e-16 -2.32028e-16 -8.51923e-13) (-2.59261e-15 2.61084e-16 -9.53803e-13) (-2.87019e-15 7.73558e-16 -1.03909e-12) (-7.4805e-16 1.03798e-15 -1.09306e-12) (1.43685e-15 8.31417e-16 -1.10247e-12)
3400          (-1.70573e-17 -1.53905e-18 -4.80983e-15) (-1.70573e-17 -1.53905e-18 -4.80983e-15) (-9.99063e-18 -1.80538e-17 -1.43377e-14) (5.83106e-17 4.34113e-17 -2.34823e-14) (2.9131e-17 1.94164e-17 -3.20468e-14) (6.80177e-17 -2.40934e-17 -4.02216e-14) (-3.04061e-17 -1.11314e-17 -4.74567e-14) (-1.45855e-16 1.64009e-17 -5.31326e-14) (-1.58221e-16 4.42678e-17 -5.78833e-14) (-4.16211e-17 5.8412e-17 -6.08888e-14) (7.93812e-17 4.71735e-17 -6.14116e-14)
3450          (1.23636e-19 1.38503e-19 -2.66516e-16) (1.23636e-19 1.38503e-19 -2.66516e-16) (1.1102e-20 -1.37668e-18 -7.98026e-16) (2.76319e-18 1.41164e-18 -1.30813e-15) (3.7861e-18 -1.23637e-18 -1.7855e-15) (5.28618e-18 1.11158e-19 -2.24198e-15) (-2.66316e-18 -1.26149e-20 -2.64527e-15) (-9.60329e-18 -1.12398e-19 -2.96032e-15) (-9.57694e-18 1.6627e-18 -3.22551e-15) (-4.02331e-18 4.29934e-18 -3.39357e-15) (4.29076e-18 2.87437e-18 -3.42099e-15)
3500          (-3.16287e-16 -5.55653e-17 -7.72762e-14) (-3.16287e-16 -5.55653e-17 -7.72762e-14) (-1.75131e-16 -2.74672e-16 -2.30352e-13) (9.27079e-16 7.17664e-16 -3.77313e-13) (4.50926e-16 3.10742e-16 -5.14969e-13) (1.08946e-15 -4.16352e-16 -6.46282e-13) (-4.56728e-16 -2.08309e-16 -7.62514e-13) (-2.32086e-15 2.35663e-16 -8.53701e-13) (-2.56917e-15 6.92777e-16 -9.30039e-13) (-6.70047e-16 9.28742e-16 -9.78344e-13) (1.28804e-15 7.41238e-16 -9.86764e-13)
3550          (-1.81539e-17 -2.78942e-18 -4.3035e-15) (-1.81539e-17 -2.78942e-18 -4.3035e-15) (-9.70219e-18 -1.68918e-17 -1.28295e-14) (5.27207e-17 3.9123e-17 -2.10162e-14) (2.49927e-17 1.79147e-17 -2.86839e-14) (5.7327e-17 -2.22185e-17 -3.60017e-14) (-2.51215e-17 -1.13757e-17 -4.24781e-14) (-1.29194e-16 1.13673e-17 -4.75582e-14) (-1.42832e-16 4.16073e-17 -5.18117e-14) (-3.87317e-17 5.15992e-17 -5.45007e-14) (6.97792e-17 4.16485e-17 -5.49685e-14)
3600          (-2.63814e-18 -1.11064e-19 -2.38646e-16) (-2.63814e-18 -1.11064e-19 -2.38646e-16) (1.12284e-20 -2.76167e-19 -7.13273e-16) (2.77707e-19 2.66301e-18 -1.17021e-15) (1.26302e-18 1.2505e-19 -1.59524e-15) (5.27507e-18 1.25888e-19 -2.00401e-15) (-1.51393e-18 -1.24886e-19 -2.36494e-15) (-6.84061e-18 1.24899e-18 -2.64951e-15) (-5.84351e-18 1.52529e-18 -2.88706e-15) (-1.39043e-18 4.05093e-18 -3.03697e-15) (6.79886e-18 4.14946e-18 -3.06011e-15)
3650          (-1.81227e-15 -3.26983e-16 -4.42307e-13) (-1.81227e-15 -3.26983e-16 -4.42307e-13) (-1.01847e-15 -1.57188e-15 -1.31849e-12) (5.31426e-15 4.12077e-15 -2.15967e-12) (2.58149e-15 1.7817e-15 -2.94759e-12) (6.22228e-15 -2.38343e-15 -3.69919e-12) (-2.61489e-15 -1.19406e-15 -4.36449e-12) (-1.32829e-14 1.34899e-15 -4.88643e-12) (-1.47083e-14 3.96576e-15 -5.32339e-12) (-3.81851e-15 5.30945e-15 -5.59987e-12) (7.36752e-15 4.24455e-15 -5.64807e-12)
3700          (-9.88255e-17 -1.55444e-17 -2.46395e-14) (-9.88255e-17 -1.55444e-17 -2.46395e-14) (-5.56515e-17 -8.74457e-17 -7.34477e-14) (2.95741e-16 2.31499e-16 -1.20308e-13) (1.45579e-16 9.96568e-17 -1.64202e-13) (3.481e-16 -1.30729e-16 -2.0607e-13) (-1.45869e-16 -6.65025e-17 -2.4313e-13) (-7.39874e-16 7.50641e-17 -2.72206e-13) (-8.20202e-16 2.23547e-16 -2.96545e-13) (-2.1121e-16 2.97004e-16 -3.11949e-13) (4.08303e-16 2.37438e-16 -3.14637e-13)
3750          (-4.18984e-18 -1.12674e-20 -1.37232e-15) (-4.18984e-18 -1.12674e-20 -1.37232e-15) (-2.78806e-18 -5.5761e-18 -4.09269e-15) (1.92614e-17 1.24903e-17 -6.70341e-15) (1.10748e-17 4.16582e-18 -9.14985e-15) (2.09264e-17 -6.82788e-18 -1.14825e-14) (-8.34068e-18 -4.14948e-18 -1.35436e-14) (-4.17584e-17 2.77432e-18 -1.5162e-14) (-4.45466e-17 1.1377e-17 -1.65186e-14) (-1.49992e-17 1.6531e-17 -1.73752e-14) (2.22311e-17 1.25039e-17 -1.75243e-14)
3800          (5.16166e-15 9.42082e-16 1.26016e-12) (5.16166e-15 9.42082e-16 1.26016e-12) (2.90667e-15 4.46467e-15 3.75005e-12) (-1.50461e-14 -1.16512e-14 6.12359e-12) (-7.33341e-15 -5.0897e-15 8.32351e-12) (-1.74246e-14 6.73032e-15 1.03969e-11) (7.1547e-15 3.32102e-15 1.22083e-11) (3.70402e-14 -3.71666e-15 1.36066e-11) (4.07553e-14 -1.10208e-14 1.47661e-11) (1.0639e-14 -1.46785e-14 1.54907e-11) (-2.03524e-14 -1.17275e-14 1.56015e-11)
3850          (2.79206e-16 5.1348e-17 6.85114e-14) (2.79206e-16 5.1348e-17 6.85114e-14) (1.58324e-16 2.44243e-16 2.0423e-13) (-8.21746e-16 -6.39516e-16 3.34527e-13) (-4.0081e-16 -2.73289e-16 4.56572e-13) (-9.63422e-16 3.69306e-16 5.72993e-13) (4.05403e-16 1.8558e-16 6.76047e-13) (2.05969e-15 -2.08308e-16 7.56895e-13) (2.27623e-15 -6.14811e-16 8.24578e-13) (5.93966e-16 -8.25728e-16 8.67404e-13) (-1.14258e-15 -6.5672e-16 8.74867e-13)
3900          (1.65021e-17 2.63703e-18 3.81822e-15) (1.65021e-17 2.63703e-18 3.81822e-15) (9.71584e-18 1.63622e-17 1.13802e-14) (-4.59343e-17 -3.61937e-17 1.86349e-14) (-1.97206e-17 -1.65136e-17 2.54309e-14) (-5.65079e-17 2.06768e-17 3.19179e-14) (2.59642e-17 9.57594e-18 3.76598e-14) (1.15188e-16 -1.23513e-17 4.21619e-14) (1.25055e-16 -3.47072e-17 4.5933e-14) (3.58185e-17 -4.7307e-17 4.8319e-14) (-6.37134e-17 -3.60837e-17 4.87333e-14)
3950          (1.38778e-18 -1.24775e-19 2.13627e-16) (1.38778e-18 -1.24775e-19 2.13627e-16) (1.36154e-19 2.63551e-21 6.36837e-16) (-2.77556e-18 -1.26316e-18 1.04003e-15) (-1.51397e-19 -1.12448e-19 1.41265e-15) (-4.02582e-18 1.12423e-18 1.77555e-15) (3.9109e-18 -1.26135e-18 2.09796e-15) (7.05268e-18 1.2229e-18 2.34979e-15) (5.67615e-18 -3.87444e-18 2.55943e-15) (2.87423e-18 -5.52347e-18 2.69008e-15) (-1.65284e-18 -2.64928e-18 2.71248e-15)
4000          (1.53092e-15 2.80754e-16 3.73734e-13) (1.53092e-15 2.80754e-16 3.73734e-13) (8.5887e-16 1.32814e-15 1.11408e-12) (-4.48976e-15 -3.48338e-15 1.82485e-12) (-2.18303e-15 -1.50437e-15 2.4906e-12) (-5.25508e-15 2.0151e-15 3.12568e-12) (2.21074e-15 1.00809e-15 3.68784e-12) (1.12256e-14 -1.1383e-15 4.12886e-12) (1.24292e-14 -3.35346e-15 4.49807e-12) (3.22564e-15 -4.48871e-15 4.73169e-12) (-6.22503e-15 -3.58785e-15 4.77241e-12)
4050          (8.60577e-17 1.54053e-17 2.08178e-14) (8.60577e-17 1.54053e-17 2.08178e-14) (4.84376e-17 7.62159e-17 6.2059e-14) (-2.51066e-16 -1.94169e-16 1.01654e-13) (-1.23265e-16 -8.47572e-17 1.38739e-13) (-2.90465e-16 1.11034e-16 1.74118e-13) (1.21043e-16 5.4276e-17 2.05436e-13) (6.24924e-16 -6.34509e-17 2.30004e-13) (6.91149e-16 -1.87728e-16 2.50573e-13) (1.79276e-16 -2.48818e-16 2.63589e-13) (-3.48364e-16 -2.01356e-16 2.65855e-13)
4100          (4.17445e-18 -1.12284e-19 1.16179e-15) (4.17445e-18 -1.12284e-19 1.16179e-15) (4.02456e-18 5.43607e-18 3.45966e-15) (-1.51518e-17 -8.48195e-18 5.66394e-15) (-8.46294e-18 -5.27507e-18 7.72711e-15) (-1.66509e-17 5.54112e-18 9.69952e-15) (8.21651e-18 1.26278e-18 1.14484e-14) (3.47084e-17 -1.51643e-18 1.28141e-14) (3.62224e-17 -9.842e-18 1.39581e-14) (9.71595e-18 -1.26302e-17 1.46846e-14) (-2.06769e-17 -1.12298e-17 1.4811e-14)
4150          (4.87122e-15 8.90832e-16 1.18945e-12) (4.87122e-15 8.90832e-16 1.18945e-12) (2.73628e-15 4.22022e-15 3.5434e-12) (-1.42551e-14 -1.10528e-14 5.79732e-12) (-6.93494e-15 -4.79439e-15 7.9002e-12) (-1.66228e-14 6.38753e-15 9.89718e-12) (6.92585e-15 3.18198e-15 1.16564e-11) (3.54355e-14 -3.58092e-15 1.30283e-11) (3.9145e-14 -1.05684e-14 1.4173e-11) (1.01834e-14 -1.41204e-14 1.48939e-11) (-1.95858e-14 -1.12846e-14 1.50141e-11)
4200          (2.70488e-16 4.88363e-17 6.56593e-14) (2.70488e-16 4.88363e-17 6.56593e-14) (1.51019e-16 2.3465e-16 1.95725e-13) (-7.89798e-16 -6.10921e-16 3.20598e-13) (-3.84533e-16 -2.63819e-16 4.37562e-13) (-9.24313e-16 3.52502e-16 5.49136e-13) (3.88724e-16 1.7764e-16 6.47899e-13) (1.97088e-15 -1.99966e-16 7.25377e-13) (2.18346e-15 -5.89942e-16 7.9024e-13) (5.68997e-16 -7.88684e-16 8.31283e-13) (-1.09525e-15 -6.30214e-16 8.38439e-13)
4250          (1.42787e-17 2.76183e-18 3.65562e-15) (1.42787e-17 2.76183e-18 3.65562e-15) (8.20301e-18 1.38902e-17 1.09021e-14) (-4.44106e-17 -3.47071e-17 1.78611e-14) (-2.23156e-17 -1.51257e-17 2.43766e-14) (-4.87265e-17 2.19132e-17 3.05939e-14) (2.09683e-17 1.07112e-17 3.60951e-14) (1.09636e-16 -1.1102e-17 4.041e-14) (1.2089e-16 -3.45558e-17 4.40244e-14) (3.09337e-17 -4.56445e-17 4.6311e-14) (-6.10774e-17 -3.98307e-17 4.67083e-14)
4300          (-3.72057e-10 1.78851e-10 6.87599e-11) (-3.72057e-10 1.78851e-10 6.87599e-11) (1.38588e-18 1.22738e-18 8.9191e-11) (-1.61678e-13 -2.39848e-14 1.31084e-10) (-8.19899e-14 -8.14746e-14 5.71358e-11) (2.47002e-15 1.29296e-14 1.85659e-11) (-8.66691e-15 -9.47979e-16 1.73463e-12) (-1.75153e-14 1.54416e-15 -4.90211e-12) (-1.91938e-14 5.87644e-15 -7.10389e-12) (-6.80403e-15 6.80314e-15 -7.55019e-12) (9.39618e-15 5.60515e-15 -7.42647e-12)
4350          (1.03128e-15 1.87857e-16 2.5245e-13) (1.03128e-15 1.87857e-16 2.5245e-13) (5.80072e-16 8.96537e-16 7.52532e-13) (-3.02869e-15 -2.3524e-15 1.23264e-12) (-1.47247e-15 -1.01723e-15 1.68235e-12) (-3.55065e-15 1.36271e-15 2.11133e-12) (1.49345e-15 6.80439e-16 2.49106e-12) (7.58369e-15 -7.70244e-16 2.78896e-12) (8.39435e-15 -2.26511e-15 3.03835e-12) (2.17918e-15 -3.03009e-15 3.19615e-12) (-4.20444e-15 -2.42346e-15 3.22366e-12)
4400          (5.95223e-17 8.46548e-18 1.4062e-14) (5.95223e-17 8.46548e-18 1.4062e-14) (3.45558e-17 4.87389e-17 4.19214e-14) (-1.67801e-16 -1.33101e-16 6.86704e-14) (-8.3131e-17 -5.55253e-17 9.37214e-14) (-1.96068e-16 7.6202e-17 1.17618e-13) (8.46562e-17 3.72328e-17 1.38771e-13) (4.25888e-16 -4.15237e-17 1.55366e-13) (4.66229e-16 -1.27553e-16 1.69259e-13) (1.20725e-16 -1.70675e-16 1.78049e-13) (-2.33415e-16 -1.37141e-16 1.79579e-13)
4450          (2.63815e-18 1.23663e-18 7.81317e-16) (2.63815e-18 1.23663e-18 7.81317e-16) (2.63817e-18 4.03955e-18 2.33469e-15) (-9.57706e-18 -7.07628e-18 3.82666e-15) (-4.30335e-18 -2.76419e-18 5.22135e-15) (-9.96704e-18 3.89994e-18 6.55234e-15) (5.66115e-18 2.64953e-19 7.73189e-15) (2.24808e-17 -2.52562e-18 8.65595e-15) (2.38587e-17 -6.95154e-18 9.43029e-15) (6.94029e-18 -9.72934e-18 9.91965e-15) (-1.12787e-17 -9.57681e-18 1.00049e-14)
4500          (-6.14551e-15 -1.12412e-15 -1.50044e-12) (-6.14551e-15 -1.12412e-15 -1.50044e-12) (-3.45443e-15 -5.32759e-15 -4.47232e-12) (1.80178e-14 1.39759e-14 -7.32447e-12) (8.75675e-15 6.04551e-15 -9.99457e-12) (2.10889e-14 -8.08078e-15 -1.25401e-11) (-8.85196e-15 -4.04598e-15 -1.47919e-11) (-4.50138e-14 4.56629e-15 -1.6557e-11) (-4.98264e-14 1.34426e-14 -1.80341e-11) (-1.2941e-14 1.79862e-14 -1.89682e-11) (2.49506e-14 1.43773e-14 -1.913e-11)
4550          (-3.41542e-16 -6.2564e-17 -8.348e-14) (-3.41542e-16 -6.2564e-17 -8.348e-14) (-1.91506e-16 -2.95879e-16 -2.4885e-13) (1.00338e-15 7.77322e-16 -4.07617e-13) (4.88241e-16 3.34613e-16 -5.56329e-13) (1.17428e-15 -4.45912e-16 -6.98189e-13) (-4.95457e-16 -2.22462e-16 -8.23758e-13) (-2.50673e-15 2.52721e-16 -9.22268e-13) (-2.77458e-15 7.51949e-16 -1.00474e-12) (-7.20294e-16 1.00378e-15 -1.05692e-12) (1.39062e-15 8.0215e-16 -1.06602e-12)
4600          (-2.0563e-17 -5.52325e-19 -4.65019e-15) (-2.0563e-17 -5.52325e-19 -4.65019e-15) (-9.83937e-18 -1.66698e-17 -1.38617e-14) (5.66383e-17 4.20347e-17 -2.27062e-14) (2.87549e-17 1.66685e-17 -3.09881e-14) (6.64751e-17 -2.4854e-17 -3.88892e-14) (-2.76096e-17 -8.86916e-18 -4.58865e-14) (-1.40169e-16 1.49882e-17 -5.13752e-14) (-1.56545e-16 4.28828e-17 -5.59695e-14) (-4.13726e-17 5.45276e-17 -5.88775e-14) (7.63822e-17 4.57984e-17 -5.93815e-14)
4650          (-1.51154e-18 -1.38765e-19 -2.57365e-16) (-1.51154e-18 -1.38765e-19 -2.57365e-16) (-1.38653e-18 -2.77666e-19 -7.68844e-16) (2.90422e-18 2.66538e-18 -1.26521e-15) (2.63679e-18 1.51143e-20 -1.72555e-15) (2.9146e-18 -2.63665e-18 -2.16515e-15) (-2.77543e-18 1.10899e-18 -2.55595e-15) (-1.08234e-17 -2.4843e-24 -2.86185e-15) (-8.56411e-18 4.12459e-18 -3.12002e-15) (-3.88853e-18 4.01332e-18 -3.2799e-15) (5.42474e-18 2.65191e-18 -3.30783e-15)
4700          (-1.67538e-15 -3.07127e-16 -4.09334e-13) (-1.67538e-15 -3.07127e-16 -4.09334e-13) (-9.4315e-16 -1.45305e-15 -1.2202e-12) (4.91458e-15 3.81379e-15 -1.99867e-12) (2.38968e-15 1.64843e-15 -2.72784e-12) (5.75993e-15 -2.20528e-15 -3.42342e-12) (-2.42031e-15 -1.10497e-15 -4.03912e-12) (-1.22943e-14 1.24905e-15 -4.52215e-12) (-1.36107e-14 3.67365e-15 -4.92653e-12) (-3.5312e-15 4.91754e-15 -5.1824e-12) (6.81652e-15 3.92827e-15 -5.22701e-12)
4750          (-9.41069e-17 -1.8016e-17 -2.28025e-14) (-9.41069e-17 -1.8016e-17 -2.28025e-14) (-5.28769e-17 -8.32534e-17 -6.79734e-14) (2.7341e-16 2.1236e-16 -1.1134e-13) (1.35727e-16 9.27053e-17 -1.5196e-13) (3.22095e-16 -1.20864e-16 -1.90706e-13) (-1.33409e-16 -6.11737e-17 -2.25004e-13) (-6.84238e-16 6.80041e-17 -2.51913e-13) (-7.56501e-16 2.0567e-16 -2.74441e-13) (-1.95821e-16 2.74785e-16 -2.88695e-13) (3.79007e-16 2.20773e-16 -2.91183e-13)
4800          (-4.41342e-18 9.7532e-19 -1.27081e-15) (-4.41342e-18 9.7532e-19 -1.27081e-15) (-2.90296e-18 -5.41497e-18 -3.78619e-15) (1.76388e-17 1.24889e-17 -6.20118e-15) (8.17677e-18 4.1757e-18 -8.46319e-15) (1.80288e-17 -6.92764e-18 -1.06251e-14) (-9.43831e-18 -4.14821e-18 -1.25371e-14) (-3.74854e-17 1.52656e-18 -1.40349e-14) (-4.02223e-17 9.97703e-18 -1.52882e-14) (-1.1241e-17 1.66397e-17 -1.6082e-14) (2.09416e-17 1.15034e-17 -1.62196e-14)
4850          (8.36759e-16 1.53025e-16 2.04407e-13) (8.36759e-16 1.53025e-16 2.04407e-13) (4.74182e-16 7.26963e-16 6.0869e-13) (-2.44663e-15 -1.8933e-15 9.95148e-13) (-1.19226e-15 -8.25482e-16 1.35482e-12) (-2.84551e-15 1.09378e-15 1.69541e-12) (1.18106e-15 5.42784e-16 1.99453e-12) (6.05974e-15 -6.1188e-16 2.22694e-12) (6.68286e-15 -1.80711e-15 2.4204e-12) (1.74036e-15 -2.40821e-15 2.5419e-12) (-3.34094e-15 -1.9252e-15 2.56154e-12)
4900          (4.83087e-17 6.94027e-18 1.12194e-14) (4.83087e-17 6.94027e-18 1.12194e-14) (2.76044e-17 4.16447e-17 3.34441e-14) (-1.33495e-16 -1.03962e-16 5.47823e-14) (-6.55033e-17 -4.42854e-17 7.47665e-14) (-1.55572e-16 6.08001e-17 9.38305e-14) (6.67148e-17 2.92687e-17 1.10708e-13) (3.39623e-16 -3.19092e-17 1.2395e-13) (3.71956e-16 -1.01296e-16 1.35033e-13) (9.72725e-17 -1.34607e-16 1.42047e-13) (-1.88752e-16 -1.06749e-16 1.43269e-13)
4950          (2.77668e-18 -1.23402e-19 6.24425e-16) (2.77668e-18 -1.23402e-19 6.24425e-16) (1.36144e-18 2.77543e-18 1.86373e-15) (-9.463e-18 -6.80135e-18 3.0519e-15) (-4.3021e-18 -2.77417e-18 4.16609e-15) (-8.46571e-18 3.02523e-18 5.2279e-15) (6.54894e-18 1.38778e-18 6.16716e-15) (2.21757e-17 -1.13808e-20 6.90444e-15) (2.08131e-17 -6.68796e-18 7.52224e-15) (4.42577e-18 -9.57306e-18 7.9156e-15) (-1.11137e-17 -5.69116e-18 7.98489e-15)
5000          (1.18937e-15 2.17901e-16 2.89954e-13) (1.18937e-15 2.17901e-16 2.89954e-13) (6.6624e-16 1.02962e-15 8.64313e-13) (-3.48233e-15 -2.7009e-15 1.41567e-12) (-1.69162e-15 -1.16814e-15 1.93204e-12) (-4.07677e-15 1.56273e-15 2.42453e-12) (1.71152e-15 7.82995e-16 2.86039e-12) (8.70523e-15 -8.85057e-16 3.20226e-12) (9.63825e-15 -2.60112e-15 3.48843e-12) (2.50393e-15 -3.47848e-15 3.66947e-12) (-4.82744e-15 -2.78038e-15 3.70098e-12)
