# Probe 0 (0.0015 0.0015 0)
# Probe 1 (0.0015 0.0015 0.002)
# Probe 2 (0.0015 0.0015 0.004)
# Probe 3 (0.0015 0.0015 0.006)
# Probe 4 (0.0015 0.0015 0.008)
# Probe 5 (0.0015 0.0015 0.01)
# Probe 6 (0.0015 0.0015 0.012)
# Probe 7 (0.0015 0.0015 0.014)
# Probe 8 (0.0015 0.0015 0.016)
# Probe 9 (0.0015 0.0015 0.018)
# Probe 10 (0.0015 0.0015 0.02)
# Time        0             1             2             3             4             5             6             7             8             9             10           
50            (-1.7741e-11 8.26756e-13 -1.84765e-11) (-1.7741e-11 8.26756e-13 -1.84765e-11) (-1.7741e-11 8.26756e-13 -1.84765e-11) (8.19486e-12 -9.56239e-12 -1.6508e-11) (8.19486e-12 -9.56239e-12 -1.6508e-11) (1.02304e-11 2.91892e-14 -3.89272e-11) (1.02304e-11 2.91892e-14 -3.89272e-11) (-1.79437e-11 1.0365e-11 -6.5141e-11) (-1.79437e-11 1.0365e-11 -6.5141e-11) (1.6759e-13 -8.56321e-12 -8.75954e-11) (1.6759e-13 -8.56321e-12 -8.75954e-11)
100           (-1.97455e-11 -9.24696e-12 -1.35419e-11) (-1.97455e-11 -9.24696e-12 -1.35419e-11) (-1.97455e-11 -9.24696e-12 -1.35419e-11) (-1.0254e-11 5.0693e-13 -1.7872e-12) (-1.0254e-11 5.0693e-13 -1.7872e-12) (-6.56749e-13 -6.12971e-13 1.89002e-11) (-6.56749e-13 -6.12971e-13 1.89002e-11) (-9.66967e-13 1.01093e-11 6.09667e-12) (-9.66967e-13 1.01093e-11 6.09667e-12) (1.02494e-11 1.04642e-11 6.84021e-12) (1.02494e-11 1.04642e-11 6.84021e-12)
150           (-8.46804e-12 -9.39816e-12 1.65479e-12) (-8.46804e-12 -9.39816e-12 1.65479e-12) (-8.46804e-12 -9.39816e-12 1.65479e-12) (8.38979e-12 -1.85215e-11 2.53382e-12) (8.38979e-12 -1.85215e-11 2.53382e-12) (7.38458e-12 -1.76626e-11 -2.04446e-11) (7.38458e-12 -1.76626e-11 -2.04446e-11) (-1.02309e-11 8.90746e-13 -5.22207e-11) (-1.02309e-11 8.90746e-13 -5.22207e-11) (8.47591e-12 -1.01328e-11 -8.19948e-11) (8.47591e-12 -1.01328e-11 -8.19948e-11)
200           (-1.01403e-11 1.54508e-13 -2.0733e-11) (-1.01403e-11 1.54508e-13 -2.0733e-11) (-1.01403e-11 1.54508e-13 -2.0733e-11) (-2.0395e-11 -2.90897e-11 -6.27533e-11) (-2.0395e-11 -2.90897e-11 -6.27533e-11) (7.008e-13 8.53539e-12 -1.16017e-10) (7.008e-13 8.53539e-12 -1.16017e-10) (-1.89167e-11 2.87511e-11 -1.69552e-10) (-1.89167e-11 2.87511e-11 -1.69552e-10) (1.94113e-11 -1.21273e-13 -1.7866e-10) (1.94113e-11 -1.21273e-13 -1.7866e-10)
250           (9.06382e-12 -1.5781e-12 6.11498e-12) (9.06382e-12 -1.5781e-12 6.11498e-12) (9.06382e-12 -1.5781e-12 6.11498e-12) (1.7037e-12 1.02888e-11 1.36525e-11) (1.7037e-12 1.02888e-11 1.36525e-11) (1.00816e-12 -1.86085e-11 1.7446e-11) (1.00816e-12 -1.86085e-11 1.7446e-11) (-9.30278e-12 8.36232e-12 -1.26559e-11) (-9.30278e-12 8.36232e-12 -1.26559e-11) (-7.35605e-12 -1.97844e-11 -4.15178e-11) (-7.35605e-12 -1.97844e-11 -4.15178e-11)
300           (-9.49428e-12 9.17004e-13 1.63042e-12) (-9.49428e-12 9.17004e-13 1.63042e-12) (-9.49428e-12 9.17004e-13 1.63042e-12) (-2.72505e-11 1.09403e-11 -2.74455e-11) (-2.72505e-11 1.09403e-11 -2.74455e-11) (-9.30581e-12 -8.25369e-12 -6.31067e-11) (-9.30581e-12 -8.25369e-12 -6.31067e-11) (-7.4855e-13 -1.10149e-11 -9.39082e-11) (-7.4855e-13 -1.10149e-11 -9.39082e-11) (-1.95999e-11 -9.52142e-12 -1.52088e-10) (-1.95999e-11 -9.52142e-12 -1.52088e-10)
350           (1.01722e-11 9.36079e-12 -4.66335e-12) (1.01722e-11 9.36079e-12 -4.66335e-12) (1.01722e-11 9.36079e-12 -4.66335e-12) (7.62058e-12 3.20698e-13 -7.07332e-12) (7.62058e-12 3.20698e-13 -7.07332e-12) (-9.21579e-12 -9.46383e-12 -2.44232e-11) (-9.21579e-12 -9.46383e-12 -2.44232e-11) (8.53314e-12 1.00076e-11 -7.58157e-11) (8.53314e-12 1.00076e-11 -7.58157e-11) (3.24654e-13 -9.2358e-12 -1.59461e-10) (3.24654e-13 -9.2358e-12 -1.59461e-10)
400           (-9.36291e-12 7.52547e-12 -2.63635e-11) (-9.36291e-12 7.52547e-12 -2.63635e-11) (-9.36291e-12 7.52547e-12 -2.63635e-11) (9.38265e-12 1.01335e-11 -4.67521e-11) (9.38265e-12 1.01335e-11 -4.67521e-11) (1.13476e-12 2.78553e-14 -7.73412e-11) (1.13476e-12 2.78553e-14 -7.73412e-11) (9.31639e-12 -9.32001e-12 -1.43866e-10) (9.31639e-12 -9.32001e-12 -1.43866e-10) (9.47543e-12 -9.13227e-12 -1.42363e-10) (9.47543e-12 -9.13227e-12 -1.42363e-10)
450           (-1.01245e-11 8.42484e-12 5.79771e-12) (-1.01245e-11 8.42484e-12 5.79771e-12) (-1.01245e-11 8.42484e-12 5.79771e-12) (-1.41378e-13 -3.48911e-14 -5.81517e-12) (-1.41378e-13 -3.48911e-14 -5.81517e-12) (-8.37449e-12 2.29974e-13 -2.6461e-11) (-8.37449e-12 2.29974e-13 -2.6461e-11) (1.93201e-11 9.19821e-12 -3.36436e-11) (1.93201e-11 9.19821e-12 -3.36436e-11) (1.78916e-11 -1.86204e-11 -6.80133e-11) (1.78916e-11 -1.86204e-11 -6.80133e-11)
500           (8.53616e-13 -8.39118e-12 2.07504e-11) (8.53616e-13 -8.39118e-12 2.07504e-11) (8.53616e-13 -8.39118e-12 2.07504e-11) (9.28479e-13 -9.29775e-12 1.12824e-11) (9.28479e-13 -9.29775e-12 1.12824e-11) (1.04845e-13 -9.41319e-12 -6.88396e-11) (1.04845e-13 -9.41319e-12 -6.88396e-11) (7.96322e-13 8.9052e-13 -1.12724e-10) (7.96322e-13 8.9052e-13 -1.12724e-10) (-1.03144e-12 -1.02141e-11 -1.06134e-10) (-1.03144e-12 -1.02141e-11 -1.06134e-10)
550           (1.0248e-11 1.01905e-11 -3.70841e-13) (1.0248e-11 1.01905e-11 -3.70841e-13) (1.0248e-11 1.01905e-11 -3.70841e-13) (1.46942e-14 -9.40461e-12 -2.08817e-11) (1.46942e-14 -9.40461e-12 -2.08817e-11) (8.25706e-12 1.11369e-11 -7.80365e-11) (8.25706e-12 1.11369e-11 -7.80365e-11) (7.35469e-12 1.72927e-12 -1.25608e-10) (7.35469e-12 1.72927e-12 -1.25608e-10) (-1.97986e-11 2.77965e-13 -1.47708e-10) (-1.97986e-11 2.77965e-13 -1.47708e-10)
600           (1.03048e-11 -8.40822e-12 1.075e-11) (1.03048e-11 -8.40822e-12 1.075e-11) (1.03048e-11 -8.40822e-12 1.075e-11) (1.23802e-12 1.87572e-11 -2.85931e-12) (1.23802e-12 1.87572e-11 -2.85931e-12) (1.84549e-11 -8.59901e-13 -3.12741e-11) (1.84549e-11 -8.59901e-13 -3.12741e-11) (-9.65407e-13 9.11614e-12 -1.496e-11) (-9.65407e-13 9.11614e-12 -1.496e-11) (-9.28841e-12 1.71096e-12 -1.70445e-11) (-9.28841e-12 1.71096e-12 -1.70445e-11)
650           (-1.87944e-11 9.77927e-13 -5.45873e-12) (-1.87944e-11 9.77927e-13 -5.45873e-12) (-1.87944e-11 9.77927e-13 -5.45873e-12) (-1.2597e-13 -1.0184e-11 7.41962e-12) (-1.2597e-13 -1.0184e-11 7.41962e-12) (9.19704e-12 2.50476e-14 4.05216e-11) (9.19704e-12 2.50476e-14 4.05216e-11) (1.50442e-13 1.87057e-11 4.33697e-11) (1.50442e-13 1.87057e-11 4.33697e-11) (8.87078e-13 1.86675e-11 3.67872e-11) (8.87078e-13 1.86675e-11 3.67872e-11)
700           (-1.58544e-13 -8.56992e-12 -2.30928e-11) (-1.58544e-13 -8.56992e-12 -2.30928e-11) (-1.58544e-13 -8.56992e-12 -2.30928e-11) (-1.01019e-11 -7.68764e-14 -1.20714e-10) (-1.01019e-11 -7.68764e-14 -1.20714e-10) (-1.77799e-11 5.74633e-14 -1.79241e-10) (-1.77799e-11 5.74633e-14 -1.79241e-10) (8.31608e-12 -1.00662e-11 -1.67489e-10) (8.31608e-12 -1.00662e-11 -1.67489e-10) (1.00964e-11 -1.12926e-12 -2.07936e-10) (1.00964e-11 -1.12926e-12 -2.07936e-10)
750           (1.01835e-11 -1.73182e-12 -2.84752e-11) (1.01835e-11 -1.73182e-12 -2.84752e-11) (1.01835e-11 -1.73182e-12 -2.84752e-11) (8.22448e-12 -2.25047e-13 -7.95914e-11) (8.22448e-12 -2.25047e-13 -7.95914e-11) (8.13132e-12 8.48871e-12 -1.0346e-10) (8.13132e-12 8.48871e-12 -1.0346e-10) (-8.3088e-12 2.51399e-14 -9.52056e-11) (-8.3088e-12 2.51399e-14 -9.52056e-11) (-2.80973e-11 -1.46591e-13 -1.01282e-10) (-2.80973e-11 -1.46591e-13 -1.01282e-10)
800           (9.24562e-12 1.82164e-13 -1.07115e-11) (9.24562e-12 1.82164e-13 -1.07115e-11) (9.24562e-12 1.82164e-13 -1.07115e-11) (8.49203e-12 -1.97628e-12 -3.60251e-11) (8.49203e-12 -1.97628e-12 -3.60251e-11) (1.8859e-11 -1.8672e-11 -7.53808e-11) (1.8859e-11 -1.8672e-11 -7.53808e-11) (1.98265e-12 1.00982e-11 -7.0513e-11) (1.98265e-12 1.00982e-11 -7.0513e-11) (9.27177e-12 -9.04004e-13 -6.15614e-11) (9.27177e-12 -9.04004e-13 -6.15614e-11)
850           (-7.27407e-15 8.99973e-13 1.51003e-11) (-7.27407e-15 8.99973e-13 1.51003e-11) (-7.27407e-15 8.99973e-13 1.51003e-11) (9.61136e-12 -9.56796e-12 1.00226e-11) (9.61136e-12 -9.56796e-12 1.00226e-11) (-1.01369e-11 8.40408e-13 -3.25663e-11) (-1.01369e-11 8.40408e-13 -3.25663e-11) (-2.86745e-11 -5.13796e-14 -6.43638e-11) (-2.86745e-11 -5.13796e-14 -6.43638e-11) (-2.9205e-13 8.45854e-12 -7.3072e-11) (-2.9205e-13 8.45854e-12 -7.3072e-11)
900           (1.04869e-12 -1.84552e-11 -2.12459e-11) (1.04869e-12 -1.84552e-11 -2.12459e-11) (1.04869e-12 -1.84552e-11 -2.12459e-11) (8.20556e-12 -1.86373e-11 -4.81655e-11) (8.20556e-12 -1.86373e-11 -4.81655e-11) (-9.51451e-12 -7.91854e-13 -4.52151e-11) (-9.51451e-12 -7.91854e-13 -4.52151e-11) (-1.02135e-11 -9.26704e-12 1.17681e-11) (-1.02135e-11 -9.26704e-12 1.17681e-11) (8.31344e-12 -9.25608e-13 5.09313e-11) (8.31344e-12 -9.25608e-13 5.09313e-11)
950           (8.4362e-12 1.02409e-11 -9.12301e-12) (8.4362e-12 1.02409e-11 -9.12301e-12) (8.4362e-12 1.02409e-11 -9.12301e-12) (1.01908e-11 7.46593e-12 -3.01081e-11) (1.01908e-11 7.46593e-12 -3.01081e-11) (-1.01316e-11 -1.03054e-11 -2.24437e-11) (-1.01316e-11 -1.03054e-11 -2.24437e-11) (-9.36937e-12 1.06241e-12 -3.37672e-11) (-9.36937e-12 1.06241e-12 -3.37672e-11) (-1.0121e-11 -1.04107e-11 -3.1571e-11) (-1.0121e-11 -1.04107e-11 -3.1571e-11)
1000          (9.17839e-12 9.02095e-13 -2.44711e-11) (9.17839e-12 9.02095e-13 -2.44711e-11) (9.17839e-12 9.02095e-13 -2.44711e-11) (8.37411e-12 -1.276e-13 -6.88523e-11) (8.37411e-12 -1.276e-13 -6.88523e-11) (-1.01946e-11 -1.00479e-11 -1.02823e-10) (-1.01946e-11 -1.00479e-11 -1.02823e-10) (-1.38599e-13 -8.14938e-12 -1.16076e-10) (-1.38599e-13 -8.14938e-12 -1.16076e-10) (-9.12303e-12 -8.67429e-12 -1.22084e-10) (-9.12303e-12 -8.67429e-12 -1.22084e-10)
1050          (-9.29526e-12 9.37481e-12 -2.55496e-12) (-9.29526e-12 9.37481e-12 -2.55496e-12) (-9.29526e-12 9.37481e-12 -2.55496e-12) (-1.87502e-11 7.82339e-12 9.93051e-12) (-1.87502e-11 7.82339e-12 9.93051e-12) (9.24845e-12 3.42785e-13 3.87036e-11) (9.24845e-12 3.42785e-13 3.87036e-11) (-2.90048e-12 8.36835e-12 8.60007e-11) (-2.90048e-12 8.36835e-12 8.60007e-11) (-7.02548e-13 -8.45265e-14 9.28186e-11) (-7.02548e-13 -8.45265e-14 9.28186e-11)
1100          (-9.27837e-12 -8.44057e-12 2.25795e-11) (-9.27837e-12 -8.44057e-12 2.25795e-11) (-9.27837e-12 -8.44057e-12 2.25795e-11) (-8.42318e-12 1.86348e-11 4.75579e-11) (-8.42318e-12 1.86348e-11 4.75579e-11) (8.88804e-13 1.87638e-11 6.70469e-11) (8.88804e-13 1.87638e-11 6.70469e-11) (-9.20182e-12 1.01747e-11 8.19399e-11) (-9.20182e-12 1.01747e-11 8.19399e-11) (2.26029e-13 -1.02541e-11 4.82315e-11) (2.26029e-13 -1.02541e-11 4.82315e-11)
1150          (8.44434e-13 -8.9217e-13 -6.04696e-12) (8.44434e-13 -8.9217e-13 -6.04696e-12) (8.44434e-13 -8.9217e-13 -6.04696e-12) (-1.10925e-11 -9.11602e-12 -1.05329e-12) (-1.10925e-11 -9.11602e-12 -1.05329e-12) (-9.38296e-12 -8.1653e-12 3.42722e-11) (-9.38296e-12 -8.1653e-12 3.42722e-11) (1.19477e-11 -2.81808e-12 4.09327e-11) (1.19477e-11 -2.81808e-12 4.09327e-11) (-8.15039e-13 -6.29155e-13 1.66124e-11) (-8.15039e-13 -6.29155e-13 1.66124e-11)
1200          (-8.34491e-12 -9.46586e-13 3.01732e-11) (-8.34491e-12 -9.46586e-13 3.01732e-11) (-8.34491e-12 -9.46586e-13 3.01732e-11) (1.97586e-11 -1.02323e-11 7.73301e-11) (1.97586e-11 -1.02323e-11 7.73301e-11) (7.93323e-13 9.00963e-13 1.05719e-10) (7.93323e-13 9.00963e-13 1.05719e-10) (1.71415e-12 -9.3648e-12 9.62756e-11) (1.71415e-12 -9.3648e-12 9.62756e-11) (-1.12076e-11 -1.11548e-11 7.4033e-11) (-1.12076e-11 -1.11548e-11 7.4033e-11)
1250          (8.2985e-13 -9.07378e-12 2.83671e-13) (8.2985e-13 -9.07378e-12 2.83671e-13) (8.2985e-13 -9.07378e-12 2.83671e-13) (9.19413e-12 1.79068e-11 -3.15979e-11) (9.19413e-12 1.79068e-11 -3.15979e-11) (1.12635e-11 9.61704e-14 -5.26015e-11) (1.12635e-11 9.61704e-14 -5.26015e-11) (-3.88054e-14 -1.85934e-11 -4.89026e-11) (-3.88054e-14 -1.85934e-11 -4.89026e-11) (7.51492e-12 9.18103e-12 -5.10946e-11) (7.51492e-12 9.18103e-12 -5.10946e-11)
1300          (-1.02243e-11 -7.58982e-12 3.98423e-11) (-1.02243e-11 -7.58982e-12 3.98423e-11) (-1.02243e-11 -7.58982e-12 3.98423e-11) (-3.84695e-14 8.36614e-15 6.49374e-11) (-3.84695e-14 8.36614e-15 6.49374e-11) (1.16847e-13 -8.73191e-12 3.34233e-11) (1.16847e-13 -8.73191e-12 3.34233e-11) (-9.43671e-12 -2.42462e-13 -1.29246e-11) (-9.43671e-12 -2.42462e-13 -1.29246e-11) (-9.67013e-12 1.17058e-12 -4.53096e-11) (-9.67013e-12 1.17058e-12 -4.53096e-11)
1350          (8.27299e-12 8.22824e-12 -1.79029e-12) (8.27299e-12 8.22824e-12 -1.79029e-12) (8.27299e-12 8.22824e-12 -1.79029e-12) (1.02052e-11 9.97623e-12 -2.78945e-12) (1.02052e-11 9.97623e-12 -2.78945e-12) (-1.01094e-11 -8.94621e-13 1.97569e-11) (-1.01094e-11 -8.94621e-13 1.97569e-11) (-1.87111e-11 7.38808e-13 8.66507e-11) (-1.87111e-11 7.38808e-13 8.66507e-11) (-1.04608e-11 1.96996e-11 1.49819e-10) (-1.04608e-11 1.96996e-11 1.49819e-10)
1400          (-8.31637e-12 -7.94428e-13 -3.85958e-11) (-8.31637e-12 -7.94428e-13 -3.85958e-11) (-8.31637e-12 -7.94428e-13 -3.85958e-11) (7.69969e-12 -1.02395e-11 -8.31845e-11) (7.69969e-12 -1.02395e-11 -8.31845e-11) (9.62481e-12 -9.20306e-12 -9.9906e-11) (9.62481e-12 -9.20306e-12 -9.9906e-11) (-1.04236e-11 9.25985e-12 -1.30051e-10) (-1.04236e-11 9.25985e-12 -1.30051e-10) (-1.83401e-11 1.03742e-11 -1.35587e-10) (-1.83401e-11 1.03742e-11 -1.35587e-10)
1450          (-9.33027e-13 -8.32453e-13 2.90594e-11) (-9.33027e-13 -8.32453e-13 2.90594e-11) (-9.33027e-13 -8.32453e-13 2.90594e-11) (8.28183e-13 9.99254e-13 8.3292e-11) (8.28183e-13 9.99254e-13 8.3292e-11) (-1.11398e-13 -9.36776e-12 1.21088e-10) (-1.11398e-13 -9.36776e-12 1.21088e-10) (-1.08434e-11 -8.89729e-13 1.17933e-10) (-1.08434e-11 -8.89729e-13 1.17933e-10) (-1.07327e-12 -1.9605e-11 1.27361e-10) (-1.07327e-12 -1.9605e-11 1.27361e-10)
1500          (8.84069e-12 1.95226e-11 1.21057e-11) (8.84069e-12 1.95226e-11 1.21057e-11) (8.84069e-12 1.95226e-11 1.21057e-11) (9.9476e-13 9.12552e-13 7.52459e-12) (9.9476e-13 9.12552e-13 7.52459e-12) (-1.12733e-11 9.15454e-12 -2.79144e-11) (-1.12733e-11 9.15454e-12 -2.79144e-11) (1.7396e-11 5.58293e-12 -5.6768e-11) (1.7396e-11 5.58293e-12 -5.6768e-11) (2.91609e-11 1.1013e-12 -7.07113e-11) (2.91609e-11 1.1013e-12 -7.07113e-11)
1550          (9.35233e-13 -9.15262e-12 -4.34465e-12) (9.35233e-13 -9.15262e-12 -4.34465e-12) (9.35233e-13 -9.15262e-12 -4.34465e-12) (-8.42516e-13 -2.73837e-12 5.25111e-12) (-8.42516e-13 -2.73837e-12 5.25111e-12) (1.17549e-13 -1.86889e-11 5.09702e-12) (1.17549e-13 -1.86889e-11 5.09702e-12) (-7.7979e-12 -8.67739e-12 -4.41043e-11) (-7.7979e-12 -8.67739e-12 -4.41043e-11) (-1.04503e-11 -9.23003e-13 -5.98855e-11) (-1.04503e-11 -9.23003e-13 -5.98855e-11)
1600          (9.54259e-12 -9.34659e-12 6.89605e-12) (9.54259e-12 -9.34659e-12 6.89605e-12) (9.54259e-12 -9.34659e-12 6.89605e-12) (1.62423e-12 -2.87824e-11 2.56054e-11) (1.62423e-12 -2.87824e-11 2.56054e-11) (-9.71515e-13 -8.9854e-13 1.05459e-11) (-9.71515e-13 -8.9854e-13 1.05459e-11) (1.86944e-11 -1.05245e-11 -1.32516e-11) (1.86944e-11 -1.05245e-11 -1.32516e-11) (-1.02529e-13 -9.37616e-12 -3.30706e-12) (-1.02529e-13 -9.37616e-12 -3.30706e-12)
1650          (9.28493e-12 9.39814e-12 -4.29851e-11) (9.28493e-12 9.39814e-12 -4.29851e-11) (9.28493e-12 9.39814e-12 -4.29851e-11) (1.9581e-11 1.2505e-13 -9.44795e-11) (1.9581e-11 1.2505e-13 -9.44795e-11) (9.96545e-12 1.03868e-11 -9.38821e-11) (9.96545e-12 1.03868e-11 -9.38821e-11) (8.00856e-13 2.51996e-11 -4.01688e-11) (8.00856e-13 2.51996e-11 -4.01688e-11) (-9.48512e-12 8.29109e-12 -8.5024e-12) (-9.48512e-12 8.29109e-12 -8.5024e-12)
1700          (9.21701e-12 8.45351e-12 5.85512e-13) (9.21701e-12 8.45351e-12 5.85512e-13) (9.21701e-12 8.45351e-12 5.85512e-13) (1.89795e-11 1.93984e-12 -1.60688e-11) (1.89795e-11 1.93984e-12 -1.60688e-11) (7.49871e-12 8.22242e-12 -4.03498e-11) (7.49871e-12 8.22242e-12 -4.03498e-11) (1.09945e-12 1.03909e-11 -5.00044e-11) (1.09945e-12 1.03909e-11 -5.00044e-11) (-2.40003e-14 8.80219e-13 -7.13175e-11) (-2.40003e-14 8.80219e-13 -7.13175e-11)
1750          (-1.00456e-11 8.4564e-12 -1.04207e-12) (-1.00456e-11 8.4564e-12 -1.04207e-12) (-1.00456e-11 8.4564e-12 -1.04207e-12) (-9.43004e-12 -6.71366e-13 -2.33633e-11) (-9.43004e-12 -6.71366e-13 -2.33633e-11) (-1.02781e-11 -1.88311e-11 -5.32801e-11) (-1.02781e-11 -1.88311e-11 -5.32801e-11) (-1.92192e-12 -1.03322e-11 -8.66742e-11) (-1.92192e-12 -1.03322e-11 -8.66742e-11) (8.4516e-12 1.98092e-11 -1.08522e-10) (8.4516e-12 1.98092e-11 -1.08522e-10)
1800          (-1.72284e-12 -8.96597e-14 1.82243e-11) (-1.72284e-12 -8.96597e-14 1.82243e-11) (-1.72284e-12 -8.96597e-14 1.82243e-11) (1.48323e-14 1.30355e-12 1.48267e-11) (1.48323e-14 1.30355e-12 1.48267e-11) (1.7847e-12 -9.62478e-12 -3.01259e-11) (1.7847e-12 -9.62478e-12 -3.01259e-11) (-9.63016e-13 9.3854e-12 -2.16997e-11) (-9.63016e-13 9.3854e-12 -2.16997e-11) (-1.69903e-11 8.97787e-14 1.50681e-12) (-1.69903e-11 8.97787e-14 1.50681e-12)
1850          (-2.01694e-12 -8.36312e-12 1.46819e-11) (-2.01694e-12 -8.36312e-12 1.46819e-11) (-2.01694e-12 -8.36312e-12 1.46819e-11) (1.10733e-11 -3.966e-13 2.28315e-11) (1.10733e-11 -3.966e-13 2.28315e-11) (-1.08003e-11 8.64813e-13 3.25964e-11) (-1.08003e-11 8.64813e-13 3.25964e-11) (-7.87496e-13 8.57692e-12 5.03645e-11) (-7.87496e-13 8.57692e-12 5.03645e-11) (1.6479e-13 8.20244e-12 6.9858e-11) (1.6479e-13 8.20244e-12 6.9858e-11)
1900          (9.44121e-12 -7.01708e-13 -1.06945e-11) (9.44121e-12 -7.01708e-13 -1.06945e-11) (9.44121e-12 -7.01708e-13 -1.06945e-11) (1.00359e-11 -6.61769e-14 -3.84397e-11) (1.00359e-11 -6.61769e-14 -3.84397e-11) (-1.02197e-11 9.17359e-12 -8.14525e-11) (-1.02197e-11 9.17359e-12 -8.14525e-11) (-1.20605e-14 -1.63656e-13 -1.21804e-10) (-1.20605e-14 -1.63656e-13 -1.21804e-10) (3.01082e-13 -1.89825e-11 -1.29131e-10) (3.01082e-13 -1.89825e-11 -1.29131e-10)
1950          (1.00887e-11 1.85812e-11 -9.04096e-12) (1.00887e-11 1.85812e-11 -9.04096e-12) (1.00887e-11 1.85812e-11 -9.04096e-12) (1.83965e-12 1.9346e-11 1.70776e-12) (1.83965e-12 1.9346e-11 1.70776e-12) (8.61004e-13 8.12464e-13 2.98418e-11) (8.61004e-13 8.12464e-13 2.98418e-11) (1.04176e-11 1.00072e-11 2.30584e-11) (1.04176e-11 1.00072e-11 2.30584e-11) (1.86753e-11 -9.30354e-12 -1.64741e-11) (1.86753e-11 -9.30354e-12 -1.64741e-11)
2000          (-8.98269e-13 -9.25269e-12 -4.04758e-11) (-8.98269e-13 -9.25269e-12 -4.04758e-11) (-8.98269e-13 -9.25269e-12 -4.04758e-11) (-8.18211e-12 1.19727e-11 -9.10833e-11) (-8.18211e-12 1.19727e-11 -9.10833e-11) (-1.1522e-13 -1.10641e-12 -1.15341e-10) (-1.1522e-13 -1.10641e-12 -1.15341e-10) (-8.54995e-12 1.96586e-11 -9.30446e-11) (-8.54995e-12 1.96586e-11 -9.30446e-11) (-1.01718e-11 -1.03683e-11 -6.63168e-11) (-1.01718e-11 -1.03683e-11 -6.63168e-11)
2050          (1.89453e-11 -1.03875e-11 -2.50143e-11) (1.89453e-11 -1.03875e-11 -2.50143e-11) (1.89453e-11 -1.03875e-11 -2.50143e-11) (1.12684e-11 -1.74338e-13 -1.83206e-11) (1.12684e-11 -1.74338e-13 -1.83206e-11) (1.86196e-12 8.36005e-12 -7.02758e-12) (1.86196e-12 8.36005e-12 -7.02758e-12) (-9.90552e-12 -9.76799e-13 -2.66561e-11) (-9.90552e-12 -9.76799e-13 -2.66561e-11) (-7.52154e-12 -8.41288e-13 -9.62505e-12) (-7.52154e-12 -8.41288e-13 -9.62505e-12)
2100          (-9.24726e-12 -9.4201e-13 1.10902e-11) (-9.24726e-12 -9.4201e-13 1.10902e-11) (-9.24726e-12 -9.4201e-13 1.10902e-11) (5.12659e-14 9.88701e-13 9.99518e-12) (5.12659e-14 9.88701e-13 9.99518e-12) (9.16247e-12 -1.8643e-11 -1.41916e-11) (9.16247e-12 -1.8643e-11 -1.41916e-11) (-1.85945e-11 8.39318e-12 -1.09368e-11) (-1.85945e-11 8.39318e-12 -1.09368e-11) (1.90199e-14 1.05054e-11 -4.70248e-11) (1.90199e-14 1.05054e-11 -4.70248e-11)
2150          (-9.31683e-12 -1.97163e-11 -1.90423e-11) (-9.31683e-12 -1.97163e-11 -1.90423e-11) (-9.31683e-12 -1.97163e-11 -1.90423e-11) (-1.9701e-11 -7.55418e-12 -1.33082e-11) (-1.9701e-11 -7.55418e-12 -1.33082e-11) (9.43471e-12 9.37731e-12 4.0856e-11) (9.43471e-12 9.37731e-12 4.0856e-11) (9.16224e-12 9.48122e-12 7.82816e-11) (9.16224e-12 9.48122e-12 7.82816e-11) (1.86544e-11 1.92886e-11 5.50805e-11) (1.86544e-11 1.92886e-11 5.50805e-11)
2200          (8.43556e-12 7.53276e-12 -9.55747e-13) (8.43556e-12 7.53276e-12 -9.55747e-13) (8.43556e-12 7.53276e-12 -9.55747e-13) (2.04577e-12 -1.74291e-13 -1.09591e-11) (2.04577e-12 -1.74291e-13 -1.09591e-11) (8.39088e-13 -3.68166e-14 -6.49282e-11) (8.39088e-13 -3.68166e-14 -6.49282e-11) (-8.4938e-13 8.03621e-13 -1.00772e-10) (-8.4938e-13 8.03621e-13 -1.00772e-10) (1.97767e-11 -1.02754e-11 -1.00221e-10) (1.97767e-11 -1.02754e-11 -1.00221e-10)
2250          (-8.5378e-13 1.97125e-11 6.07429e-12) (-8.5378e-13 1.97125e-11 6.07429e-12) (-8.5378e-13 1.97125e-11 6.07429e-12) (8.32714e-12 -9.42881e-13 3.1435e-11) (8.32714e-12 -9.42881e-13 3.1435e-11) (1.85564e-11 8.40282e-12 5.26788e-12) (1.85564e-11 8.40282e-12 5.26788e-12) (1.87462e-11 1.07419e-12 -5.95922e-11) (1.87462e-11 1.07419e-12 -5.95922e-11) (1.11262e-11 5.80968e-15 -6.36595e-11) (1.11262e-11 5.80968e-15 -6.36595e-11)
2300          (1.22098e-11 1.92489e-12 8.78311e-12) (1.22098e-11 1.92489e-12 8.78311e-12) (1.22098e-11 1.92489e-12 8.78311e-12) (-2.01342e-14 1.13256e-11 1.78406e-11) (-2.01342e-14 1.13256e-11 1.78406e-11) (8.47162e-12 -7.66403e-13 -3.07397e-11) (8.47162e-12 -7.66403e-13 -3.07397e-11) (-1.85673e-11 1.94603e-12 -8.08952e-11) (-1.85673e-11 1.94603e-12 -8.08952e-11) (1.17868e-13 8.56799e-12 -8.84282e-11) (1.17868e-13 8.56799e-12 -8.84282e-11)
2350          (1.03042e-12 -8.42536e-12 3.19671e-12) (1.03042e-12 -8.42536e-12 3.19671e-12) (1.03042e-12 -8.42536e-12 3.19671e-12) (-1.01142e-11 -9.44662e-12 -3.81706e-12) (-1.01142e-11 -9.44662e-12 -3.81706e-12) (-9.6097e-13 -7.99727e-13 9.89214e-12) (-9.6097e-13 -7.99727e-13 9.89214e-12) (9.27445e-12 -4.17248e-14 2.57273e-11) (9.27445e-12 -4.17248e-14 2.57273e-11) (-1.75335e-11 -1.86791e-11 3.03561e-11) (-1.75335e-11 -1.86791e-11 3.03561e-11)
2400          (1.86794e-11 -9.19389e-13 -1.06917e-11) (1.86794e-11 -9.19389e-13 -1.06917e-11) (1.86794e-11 -9.19389e-13 -1.06917e-11) (-1.8749e-11 1.04252e-11 -3.05029e-11) (-1.8749e-11 1.04252e-11 -3.05029e-11) (9.48724e-12 8.10798e-12 -3.51156e-11) (9.48724e-12 8.10798e-12 -3.51156e-11) (8.38241e-13 1.03682e-11 -2.97619e-11) (8.38241e-13 1.03682e-11 -2.97619e-11) (-9.55007e-12 -9.15638e-12 -6.06416e-11) (-9.55007e-12 -9.15638e-12 -6.06416e-11)
2450          (-1.18789e-13 -1.03265e-11 -6.44292e-12) (-1.18789e-13 -1.03265e-11 -6.44292e-12) (-1.18789e-13 -1.03265e-11 -6.44292e-12) (1.11025e-12 1.07319e-12 -4.41881e-11) (1.11025e-12 1.07319e-12 -4.41881e-11) (9.29892e-12 9.32599e-12 -1.38034e-10) (9.29892e-12 9.32599e-12 -1.38034e-10) (-3.02975e-14 -1.94392e-11 -2.13e-10) (-3.02975e-14 -1.94392e-11 -2.13e-10) (-8.32179e-12 1.01627e-11 -2.54259e-10) (-8.32179e-12 1.01627e-11 -2.54259e-10)
2500          (1.01538e-11 9.74876e-12 -1.17247e-11) (1.01538e-11 9.74876e-12 -1.17247e-11) (1.01538e-11 9.74876e-12 -1.17247e-11) (9.28286e-13 -8.48591e-13 1.34252e-11) (9.28286e-13 -8.48591e-13 1.34252e-11) (-6.1523e-16 -1.89758e-11 5.16567e-11) (-6.1523e-16 -1.89758e-11 5.16567e-11) (2.82926e-11 9.12025e-12 2.83901e-11) (2.82926e-11 9.12025e-12 2.83901e-11) (1.87145e-12 1.84404e-11 -1.45138e-12) (1.87145e-12 1.84404e-11 -1.45138e-12)
2550          (-9.47277e-12 7.37311e-13 -1.4055e-11) (-9.47277e-12 7.37311e-13 -1.4055e-11) (-9.47277e-12 7.37311e-13 -1.4055e-11) (-1.85664e-11 9.45074e-12 -4.37145e-11) (-1.85664e-11 9.45074e-12 -4.37145e-11) (-9.21354e-12 -9.04855e-12 -6.77249e-11) (-9.21354e-12 -9.04855e-12 -6.77249e-11) (-1.52126e-13 -8.44211e-12 -7.04322e-11) (-1.52126e-13 -8.44211e-12 -7.04322e-11) (8.36345e-12 9.33395e-12 -9.17079e-11) (8.36345e-12 9.33395e-12 -9.17079e-11)
2600          (1.00017e-12 -9.51528e-12 1.70711e-11) (1.00017e-12 -9.51528e-12 1.70711e-11) (1.00017e-12 -9.51528e-12 1.70711e-11) (2.12597e-14 7.5425e-13 1.91101e-11) (2.12597e-14 7.5425e-13 1.91101e-11) (1.01299e-11 -1.0817e-12 -8.4756e-12) (1.01299e-11 -1.0817e-12 -8.4756e-12) (-9.28706e-12 9.56556e-12 -2.48531e-11) (-9.28706e-12 9.56556e-12 -2.48531e-11) (-1.96417e-11 1.00186e-11 -1.29877e-11) (-1.96417e-11 1.00186e-11 -1.29877e-11)
2650          (-9.46273e-12 -9.43829e-12 -7.21081e-12) (-9.46273e-12 -9.43829e-12 -7.21081e-12) (-9.46273e-12 -9.43829e-12 -7.21081e-12) (1.01171e-11 -1.04321e-11 -1.02542e-11) (1.01171e-11 -1.04321e-11 -1.02542e-11) (8.27929e-12 1.91225e-13 1.03172e-12) (8.27929e-12 1.91225e-13 1.03172e-12) (-8.27331e-12 -1.76627e-11 7.12413e-12) (-8.27331e-12 -1.76627e-11 7.12413e-12) (-1.85437e-11 1.04611e-11 2.71829e-11) (-1.85437e-11 1.04611e-11 2.71829e-11)
2700          (-9.71481e-12 1.76599e-11 -8.74157e-12) (-9.71481e-12 1.76599e-11 -8.74157e-12) (-9.71481e-12 1.76599e-11 -8.74157e-12) (-1.04859e-12 -2.00844e-13 -3.77887e-11) (-1.04859e-12 -2.00844e-13 -3.77887e-11) (4.55502e-14 -9.3519e-12 -4.97012e-11) (4.55502e-14 -9.3519e-12 -4.97012e-11) (-1.01369e-11 -7.58599e-12 -2.60465e-11) (-1.01369e-11 -7.58599e-12 -2.60465e-11) (6.4234e-12 -1.77183e-11 -5.07502e-11) (6.4234e-12 -1.77183e-11 -5.07502e-11)
2750          (-8.39802e-12 -8.41372e-12 6.82818e-12) (-8.39802e-12 -8.41372e-12 6.82818e-12) (-8.39802e-12 -8.41372e-12 6.82818e-12) (1.9612e-11 -1.0592e-12 3.29109e-11) (1.9612e-11 -1.0592e-12 3.29109e-11) (-7.37672e-12 2.99131e-14 8.74395e-11) (-7.37672e-12 2.99131e-14 8.74395e-11) (8.30503e-12 -1.05269e-11 1.19099e-10) (8.30503e-12 -1.05269e-11 1.19099e-10) (7.95767e-13 1.19655e-11 1.35709e-10) (7.95767e-13 1.19655e-11 1.35709e-10)
2800          (8.57856e-12 -3.69878e-14 -4.61463e-12) (8.57856e-12 -3.69878e-14 -4.61463e-12) (8.57856e-12 -3.69878e-14 -4.61463e-12) (-8.36184e-13 -1.0236e-11 -6.67301e-12) (-8.36184e-13 -1.0236e-11 -6.67301e-12) (1.11764e-11 8.91848e-13 -2.02998e-11) (1.11764e-11 8.91848e-13 -2.02998e-11) (8.36672e-12 1.8638e-11 -3.11665e-11) (8.36672e-12 1.8638e-11 -3.11665e-11) (-1.02944e-11 -1.00599e-11 -5.2952e-12) (-1.02944e-11 -1.00599e-11 -5.2952e-12)
2850          (-1.04943e-13 1.01844e-11 7.72594e-12) (-1.04943e-13 1.01844e-11 7.72594e-12) (-1.04943e-13 1.01844e-11 7.72594e-12) (-8.3051e-12 7.52732e-12 2.90726e-12) (-8.3051e-12 7.52732e-12 2.90726e-12) (-8.4085e-12 -1.8821e-12 -4.00166e-12) (-8.4085e-12 -1.8821e-12 -4.00166e-12) (-1.94064e-12 8.46873e-12 -2.56807e-11) (-1.94064e-12 8.46873e-12 -2.56807e-11) (2.06148e-11 -1.09099e-11 -6.7906e-11) (2.06148e-11 -1.09099e-11 -6.7906e-11)
2900          (1.02396e-11 8.33885e-12 -9.6118e-13) (1.02396e-11 8.33885e-12 -9.6118e-13) (1.02396e-11 8.33885e-12 -9.6118e-13) (-1.04247e-11 -1.03342e-11 7.01119e-12) (-1.04247e-11 -1.03342e-11 7.01119e-12) (1.78972e-11 1.94791e-11 2.52794e-11) (1.78972e-11 1.94791e-11 2.52794e-11) (-2.78354e-11 8.75291e-13 2.49201e-11) (-2.78354e-11 8.75291e-13 2.49201e-11) (-8.52462e-13 1.78948e-11 3.19476e-11) (-8.52462e-13 1.78948e-11 3.19476e-11)
2950          (-9.95511e-12 -9.45803e-12 -2.61995e-11) (-9.95511e-12 -9.45803e-12 -2.61995e-11) (-9.95511e-12 -9.45803e-12 -2.61995e-11) (-9.43802e-12 2.6891e-13 -6.69116e-11) (-9.43802e-12 2.6891e-13 -6.69116e-11) (-8.83552e-13 9.38836e-12 -7.69276e-11) (-8.83552e-13 9.38836e-12 -7.69276e-11) (-8.42055e-12 -9.36117e-12 -7.26492e-11) (-8.42055e-12 -9.36117e-12 -7.26492e-11) (-8.79772e-12 2.63815e-12 -1.19633e-10) (-8.79772e-12 2.63815e-12 -1.19633e-10)
3000          (-9.16338e-13 -1.01879e-11 -1.91542e-11) (-9.16338e-13 -1.01879e-11 -1.91542e-11) (-9.16338e-13 -1.01879e-11 -1.91542e-11) (1.87142e-11 -7.65597e-13 -2.36725e-11) (1.87142e-11 -7.65597e-13 -2.36725e-11) (-1.01907e-11 1.08006e-13 1.34803e-11) (-1.01907e-11 1.08006e-13 1.34803e-11) (8.98969e-13 6.51458e-12 6.4213e-12) (8.98969e-13 6.51458e-12 6.4213e-12) (-2.11767e-14 -1.2889e-12 -7.46996e-12) (-2.11767e-14 -1.2889e-12 -7.46996e-12)
3050          (8.96717e-13 -7.80047e-13 4.23398e-12) (8.96717e-13 -7.80047e-13 4.23398e-12) (8.96717e-13 -7.80047e-13 4.23398e-12) (1.13258e-11 7.66438e-13 1.13681e-11) (1.13258e-11 7.66438e-13 1.13681e-11) (-9.21554e-13 -9.36137e-12 1.09743e-11) (-9.21554e-13 -9.36137e-12 1.09743e-11) (-6.38739e-14 9.90669e-13 -1.65494e-11) (-6.38739e-14 9.90669e-13 -1.65494e-11) (-1.02194e-11 1.02586e-11 -8.48265e-11) (-1.02194e-11 1.02586e-11 -8.48265e-11)
3100          (-9.34556e-12 -9.13165e-12 -5.00744e-12) (-9.34556e-12 -9.13165e-12 -5.00744e-12) (-9.34556e-12 -9.13165e-12 -5.00744e-12) (1.94585e-11 -1.00613e-11 -4.54343e-12) (1.94585e-11 -1.00613e-11 -4.54343e-12) (-1.01909e-11 -1.02313e-11 -1.26444e-11) (-1.01909e-11 -1.02313e-11 -1.26444e-11) (-1.08719e-12 -8.52711e-12 -3.93783e-11) (-1.08719e-12 -8.52711e-12 -3.93783e-11) (8.54476e-12 -1.09787e-12 -7.2352e-11) (8.54476e-12 -1.09787e-12 -7.2352e-11)
3150          (-1.018e-11 9.17467e-12 7.12604e-12) (-1.018e-11 9.17467e-12 7.12604e-12) (-1.018e-11 9.17467e-12 7.12604e-12) (-9.41802e-12 9.25305e-12 1.86488e-11) (-9.41802e-12 9.25305e-12 1.86488e-11) (-1.83295e-11 1.20771e-11 3.82738e-13) (-1.83295e-11 1.20771e-11 3.82738e-13) (1.78977e-11 9.66985e-14 -4.99585e-11) (1.78977e-11 9.66985e-14 -4.99585e-11) (9.17235e-12 9.81608e-13 -1.1591e-10) (9.17235e-12 9.81608e-13 -1.1591e-10)
3200          (-1.86024e-11 9.26697e-14 1.22836e-11) (-1.86024e-11 9.26697e-14 1.22836e-11) (-1.86024e-11 9.26697e-14 1.22836e-11) (8.31901e-12 1.02947e-11 3.64294e-11) (8.31901e-12 1.02947e-11 3.64294e-11) (-1.05106e-11 -1.04516e-11 1.0956e-10) (-1.05106e-11 -1.04516e-11 1.0956e-10) (-8.87422e-13 -8.58488e-13 1.55737e-10) (-8.87422e-13 -8.58488e-13 1.55737e-10) (-1.77471e-11 -1.11308e-11 1.68407e-10) (-1.77471e-11 -1.11308e-11 1.68407e-10)
3250          (1.19459e-12 -9.03053e-12 1.19403e-11) (1.19459e-12 -9.03053e-12 1.19403e-11) (1.19459e-12 -9.03053e-12 1.19403e-11) (1.69947e-11 1.2564e-13 -1.87168e-11) (1.69947e-11 1.2564e-13 -1.87168e-11) (-7.66114e-12 5.44497e-15 -5.4634e-11) (-7.66114e-12 5.44497e-15 -5.4634e-11) (-8.83588e-13 1.9649e-11 -4.77025e-11) (-8.83588e-13 1.9649e-11 -4.77025e-11) (-3.30778e-14 9.2427e-12 -6.83244e-11) (-3.30778e-14 9.2427e-12 -6.83244e-11)
3300          (7.78402e-12 -1.01584e-11 -1.83295e-11) (7.78402e-12 -1.01584e-11 -1.83295e-11) (7.78402e-12 -1.01584e-11 -1.83295e-11) (-3.335e-14 7.56905e-13 -2.77475e-11) (-3.335e-14 7.56905e-13 -2.77475e-11) (1.10056e-11 -6.84303e-13 -3.88018e-11) (1.10056e-11 -6.84303e-13 -3.88018e-11) (-8.49097e-12 1.09908e-11 -5.51058e-11) (-8.49097e-12 1.09908e-11 -5.51058e-11) (-1.14864e-12 -9.69713e-13 -5.69802e-11) (-1.14864e-12 -9.69713e-13 -5.69802e-11)
3350          (-1.08264e-12 -9.40925e-12 -4.61056e-12) (-1.08264e-12 -9.40925e-12 -4.61056e-12) (-1.08264e-12 -9.40925e-12 -4.61056e-12) (8.19193e-12 -1.04526e-11 -2.35255e-11) (8.19193e-12 -1.04526e-11 -2.35255e-11) (8.3969e-14 7.3602e-13 -4.03309e-11) (8.3969e-14 7.3602e-13 -4.03309e-11) (-7.94781e-13 -1.03226e-11 -6.31645e-11) (-7.94781e-13 -1.03226e-11 -6.31645e-11) (4.382e-13 -3.89066e-14 -7.27062e-11) (4.382e-13 -3.89066e-14 -7.27062e-11)
3400          (9.37371e-13 7.37993e-13 1.5386e-11) (9.37371e-13 7.37993e-13 1.5386e-11) (9.37371e-13 7.37993e-13 1.5386e-11) (1.83272e-12 -1.0005e-12 1.45571e-11) (1.83272e-12 -1.0005e-12 1.45571e-11) (-7.20789e-13 -6.04375e-14 -5.64913e-11) (-7.20789e-13 -6.04375e-14 -5.64913e-11) (-9.33215e-12 -1.58561e-13 -9.30193e-11) (-9.33215e-12 -1.58561e-13 -9.30193e-11) (8.39304e-12 1.96603e-11 -1.12258e-10) (8.39304e-12 1.96603e-11 -1.12258e-10)
3450          (8.23467e-13 1.23565e-13 1.73708e-11) (8.23467e-13 1.23565e-13 1.73708e-11) (8.23467e-13 1.23565e-13 1.73708e-11) (-9.24569e-12 8.32825e-12 1.77039e-11) (-9.24569e-12 8.32825e-12 1.77039e-11) (-1.03781e-12 -9.48663e-12 1.1981e-11) (-1.03781e-12 -9.48663e-12 1.1981e-11) (8.38675e-12 9.36227e-12 1.9048e-11) (8.38675e-12 9.36227e-12 1.9048e-11) (8.1931e-12 1.0261e-11 -7.41249e-13) (8.1931e-12 1.0261e-11 -7.41249e-13)
3500          (-8.40434e-12 -8.69171e-13 1.51993e-11) (-8.40434e-12 -8.69171e-13 1.51993e-11) (-8.40434e-12 -8.69171e-13 1.51993e-11) (2.79921e-11 -1.07802e-12 1.34883e-11) (2.79921e-11 -1.07802e-12 1.34883e-11) (-9.1017e-12 -8.38995e-12 1.74998e-11) (-9.1017e-12 -8.38995e-12 1.74998e-11) (1.27329e-13 -1.71473e-12 1.63198e-11) (1.27329e-13 -1.71473e-12 1.63198e-11) (2.2683e-13 -2.0477e-11 -6.75596e-12) (2.2683e-13 -2.0477e-11 -6.75596e-12)
3550          (-1.04574e-11 -9.25245e-12 -1.1111e-11) (-1.04574e-11 -9.25245e-12 -1.1111e-11) (-1.04574e-11 -9.25245e-12 -1.1111e-11) (8.06854e-13 1.84308e-11 -2.48738e-11) (8.06854e-13 1.84308e-11 -2.48738e-11) (-5.07615e-14 -9.28948e-12 1.31879e-11) (-5.07615e-14 -9.28948e-12 1.31879e-11) (-9.30473e-12 9.25648e-12 4.19972e-11) (-9.30473e-12 9.25648e-12 4.19972e-11) (-1.86944e-12 9.46232e-13 6.7894e-11) (-1.86944e-12 9.46232e-13 6.7894e-11)
3600          (-8.97814e-13 -1.09688e-12 -8.62694e-12) (-8.97814e-13 -1.09688e-12 -8.62694e-12) (-8.97814e-13 -1.09688e-12 -8.62694e-12) (9.97008e-13 1.02802e-11 -6.42962e-11) (9.97008e-13 1.02802e-11 -6.42962e-11) (-8.02716e-13 8.3344e-12 -1.26652e-10) (-8.02716e-13 8.3344e-12 -1.26652e-10) (-8.89178e-13 -9.1968e-12 -1.12724e-10) (-8.89178e-13 -9.1968e-12 -1.12724e-10) (-3.46431e-14 9.50819e-12 -9.62711e-11) (-3.46431e-14 9.50819e-12 -9.62711e-11)
3650          (1.97573e-11 -7.28157e-13 1.22689e-11) (1.97573e-11 -7.28157e-13 1.22689e-11) (1.97573e-11 -7.28157e-13 1.22689e-11) (1.02463e-11 5.66564e-14 2.27735e-11) (1.02463e-11 5.66564e-14 2.27735e-11) (-9.43367e-12 -1.11952e-11 3.50701e-11) (-9.43367e-12 -1.11952e-11 3.50701e-11) (-1.09128e-12 9.25617e-12 5.02987e-11) (-1.09128e-12 9.25617e-12 5.02987e-11) (-1.81128e-12 -9.26539e-12 4.74618e-11) (-1.81128e-12 -9.26539e-12 4.74618e-11)
3700          (8.68886e-14 2.78588e-11 -5.36779e-12) (8.68886e-14 2.78588e-11 -5.36779e-12) (8.68886e-14 2.78588e-11 -5.36779e-12) (1.02723e-11 -9.2452e-12 -1.77672e-11) (1.02723e-11 -9.2452e-12 -1.77672e-11) (-1.86477e-11 -1.92126e-12 -2.33883e-11) (-1.86477e-11 -1.92126e-12 -2.33883e-11) (2.72072e-11 8.98297e-13 -3.53823e-11) (2.72072e-11 8.98297e-13 -3.53823e-11) (-2.04557e-13 8.88298e-13 -5.96661e-11) (-2.04557e-13 8.88298e-13 -5.96661e-11)
3750          (-1.02923e-12 -9.19591e-12 -3.1878e-11) (-1.02923e-12 -9.19591e-12 -3.1878e-11) (-1.02923e-12 -9.19591e-12 -3.1878e-11) (7.89118e-13 8.96191e-13 -1.21717e-10) (7.89118e-13 8.96191e-13 -1.21717e-10) (1.21255e-11 1.10413e-11 -1.83944e-10) (1.21255e-11 1.10413e-11 -1.83944e-10) (-1.94978e-11 -1.98251e-11 -1.63489e-10) (-1.94978e-11 -1.98251e-11 -1.63489e-10) (1.89118e-11 1.03391e-11 -1.80933e-10) (1.89118e-11 1.03391e-11 -1.80933e-10)
3800          (1.0214e-11 1.13012e-11 -2.24499e-11) (1.0214e-11 1.13012e-11 -2.24499e-11) (1.0214e-11 1.13012e-11 -2.24499e-11) (4.84142e-14 -9.60089e-12 -6.35564e-12) (4.84142e-14 -9.60089e-12 -6.35564e-12) (-8.90519e-13 5.99171e-13 3.65392e-11) (-8.90519e-13 5.99171e-13 3.65392e-11) (8.44302e-12 1.31787e-12 1.03596e-12) (8.44302e-12 1.31787e-12 1.03596e-12) (-1.90219e-12 -1.01942e-11 -2.21898e-12) (-1.90219e-12 -1.01942e-11 -2.21898e-12)
3850          (5.96702e-13 -2.32133e-13 -4.89944e-11) (5.96702e-13 -2.32133e-13 -4.89944e-11) (5.96702e-13 -2.32133e-13 -4.89944e-11) (-7.7163e-13 8.76119e-12 -1.26187e-10) (-7.7163e-13 8.76119e-12 -1.26187e-10) (6.80986e-14 -2.42547e-14 -1.49517e-10) (6.80986e-14 -2.42547e-14 -1.49517e-10) (1.17414e-13 8.45605e-13 -1.20227e-10) (1.17414e-13 8.45605e-13 -1.20227e-10) (-1.85909e-11 8.46844e-12 -1.27285e-10) (-1.85909e-11 8.46844e-12 -1.27285e-10)
3900          (-9.94216e-13 -1.80906e-12 -7.4031e-12) (-9.94216e-13 -1.80906e-12 -7.4031e-12) (-9.94216e-13 -1.80906e-12 -7.4031e-12) (1.10801e-11 9.17283e-12 -2.22815e-11) (1.10801e-11 9.17283e-12 -2.22815e-11) (9.48148e-13 1.00104e-11 -5.67663e-11) (9.48148e-13 1.00104e-11 -5.67663e-11) (2.87908e-12 9.54611e-12 -7.05061e-11) (2.87908e-12 9.54611e-12 -7.05061e-11) (9.55236e-12 1.7752e-12 -4.47891e-11) (9.55236e-12 1.7752e-12 -4.47891e-11)
3950          (9.44744e-13 -9.94043e-12 1.67982e-11) (9.44744e-13 -9.94043e-12 1.67982e-11) (9.44744e-13 -9.94043e-12 1.67982e-11) (-8.55726e-12 1.03522e-11 -2.55122e-13) (-8.55726e-12 1.03522e-11 -2.55122e-13) (-2.45895e-13 1.16771e-12 -5.99641e-11) (-2.45895e-13 1.16771e-12 -5.99641e-11) (6.23337e-14 -9.44039e-12 -8.33613e-11) (6.23337e-14 -9.44039e-12 -8.33613e-11) (1.03762e-11 1.01182e-11 -1.13866e-10) (1.03762e-11 1.01182e-11 -1.13866e-10)
4000          (-1.03281e-11 7.78007e-13 -6.14805e-12) (-1.03281e-11 7.78007e-13 -6.14805e-12) (-1.03281e-11 7.78007e-13 -6.14805e-12) (1.01702e-11 1.01448e-11 -1.58347e-11) (1.01702e-11 1.01448e-11 -1.58347e-11) (8.42044e-12 -1.88271e-11 -4.00617e-11) (8.42044e-12 -1.88271e-11 -4.00617e-11) (1.97732e-11 7.57352e-13 -5.93257e-11) (1.97732e-11 7.57352e-13 -5.93257e-11) (-9.46171e-12 -1.85217e-11 -6.26574e-11) (-9.46171e-12 -1.85217e-11 -6.26574e-11)
4050          (-2.98927e-11 -1.90464e-12 -1.97645e-11) (-2.98927e-11 -1.90464e-12 -1.97645e-11) (-2.98927e-11 -1.90464e-12 -1.97645e-11) (1.32596e-13 -1.95141e-11 -5.94178e-11) (1.32596e-13 -1.95141e-11 -5.94178e-11) (-8.52994e-12 1.00544e-11 -8.07737e-11) (-8.52994e-12 1.00544e-11 -8.07737e-11) (8.32278e-12 1.04595e-11 -1.28358e-10) (8.32278e-12 1.04595e-11 -1.28358e-10) (1.6658e-12 6.57199e-13 -1.64391e-10) (1.6658e-12 6.57199e-13 -1.64391e-10)
4100          (1.91076e-12 -8.28466e-12 -1.42303e-11) (1.91076e-12 -8.28466e-12 -1.42303e-11) (1.91076e-12 -8.28466e-12 -1.42303e-11) (2.04203e-11 -1.8448e-12 -1.47407e-11) (2.04203e-11 -1.8448e-12 -1.47407e-11) (9.32674e-12 -2.8209e-11 -5.02908e-11) (9.32674e-12 -2.8209e-11 -5.02908e-11) (-1.60399e-14 9.38416e-12 -9.28521e-11) (-1.60399e-14 9.38416e-12 -9.28521e-11) (-9.28315e-12 -5.93169e-14 -1.11975e-10) (-9.28315e-12 -5.93169e-14 -1.11975e-10)
4150          (-8.72292e-13 8.43415e-13 -1.74175e-11) (-8.72292e-13 8.43415e-13 -1.74175e-11) (-8.72292e-13 8.43415e-13 -1.74175e-11) (2.01783e-12 9.45888e-12 -2.49937e-11) (2.01783e-12 9.45888e-12 -2.49937e-11) (-1.00896e-11 -1.05032e-11 6.90856e-13) (-1.00896e-11 -1.05032e-11 6.90856e-13) (-1.87246e-11 9.06164e-12 2.19856e-12) (-1.87246e-11 9.06164e-12 2.19856e-12) (1.01783e-11 1.75246e-11 -2.12017e-11) (1.01783e-11 1.75246e-11 -2.12017e-11)
4200          (-9.72297e-13 -8.66317e-12 -3.50277e-12) (-9.72297e-13 -8.66317e-12 -3.50277e-12) (-9.72297e-13 -8.66317e-12 -3.50277e-12) (-1.98145e-14 -2.05196e-12 1.38614e-11) (-1.98145e-14 -2.05196e-12 1.38614e-11) (1.03753e-11 -1.00802e-11 3.95593e-11) (1.03753e-11 -1.00802e-11 3.95593e-11) (1.03246e-11 7.92819e-13 5.38286e-11) (1.03246e-11 7.92819e-13 5.38286e-11) (1.02521e-11 -8.36649e-12 5.56572e-11) (1.02521e-11 -8.36649e-12 5.56572e-11)
4250          (4.77477e-14 -1.01172e-11 2.15788e-11) (4.77477e-14 -1.01172e-11 2.15788e-11) (4.77477e-14 -1.01172e-11 2.15788e-11) (8.45757e-12 1.77574e-12 2.86192e-11) (8.45757e-12 1.77574e-12 2.86192e-11) (-9.20767e-12 -1.94944e-11 3.25659e-11) (-9.20767e-12 -1.94944e-11 3.25659e-11) (-9.17854e-12 -9.04208e-13 4.49417e-11) (-9.17854e-12 -9.04208e-13 4.49417e-11) (-8.48236e-12 2.25024e-13 4.4187e-11) (-8.48236e-12 2.25024e-13 4.4187e-11)
4300          (-2.04316e-11 8.69558e-12 -8.74422e-13) (-2.04316e-11 8.69558e-12 -8.74422e-13) (-2.04316e-11 8.69558e-12 -8.74422e-13) (8.49275e-12 -1.09775e-11 5.82657e-12) (8.49275e-12 -1.09775e-11 5.82657e-12) (-9.88459e-12 2.89622e-11 -1.63944e-11) (-9.88459e-12 2.89622e-11 -1.63944e-11) (7.31419e-13 9.61936e-13 -4.00453e-11) (7.31419e-13 9.61936e-13 -4.00453e-11) (1.9262e-12 1.86332e-11 -2.82074e-11) (1.9262e-12 1.86332e-11 -2.82074e-11)
4350          (-2.84377e-11 3.03654e-11 3.12019e-11) (-2.84377e-11 3.03654e-11 3.12019e-11) (-2.84377e-11 3.03654e-11 3.12019e-11) (-9.30599e-12 9.24852e-12 7.75618e-11) (-9.30599e-12 9.24852e-12 7.75618e-11) (1.80587e-11 8.29347e-12 3.87535e-11) (1.80587e-11 8.29347e-12 3.87535e-11) (-9.44689e-12 -1.81075e-12 -1.55031e-11) (-9.44689e-12 -1.81075e-12 -1.55031e-11) (7.37778e-12 -9.19456e-12 -3.88364e-11) (7.37778e-12 -9.19456e-12 -3.88364e-11)
4400          (-1.01023e-11 9.66086e-12 -1.53574e-11) (-1.01023e-11 9.66086e-12 -1.53574e-11) (-1.01023e-11 9.66086e-12 -1.53574e-11) (-1.12127e-11 -9.45424e-12 -6.53291e-11) (-1.12127e-11 -9.45424e-12 -6.53291e-11) (-1.03016e-11 -1.11619e-11 -9.95208e-11) (-1.03016e-11 -1.11619e-11 -9.95208e-11) (1.60317e-12 -1.00202e-12 -7.23074e-11) (1.60317e-12 -1.00202e-12 -7.23074e-11) (-9.85833e-12 -9.34466e-13 -5.97002e-11) (-9.85833e-12 -9.34466e-13 -5.97002e-11)
4450          (1.94995e-11 -9.34836e-12 -9.90608e-12) (1.94995e-11 -9.34836e-12 -9.90608e-12) (1.94995e-11 -9.34836e-12 -9.90608e-12) (9.29098e-12 -2.85342e-12 -1.29371e-11) (9.29098e-12 -2.85342e-12 -1.29371e-11) (1.03484e-11 -1.97106e-11 -3.87722e-11) (1.03484e-11 -1.97106e-11 -3.87722e-11) (9.30169e-12 -1.03555e-11 -5.95712e-11) (9.30169e-12 -1.03555e-11 -5.95712e-11) (-1.99434e-11 8.83868e-13 -1.98191e-11) (-1.99434e-11 8.83868e-13 -1.98191e-11)
4500          (-8.27654e-12 1.76492e-11 4.36342e-13) (-8.27654e-12 1.76492e-11 4.36342e-13) (-8.27654e-12 1.76492e-11 4.36342e-13) (9.50871e-12 -1.32709e-13 3.13244e-11) (9.50871e-12 -1.32709e-13 3.13244e-11) (-1.49946e-13 -1.96246e-11 5.41106e-11) (-1.49946e-13 -1.96246e-11 5.41106e-11) (8.48113e-12 -8.34454e-13 5.37245e-11) (8.48113e-12 -8.34454e-13 5.37245e-11) (1.00555e-11 -9.18994e-12 5.41419e-11) (1.00555e-11 -9.18994e-12 5.41419e-11)
4550          (-9.04215e-12 -8.64352e-13 -1.08428e-11) (-9.04215e-12 -8.64352e-13 -1.08428e-11) (-9.04215e-12 -8.64352e-13 -1.08428e-11) (6.766e-12 9.14564e-13 -4.19726e-11) (6.766e-12 9.14564e-13 -4.19726e-11) (-2.04973e-13 -6.97635e-14 -7.43764e-11) (-2.04973e-13 -6.97635e-14 -7.43764e-11) (8.84223e-13 -5.94492e-13 -1.05076e-10) (8.84223e-13 -5.94492e-13 -1.05076e-10) (-2.03628e-11 -1.85423e-11 -1.43233e-10) (-2.03628e-11 -1.85423e-11 -1.43233e-10)
4600          (-1.01055e-11 -1.01444e-11 4.35955e-12) (-1.01055e-11 -1.01444e-11 4.35955e-12) (-1.01055e-11 -1.01444e-11 4.35955e-12) (-7.63876e-14 2.77335e-13 3.82984e-11) (-7.63876e-14 2.77335e-13 3.82984e-11) (7.72913e-13 1.9497e-11 3.88553e-11) (7.72913e-13 1.9497e-11 3.88553e-11) (-1.02507e-11 1.85919e-11 3.3098e-11) (-1.02507e-11 1.85919e-11 3.3098e-11) (-9.2908e-12 1.10077e-11 6.32015e-11) (-9.2908e-12 1.10077e-11 6.32015e-11)
4650          (8.38891e-12 9.04309e-12 -4.34765e-11) (8.38891e-12 9.04309e-12 -4.34765e-11) (8.38891e-12 9.04309e-12 -4.34765e-11) (-1.79363e-11 -2.79844e-11 -1.17611e-10) (-1.79363e-11 -2.79844e-11 -1.17611e-10) (1.04588e-11 1.04339e-11 -1.62621e-10) (1.04588e-11 1.04339e-11 -1.62621e-10) (-2.18364e-13 -1.01656e-12 -2.14454e-10) (-2.18364e-13 -1.01656e-12 -2.14454e-10) (1.03413e-11 9.42503e-12 -2.57429e-10) (1.03413e-11 9.42503e-12 -2.57429e-10)
4700          (-1.75069e-12 -8.30996e-12 4.45614e-11) (-1.75069e-12 -8.30996e-12 4.45614e-11) (-1.75069e-12 -8.30996e-12 4.45614e-11) (-1.02563e-11 -1.35181e-13 8.34824e-11) (-1.02563e-11 -1.35181e-13 8.34824e-11) (1.97054e-11 1.78552e-11 3.04368e-11) (1.97054e-11 1.78552e-11 3.04368e-11) (1.77267e-12 -8.59813e-12 -3.95407e-11) (1.77267e-12 -8.59813e-12 -3.95407e-11) (1.87019e-12 -1.01538e-11 -4.34317e-11) (1.87019e-12 -1.01538e-11 -4.34317e-11)
4750          (6.78704e-12 1.68335e-11 -1.33997e-11) (6.78704e-12 1.68335e-11 -1.33997e-11) (6.78704e-12 1.68335e-11 -1.33997e-11) (4.27779e-14 -1.01496e-11 -2.39945e-11) (4.27779e-14 -1.01496e-11 -2.39945e-11) (-9.28569e-12 1.07481e-12 -1.0044e-11) (-9.28569e-12 1.07481e-12 -1.0044e-11) (-1.03165e-12 1.04427e-11 -1.2283e-11) (-1.03165e-12 1.04427e-11 -1.2283e-11) (9.53873e-12 9.47452e-12 -5.06586e-11) (9.53873e-12 9.47452e-12 -5.06586e-11)
4800          (1.00236e-11 -7.23746e-13 -4.2971e-12) (1.00236e-11 -7.23746e-13 -4.2971e-12) (1.00236e-11 -7.23746e-13 -4.2971e-12) (-8.23518e-12 -8.43342e-13 -5.11353e-11) (-8.23518e-12 -8.43342e-13 -5.11353e-11) (-2.52297e-14 -9.33167e-12 -1.00719e-10) (-2.52297e-14 -9.33167e-12 -1.00719e-10) (7.33756e-12 -9.25543e-12 -1.37714e-10) (7.33756e-12 -9.25543e-12 -1.37714e-10) (1.76651e-11 -8.39098e-12 -1.85801e-10) (1.76651e-11 -8.39098e-12 -1.85801e-10)
4850          (9.53867e-12 1.02565e-11 1.14117e-11) (9.53867e-12 1.02565e-11 1.14117e-11) (9.53867e-12 1.02565e-11 1.14117e-11) (-8.27677e-12 9.42185e-12 5.88229e-12) (-8.27677e-12 9.42185e-12 5.88229e-12) (-1.02283e-13 8.6167e-13 -4.24172e-11) (-1.02283e-13 8.6167e-13 -4.24172e-11) (9.24408e-12 -1.10769e-12 -6.77538e-11) (9.24408e-12 -1.10769e-12 -6.77538e-11) (8.58056e-12 9.22285e-12 -1.14797e-10) (8.58056e-12 9.22285e-12 -1.14797e-10)
4900          (-1.01633e-11 -9.49525e-12 -3.06575e-11) (-1.01633e-11 -9.49525e-12 -3.06575e-11) (-1.01633e-11 -9.49525e-12 -3.06575e-11) (-7.56208e-12 1.8801e-11 -1.12761e-10) (-7.56208e-12 1.8801e-11 -1.12761e-10) (-1.85076e-11 8.42881e-12 -1.81419e-10) (-1.85076e-11 8.42881e-12 -1.81419e-10) (-8.36312e-12 1.00439e-12 -1.57961e-10) (-8.36312e-12 1.00439e-12 -1.57961e-10) (1.48232e-13 -9.38408e-12 -1.15477e-10) (1.48232e-13 -9.38408e-12 -1.15477e-10)
4950          (-8.70374e-13 -1.81179e-13 9.07257e-12) (-8.70374e-13 -1.81179e-13 9.07257e-12) (-8.70374e-13 -1.81179e-13 9.07257e-12) (2.82803e-13 8.36262e-12 -8.73975e-13) (2.82803e-13 8.36262e-12 -8.73975e-13) (-8.33704e-12 -7.54118e-13 -4.56948e-11) (-8.33704e-12 -7.54118e-13 -4.56948e-11) (1.04001e-11 -1.73751e-12 -5.94503e-11) (1.04001e-11 -1.73751e-12 -5.94503e-11) (1.95826e-11 -9.44997e-13 -6.00717e-11) (1.95826e-11 -9.44997e-13 -6.00717e-11)
5000          (-9.1989e-13 -7.0409e-14 2.81386e-11) (-9.1989e-13 -7.0409e-14 2.81386e-11) (-9.1989e-13 -7.0409e-14 2.81386e-11) (7.652e-13 9.07137e-12 2.44939e-11) (7.652e-13 9.07137e-12 2.44939e-11) (8.14656e-12 8.31015e-12 -2.75521e-11) (8.14656e-12 8.31015e-12 -2.75521e-11) (-1.00779e-11 -1.00614e-11 -4.64593e-11) (-1.00779e-11 -1.00614e-11 -4.64593e-11) (1.22651e-12 1.70293e-14 -8.95286e-11) (1.22651e-12 1.70293e-14 -8.95286e-11)
