# Probe 0 (0 0 0)
# Time        0            
14            1000         
28            904.737      
42            846.864      
56            803.82       
70            770.004      
84            742.47       
98            719.475      
112           699.903      
126           682.997      
140           668.221      
154           655.182      
168           643.582      
182           633.193      
196           623.833      
210           615.36       
224           607.654      
238           600.62       
252           594.177      
266           588.257      
280           582.803      
294           577.767      
308           573.106      
322           568.783      
336           564.766      
350           561.029      
364           557.545      
378           554.294      
392           551.255      
406           548.412      
420           545.749      
434           543.252      
448           540.909      
462           538.708      
476           536.639      
490           534.692      
504           532.86       
518           531.134      
532           529.506      
546           527.972      
560           526.523      
574           525.156      
588           523.864      
602           522.643      
616           521.489      
630           520.398      
644           519.365      
658           518.388      
672           517.463      
686           516.586      
700           515.756      
714           514.969      
728           514.224      
742           513.517      
756           512.846      
770           512.21       
784           511.607      
798           511.035      
812           510.492      
826           509.976      
840           509.486      
854           509.021      
868           508.58       
882           508.161      
896           507.762      
910           507.384      
924           507.024      
938           506.683      
952           506.358      
966           506.049      
980           505.756      
994           505.477      
1008          505.212      
1022          504.96       
1036          504.72       
1050          504.492      
1064          504.275      
1078          504.069      
1092          503.873      
1106          503.686      
1120          503.508      
1134          503.34       
1148          503.179      
1162          503.026      
1176          502.881      
1190          502.742      
1204          502.61       
1218          502.485      
1232          502.366      
1246          502.252      
1260          502.144      
1274          502.042      
1288          501.944      
1302          501.851      
1316          501.762      
1330          501.678      
1344          501.597      
1358          501.521      
1372          501.448      
1386          501.379      
1400          501.313      
1414          501.25       
1428          501.19       
1442          501.133      
1456          501.079      
1470          501.028      
1484          500.979      
1498          500.932      
1512          500.887      
1526          500.845      
1540          500.805      
1554          500.766      
1568          500.73       
1582          500.695      
1596          500.662      
1610          500.63       
1624          500.6        
1638          500.571      
1652          500.544      
1666          500.518      
1680          500.493      
1694          500.47       
1708          500.447      
1722          500.426      
1736          500.406      
1750          500.386      
1764          500.368      
1778          500.35       
1792          500.334      
1806          500.318      
1820          500.303      
1834          500.288      
1848          500.275      
1862          500.261      
1876          500.249      
1890          500.237      
1904          500.226      
1918          500.215      
1932          500.205      
1946          500.195      
1960          500.186      
1974          500.177      
1988          500.168      
2002          500.16       
2016          500.153      
2030          500.146      
2044          500.139      
2058          500.132      
2072          500.126      
2086          500.12       
2100          500.114      
2114          500.109      
2128          500.103      
2142          500.098      
2156          500.094      
2170          500.089      
2184          500.085      
2198          500.081      
2212          500.077      
2226          500.073      
2240          500.07       
2254          500.067      
2268          500.063      
2282          500.06       
2296          500.058      
2310          500.055      
2324          500.052      
2338          500.05       
2352          500.047      
