# Probe 0 (0.0015 0.0015 0)
# Probe 1 (0.0015 0.0015 0.002)
# Probe 2 (0.0015 0.0015 0.004)
# Probe 3 (0.0015 0.0015 0.006)
# Probe 4 (0.0015 0.0015 0.008)
# Probe 5 (0.0015 0.0015 0.01)
# Probe 6 (0.0015 0.0015 0.012)
# Probe 7 (0.0015 0.0015 0.014)
# Probe 8 (0.0015 0.0015 0.016)
# Probe 9 (0.0015 0.0015 0.018)
# Probe 10 (0.0015 0.0015 0.02)
# Time        0             1             2             3             4             5             6             7             8             9             10           
50            60874         60874         60874         60874         60874         60874         4575.27       4575.27       4575.27       4575.27       4575.27      
100           107320        107320        107320        107320        107320        107320        13479.9       13479.9       13479.9       13479.9       13479.9      
150           134947        134947        134947        134947        134947        134947        30878.4       30878.4       30878.4       30878.4       30878.4      
200           149052        149052        149052        149052        149052        149052        49177.7       49177.7       49177.7       49177.7       49177.7      
250           156637        156637        156637        156637        156637        156637        62392.7       62392.7       62392.7       62392.7       62392.7      
300           160903        160903        160903        160903        160903        160903        70054.9       70054.9       70054.9       70054.9       70054.9      
350           163144        163144        163144        163144        163144        163144        73921.1       73921.1       73921.1       73921.1       73921.1      
400           164231        164231        164231        164231        164231        164231        75725.5       75725.5       75725.5       75725.5       75725.5      
450           164732        164732        164732        164732        164732        164732        76535.8       76535.8       76535.8       76535.8       76535.8      
500           164955        164955        164955        164955        164955        164955        76893         76893         76893         76893         76893        
550           165054        165054        165054        165054        165054        165054        77049.3       77049.3       77049.3       77049.3       77049.3      
600           165097        165097        165097        165097        165097        165097        77116.7       77116.7       77116.7       77116.7       77116.7      
650           165115        165115        165115        165115        165115        165115        77145.2       77145.2       77145.2       77145.2       77145.2      
700           165123        165123        165123        165123        165123        165123        77158.2       77158.2       77158.2       77158.2       77158.2      
750           165126        165126        165126        165126        165126        165126        77162.7       77162.7       77162.7       77162.7       77162.7      
800           165127        165127        165127        165127        165127        165127        77164.9       77164.9       77164.9       77164.9       77164.9      
850           165128        165128        165128        165128        165128        165128        77166.1       77166.1       77166.1       77166.1       77166.1      
900           165128        165128        165128        165128        165128        165128        77166.1       77166.1       77166.1       77166.1       77166.1      
950           165128        165128        165128        165128        165128        165128        77166.1       77166.1       77166.1       77166.1       77166.1      
1000          165128        165128        165128        165128        165128        165128        77166.1       77166.1       77166.1       77166.1       77166.1      
1050          165128        165128        165128        165128        165128        165128        77166.1       77166.1       77166.1       77166.1       77166.1      
1100          165128        165128        165128        165128        165128        165128        77166.1       77166.1       77166.1       77166.1       77166.1      
1150          165128        165128        165128        165128        165128        165128        77166.1       77166.1       77166.1       77166.1       77166.1      
1200          165128        165128        165128        165128        165128        165128        77166.1       77166.1       77166.1       77166.1       77166.1      
1250          165128        165128        165128        165128        165128        165128        77166.1       77166.1       77166.1       77166.1       77166.1      
1300          165128        165128        165128        165128        165128        165128        77166.1       77166.1       77166.1       77166.1       77166.1      
1350          165128        165128        165128        165128        165128        165128        77166.1       77166.1       77166.1       77166.1       77166.1      
1400          165128        165128        165128        165128        165128        165128        77166.1       77166.1       77166.1       77166.1       77166.1      
1450          165128        165128        165128        165128        165128        165128        77166.1       77166.1       77166.1       77166.1       77166.1      
1500          165128        165128        165128        165128        165128        165128        77166.1       77166.1       77166.1       77166.1       77166.1      
1550          165128        165128        165128        165128        165128        165128        77166.1       77166.1       77166.1       77166.1       77166.1      
1600          165128        165128        165128        165128        165128        165128        77166.1       77166.1       77166.1       77166.1       77166.1      
1650          165128        165128        165128        165128        165128        165128        77166.1       77166.1       77166.1       77166.1       77166.1      
1700          165128        165128        165128        165128        165128        165128        77166.1       77166.1       77166.1       77166.1       77166.1      
1750          165128        165128        165128        165128        165128        165128        77166.1       77166.1       77166.1       77166.1       77166.1      
1800          165128        165128        165128        165128        165128        165128        77166.1       77166.1       77166.1       77166.1       77166.1      
1850          165128        165128        165128        165128        165128        165128        77166.1       77166.1       77166.1       77166.1       77166.1      
1900          165128        165128        165128        165128        165128        165128        77166.1       77166.1       77166.1       77166.1       77166.1      
1950          165128        165128        165128        165128        165128        165128        77166.1       77166.1       77166.1       77166.1       77166.1      
2000          165128        165128        165128        165128        165128        165128        77166.1       77166.1       77166.1       77166.1       77166.1      
2050          165128        165128        165128        165128        165128        165128        77166.1       77166.1       77166.1       77166.1       77166.1      
2100          165128        165128        165128        165128        165128        165128        77166.1       77166.1       77166.1       77166.1       77166.1      
2150          165128        165128        165128        165128        165128        165128        77166.1       77166.1       77166.1       77166.1       77166.1      
2200          165128        165128        165128        165128        165128        165128        77166.1       77166.1       77166.1       77166.1       77166.1      
2250          165128        165128        165128        165128        165128        165128        77166.1       77166.1       77166.1       77166.1       77166.1      
2300          165128        165128        165128        165128        165128        165128        77166.1       77166.1       77166.1       77166.1       77166.1      
2350          165128        165128        165128        165128        165128        165128        77166.1       77166.1       77166.1       77166.1       77166.1      
2400          165128        165128        165128        165128        165128        165128        77166.1       77166.1       77166.1       77166.1       77166.1      
2450          165128        165128        165128        165128        165128        165128        77166.1       77166.1       77166.1       77166.1       77166.1      
2500          165128        165128        165128        165128        165128        165128        77166.1       77166.1       77166.1       77166.1       77166.1      
2550          165128        165128        165128        165128        165128        165128        77166.1       77166.1       77166.1       77166.1       77166.1      
2600          165128        165128        165128        165128        165128        165128        77166.1       77166.1       77166.1       77166.1       77166.1      
2650          165128        165128        165128        165128        165128        165128        77166.1       77166.1       77166.1       77166.1       77166.1      
2700          165128        165128        165128        165128        165128        165128        77166.1       77166.1       77166.1       77166.1       77166.1      
2750          165128        165128        165128        165128        165128        165128        77166.1       77166.1       77166.1       77166.1       77166.1      
2800          165128        165128        165128        165128        165128        165128        77166.1       77166.1       77166.1       77166.1       77166.1      
2850          165128        165128        165128        165128        165128        165128        77166.1       77166.1       77166.1       77166.1       77166.1      
2900          165128        165128        165128        165128        165128        165128        77166.1       77166.1       77166.1       77166.1       77166.1      
2950          165128        165128        165128        165128        165128        165128        77166.1       77166.1       77166.1       77166.1       77166.1      
3000          165128        165128        165128        165128        165128        165128        77166.1       77166.1       77166.1       77166.1       77166.1      
3050          165128        165128        165128        165128        165128        165128        77166.1       77166.1       77166.1       77166.1       77166.1      
3100          165128        165128        165128        165128        165128        165128        77166.1       77166.1       77166.1       77166.1       77166.1      
3150          165128        165128        165128        165128        165128        165128        77166.1       77166.1       77166.1       77166.1       77166.1      
3200          165128        165128        165128        165128        165128        165128        77166.1       77166.1       77166.1       77166.1       77166.1      
3250          165128        165128        165128        165128        165128        165128        77166.1       77166.1       77166.1       77166.1       77166.1      
3300          165128        165128        165128        165128        165128        165128        77166.1       77166.1       77166.1       77166.1       77166.1      
3350          165128        165128        165128        165128        165128        165128        77166.1       77166.1       77166.1       77166.1       77166.1      
3400          165128        165128        165128        165128        165128        165128        77166.1       77166.1       77166.1       77166.1       77166.1      
3450          165128        165128        165128        165128        165128        165128        77166.1       77166.1       77166.1       77166.1       77166.1      
3500          165128        165128        165128        165128        165128        165128        77166.1       77166.1       77166.1       77166.1       77166.1      
3550          165128        165128        165128        165128        165128        165128        77166.1       77166.1       77166.1       77166.1       77166.1      
3600          165128        165128        165128        165128        165128        165128        77166.1       77166.1       77166.1       77166.1       77166.1      
3650          165128        165128        165128        165128        165128        165128        77166.1       77166.1       77166.1       77166.1       77166.1      
3700          165128        165128        165128        165128        165128        165128        77166.1       77166.1       77166.1       77166.1       77166.1      
3750          165128        165128        165128        165128        165128        165128        77166.1       77166.1       77166.1       77166.1       77166.1      
3800          165128        165128        165128        165128        165128        165128        77166.1       77166.1       77166.1       77166.1       77166.1      
3850          165128        165128        165128        165128        165128        165128        77166.1       77166.1       77166.1       77166.1       77166.1      
3900          165128        165128        165128        165128        165128        165128        77166.1       77166.1       77166.1       77166.1       77166.1      
3950          165128        165128        165128        165128        165128        165128        77166.1       77166.1       77166.1       77166.1       77166.1      
4000          165128        165128        165128        165128        165128        165128        77166.1       77166.1       77166.1       77166.1       77166.1      
4050          165128        165128        165128        165128        165128        165128        77166.1       77166.1       77166.1       77166.1       77166.1      
4100          165128        165128        165128        165128        165128        165128        77166.1       77166.1       77166.1       77166.1       77166.1      
4150          165128        165128        165128        165128        165128        165128        77166.1       77166.1       77166.1       77166.1       77166.1      
4200          165128        165128        165128        165128        165128        165128        77166.1       77166.1       77166.1       77166.1       77166.1      
4250          165128        165128        165128        165128        165128        165128        77166.1       77166.1       77166.1       77166.1       77166.1      
4300          165128        165128        165128        165128        165128        165128        77166.1       77166.1       77166.1       77166.1       77166.1      
4350          165128        165128        165128        165128        165128        165128        77166.1       77166.1       77166.1       77166.1       77166.1      
4400          165128        165128        165128        165128        165128        165128        77166.1       77166.1       77166.1       77166.1       77166.1      
4450          165128        165128        165128        165128        165128        165128        77166.1       77166.1       77166.1       77166.1       77166.1      
4500          165128        165128        165128        165128        165128        165128        77166.1       77166.1       77166.1       77166.1       77166.1      
4550          165128        165128        165128        165128        165128        165128        77166.1       77166.1       77166.1       77166.1       77166.1      
4600          165128        165128        165128        165128        165128        165128        77166.1       77166.1       77166.1       77166.1       77166.1      
4650          165128        165128        165128        165128        165128        165128        77166.1       77166.1       77166.1       77166.1       77166.1      
4700          165128        165128        165128        165128        165128        165128        77166.1       77166.1       77166.1       77166.1       77166.1      
4750          165128        165128        165128        165128        165128        165128        77166.1       77166.1       77166.1       77166.1       77166.1      
4800          165128        165128        165128        165128        165128        165128        77166.1       77166.1       77166.1       77166.1       77166.1      
4850          165128        165128        165128        165128        165128        165128        77166.1       77166.1       77166.1       77166.1       77166.1      
4900          165128        165128        165128        165128        165128        165128        77166.1       77166.1       77166.1       77166.1       77166.1      
4950          165128        165128        165128        165128        165128        165128        77166.1       77166.1       77166.1       77166.1       77166.1      
5000          165128        165128        165128        165128        165128        165128        77166.1       77166.1       77166.1       77166.1       77166.1      
