# Probe 0 (0.0015 0.0015 0)
# Probe 1 (0.0015 0.0015 0.002)
# Probe 2 (0.0015 0.0015 0.004)
# Probe 3 (0.0015 0.0015 0.006)
# Probe 4 (0.0015 0.0015 0.008)
# Probe 5 (0.0015 0.0015 0.01)
# Probe 6 (0.0015 0.0015 0.012)
# Probe 7 (0.0015 0.0015 0.014)
# Probe 8 (0.0015 0.0015 0.016)
# Probe 9 (0.0015 0.0015 0.018)
# Probe 10 (0.0015 0.0015 0.02)
# Time        0             1             2             3             4             5             6             7             8             9             10           
50            0.000670976   0.000670976   0.000670976   0.000670976   0.000670976   0.000670976   0.000661903   0.000661903   0.000661903   0.000661903   0.000661903  
100           0.000670976   0.000670976   0.000670976   0.000670976   0.000670976   0.000670976   0.000661903   0.000661903   0.000661903   0.000661903   0.000661903  
150           0.000670976   0.000670976   0.000670976   0.000670976   0.000670976   0.000670976   0.000661903   0.000661903   0.000661903   0.000661903   0.000661903  
200           0.000670976   0.000670976   0.000670976   0.000670976   0.000670976   0.000670976   0.000661903   0.000661903   0.000661903   0.000661903   0.000661903  
250           0.000670976   0.000670976   0.000670976   0.000670976   0.000670976   0.000670976   0.000661903   0.000661903   0.000661903   0.000661903   0.000661903  
300           0.000670976   0.000670976   0.000670976   0.000670976   0.000670976   0.000670976   0.000661903   0.000661903   0.000661903   0.000661903   0.000661903  
350           0.000670976   0.000670976   0.000670976   0.000670976   0.000670976   0.000670976   0.000661903   0.000661903   0.000661903   0.000661903   0.000661903  
400           0.000670976   0.000670976   0.000670976   0.000670976   0.000670976   0.000670976   0.000661903   0.000661903   0.000661903   0.000661903   0.000661903  
450           0.000670976   0.000670976   0.000670976   0.000670976   0.000670976   0.000670976   0.000661903   0.000661903   0.000661903   0.000661903   0.000661903  
500           0.000670976   0.000670976   0.000670976   0.000670976   0.000670976   0.000670976   0.000661903   0.000661903   0.000661903   0.000661903   0.000661903  
550           0.000670976   0.000670976   0.000670976   0.000670976   0.000670976   0.000670976   0.000661903   0.000661903   0.000661903   0.000661903   0.000661903  
600           0.000670976   0.000670976   0.000670976   0.000670976   0.000670976   0.000670976   0.000661903   0.000661903   0.000661903   0.000661903   0.000661903  
650           0.000670976   0.000670976   0.000670976   0.000670976   0.000670976   0.000670976   0.000661903   0.000661903   0.000661903   0.000661903   0.000661903  
700           0.000670976   0.000670976   0.000670976   0.000670976   0.000670976   0.000670976   0.000661903   0.000661903   0.000661903   0.000661903   0.000661903  
750           0.000670976   0.000670976   0.000670976   0.000670976   0.000670976   0.000670976   0.000661903   0.000661903   0.000661903   0.000661903   0.000661903  
800           0.000670976   0.000670976   0.000670976   0.000670976   0.000670976   0.000670976   0.000661903   0.000661903   0.000661903   0.000661903   0.000661903  
850           0.000670976   0.000670976   0.000670976   0.000670976   0.000670976   0.000670976   0.000661903   0.000661903   0.000661903   0.000661903   0.000661903  
900           0.000670976   0.000670976   0.000670976   0.000670976   0.000670976   0.000670976   0.000661903   0.000661903   0.000661903   0.000661903   0.000661903  
950           0.000670976   0.000670976   0.000670976   0.000670976   0.000670976   0.000670976   0.000661903   0.000661903   0.000661903   0.000661903   0.000661903  
1000          0.000670976   0.000670976   0.000670976   0.000670976   0.000670976   0.000670976   0.000661903   0.000661903   0.000661903   0.000661903   0.000661903  
1050          0.000670976   0.000670976   0.000670976   0.000670976   0.000670976   0.000670976   0.000661903   0.000661903   0.000661903   0.000661903   0.000661903  
1100          0.000670976   0.000670976   0.000670976   0.000670976   0.000670976   0.000670976   0.000661903   0.000661903   0.000661903   0.000661903   0.000661903  
1150          0.000670976   0.000670976   0.000670976   0.000670976   0.000670976   0.000670976   0.000661903   0.000661903   0.000661903   0.000661903   0.000661903  
1200          0.000670976   0.000670976   0.000670976   0.000670976   0.000670976   0.000670976   0.000661903   0.000661903   0.000661903   0.000661903   0.000661903  
1250          0.000670976   0.000670976   0.000670976   0.000670976   0.000670976   0.000670976   0.000661903   0.000661903   0.000661903   0.000661903   0.000661903  
1300          0.000670976   0.000670976   0.000670976   0.000670976   0.000670976   0.000670976   0.000661903   0.000661903   0.000661903   0.000661903   0.000661903  
1350          0.000670976   0.000670976   0.000670976   0.000670976   0.000670976   0.000670976   0.000661903   0.000661903   0.000661903   0.000661903   0.000661903  
1400          0.000670976   0.000670976   0.000670976   0.000670976   0.000670976   0.000670976   0.000661903   0.000661903   0.000661903   0.000661903   0.000661903  
1450          0.000670976   0.000670976   0.000670976   0.000670976   0.000670976   0.000670976   0.000661903   0.000661903   0.000661903   0.000661903   0.000661903  
1500          0.000670976   0.000670976   0.000670976   0.000670976   0.000670976   0.000670976   0.000661903   0.000661903   0.000661903   0.000661903   0.000661903  
1550          0.000670976   0.000670976   0.000670976   0.000670976   0.000670976   0.000670976   0.000661903   0.000661903   0.000661903   0.000661903   0.000661903  
1600          0.000670976   0.000670976   0.000670976   0.000670976   0.000670976   0.000670976   0.000661903   0.000661903   0.000661903   0.000661903   0.000661903  
1650          0.000670976   0.000670976   0.000670976   0.000670976   0.000670976   0.000670976   0.000661903   0.000661903   0.000661903   0.000661903   0.000661903  
1700          0.000670976   0.000670976   0.000670976   0.000670976   0.000670976   0.000670976   0.000661903   0.000661903   0.000661903   0.000661903   0.000661903  
1750          0.000670976   0.000670976   0.000670976   0.000670976   0.000670976   0.000670976   0.000661903   0.000661903   0.000661903   0.000661903   0.000661903  
1800          0.000670976   0.000670976   0.000670976   0.000670976   0.000670976   0.000670976   0.000661903   0.000661903   0.000661903   0.000661903   0.000661903  
1850          0.000670976   0.000670976   0.000670976   0.000670976   0.000670976   0.000670976   0.000661903   0.000661903   0.000661903   0.000661903   0.000661903  
1900          0.000670976   0.000670976   0.000670976   0.000670976   0.000670976   0.000670976   0.000661903   0.000661903   0.000661903   0.000661903   0.000661903  
1950          0.000670976   0.000670976   0.000670976   0.000670976   0.000670976   0.000670976   0.000661903   0.000661903   0.000661903   0.000661903   0.000661903  
2000          0.000670976   0.000670976   0.000670976   0.000670976   0.000670976   0.000670976   0.000661903   0.000661903   0.000661903   0.000661903   0.000661903  
2050          0.000670976   0.000670976   0.000670976   0.000670976   0.000670976   0.000670976   0.000661903   0.000661903   0.000661903   0.000661903   0.000661903  
2100          0.000670976   0.000670976   0.000670976   0.000670976   0.000670976   0.000670976   0.000661903   0.000661903   0.000661903   0.000661903   0.000661903  
2150          0.000670976   0.000670976   0.000670976   0.000670976   0.000670976   0.000670976   0.000661903   0.000661903   0.000661903   0.000661903   0.000661903  
2200          0.000670976   0.000670976   0.000670976   0.000670976   0.000670976   0.000670976   0.000661903   0.000661903   0.000661903   0.000661903   0.000661903  
2250          0.000670976   0.000670976   0.000670976   0.000670976   0.000670976   0.000670976   0.000661903   0.000661903   0.000661903   0.000661903   0.000661903  
2300          0.000670976   0.000670976   0.000670976   0.000670976   0.000670976   0.000670976   0.000661903   0.000661903   0.000661903   0.000661903   0.000661903  
2350          0.000670976   0.000670976   0.000670976   0.000670976   0.000670976   0.000670976   0.000661903   0.000661903   0.000661903   0.000661903   0.000661903  
2400          0.000670976   0.000670976   0.000670976   0.000670976   0.000670976   0.000670976   0.000661903   0.000661903   0.000661903   0.000661903   0.000661903  
2450          0.000670976   0.000670976   0.000670976   0.000670976   0.000670976   0.000670976   0.000661903   0.000661903   0.000661903   0.000661903   0.000661903  
2500          0.000670976   0.000670976   0.000670976   0.000670976   0.000670976   0.000670976   0.000661903   0.000661903   0.000661903   0.000661903   0.000661903  
2550          0.000670976   0.000670976   0.000670976   0.000670976   0.000670976   0.000670976   0.000661903   0.000661903   0.000661903   0.000661903   0.000661903  
2600          0.000670976   0.000670976   0.000670976   0.000670976   0.000670976   0.000670976   0.000661903   0.000661903   0.000661903   0.000661903   0.000661903  
2650          0.000670976   0.000670976   0.000670976   0.000670976   0.000670976   0.000670976   0.000661903   0.000661903   0.000661903   0.000661903   0.000661903  
2700          0.000670976   0.000670976   0.000670976   0.000670976   0.000670976   0.000670976   0.000661903   0.000661903   0.000661903   0.000661903   0.000661903  
2750          0.000670976   0.000670976   0.000670976   0.000670976   0.000670976   0.000670976   0.000661903   0.000661903   0.000661903   0.000661903   0.000661903  
2800          0.000670976   0.000670976   0.000670976   0.000670976   0.000670976   0.000670976   0.000661903   0.000661903   0.000661903   0.000661903   0.000661903  
2850          0.000670976   0.000670976   0.000670976   0.000670976   0.000670976   0.000670976   0.000661903   0.000661903   0.000661903   0.000661903   0.000661903  
2900          0.000670976   0.000670976   0.000670976   0.000670976   0.000670976   0.000670976   0.000661903   0.000661903   0.000661903   0.000661903   0.000661903  
2950          0.000670976   0.000670976   0.000670976   0.000670976   0.000670976   0.000670976   0.000661903   0.000661903   0.000661903   0.000661903   0.000661903  
3000          0.000670976   0.000670976   0.000670976   0.000670976   0.000670976   0.000670976   0.000661903   0.000661903   0.000661903   0.000661903   0.000661903  
3050          0.000670976   0.000670976   0.000670976   0.000670976   0.000670976   0.000670976   0.000661903   0.000661903   0.000661903   0.000661903   0.000661903  
3100          0.000670976   0.000670976   0.000670976   0.000670976   0.000670976   0.000670976   0.000661903   0.000661903   0.000661903   0.000661903   0.000661903  
3150          0.000670976   0.000670976   0.000670976   0.000670976   0.000670976   0.000670976   0.000661903   0.000661903   0.000661903   0.000661903   0.000661903  
3200          0.000670976   0.000670976   0.000670976   0.000670976   0.000670976   0.000670976   0.000661903   0.000661903   0.000661903   0.000661903   0.000661903  
3250          0.000670976   0.000670976   0.000670976   0.000670976   0.000670976   0.000670976   0.000661903   0.000661903   0.000661903   0.000661903   0.000661903  
3300          0.000670976   0.000670976   0.000670976   0.000670976   0.000670976   0.000670976   0.000661903   0.000661903   0.000661903   0.000661903   0.000661903  
3350          0.000670976   0.000670976   0.000670976   0.000670976   0.000670976   0.000670976   0.000661903   0.000661903   0.000661903   0.000661903   0.000661903  
3400          0.000670976   0.000670976   0.000670976   0.000670976   0.000670976   0.000670976   0.000661903   0.000661903   0.000661903   0.000661903   0.000661903  
3450          0.000670976   0.000670976   0.000670976   0.000670976   0.000670976   0.000670976   0.000661903   0.000661903   0.000661903   0.000661903   0.000661903  
3500          0.000670976   0.000670976   0.000670976   0.000670976   0.000670976   0.000670976   0.000661903   0.000661903   0.000661903   0.000661903   0.000661903  
3550          0.000670976   0.000670976   0.000670976   0.000670976   0.000670976   0.000670976   0.000661903   0.000661903   0.000661903   0.000661903   0.000661903  
3600          0.000670976   0.000670976   0.000670976   0.000670976   0.000670976   0.000670976   0.000661903   0.000661903   0.000661903   0.000661903   0.000661903  
3650          0.000670976   0.000670976   0.000670976   0.000670976   0.000670976   0.000670976   0.000661903   0.000661903   0.000661903   0.000661903   0.000661903  
3700          0.000670976   0.000670976   0.000670976   0.000670976   0.000670976   0.000670976   0.000661903   0.000661903   0.000661903   0.000661903   0.000661903  
3750          0.000670976   0.000670976   0.000670976   0.000670976   0.000670976   0.000670976   0.000661903   0.000661903   0.000661903   0.000661903   0.000661903  
3800          0.000670976   0.000670976   0.000670976   0.000670976   0.000670976   0.000670976   0.000661903   0.000661903   0.000661903   0.000661903   0.000661903  
3850          0.000670976   0.000670976   0.000670976   0.000670976   0.000670976   0.000670976   0.000661903   0.000661903   0.000661903   0.000661903   0.000661903  
3900          0.000670976   0.000670976   0.000670976   0.000670976   0.000670976   0.000670976   0.000661903   0.000661903   0.000661903   0.000661903   0.000661903  
3950          0.000670976   0.000670976   0.000670976   0.000670976   0.000670976   0.000670976   0.000661903   0.000661903   0.000661903   0.000661903   0.000661903  
4000          0.000670976   0.000670976   0.000670976   0.000670976   0.000670976   0.000670976   0.000661903   0.000661903   0.000661903   0.000661903   0.000661903  
4050          0.000670976   0.000670976   0.000670976   0.000670976   0.000670976   0.000670976   0.000661903   0.000661903   0.000661903   0.000661903   0.000661903  
4100          0.000670976   0.000670976   0.000670976   0.000670976   0.000670976   0.000670976   0.000661903   0.000661903   0.000661903   0.000661903   0.000661903  
4150          0.000670976   0.000670976   0.000670976   0.000670976   0.000670976   0.000670976   0.000661903   0.000661903   0.000661903   0.000661903   0.000661903  
4200          0.000670976   0.000670976   0.000670976   0.000670976   0.000670976   0.000670976   0.000661903   0.000661903   0.000661903   0.000661903   0.000661903  
4250          0.000670976   0.000670976   0.000670976   0.000670976   0.000670976   0.000670976   0.000661903   0.000661903   0.000661903   0.000661903   0.000661903  
4300          0.000670976   0.000670976   0.000670976   0.000670976   0.000670976   0.000670976   0.000661903   0.000661903   0.000661903   0.000661903   0.000661903  
4350          0.000670976   0.000670976   0.000670976   0.000670976   0.000670976   0.000670976   0.000661903   0.000661903   0.000661903   0.000661903   0.000661903  
4400          0.000670976   0.000670976   0.000670976   0.000670976   0.000670976   0.000670976   0.000661903   0.000661903   0.000661903   0.000661903   0.000661903  
4450          0.000670976   0.000670976   0.000670976   0.000670976   0.000670976   0.000670976   0.000661903   0.000661903   0.000661903   0.000661903   0.000661903  
4500          0.000670976   0.000670976   0.000670976   0.000670976   0.000670976   0.000670976   0.000661903   0.000661903   0.000661903   0.000661903   0.000661903  
4550          0.000670976   0.000670976   0.000670976   0.000670976   0.000670976   0.000670976   0.000661903   0.000661903   0.000661903   0.000661903   0.000661903  
4600          0.000670976   0.000670976   0.000670976   0.000670976   0.000670976   0.000670976   0.000661903   0.000661903   0.000661903   0.000661903   0.000661903  
4650          0.000670976   0.000670976   0.000670976   0.000670976   0.000670976   0.000670976   0.000661903   0.000661903   0.000661903   0.000661903   0.000661903  
4700          0.000670976   0.000670976   0.000670976   0.000670976   0.000670976   0.000670976   0.000661903   0.000661903   0.000661903   0.000661903   0.000661903  
4750          0.000670976   0.000670976   0.000670976   0.000670976   0.000670976   0.000670976   0.000661903   0.000661903   0.000661903   0.000661903   0.000661903  
4800          0.000670976   0.000670976   0.000670976   0.000670976   0.000670976   0.000670976   0.000661903   0.000661903   0.000661903   0.000661903   0.000661903  
4850          0.000670976   0.000670976   0.000670976   0.000670976   0.000670976   0.000670976   0.000661903   0.000661903   0.000661903   0.000661903   0.000661903  
4900          0.000670976   0.000670976   0.000670976   0.000670976   0.000670976   0.000670976   0.000661903   0.000661903   0.000661903   0.000661903   0.000661903  
4950          0.000670976   0.000670976   0.000670976   0.000670976   0.000670976   0.000670976   0.000661903   0.000661903   0.000661903   0.000661903   0.000661903  
5000          0.000670976   0.000670976   0.000670976   0.000670976   0.000670976   0.000670976   0.000661903   0.000661903   0.000661903   0.000661903   0.000661903  
