# Probe 0 (0.0015 0.0015 0)
# Probe 1 (0.0015 0.0015 0.002)
# Probe 2 (0.0015 0.0015 0.004)
# Probe 3 (0.0015 0.0015 0.006)
# Probe 4 (0.0015 0.0015 0.008)
# Probe 5 (0.0015 0.0015 0.01)
# Probe 6 (0.0015 0.0015 0.012)
# Probe 7 (0.0015 0.0015 0.014)
# Probe 8 (0.0015 0.0015 0.016)
# Probe 9 (0.0015 0.0015 0.018)
# Probe 10 (0.0015 0.0015 0.02)
# Time        0             1             2             3             4             5             6             7             8             9             10           
50            (-350.844 84.9618 10641.5) (-350.844 84.9618 10641.5) (-350.844 84.9618 10641.5) (-350.844 84.9618 10641.5) (-350.844 84.9618 10641.5) (-350.844 84.9618 10641.5) (-8.34054 -0.645916 1386.31) (-8.34054 -0.645916 1386.31) (-8.34054 -0.645916 1386.31) (-8.34054 -0.645916 1386.31) (-8.34054 -0.645916 1386.31)
100           (-555.292 148.862 9426.99) (-555.292 148.862 9426.99) (-555.292 148.862 9426.99) (-555.292 148.862 9426.99) (-555.292 148.862 9426.99) (-555.292 148.862 9426.99) (-25.9513 29.1432 3111.78) (-25.9513 29.1432 3111.78) (-25.9513 29.1432 3111.78) (-25.9513 29.1432 3111.78) (-25.9513 29.1432 3111.78)
150           (-722.439 146.006 8304.04) (-722.439 146.006 8304.04) (-722.439 146.006 8304.04) (-722.439 146.006 8304.04) (-722.439 146.006 8304.04) (-722.439 146.006 8304.04) (-119.81 67.7264 4365.47) (-119.81 67.7264 4365.47) (-119.81 67.7264 4365.47) (-119.81 67.7264 4365.47) (-119.81 67.7264 4365.47)
200           (-801.328 163.279 7419.07) (-801.328 163.279 7419.07) (-801.328 163.279 7419.07) (-801.328 163.279 7419.07) (-801.328 163.279 7419.07) (-801.328 163.279 7419.07) (-235.205 81.9311 5182.45) (-235.205 81.9311 5182.45) (-235.205 81.9311 5182.45) (-235.205 81.9311 5182.45) (-235.205 81.9311 5182.45)
250           (-838.225 172.678 6831.5) (-838.225 172.678 6831.5) (-838.225 172.678 6831.5) (-838.225 172.678 6831.5) (-838.225 172.678 6831.5) (-838.225 172.678 6831.5) (-309.225 83.6109 5685.16) (-309.225 83.6109 5685.16) (-309.225 83.6109 5685.16) (-309.225 83.6109 5685.16) (-309.225 83.6109 5685.16)
300           (-858 176.885 6493.43) (-858 176.885 6493.43) (-858 176.885 6493.43) (-858 176.885 6493.43) (-858 176.885 6493.43) (-858 176.885 6493.43) (-348.528 88.4982 5972.23) (-348.528 88.4982 5972.23) (-348.528 88.4982 5972.23) (-348.528 88.4982 5972.23) (-348.528 88.4982 5972.23)
350           (-868.429 178.941 6321.11) (-868.429 178.941 6321.11) (-868.429 178.941 6321.11) (-868.429 178.941 6321.11) (-868.429 178.941 6321.11) (-868.429 178.941 6321.11) (-367.66 92.8831 6120.02) (-367.66 92.8831 6120.02) (-367.66 92.8831 6120.02) (-367.66 92.8831 6120.02) (-367.66 92.8831 6120.02)
400           (-873.528 179.923 6239.85) (-873.528 179.923 6239.85) (-873.528 179.923 6239.85) (-873.528 179.923 6239.85) (-873.528 179.923 6239.85) (-873.528 179.923 6239.85) (-376.44 95.163 6190.4) (-376.44 95.163 6190.4) (-376.44 95.163 6190.4) (-376.44 95.163 6190.4) (-376.44 95.163 6190.4)
450           (-875.892 180.378 6203.12) (-875.892 180.378 6203.12) (-875.892 180.378 6203.12) (-875.892 180.378 6203.12) (-875.892 180.378 6203.12) (-875.892 180.378 6203.12) (-380.355 96.1685 6222.41) (-380.355 96.1685 6222.41) (-380.355 96.1685 6222.41) (-380.355 96.1685 6222.41) (-380.355 96.1685 6222.41)
500           (-876.953 180.578 6186.87) (-876.953 180.578 6186.87) (-876.953 180.578 6186.87) (-876.953 180.578 6186.87) (-876.953 180.578 6186.87) (-876.953 180.578 6186.87) (-382.075 96.5872 6236.64) (-382.075 96.5872 6236.64) (-382.075 96.5872 6236.64) (-382.075 96.5872 6236.64) (-382.075 96.5872 6236.64)
550           (-877.425 180.666 6179.74) (-877.425 180.666 6179.74) (-877.425 180.666 6179.74) (-877.425 180.666 6179.74) (-877.425 180.666 6179.74) (-877.425 180.666 6179.74) (-382.833 96.7627 6242.88) (-382.833 96.7627 6242.88) (-382.833 96.7627 6242.88) (-382.833 96.7627 6242.88) (-382.833 96.7627 6242.88)
600           (-877.624 180.703 6176.67) (-877.624 180.703 6176.67) (-877.624 180.703 6176.67) (-877.624 180.703 6176.67) (-877.624 180.703 6176.67) (-877.624 180.703 6176.67) (-383.149 96.8346 6245.58) (-383.149 96.8346 6245.58) (-383.149 96.8346 6245.58) (-383.149 96.8346 6245.58) (-383.149 96.8346 6245.58)
650           (-877.711 180.721 6175.37) (-877.711 180.721 6175.37) (-877.711 180.721 6175.37) (-877.711 180.721 6175.37) (-877.711 180.721 6175.37) (-877.711 180.721 6175.37) (-383.288 96.8676 6246.72) (-383.288 96.8676 6246.72) (-383.288 96.8676 6246.72) (-383.288 96.8676 6246.72) (-383.288 96.8676 6246.72)
700           (-877.748 180.727 6174.77) (-877.748 180.727 6174.77) (-877.748 180.727 6174.77) (-877.748 180.727 6174.77) (-877.748 180.727 6174.77) (-877.748 180.727 6174.77) (-383.348 96.8797 6247.24) (-383.348 96.8797 6247.24) (-383.348 96.8797 6247.24) (-383.348 96.8797 6247.24) (-383.348 96.8797 6247.24)
750           (-877.762 180.73 6174.57) (-877.762 180.73 6174.57) (-877.762 180.73 6174.57) (-877.762 180.73 6174.57) (-877.762 180.73 6174.57) (-877.762 180.73 6174.57) (-383.37 96.8847 6247.42) (-383.37 96.8847 6247.42) (-383.37 96.8847 6247.42) (-383.37 96.8847 6247.42) (-383.37 96.8847 6247.42)
800           (-877.769 180.731 6174.47) (-877.769 180.731 6174.47) (-877.769 180.731 6174.47) (-877.769 180.731 6174.47) (-877.769 180.731 6174.47) (-877.769 180.731 6174.47) (-383.38 96.8869 6247.5) (-383.38 96.8869 6247.5) (-383.38 96.8869 6247.5) (-383.38 96.8869 6247.5) (-383.38 96.8869 6247.5)
850           (-877.773 180.733 6174.42) (-877.773 180.733 6174.42) (-877.773 180.733 6174.42) (-877.773 180.733 6174.42) (-877.773 180.733 6174.42) (-877.773 180.733 6174.42) (-383.388 96.8897 6247.55) (-383.388 96.8897 6247.55) (-383.388 96.8897 6247.55) (-383.388 96.8897 6247.55) (-383.388 96.8897 6247.55)
900           (-877.773 180.733 6174.42) (-877.773 180.733 6174.42) (-877.773 180.733 6174.42) (-877.773 180.733 6174.42) (-877.773 180.733 6174.42) (-877.773 180.733 6174.42) (-383.388 96.8897 6247.55) (-383.388 96.8897 6247.55) (-383.388 96.8897 6247.55) (-383.388 96.8897 6247.55) (-383.388 96.8897 6247.55)
950           (-877.773 180.733 6174.42) (-877.773 180.733 6174.42) (-877.773 180.733 6174.42) (-877.773 180.733 6174.42) (-877.773 180.733 6174.42) (-877.773 180.733 6174.42) (-383.388 96.8897 6247.55) (-383.388 96.8897 6247.55) (-383.388 96.8897 6247.55) (-383.388 96.8897 6247.55) (-383.388 96.8897 6247.55)
1000          (-877.773 180.733 6174.42) (-877.773 180.733 6174.42) (-877.773 180.733 6174.42) (-877.773 180.733 6174.42) (-877.773 180.733 6174.42) (-877.773 180.733 6174.42) (-383.388 96.8897 6247.55) (-383.388 96.8897 6247.55) (-383.388 96.8897 6247.55) (-383.388 96.8897 6247.55) (-383.388 96.8897 6247.55)
1050          (-877.773 180.733 6174.42) (-877.773 180.733 6174.42) (-877.773 180.733 6174.42) (-877.773 180.733 6174.42) (-877.773 180.733 6174.42) (-877.773 180.733 6174.42) (-383.388 96.8897 6247.55) (-383.388 96.8897 6247.55) (-383.388 96.8897 6247.55) (-383.388 96.8897 6247.55) (-383.388 96.8897 6247.55)
1100          (-877.773 180.733 6174.42) (-877.773 180.733 6174.42) (-877.773 180.733 6174.42) (-877.773 180.733 6174.42) (-877.773 180.733 6174.42) (-877.773 180.733 6174.42) (-383.388 96.8897 6247.55) (-383.388 96.8897 6247.55) (-383.388 96.8897 6247.55) (-383.388 96.8897 6247.55) (-383.388 96.8897 6247.55)
1150          (-877.773 180.733 6174.42) (-877.773 180.733 6174.42) (-877.773 180.733 6174.42) (-877.773 180.733 6174.42) (-877.773 180.733 6174.42) (-877.773 180.733 6174.42) (-383.388 96.8897 6247.55) (-383.388 96.8897 6247.55) (-383.388 96.8897 6247.55) (-383.388 96.8897 6247.55) (-383.388 96.8897 6247.55)
1200          (-877.773 180.733 6174.42) (-877.773 180.733 6174.42) (-877.773 180.733 6174.42) (-877.773 180.733 6174.42) (-877.773 180.733 6174.42) (-877.773 180.733 6174.42) (-383.388 96.8897 6247.55) (-383.388 96.8897 6247.55) (-383.388 96.8897 6247.55) (-383.388 96.8897 6247.55) (-383.388 96.8897 6247.55)
1250          (-877.773 180.733 6174.42) (-877.773 180.733 6174.42) (-877.773 180.733 6174.42) (-877.773 180.733 6174.42) (-877.773 180.733 6174.42) (-877.773 180.733 6174.42) (-383.388 96.8897 6247.55) (-383.388 96.8897 6247.55) (-383.388 96.8897 6247.55) (-383.388 96.8897 6247.55) (-383.388 96.8897 6247.55)
1300          (-877.773 180.733 6174.42) (-877.773 180.733 6174.42) (-877.773 180.733 6174.42) (-877.773 180.733 6174.42) (-877.773 180.733 6174.42) (-877.773 180.733 6174.42) (-383.388 96.8897 6247.55) (-383.388 96.8897 6247.55) (-383.388 96.8897 6247.55) (-383.388 96.8897 6247.55) (-383.388 96.8897 6247.55)
1350          (-877.773 180.733 6174.42) (-877.773 180.733 6174.42) (-877.773 180.733 6174.42) (-877.773 180.733 6174.42) (-877.773 180.733 6174.42) (-877.773 180.733 6174.42) (-383.388 96.8897 6247.55) (-383.388 96.8897 6247.55) (-383.388 96.8897 6247.55) (-383.388 96.8897 6247.55) (-383.388 96.8897 6247.55)
1400          (-877.773 180.733 6174.42) (-877.773 180.733 6174.42) (-877.773 180.733 6174.42) (-877.773 180.733 6174.42) (-877.773 180.733 6174.42) (-877.773 180.733 6174.42) (-383.388 96.8897 6247.55) (-383.388 96.8897 6247.55) (-383.388 96.8897 6247.55) (-383.388 96.8897 6247.55) (-383.388 96.8897 6247.55)
1450          (-877.773 180.733 6174.42) (-877.773 180.733 6174.42) (-877.773 180.733 6174.42) (-877.773 180.733 6174.42) (-877.773 180.733 6174.42) (-877.773 180.733 6174.42) (-383.388 96.8897 6247.55) (-383.388 96.8897 6247.55) (-383.388 96.8897 6247.55) (-383.388 96.8897 6247.55) (-383.388 96.8897 6247.55)
1500          (-877.773 180.733 6174.42) (-877.773 180.733 6174.42) (-877.773 180.733 6174.42) (-877.773 180.733 6174.42) (-877.773 180.733 6174.42) (-877.773 180.733 6174.42) (-383.388 96.8897 6247.55) (-383.388 96.8897 6247.55) (-383.388 96.8897 6247.55) (-383.388 96.8897 6247.55) (-383.388 96.8897 6247.55)
1550          (-877.773 180.733 6174.42) (-877.773 180.733 6174.42) (-877.773 180.733 6174.42) (-877.773 180.733 6174.42) (-877.773 180.733 6174.42) (-877.773 180.733 6174.42) (-383.388 96.8897 6247.55) (-383.388 96.8897 6247.55) (-383.388 96.8897 6247.55) (-383.388 96.8897 6247.55) (-383.388 96.8897 6247.55)
1600          (-877.773 180.733 6174.42) (-877.773 180.733 6174.42) (-877.773 180.733 6174.42) (-877.773 180.733 6174.42) (-877.773 180.733 6174.42) (-877.773 180.733 6174.42) (-383.388 96.8897 6247.55) (-383.388 96.8897 6247.55) (-383.388 96.8897 6247.55) (-383.388 96.8897 6247.55) (-383.388 96.8897 6247.55)
1650          (-877.773 180.733 6174.42) (-877.773 180.733 6174.42) (-877.773 180.733 6174.42) (-877.773 180.733 6174.42) (-877.773 180.733 6174.42) (-877.773 180.733 6174.42) (-383.388 96.8897 6247.55) (-383.388 96.8897 6247.55) (-383.388 96.8897 6247.55) (-383.388 96.8897 6247.55) (-383.388 96.8897 6247.55)
1700          (-877.773 180.733 6174.42) (-877.773 180.733 6174.42) (-877.773 180.733 6174.42) (-877.773 180.733 6174.42) (-877.773 180.733 6174.42) (-877.773 180.733 6174.42) (-383.388 96.8897 6247.55) (-383.388 96.8897 6247.55) (-383.388 96.8897 6247.55) (-383.388 96.8897 6247.55) (-383.388 96.8897 6247.55)
1750          (-877.773 180.733 6174.42) (-877.773 180.733 6174.42) (-877.773 180.733 6174.42) (-877.773 180.733 6174.42) (-877.773 180.733 6174.42) (-877.773 180.733 6174.42) (-383.388 96.8897 6247.55) (-383.388 96.8897 6247.55) (-383.388 96.8897 6247.55) (-383.388 96.8897 6247.55) (-383.388 96.8897 6247.55)
1800          (-877.773 180.733 6174.42) (-877.773 180.733 6174.42) (-877.773 180.733 6174.42) (-877.773 180.733 6174.42) (-877.773 180.733 6174.42) (-877.773 180.733 6174.42) (-383.388 96.8897 6247.55) (-383.388 96.8897 6247.55) (-383.388 96.8897 6247.55) (-383.388 96.8897 6247.55) (-383.388 96.8897 6247.55)
1850          (-877.773 180.733 6174.42) (-877.773 180.733 6174.42) (-877.773 180.733 6174.42) (-877.773 180.733 6174.42) (-877.773 180.733 6174.42) (-877.773 180.733 6174.42) (-383.388 96.8897 6247.55) (-383.388 96.8897 6247.55) (-383.388 96.8897 6247.55) (-383.388 96.8897 6247.55) (-383.388 96.8897 6247.55)
1900          (-877.773 180.733 6174.42) (-877.773 180.733 6174.42) (-877.773 180.733 6174.42) (-877.773 180.733 6174.42) (-877.773 180.733 6174.42) (-877.773 180.733 6174.42) (-383.388 96.8897 6247.55) (-383.388 96.8897 6247.55) (-383.388 96.8897 6247.55) (-383.388 96.8897 6247.55) (-383.388 96.8897 6247.55)
1950          (-877.773 180.733 6174.42) (-877.773 180.733 6174.42) (-877.773 180.733 6174.42) (-877.773 180.733 6174.42) (-877.773 180.733 6174.42) (-877.773 180.733 6174.42) (-383.388 96.8897 6247.55) (-383.388 96.8897 6247.55) (-383.388 96.8897 6247.55) (-383.388 96.8897 6247.55) (-383.388 96.8897 6247.55)
2000          (-877.773 180.733 6174.42) (-877.773 180.733 6174.42) (-877.773 180.733 6174.42) (-877.773 180.733 6174.42) (-877.773 180.733 6174.42) (-877.773 180.733 6174.42) (-383.388 96.8897 6247.55) (-383.388 96.8897 6247.55) (-383.388 96.8897 6247.55) (-383.388 96.8897 6247.55) (-383.388 96.8897 6247.55)
2050          (-877.773 180.733 6174.42) (-877.773 180.733 6174.42) (-877.773 180.733 6174.42) (-877.773 180.733 6174.42) (-877.773 180.733 6174.42) (-877.773 180.733 6174.42) (-383.388 96.8897 6247.55) (-383.388 96.8897 6247.55) (-383.388 96.8897 6247.55) (-383.388 96.8897 6247.55) (-383.388 96.8897 6247.55)
2100          (-877.773 180.733 6174.42) (-877.773 180.733 6174.42) (-877.773 180.733 6174.42) (-877.773 180.733 6174.42) (-877.773 180.733 6174.42) (-877.773 180.733 6174.42) (-383.388 96.8897 6247.55) (-383.388 96.8897 6247.55) (-383.388 96.8897 6247.55) (-383.388 96.8897 6247.55) (-383.388 96.8897 6247.55)
2150          (-877.773 180.733 6174.42) (-877.773 180.733 6174.42) (-877.773 180.733 6174.42) (-877.773 180.733 6174.42) (-877.773 180.733 6174.42) (-877.773 180.733 6174.42) (-383.388 96.8897 6247.55) (-383.388 96.8897 6247.55) (-383.388 96.8897 6247.55) (-383.388 96.8897 6247.55) (-383.388 96.8897 6247.55)
2200          (-877.773 180.733 6174.42) (-877.773 180.733 6174.42) (-877.773 180.733 6174.42) (-877.773 180.733 6174.42) (-877.773 180.733 6174.42) (-877.773 180.733 6174.42) (-383.388 96.8897 6247.55) (-383.388 96.8897 6247.55) (-383.388 96.8897 6247.55) (-383.388 96.8897 6247.55) (-383.388 96.8897 6247.55)
2250          (-877.773 180.733 6174.42) (-877.773 180.733 6174.42) (-877.773 180.733 6174.42) (-877.773 180.733 6174.42) (-877.773 180.733 6174.42) (-877.773 180.733 6174.42) (-383.388 96.8897 6247.55) (-383.388 96.8897 6247.55) (-383.388 96.8897 6247.55) (-383.388 96.8897 6247.55) (-383.388 96.8897 6247.55)
2300          (-877.773 180.733 6174.42) (-877.773 180.733 6174.42) (-877.773 180.733 6174.42) (-877.773 180.733 6174.42) (-877.773 180.733 6174.42) (-877.773 180.733 6174.42) (-383.388 96.8897 6247.55) (-383.388 96.8897 6247.55) (-383.388 96.8897 6247.55) (-383.388 96.8897 6247.55) (-383.388 96.8897 6247.55)
2350          (-877.773 180.733 6174.42) (-877.773 180.733 6174.42) (-877.773 180.733 6174.42) (-877.773 180.733 6174.42) (-877.773 180.733 6174.42) (-877.773 180.733 6174.42) (-383.388 96.8897 6247.55) (-383.388 96.8897 6247.55) (-383.388 96.8897 6247.55) (-383.388 96.8897 6247.55) (-383.388 96.8897 6247.55)
2400          (-877.773 180.733 6174.42) (-877.773 180.733 6174.42) (-877.773 180.733 6174.42) (-877.773 180.733 6174.42) (-877.773 180.733 6174.42) (-877.773 180.733 6174.42) (-383.388 96.8897 6247.55) (-383.388 96.8897 6247.55) (-383.388 96.8897 6247.55) (-383.388 96.8897 6247.55) (-383.388 96.8897 6247.55)
2450          (-877.773 180.733 6174.42) (-877.773 180.733 6174.42) (-877.773 180.733 6174.42) (-877.773 180.733 6174.42) (-877.773 180.733 6174.42) (-877.773 180.733 6174.42) (-383.388 96.8897 6247.55) (-383.388 96.8897 6247.55) (-383.388 96.8897 6247.55) (-383.388 96.8897 6247.55) (-383.388 96.8897 6247.55)
2500          (-877.773 180.733 6174.42) (-877.773 180.733 6174.42) (-877.773 180.733 6174.42) (-877.773 180.733 6174.42) (-877.773 180.733 6174.42) (-877.773 180.733 6174.42) (-383.388 96.8897 6247.55) (-383.388 96.8897 6247.55) (-383.388 96.8897 6247.55) (-383.388 96.8897 6247.55) (-383.388 96.8897 6247.55)
2550          (-877.773 180.733 6174.42) (-877.773 180.733 6174.42) (-877.773 180.733 6174.42) (-877.773 180.733 6174.42) (-877.773 180.733 6174.42) (-877.773 180.733 6174.42) (-383.388 96.8897 6247.55) (-383.388 96.8897 6247.55) (-383.388 96.8897 6247.55) (-383.388 96.8897 6247.55) (-383.388 96.8897 6247.55)
2600          (-877.773 180.733 6174.42) (-877.773 180.733 6174.42) (-877.773 180.733 6174.42) (-877.773 180.733 6174.42) (-877.773 180.733 6174.42) (-877.773 180.733 6174.42) (-383.388 96.8897 6247.55) (-383.388 96.8897 6247.55) (-383.388 96.8897 6247.55) (-383.388 96.8897 6247.55) (-383.388 96.8897 6247.55)
2650          (-877.773 180.733 6174.42) (-877.773 180.733 6174.42) (-877.773 180.733 6174.42) (-877.773 180.733 6174.42) (-877.773 180.733 6174.42) (-877.773 180.733 6174.42) (-383.388 96.8897 6247.55) (-383.388 96.8897 6247.55) (-383.388 96.8897 6247.55) (-383.388 96.8897 6247.55) (-383.388 96.8897 6247.55)
2700          (-877.773 180.733 6174.42) (-877.773 180.733 6174.42) (-877.773 180.733 6174.42) (-877.773 180.733 6174.42) (-877.773 180.733 6174.42) (-877.773 180.733 6174.42) (-383.388 96.8897 6247.55) (-383.388 96.8897 6247.55) (-383.388 96.8897 6247.55) (-383.388 96.8897 6247.55) (-383.388 96.8897 6247.55)
2750          (-877.773 180.733 6174.42) (-877.773 180.733 6174.42) (-877.773 180.733 6174.42) (-877.773 180.733 6174.42) (-877.773 180.733 6174.42) (-877.773 180.733 6174.42) (-383.388 96.8897 6247.55) (-383.388 96.8897 6247.55) (-383.388 96.8897 6247.55) (-383.388 96.8897 6247.55) (-383.388 96.8897 6247.55)
2800          (-877.773 180.733 6174.42) (-877.773 180.733 6174.42) (-877.773 180.733 6174.42) (-877.773 180.733 6174.42) (-877.773 180.733 6174.42) (-877.773 180.733 6174.42) (-383.388 96.8897 6247.55) (-383.388 96.8897 6247.55) (-383.388 96.8897 6247.55) (-383.388 96.8897 6247.55) (-383.388 96.8897 6247.55)
2850          (-877.773 180.733 6174.42) (-877.773 180.733 6174.42) (-877.773 180.733 6174.42) (-877.773 180.733 6174.42) (-877.773 180.733 6174.42) (-877.773 180.733 6174.42) (-383.388 96.8897 6247.55) (-383.388 96.8897 6247.55) (-383.388 96.8897 6247.55) (-383.388 96.8897 6247.55) (-383.388 96.8897 6247.55)
2900          (-877.773 180.733 6174.42) (-877.773 180.733 6174.42) (-877.773 180.733 6174.42) (-877.773 180.733 6174.42) (-877.773 180.733 6174.42) (-877.773 180.733 6174.42) (-383.388 96.8897 6247.55) (-383.388 96.8897 6247.55) (-383.388 96.8897 6247.55) (-383.388 96.8897 6247.55) (-383.388 96.8897 6247.55)
2950          (-877.773 180.733 6174.42) (-877.773 180.733 6174.42) (-877.773 180.733 6174.42) (-877.773 180.733 6174.42) (-877.773 180.733 6174.42) (-877.773 180.733 6174.42) (-383.388 96.8897 6247.55) (-383.388 96.8897 6247.55) (-383.388 96.8897 6247.55) (-383.388 96.8897 6247.55) (-383.388 96.8897 6247.55)
3000          (-877.773 180.733 6174.42) (-877.773 180.733 6174.42) (-877.773 180.733 6174.42) (-877.773 180.733 6174.42) (-877.773 180.733 6174.42) (-877.773 180.733 6174.42) (-383.388 96.8897 6247.55) (-383.388 96.8897 6247.55) (-383.388 96.8897 6247.55) (-383.388 96.8897 6247.55) (-383.388 96.8897 6247.55)
3050          (-877.773 180.733 6174.42) (-877.773 180.733 6174.42) (-877.773 180.733 6174.42) (-877.773 180.733 6174.42) (-877.773 180.733 6174.42) (-877.773 180.733 6174.42) (-383.388 96.8897 6247.55) (-383.388 96.8897 6247.55) (-383.388 96.8897 6247.55) (-383.388 96.8897 6247.55) (-383.388 96.8897 6247.55)
3100          (-877.773 180.733 6174.42) (-877.773 180.733 6174.42) (-877.773 180.733 6174.42) (-877.773 180.733 6174.42) (-877.773 180.733 6174.42) (-877.773 180.733 6174.42) (-383.388 96.8897 6247.55) (-383.388 96.8897 6247.55) (-383.388 96.8897 6247.55) (-383.388 96.8897 6247.55) (-383.388 96.8897 6247.55)
3150          (-877.773 180.733 6174.42) (-877.773 180.733 6174.42) (-877.773 180.733 6174.42) (-877.773 180.733 6174.42) (-877.773 180.733 6174.42) (-877.773 180.733 6174.42) (-383.388 96.8897 6247.55) (-383.388 96.8897 6247.55) (-383.388 96.8897 6247.55) (-383.388 96.8897 6247.55) (-383.388 96.8897 6247.55)
3200          (-877.773 180.733 6174.42) (-877.773 180.733 6174.42) (-877.773 180.733 6174.42) (-877.773 180.733 6174.42) (-877.773 180.733 6174.42) (-877.773 180.733 6174.42) (-383.388 96.8897 6247.55) (-383.388 96.8897 6247.55) (-383.388 96.8897 6247.55) (-383.388 96.8897 6247.55) (-383.388 96.8897 6247.55)
3250          (-877.773 180.733 6174.42) (-877.773 180.733 6174.42) (-877.773 180.733 6174.42) (-877.773 180.733 6174.42) (-877.773 180.733 6174.42) (-877.773 180.733 6174.42) (-383.388 96.8897 6247.55) (-383.388 96.8897 6247.55) (-383.388 96.8897 6247.55) (-383.388 96.8897 6247.55) (-383.388 96.8897 6247.55)
3300          (-877.773 180.733 6174.42) (-877.773 180.733 6174.42) (-877.773 180.733 6174.42) (-877.773 180.733 6174.42) (-877.773 180.733 6174.42) (-877.773 180.733 6174.42) (-383.388 96.8897 6247.55) (-383.388 96.8897 6247.55) (-383.388 96.8897 6247.55) (-383.388 96.8897 6247.55) (-383.388 96.8897 6247.55)
3350          (-877.773 180.733 6174.42) (-877.773 180.733 6174.42) (-877.773 180.733 6174.42) (-877.773 180.733 6174.42) (-877.773 180.733 6174.42) (-877.773 180.733 6174.42) (-383.388 96.8897 6247.55) (-383.388 96.8897 6247.55) (-383.388 96.8897 6247.55) (-383.388 96.8897 6247.55) (-383.388 96.8897 6247.55)
3400          (-877.773 180.733 6174.42) (-877.773 180.733 6174.42) (-877.773 180.733 6174.42) (-877.773 180.733 6174.42) (-877.773 180.733 6174.42) (-877.773 180.733 6174.42) (-383.388 96.8897 6247.55) (-383.388 96.8897 6247.55) (-383.388 96.8897 6247.55) (-383.388 96.8897 6247.55) (-383.388 96.8897 6247.55)
3450          (-877.773 180.733 6174.42) (-877.773 180.733 6174.42) (-877.773 180.733 6174.42) (-877.773 180.733 6174.42) (-877.773 180.733 6174.42) (-877.773 180.733 6174.42) (-383.388 96.8897 6247.55) (-383.388 96.8897 6247.55) (-383.388 96.8897 6247.55) (-383.388 96.8897 6247.55) (-383.388 96.8897 6247.55)
3500          (-877.773 180.733 6174.42) (-877.773 180.733 6174.42) (-877.773 180.733 6174.42) (-877.773 180.733 6174.42) (-877.773 180.733 6174.42) (-877.773 180.733 6174.42) (-383.388 96.8897 6247.55) (-383.388 96.8897 6247.55) (-383.388 96.8897 6247.55) (-383.388 96.8897 6247.55) (-383.388 96.8897 6247.55)
3550          (-877.773 180.733 6174.42) (-877.773 180.733 6174.42) (-877.773 180.733 6174.42) (-877.773 180.733 6174.42) (-877.773 180.733 6174.42) (-877.773 180.733 6174.42) (-383.388 96.8897 6247.55) (-383.388 96.8897 6247.55) (-383.388 96.8897 6247.55) (-383.388 96.8897 6247.55) (-383.388 96.8897 6247.55)
3600          (-877.773 180.733 6174.42) (-877.773 180.733 6174.42) (-877.773 180.733 6174.42) (-877.773 180.733 6174.42) (-877.773 180.733 6174.42) (-877.773 180.733 6174.42) (-383.388 96.8897 6247.55) (-383.388 96.8897 6247.55) (-383.388 96.8897 6247.55) (-383.388 96.8897 6247.55) (-383.388 96.8897 6247.55)
3650          (-877.773 180.733 6174.42) (-877.773 180.733 6174.42) (-877.773 180.733 6174.42) (-877.773 180.733 6174.42) (-877.773 180.733 6174.42) (-877.773 180.733 6174.42) (-383.388 96.8897 6247.55) (-383.388 96.8897 6247.55) (-383.388 96.8897 6247.55) (-383.388 96.8897 6247.55) (-383.388 96.8897 6247.55)
3700          (-877.773 180.733 6174.42) (-877.773 180.733 6174.42) (-877.773 180.733 6174.42) (-877.773 180.733 6174.42) (-877.773 180.733 6174.42) (-877.773 180.733 6174.42) (-383.388 96.8897 6247.55) (-383.388 96.8897 6247.55) (-383.388 96.8897 6247.55) (-383.388 96.8897 6247.55) (-383.388 96.8897 6247.55)
3750          (-877.773 180.733 6174.42) (-877.773 180.733 6174.42) (-877.773 180.733 6174.42) (-877.773 180.733 6174.42) (-877.773 180.733 6174.42) (-877.773 180.733 6174.42) (-383.388 96.8897 6247.55) (-383.388 96.8897 6247.55) (-383.388 96.8897 6247.55) (-383.388 96.8897 6247.55) (-383.388 96.8897 6247.55)
3800          (-877.773 180.733 6174.42) (-877.773 180.733 6174.42) (-877.773 180.733 6174.42) (-877.773 180.733 6174.42) (-877.773 180.733 6174.42) (-877.773 180.733 6174.42) (-383.388 96.8897 6247.55) (-383.388 96.8897 6247.55) (-383.388 96.8897 6247.55) (-383.388 96.8897 6247.55) (-383.388 96.8897 6247.55)
3850          (-877.773 180.733 6174.42) (-877.773 180.733 6174.42) (-877.773 180.733 6174.42) (-877.773 180.733 6174.42) (-877.773 180.733 6174.42) (-877.773 180.733 6174.42) (-383.388 96.8897 6247.55) (-383.388 96.8897 6247.55) (-383.388 96.8897 6247.55) (-383.388 96.8897 6247.55) (-383.388 96.8897 6247.55)
3900          (-877.773 180.733 6174.42) (-877.773 180.733 6174.42) (-877.773 180.733 6174.42) (-877.773 180.733 6174.42) (-877.773 180.733 6174.42) (-877.773 180.733 6174.42) (-383.388 96.8897 6247.55) (-383.388 96.8897 6247.55) (-383.388 96.8897 6247.55) (-383.388 96.8897 6247.55) (-383.388 96.8897 6247.55)
3950          (-877.773 180.733 6174.42) (-877.773 180.733 6174.42) (-877.773 180.733 6174.42) (-877.773 180.733 6174.42) (-877.773 180.733 6174.42) (-877.773 180.733 6174.42) (-383.388 96.8897 6247.55) (-383.388 96.8897 6247.55) (-383.388 96.8897 6247.55) (-383.388 96.8897 6247.55) (-383.388 96.8897 6247.55)
4000          (-877.773 180.733 6174.42) (-877.773 180.733 6174.42) (-877.773 180.733 6174.42) (-877.773 180.733 6174.42) (-877.773 180.733 6174.42) (-877.773 180.733 6174.42) (-383.388 96.8897 6247.55) (-383.388 96.8897 6247.55) (-383.388 96.8897 6247.55) (-383.388 96.8897 6247.55) (-383.388 96.8897 6247.55)
4050          (-877.773 180.733 6174.42) (-877.773 180.733 6174.42) (-877.773 180.733 6174.42) (-877.773 180.733 6174.42) (-877.773 180.733 6174.42) (-877.773 180.733 6174.42) (-383.388 96.8897 6247.55) (-383.388 96.8897 6247.55) (-383.388 96.8897 6247.55) (-383.388 96.8897 6247.55) (-383.388 96.8897 6247.55)
4100          (-877.773 180.733 6174.42) (-877.773 180.733 6174.42) (-877.773 180.733 6174.42) (-877.773 180.733 6174.42) (-877.773 180.733 6174.42) (-877.773 180.733 6174.42) (-383.388 96.8897 6247.55) (-383.388 96.8897 6247.55) (-383.388 96.8897 6247.55) (-383.388 96.8897 6247.55) (-383.388 96.8897 6247.55)
4150          (-877.773 180.733 6174.42) (-877.773 180.733 6174.42) (-877.773 180.733 6174.42) (-877.773 180.733 6174.42) (-877.773 180.733 6174.42) (-877.773 180.733 6174.42) (-383.388 96.8897 6247.55) (-383.388 96.8897 6247.55) (-383.388 96.8897 6247.55) (-383.388 96.8897 6247.55) (-383.388 96.8897 6247.55)
4200          (-877.773 180.733 6174.42) (-877.773 180.733 6174.42) (-877.773 180.733 6174.42) (-877.773 180.733 6174.42) (-877.773 180.733 6174.42) (-877.773 180.733 6174.42) (-383.388 96.8897 6247.55) (-383.388 96.8897 6247.55) (-383.388 96.8897 6247.55) (-383.388 96.8897 6247.55) (-383.388 96.8897 6247.55)
4250          (-877.773 180.733 6174.42) (-877.773 180.733 6174.42) (-877.773 180.733 6174.42) (-877.773 180.733 6174.42) (-877.773 180.733 6174.42) (-877.773 180.733 6174.42) (-383.388 96.8897 6247.55) (-383.388 96.8897 6247.55) (-383.388 96.8897 6247.55) (-383.388 96.8897 6247.55) (-383.388 96.8897 6247.55)
4300          (-877.773 180.733 6174.42) (-877.773 180.733 6174.42) (-877.773 180.733 6174.42) (-877.773 180.733 6174.42) (-877.773 180.733 6174.42) (-877.773 180.733 6174.42) (-383.388 96.8897 6247.55) (-383.388 96.8897 6247.55) (-383.388 96.8897 6247.55) (-383.388 96.8897 6247.55) (-383.388 96.8897 6247.55)
4350          (-877.773 180.733 6174.42) (-877.773 180.733 6174.42) (-877.773 180.733 6174.42) (-877.773 180.733 6174.42) (-877.773 180.733 6174.42) (-877.773 180.733 6174.42) (-383.388 96.8897 6247.55) (-383.388 96.8897 6247.55) (-383.388 96.8897 6247.55) (-383.388 96.8897 6247.55) (-383.388 96.8897 6247.55)
4400          (-877.773 180.733 6174.42) (-877.773 180.733 6174.42) (-877.773 180.733 6174.42) (-877.773 180.733 6174.42) (-877.773 180.733 6174.42) (-877.773 180.733 6174.42) (-383.388 96.8897 6247.55) (-383.388 96.8897 6247.55) (-383.388 96.8897 6247.55) (-383.388 96.8897 6247.55) (-383.388 96.8897 6247.55)
4450          (-877.773 180.733 6174.42) (-877.773 180.733 6174.42) (-877.773 180.733 6174.42) (-877.773 180.733 6174.42) (-877.773 180.733 6174.42) (-877.773 180.733 6174.42) (-383.388 96.8897 6247.55) (-383.388 96.8897 6247.55) (-383.388 96.8897 6247.55) (-383.388 96.8897 6247.55) (-383.388 96.8897 6247.55)
4500          (-877.773 180.733 6174.42) (-877.773 180.733 6174.42) (-877.773 180.733 6174.42) (-877.773 180.733 6174.42) (-877.773 180.733 6174.42) (-877.773 180.733 6174.42) (-383.388 96.8897 6247.55) (-383.388 96.8897 6247.55) (-383.388 96.8897 6247.55) (-383.388 96.8897 6247.55) (-383.388 96.8897 6247.55)
4550          (-877.773 180.733 6174.42) (-877.773 180.733 6174.42) (-877.773 180.733 6174.42) (-877.773 180.733 6174.42) (-877.773 180.733 6174.42) (-877.773 180.733 6174.42) (-383.388 96.8897 6247.55) (-383.388 96.8897 6247.55) (-383.388 96.8897 6247.55) (-383.388 96.8897 6247.55) (-383.388 96.8897 6247.55)
4600          (-877.773 180.733 6174.42) (-877.773 180.733 6174.42) (-877.773 180.733 6174.42) (-877.773 180.733 6174.42) (-877.773 180.733 6174.42) (-877.773 180.733 6174.42) (-383.388 96.8897 6247.55) (-383.388 96.8897 6247.55) (-383.388 96.8897 6247.55) (-383.388 96.8897 6247.55) (-383.388 96.8897 6247.55)
4650          (-877.773 180.733 6174.42) (-877.773 180.733 6174.42) (-877.773 180.733 6174.42) (-877.773 180.733 6174.42) (-877.773 180.733 6174.42) (-877.773 180.733 6174.42) (-383.388 96.8897 6247.55) (-383.388 96.8897 6247.55) (-383.388 96.8897 6247.55) (-383.388 96.8897 6247.55) (-383.388 96.8897 6247.55)
4700          (-877.773 180.733 6174.42) (-877.773 180.733 6174.42) (-877.773 180.733 6174.42) (-877.773 180.733 6174.42) (-877.773 180.733 6174.42) (-877.773 180.733 6174.42) (-383.388 96.8897 6247.55) (-383.388 96.8897 6247.55) (-383.388 96.8897 6247.55) (-383.388 96.8897 6247.55) (-383.388 96.8897 6247.55)
4750          (-877.773 180.733 6174.42) (-877.773 180.733 6174.42) (-877.773 180.733 6174.42) (-877.773 180.733 6174.42) (-877.773 180.733 6174.42) (-877.773 180.733 6174.42) (-383.388 96.8897 6247.55) (-383.388 96.8897 6247.55) (-383.388 96.8897 6247.55) (-383.388 96.8897 6247.55) (-383.388 96.8897 6247.55)
4800          (-877.773 180.733 6174.42) (-877.773 180.733 6174.42) (-877.773 180.733 6174.42) (-877.773 180.733 6174.42) (-877.773 180.733 6174.42) (-877.773 180.733 6174.42) (-383.388 96.8897 6247.55) (-383.388 96.8897 6247.55) (-383.388 96.8897 6247.55) (-383.388 96.8897 6247.55) (-383.388 96.8897 6247.55)
4850          (-877.773 180.733 6174.42) (-877.773 180.733 6174.42) (-877.773 180.733 6174.42) (-877.773 180.733 6174.42) (-877.773 180.733 6174.42) (-877.773 180.733 6174.42) (-383.388 96.8897 6247.55) (-383.388 96.8897 6247.55) (-383.388 96.8897 6247.55) (-383.388 96.8897 6247.55) (-383.388 96.8897 6247.55)
4900          (-877.773 180.733 6174.42) (-877.773 180.733 6174.42) (-877.773 180.733 6174.42) (-877.773 180.733 6174.42) (-877.773 180.733 6174.42) (-877.773 180.733 6174.42) (-383.388 96.8897 6247.55) (-383.388 96.8897 6247.55) (-383.388 96.8897 6247.55) (-383.388 96.8897 6247.55) (-383.388 96.8897 6247.55)
4950          (-877.773 180.733 6174.42) (-877.773 180.733 6174.42) (-877.773 180.733 6174.42) (-877.773 180.733 6174.42) (-877.773 180.733 6174.42) (-877.773 180.733 6174.42) (-383.388 96.8897 6247.55) (-383.388 96.8897 6247.55) (-383.388 96.8897 6247.55) (-383.388 96.8897 6247.55) (-383.388 96.8897 6247.55)
5000          (-877.773 180.733 6174.42) (-877.773 180.733 6174.42) (-877.773 180.733 6174.42) (-877.773 180.733 6174.42) (-877.773 180.733 6174.42) (-877.773 180.733 6174.42) (-383.388 96.8897 6247.55) (-383.388 96.8897 6247.55) (-383.388 96.8897 6247.55) (-383.388 96.8897 6247.55) (-383.388 96.8897 6247.55)
