# Probe 0 (0.0015 0.0015 0)
# Probe 1 (0.0015 0.0015 0.002)
# Probe 2 (0.0015 0.0015 0.004)
# Probe 3 (0.0015 0.0015 0.006)
# Probe 4 (0.0015 0.0015 0.008)
# Probe 5 (0.0015 0.0015 0.01)
# Probe 6 (0.0015 0.0015 0.012)
# Probe 7 (0.0015 0.0015 0.014)
# Probe 8 (0.0015 0.0015 0.016)
# Probe 9 (0.0015 0.0015 0.018)
# Probe 10 (0.0015 0.0015 0.02)
# Time        0             1             2             3             4             5             6             7             8             9             10           
50            (-0.0001406 -9.07021e-05 -0.344524) (-0.0001406 -9.07021e-05 -0.344524) (-0.0001406 -9.07021e-05 -0.344524) (-0.0001406 -9.07021e-05 -0.344524) (-0.0001406 -9.07021e-05 -0.344524) (-0.0001406 -9.07021e-05 -0.344524) (0.000111902 0.000133543 -0.485625) (0.000111902 0.000133543 -0.485625) (0.000111902 0.000133543 -0.485625) (0.000111902 0.000133543 -0.485625) (0.000111902 0.000133543 -0.485625)
100           (-6.84703e-05 -0.000312647 -0.173896) (-6.84703e-05 -0.000312647 -0.173896) (-6.84703e-05 -0.000312647 -0.173896) (-6.84703e-05 -0.000312647 -0.173896) (-6.84703e-05 -0.000312647 -0.173896) (-6.84703e-05 -0.000312647 -0.173896) (0.000247058 -0.000112374 -0.139104) (0.000247058 -0.000112374 -0.139104) (0.000247058 -0.000112374 -0.139104) (0.000247058 -0.000112374 -0.139104) (0.000247058 -0.000112374 -0.139104)
150           (-0.000102115 -4.36033e-05 -0.148105) (-0.000102115 -4.36033e-05 -0.148105) (-0.000102115 -4.36033e-05 -0.148105) (-0.000102115 -4.36033e-05 -0.148105) (-0.000102115 -4.36033e-05 -0.148105) (-0.000102115 -4.36033e-05 -0.148105) (-4.44744e-05 -6.16365e-06 -0.124768) (-4.44744e-05 -6.16365e-06 -0.124768) (-4.44744e-05 -6.16365e-06 -0.124768) (-4.44744e-05 -6.16365e-06 -0.124768) (-4.44744e-05 -6.16365e-06 -0.124768)
200           (-3.6696e-05 -0.000141657 -0.161751) (-3.6696e-05 -0.000141657 -0.161751) (-3.6696e-05 -0.000141657 -0.161751) (-3.6696e-05 -0.000141657 -0.161751) (-3.6696e-05 -0.000141657 -0.161751) (-3.6696e-05 -0.000141657 -0.161751) (2.66614e-05 -2.12908e-05 -0.114924) (2.66614e-05 -2.12908e-05 -0.114924) (2.66614e-05 -2.12908e-05 -0.114924) (2.66614e-05 -2.12908e-05 -0.114924) (2.66614e-05 -2.12908e-05 -0.114924)
250           (-0.00016635 -6.04569e-05 -0.16706) (-0.00016635 -6.04569e-05 -0.16706) (-0.00016635 -6.04569e-05 -0.16706) (-0.00016635 -6.04569e-05 -0.16706) (-0.00016635 -6.04569e-05 -0.16706) (-0.00016635 -6.04569e-05 -0.16706) (-2.25984e-05 -3.66109e-05 -0.121238) (-2.25984e-05 -3.66109e-05 -0.121238) (-2.25984e-05 -3.66109e-05 -0.121238) (-2.25984e-05 -3.66109e-05 -0.121238) (-2.25984e-05 -3.66109e-05 -0.121238)
300           (-2.05386e-05 -0.000184261 -0.162601) (-2.05386e-05 -0.000184261 -0.162601) (-2.05386e-05 -0.000184261 -0.162601) (-2.05386e-05 -0.000184261 -0.162601) (-2.05386e-05 -0.000184261 -0.162601) (-2.05386e-05 -0.000184261 -0.162601) (6.47543e-05 -6.20328e-05 -0.113676) (6.47543e-05 -6.20328e-05 -0.113676) (6.47543e-05 -6.20328e-05 -0.113676) (6.47543e-05 -6.20328e-05 -0.113676) (6.47543e-05 -6.20328e-05 -0.113676)
350           (-0.000147927 -6.26289e-05 -0.170121) (-0.000147927 -6.26289e-05 -0.170121) (-0.000147927 -6.26289e-05 -0.170121) (-0.000147927 -6.26289e-05 -0.170121) (-0.000147927 -6.26289e-05 -0.170121) (-0.000147927 -6.26289e-05 -0.170121) (-5.79213e-05 5.18643e-05 -0.0955653) (-5.79213e-05 5.18643e-05 -0.0955653) (-5.79213e-05 5.18643e-05 -0.0955653) (-5.79213e-05 5.18643e-05 -0.0955653) (-5.79213e-05 5.18643e-05 -0.0955653)
400           (-0.000106727 -0.000103493 -0.16204) (-0.000106727 -0.000103493 -0.16204) (-0.000106727 -0.000103493 -0.16204) (-0.000106727 -0.000103493 -0.16204) (-0.000106727 -0.000103493 -0.16204) (-0.000106727 -0.000103493 -0.16204) (-1.91259e-05 -2.80551e-06 -0.0961978) (-1.91259e-05 -2.80551e-06 -0.0961978) (-1.91259e-05 -2.80551e-06 -0.0961978) (-1.91259e-05 -2.80551e-06 -0.0961978) (-1.91259e-05 -2.80551e-06 -0.0961978)
450           (-0.000212269 -1.19929e-05 -0.163802) (-0.000212269 -1.19929e-05 -0.163802) (-0.000212269 -1.19929e-05 -0.163802) (-0.000212269 -1.19929e-05 -0.163802) (-0.000212269 -1.19929e-05 -0.163802) (-0.000212269 -1.19929e-05 -0.163802) (-0.000143975 0.000119648 -0.100325) (-0.000143975 0.000119648 -0.100325) (-0.000143975 0.000119648 -0.100325) (-0.000143975 0.000119648 -0.100325) (-0.000143975 0.000119648 -0.100325)
500           (-2.77628e-05 1.38957e-06 -0.171989) (-2.77628e-05 1.38957e-06 -0.171989) (-2.77628e-05 1.38957e-06 -0.171989) (-2.77628e-05 1.38957e-06 -0.171989) (-2.77628e-05 1.38957e-06 -0.171989) (-2.77628e-05 1.38957e-06 -0.171989) (-3.03614e-05 6.78666e-06 -0.0968226) (-3.03614e-05 6.78666e-06 -0.0968226) (-3.03614e-05 6.78666e-06 -0.0968226) (-3.03614e-05 6.78666e-06 -0.0968226) (-3.03614e-05 6.78666e-06 -0.0968226)
550           (-0.000163333 -1.51991e-05 -0.14657) (-0.000163333 -1.51991e-05 -0.14657) (-0.000163333 -1.51991e-05 -0.14657) (-0.000163333 -1.51991e-05 -0.14657) (-0.000163333 -1.51991e-05 -0.14657) (-0.000163333 -1.51991e-05 -0.14657) (-9.90741e-05 8.85267e-05 -0.107495) (-9.90741e-05 8.85267e-05 -0.107495) (-9.90741e-05 8.85267e-05 -0.107495) (-9.90741e-05 8.85267e-05 -0.107495) (-9.90741e-05 8.85267e-05 -0.107495)
600           (3.43196e-06 -0.000153495 -0.143387) (3.43196e-06 -0.000153495 -0.143387) (3.43196e-06 -0.000153495 -0.143387) (3.43196e-06 -0.000153495 -0.143387) (3.43196e-06 -0.000153495 -0.143387) (3.43196e-06 -0.000153495 -0.143387) (0.000101688 -0.000106749 -0.105534) (0.000101688 -0.000106749 -0.105534) (0.000101688 -0.000106749 -0.105534) (0.000101688 -0.000106749 -0.105534) (0.000101688 -0.000106749 -0.105534)
650           (-0.00014837 -9.28983e-06 -0.144942) (-0.00014837 -9.28983e-06 -0.144942) (-0.00014837 -9.28983e-06 -0.144942) (-0.00014837 -9.28983e-06 -0.144942) (-0.00014837 -9.28983e-06 -0.144942) (-0.00014837 -9.28983e-06 -0.144942) (-9.96708e-05 6.5433e-05 -0.104609) (-9.96708e-05 6.5433e-05 -0.104609) (-9.96708e-05 6.5433e-05 -0.104609) (-9.96708e-05 6.5433e-05 -0.104609) (-9.96708e-05 6.5433e-05 -0.104609)
700           (-1.98343e-05 -0.000180421 -0.146006) (-1.98343e-05 -0.000180421 -0.146006) (-1.98343e-05 -0.000180421 -0.146006) (-1.98343e-05 -0.000180421 -0.146006) (-1.98343e-05 -0.000180421 -0.146006) (-1.98343e-05 -0.000180421 -0.146006) (0.000121228 -0.00011452 -0.103353) (0.000121228 -0.00011452 -0.103353) (0.000121228 -0.00011452 -0.103353) (0.000121228 -0.00011452 -0.103353) (0.000121228 -0.00011452 -0.103353)
750           (-0.000170202 9.33305e-06 -0.147249) (-0.000170202 9.33305e-06 -0.147249) (-0.000170202 9.33305e-06 -0.147249) (-0.000170202 9.33305e-06 -0.147249) (-0.000170202 9.33305e-06 -0.147249) (-0.000170202 9.33305e-06 -0.147249) (-9.51758e-05 8.4324e-05 -0.105676) (-9.51758e-05 8.4324e-05 -0.105676) (-9.51758e-05 8.4324e-05 -0.105676) (-9.51758e-05 8.4324e-05 -0.105676) (-9.51758e-05 8.4324e-05 -0.105676)
800           (-2.61916e-05 -0.000125571 -0.146962) (-2.61916e-05 -0.000125571 -0.146962) (-2.61916e-05 -0.000125571 -0.146962) (-2.61916e-05 -0.000125571 -0.146962) (-2.61916e-05 -0.000125571 -0.146962) (-2.61916e-05 -0.000125571 -0.146962) (-7.10744e-06 1.57347e-05 -0.1052) (-7.10744e-06 1.57347e-05 -0.1052) (-7.10744e-06 1.57347e-05 -0.1052) (-7.10744e-06 1.57347e-05 -0.1052) (-7.10744e-06 1.57347e-05 -0.1052)
850           (-7.89477e-05 -0.000100322 -0.148813) (-7.89477e-05 -0.000100322 -0.148813) (-7.89477e-05 -0.000100322 -0.148813) (-7.89477e-05 -0.000100322 -0.148813) (-7.89477e-05 -0.000100322 -0.148813) (-7.89477e-05 -0.000100322 -0.148813) (2.00156e-05 -3.50761e-05 -0.105108) (2.00156e-05 -3.50761e-05 -0.105108) (2.00156e-05 -3.50761e-05 -0.105108) (2.00156e-05 -3.50761e-05 -0.105108) (2.00156e-05 -3.50761e-05 -0.105108)
900           (-0.000130446 -2.49128e-05 -0.145951) (-0.000130446 -2.49128e-05 -0.145951) (-0.000130446 -2.49128e-05 -0.145951) (-0.000130446 -2.49128e-05 -0.145951) (-0.000130446 -2.49128e-05 -0.145951) (-0.000130446 -2.49128e-05 -0.145951) (-2.36255e-05 2.78614e-05 -0.103724) (-2.36255e-05 2.78614e-05 -0.103724) (-2.36255e-05 2.78614e-05 -0.103724) (-2.36255e-05 2.78614e-05 -0.103724) (-2.36255e-05 2.78614e-05 -0.103724)
950           (-9.03929e-05 -7.16686e-05 -0.147445) (-9.03929e-05 -7.16686e-05 -0.147445) (-9.03929e-05 -7.16686e-05 -0.147445) (-9.03929e-05 -7.16686e-05 -0.147445) (-9.03929e-05 -7.16686e-05 -0.147445) (-9.03929e-05 -7.16686e-05 -0.147445) (8.8035e-06 -2.34245e-05 -0.10346) (8.8035e-06 -2.34245e-05 -0.10346) (8.8035e-06 -2.34245e-05 -0.10346) (8.8035e-06 -2.34245e-05 -0.10346) (8.8035e-06 -2.34245e-05 -0.10346)
1000          (-0.00014757 -7.4805e-06 -0.144971) (-0.00014757 -7.4805e-06 -0.144971) (-0.00014757 -7.4805e-06 -0.144971) (-0.00014757 -7.4805e-06 -0.144971) (-0.00014757 -7.4805e-06 -0.144971) (-0.00014757 -7.4805e-06 -0.144971) (-0.000108059 8.15408e-05 -0.104936) (-0.000108059 8.15408e-05 -0.104936) (-0.000108059 8.15408e-05 -0.104936) (-0.000108059 8.15408e-05 -0.104936) (-0.000108059 8.15408e-05 -0.104936)
1050          (-0.000137766 -1.01995e-05 -0.14406) (-0.000137766 -1.01995e-05 -0.14406) (-0.000137766 -1.01995e-05 -0.14406) (-0.000137766 -1.01995e-05 -0.14406) (-0.000137766 -1.01995e-05 -0.14406) (-0.000137766 -1.01995e-05 -0.14406) (-0.000104665 7.39953e-05 -0.103638) (-0.000104665 7.39953e-05 -0.103638) (-0.000104665 7.39953e-05 -0.103638) (-0.000104665 7.39953e-05 -0.103638) (-0.000104665 7.39953e-05 -0.103638)
1100          (-0.000122636 -5.08783e-05 -0.147927) (-0.000122636 -5.08783e-05 -0.147927) (-0.000122636 -5.08783e-05 -0.147927) (-0.000122636 -5.08783e-05 -0.147927) (-0.000122636 -5.08783e-05 -0.147927) (-0.000122636 -5.08783e-05 -0.147927) (-4.09298e-05 1.18821e-05 -0.105445) (-4.09298e-05 1.18821e-05 -0.105445) (-4.09298e-05 1.18821e-05 -0.105445) (-4.09298e-05 1.18821e-05 -0.105445) (-4.09298e-05 1.18821e-05 -0.105445)
1150          (-8.31595e-05 -8.47285e-05 -0.146635) (-8.31595e-05 -8.47285e-05 -0.146635) (-8.31595e-05 -8.47285e-05 -0.146635) (-8.31595e-05 -8.47285e-05 -0.146635) (-8.31595e-05 -8.47285e-05 -0.146635) (-8.31595e-05 -8.47285e-05 -0.146635) (1.09198e-05 -3.02609e-05 -0.105354) (1.09198e-05 -3.02609e-05 -0.105354) (1.09198e-05 -3.02609e-05 -0.105354) (1.09198e-05 -3.02609e-05 -0.105354) (1.09198e-05 -3.02609e-05 -0.105354)
1200          (-5.93064e-05 -2.69358e-05 -0.137713) (-5.93064e-05 -2.69358e-05 -0.137713) (-5.93064e-05 -2.69358e-05 -0.137713) (-5.93064e-05 -2.69358e-05 -0.137713) (-5.93064e-05 -2.69358e-05 -0.137713) (-5.93064e-05 -2.69358e-05 -0.137713) (-6.09185e-05 3.59267e-05 -0.11896) (-6.09185e-05 3.59267e-05 -0.11896) (-6.09185e-05 3.59267e-05 -0.11896) (-6.09185e-05 3.59267e-05 -0.11896) (-6.09185e-05 3.59267e-05 -0.11896)
1250          (-9.28485e-05 -1.2588e-05 -0.137379) (-9.28485e-05 -1.2588e-05 -0.137379) (-9.28485e-05 -1.2588e-05 -0.137379) (-9.28485e-05 -1.2588e-05 -0.137379) (-9.28485e-05 -1.2588e-05 -0.137379) (-9.28485e-05 -1.2588e-05 -0.137379) (-0.000119078 0.000116774 -0.122099) (-0.000119078 0.000116774 -0.122099) (-0.000119078 0.000116774 -0.122099) (-0.000119078 0.000116774 -0.122099) (-0.000119078 0.000116774 -0.122099)
1300          (-4.18289e-06 -0.000108705 -0.136342) (-4.18289e-06 -0.000108705 -0.136342) (-4.18289e-06 -0.000108705 -0.136342) (-4.18289e-06 -0.000108705 -0.136342) (-4.18289e-06 -0.000108705 -0.136342) (-4.18289e-06 -0.000108705 -0.136342) (1.54942e-05 -5.95095e-06 -0.122703) (1.54942e-05 -5.95095e-06 -0.122703) (1.54942e-05 -5.95095e-06 -0.122703) (1.54942e-05 -5.95095e-06 -0.122703) (1.54942e-05 -5.95095e-06 -0.122703)
1350          (-0.000130205 -3.4082e-05 -0.155762) (-0.000130205 -3.4082e-05 -0.155762) (-0.000130205 -3.4082e-05 -0.155762) (-0.000130205 -3.4082e-05 -0.155762) (-0.000130205 -3.4082e-05 -0.155762) (-0.000130205 -3.4082e-05 -0.155762) (-0.000133771 6.28756e-05 -0.122062) (-0.000133771 6.28756e-05 -0.122062) (-0.000133771 6.28756e-05 -0.122062) (-0.000133771 6.28756e-05 -0.122062) (-0.000133771 6.28756e-05 -0.122062)
1400          (-0.000191172 -3.59909e-05 -0.162524) (-0.000191172 -3.59909e-05 -0.162524) (-0.000191172 -3.59909e-05 -0.162524) (-0.000191172 -3.59909e-05 -0.162524) (-0.000191172 -3.59909e-05 -0.162524) (-0.000191172 -3.59909e-05 -0.162524) (-0.000106918 1.99944e-05 -0.11797) (-0.000106918 1.99944e-05 -0.11797) (-0.000106918 1.99944e-05 -0.11797) (-0.000106918 1.99944e-05 -0.11797) (-0.000106918 1.99944e-05 -0.11797)
1450          (-0.000172439 -3.14436e-05 -0.165444) (-0.000172439 -3.14436e-05 -0.165444) (-0.000172439 -3.14436e-05 -0.165444) (-0.000172439 -3.14436e-05 -0.165444) (-0.000172439 -3.14436e-05 -0.165444) (-0.000172439 -3.14436e-05 -0.165444) (-6.90798e-05 2.74728e-05 -0.114956) (-6.90798e-05 2.74728e-05 -0.114956) (-6.90798e-05 2.74728e-05 -0.114956) (-6.90798e-05 2.74728e-05 -0.114956) (-6.90798e-05 2.74728e-05 -0.114956)
1500          (-5.18612e-05 -0.000116786 -0.161234) (-5.18612e-05 -0.000116786 -0.161234) (-5.18612e-05 -0.000116786 -0.161234) (-5.18612e-05 -0.000116786 -0.161234) (-5.18612e-05 -0.000116786 -0.161234) (-5.18612e-05 -0.000116786 -0.161234) (-1.07868e-05 -8.14759e-06 -0.111095) (-1.07868e-05 -8.14759e-06 -0.111095) (-1.07868e-05 -8.14759e-06 -0.111095) (-1.07868e-05 -8.14759e-06 -0.111095) (-1.07868e-05 -8.14759e-06 -0.111095)
1550          (-9.84204e-05 -0.000105335 -0.161738) (-9.84204e-05 -0.000105335 -0.161738) (-9.84204e-05 -0.000105335 -0.161738) (-9.84204e-05 -0.000105335 -0.161738) (-9.84204e-05 -0.000105335 -0.161738) (-9.84204e-05 -0.000105335 -0.161738) (4.77372e-05 -6.19248e-05 -0.112458) (4.77372e-05 -6.19248e-05 -0.112458) (4.77372e-05 -6.19248e-05 -0.112458) (4.77372e-05 -6.19248e-05 -0.112458) (4.77372e-05 -6.19248e-05 -0.112458)
1600          (-7.64535e-05 -0.000206127 -0.177638) (-7.64535e-05 -0.000206127 -0.177638) (-7.64535e-05 -0.000206127 -0.177638) (-7.64535e-05 -0.000206127 -0.177638) (-7.64535e-05 -0.000206127 -0.177638) (-7.64535e-05 -0.000206127 -0.177638) (8.1441e-05 -7.65109e-05 -0.102439) (8.1441e-05 -7.65109e-05 -0.102439) (8.1441e-05 -7.65109e-05 -0.102439) (8.1441e-05 -7.65109e-05 -0.102439) (8.1441e-05 -7.65109e-05 -0.102439)
1650          (-0.000121474 -7.7739e-05 -0.164302) (-0.000121474 -7.7739e-05 -0.164302) (-0.000121474 -7.7739e-05 -0.164302) (-0.000121474 -7.7739e-05 -0.164302) (-0.000121474 -7.7739e-05 -0.164302) (-0.000121474 -7.7739e-05 -0.164302) (-4.48577e-05 3.87046e-05 -0.0976229) (-4.48577e-05 3.87046e-05 -0.0976229) (-4.48577e-05 3.87046e-05 -0.0976229) (-4.48577e-05 3.87046e-05 -0.0976229) (-4.48577e-05 3.87046e-05 -0.0976229)
1700          (-0.000185823 -2.25165e-05 -0.172122) (-0.000185823 -2.25165e-05 -0.172122) (-0.000185823 -2.25165e-05 -0.172122) (-0.000185823 -2.25165e-05 -0.172122) (-0.000185823 -2.25165e-05 -0.172122) (-0.000185823 -2.25165e-05 -0.172122) (-0.000157076 0.000113693 -0.0987539) (-0.000157076 0.000113693 -0.0987539) (-0.000157076 0.000113693 -0.0987539) (-0.000157076 0.000113693 -0.0987539) (-0.000157076 0.000113693 -0.0987539)
1750          (-6.85522e-05 -0.000146241 -0.165) (-6.85522e-05 -0.000146241 -0.165) (-6.85522e-05 -0.000146241 -0.165) (-6.85522e-05 -0.000146241 -0.165) (-6.85522e-05 -0.000146241 -0.165) (-6.85522e-05 -0.000146241 -0.165) (1.33331e-05 -2.83952e-05 -0.0988249) (1.33331e-05 -2.83952e-05 -0.0988249) (1.33331e-05 -2.83952e-05 -0.0988249) (1.33331e-05 -2.83952e-05 -0.0988249) (1.33331e-05 -2.83952e-05 -0.0988249)
1800          (-8.9237e-05 -0.000107758 -0.160712) (-8.9237e-05 -0.000107758 -0.160712) (-8.9237e-05 -0.000107758 -0.160712) (-8.9237e-05 -0.000107758 -0.160712) (-8.9237e-05 -0.000107758 -0.160712) (-8.9237e-05 -0.000107758 -0.160712) (-4.18503e-05 1.74486e-05 -0.096634) (-4.18503e-05 1.74486e-05 -0.096634) (-4.18503e-05 1.74486e-05 -0.096634) (-4.18503e-05 1.74486e-05 -0.096634) (-4.18503e-05 1.74486e-05 -0.096634)
1850          (-6.31533e-05 -0.000177245 -0.162905) (-6.31533e-05 -0.000177245 -0.162905) (-6.31533e-05 -0.000177245 -0.162905) (-6.31533e-05 -0.000177245 -0.162905) (-6.31533e-05 -0.000177245 -0.162905) (-6.31533e-05 -0.000177245 -0.162905) (6.52948e-08 -7.50317e-06 -0.097055) (6.52948e-08 -7.50317e-06 -0.097055) (6.52948e-08 -7.50317e-06 -0.097055) (6.52948e-08 -7.50317e-06 -0.097055) (6.52948e-08 -7.50317e-06 -0.097055)
1900          (-2.29479e-05 -4.75782e-06 -0.17089) (-2.29479e-05 -4.75782e-06 -0.17089) (-2.29479e-05 -4.75782e-06 -0.17089) (-2.29479e-05 -4.75782e-06 -0.17089) (-2.29479e-05 -4.75782e-06 -0.17089) (-2.29479e-05 -4.75782e-06 -0.17089) (1.06796e-06 8.84057e-06 -0.0941585) (1.06796e-06 8.84057e-06 -0.0941585) (1.06796e-06 8.84057e-06 -0.0941585) (1.06796e-06 8.84057e-06 -0.0941585) (1.06796e-06 8.84057e-06 -0.0941585)
1950          (-8.39312e-05 -0.000121963 -0.164851) (-8.39312e-05 -0.000121963 -0.164851) (-8.39312e-05 -0.000121963 -0.164851) (-8.39312e-05 -0.000121963 -0.164851) (-8.39312e-05 -0.000121963 -0.164851) (-8.39312e-05 -0.000121963 -0.164851) (-1.36524e-05 -1.64417e-06 -0.0978244) (-1.36524e-05 -1.64417e-06 -0.0978244) (-1.36524e-05 -1.64417e-06 -0.0978244) (-1.36524e-05 -1.64417e-06 -0.0978244) (-1.36524e-05 -1.64417e-06 -0.0978244)
2000          (-0.000158198 -3.45263e-05 -0.166912) (-0.000158198 -3.45263e-05 -0.166912) (-0.000158198 -3.45263e-05 -0.166912) (-0.000158198 -3.45263e-05 -0.166912) (-0.000158198 -3.45263e-05 -0.166912) (-0.000158198 -3.45263e-05 -0.166912) (-0.000128069 9.89723e-05 -0.0992097) (-0.000128069 9.89723e-05 -0.0992097) (-0.000128069 9.89723e-05 -0.0992097) (-0.000128069 9.89723e-05 -0.0992097) (-0.000128069 9.89723e-05 -0.0992097)
2050          (-0.000172075 -5.66607e-05 -0.166648) (-0.000172075 -5.66607e-05 -0.166648) (-0.000172075 -5.66607e-05 -0.166648) (-0.000172075 -5.66607e-05 -0.166648) (-0.000172075 -5.66607e-05 -0.166648) (-0.000172075 -5.66607e-05 -0.166648) (-7.1031e-05 5.67503e-05 -0.0984885) (-7.1031e-05 5.67503e-05 -0.0984885) (-7.1031e-05 5.67503e-05 -0.0984885) (-7.1031e-05 5.67503e-05 -0.0984885) (-7.1031e-05 5.67503e-05 -0.0984885)
2100          (-0.000125779 -8.33133e-05 -0.163968) (-0.000125779 -8.33133e-05 -0.163968) (-0.000125779 -8.33133e-05 -0.163968) (-0.000125779 -8.33133e-05 -0.163968) (-0.000125779 -8.33133e-05 -0.163968) (-0.000125779 -8.33133e-05 -0.163968) (-1.51363e-05 -2.0009e-07 -0.0975661) (-1.51363e-05 -2.0009e-07 -0.0975661) (-1.51363e-05 -2.0009e-07 -0.0975661) (-1.51363e-05 -2.0009e-07 -0.0975661) (-1.51363e-05 -2.0009e-07 -0.0975661)
2150          (-9.53278e-05 -0.00011582 -0.159908) (-9.53278e-05 -0.00011582 -0.159908) (-9.53278e-05 -0.00011582 -0.159908) (-9.53278e-05 -0.00011582 -0.159908) (-9.53278e-05 -0.00011582 -0.159908) (-9.53278e-05 -0.00011582 -0.159908) (8.87594e-06 -2.1435e-05 -0.0974602) (8.87594e-06 -2.1435e-05 -0.0974602) (8.87594e-06 -2.1435e-05 -0.0974602) (8.87594e-06 -2.1435e-05 -0.0974602) (8.87594e-06 -2.1435e-05 -0.0974602)
2200          (-5.98881e-05 -0.000155647 -0.163247) (-5.98881e-05 -0.000155647 -0.163247) (-5.98881e-05 -0.000155647 -0.163247) (-5.98881e-05 -0.000155647 -0.163247) (-5.98881e-05 -0.000155647 -0.163247) (-5.98881e-05 -0.000155647 -0.163247) (3.88809e-05 -5.83675e-05 -0.0976101) (3.88809e-05 -5.83675e-05 -0.0976101) (3.88809e-05 -5.83675e-05 -0.0976101) (3.88809e-05 -5.83675e-05 -0.0976101) (3.88809e-05 -5.83675e-05 -0.0976101)
2250          (-0.0001162 -0.000110472 -0.164923) (-0.0001162 -0.000110472 -0.164923) (-0.0001162 -0.000110472 -0.164923) (-0.0001162 -0.000110472 -0.164923) (-0.0001162 -0.000110472 -0.164923) (-0.0001162 -0.000110472 -0.164923) (2.81239e-05 -1.71425e-05 -0.0967606) (2.81239e-05 -1.71425e-05 -0.0967606) (2.81239e-05 -1.71425e-05 -0.0967606) (2.81239e-05 -1.71425e-05 -0.0967606) (2.81239e-05 -1.71425e-05 -0.0967606)
2300          (-5.28028e-05 -0.000267024 -0.168947) (-5.28028e-05 -0.000267024 -0.168947) (-5.28028e-05 -0.000267024 -0.168947) (-5.28028e-05 -0.000267024 -0.168947) (-5.28028e-05 -0.000267024 -0.168947) (-5.28028e-05 -0.000267024 -0.168947) (0.000173002 -0.000124518 -0.0957678) (0.000173002 -0.000124518 -0.0957678) (0.000173002 -0.000124518 -0.0957678) (0.000173002 -0.000124518 -0.0957678) (0.000173002 -0.000124518 -0.0957678)
2350          (-0.000106428 -3.11841e-05 -0.150736) (-0.000106428 -3.11841e-05 -0.150736) (-0.000106428 -3.11841e-05 -0.150736) (-0.000106428 -3.11841e-05 -0.150736) (-0.000106428 -3.11841e-05 -0.150736) (-0.000106428 -3.11841e-05 -0.150736) (-5.52585e-05 4.94237e-05 -0.105841) (-5.52585e-05 4.94237e-05 -0.105841) (-5.52585e-05 4.94237e-05 -0.105841) (-5.52585e-05 4.94237e-05 -0.105841) (-5.52585e-05 4.94237e-05 -0.105841)
2400          (-8.37821e-05 -6.52783e-05 -0.150036) (-8.37821e-05 -6.52783e-05 -0.150036) (-8.37821e-05 -6.52783e-05 -0.150036) (-8.37821e-05 -6.52783e-05 -0.150036) (-8.37821e-05 -6.52783e-05 -0.150036) (-8.37821e-05 -6.52783e-05 -0.150036) (-3.8588e-05 2.78838e-05 -0.105786) (-3.8588e-05 2.78838e-05 -0.105786) (-3.8588e-05 2.78838e-05 -0.105786) (-3.8588e-05 2.78838e-05 -0.105786) (-3.8588e-05 2.78838e-05 -0.105786)
2450          (-6.92796e-05 -5.80975e-05 -0.135376) (-6.92796e-05 -5.80975e-05 -0.135376) (-6.92796e-05 -5.80975e-05 -0.135376) (-6.92796e-05 -5.80975e-05 -0.135376) (-6.92796e-05 -5.80975e-05 -0.135376) (-6.92796e-05 -5.80975e-05 -0.135376) (-7.32444e-06 -3.33908e-05 -0.121551) (-7.32444e-06 -3.33908e-05 -0.121551) (-7.32444e-06 -3.33908e-05 -0.121551) (-7.32444e-06 -3.33908e-05 -0.121551) (-7.32444e-06 -3.33908e-05 -0.121551)
2500          (-5.34543e-05 -6.87925e-05 -0.134573) (-5.34543e-05 -6.87925e-05 -0.134573) (-5.34543e-05 -6.87925e-05 -0.134573) (-5.34543e-05 -6.87925e-05 -0.134573) (-5.34543e-05 -6.87925e-05 -0.134573) (-5.34543e-05 -6.87925e-05 -0.134573) (9.1231e-06 -1.84812e-05 -0.119703) (9.1231e-06 -1.84812e-05 -0.119703) (9.1231e-06 -1.84812e-05 -0.119703) (9.1231e-06 -1.84812e-05 -0.119703) (9.1231e-06 -1.84812e-05 -0.119703)
2550          (-6.18128e-05 -3.70277e-05 -0.133298) (-6.18128e-05 -3.70277e-05 -0.133298) (-6.18128e-05 -3.70277e-05 -0.133298) (-6.18128e-05 -3.70277e-05 -0.133298) (-6.18128e-05 -3.70277e-05 -0.133298) (-6.18128e-05 -3.70277e-05 -0.133298) (-7.59217e-05 1.92615e-05 -0.123044) (-7.59217e-05 1.92615e-05 -0.123044) (-7.59217e-05 1.92615e-05 -0.123044) (-7.59217e-05 1.92615e-05 -0.123044) (-7.59217e-05 1.92615e-05 -0.123044)
2600          (-8.46962e-05 -1.75367e-05 -0.137031) (-8.46962e-05 -1.75367e-05 -0.137031) (-8.46962e-05 -1.75367e-05 -0.137031) (-8.46962e-05 -1.75367e-05 -0.137031) (-8.46962e-05 -1.75367e-05 -0.137031) (-8.46962e-05 -1.75367e-05 -0.137031) (-8.12681e-05 6.60711e-05 -0.118113) (-8.12681e-05 6.60711e-05 -0.118113) (-8.12681e-05 6.60711e-05 -0.118113) (-8.12681e-05 6.60711e-05 -0.118113) (-8.12681e-05 6.60711e-05 -0.118113)
2650          (6.4741e-07 -0.000100797 -0.134169) (6.4741e-07 -0.000100797 -0.134169) (6.4741e-07 -0.000100797 -0.134169) (6.4741e-07 -0.000100797 -0.134169) (6.4741e-07 -0.000100797 -0.134169) (6.4741e-07 -0.000100797 -0.134169) (-8.27754e-06 -2.81289e-05 -0.119918) (-8.27754e-06 -2.81289e-05 -0.119918) (-8.27754e-06 -2.81289e-05 -0.119918) (-8.27754e-06 -2.81289e-05 -0.119918) (-8.27754e-06 -2.81289e-05 -0.119918)
2700          (-5.38479e-05 -3.56307e-05 -0.131824) (-5.38479e-05 -3.56307e-05 -0.131824) (-5.38479e-05 -3.56307e-05 -0.131824) (-5.38479e-05 -3.56307e-05 -0.131824) (-5.38479e-05 -3.56307e-05 -0.131824) (-5.38479e-05 -3.56307e-05 -0.131824) (-1.87797e-05 5.94385e-06 -0.120644) (-1.87797e-05 5.94385e-06 -0.120644) (-1.87797e-05 5.94385e-06 -0.120644) (-1.87797e-05 5.94385e-06 -0.120644) (-1.87797e-05 5.94385e-06 -0.120644)
2750          (-6.92487e-05 -7.64726e-05 -0.149765) (-6.92487e-05 -7.64726e-05 -0.149765) (-6.92487e-05 -7.64726e-05 -0.149765) (-6.92487e-05 -7.64726e-05 -0.149765) (-6.92487e-05 -7.64726e-05 -0.149765) (-6.92487e-05 -7.64726e-05 -0.149765) (-9.11507e-05 9.81277e-05 -0.120681) (-9.11507e-05 9.81277e-05 -0.120681) (-9.11507e-05 9.81277e-05 -0.120681) (-9.11507e-05 9.81277e-05 -0.120681) (-9.11507e-05 9.81277e-05 -0.120681)
2800          (-0.000116582 -7.5373e-05 -0.160251) (-0.000116582 -7.5373e-05 -0.160251) (-0.000116582 -7.5373e-05 -0.160251) (-0.000116582 -7.5373e-05 -0.160251) (-0.000116582 -7.5373e-05 -0.160251) (-0.000116582 -7.5373e-05 -0.160251) (-4.20875e-05 6.61482e-06 -0.111083) (-4.20875e-05 6.61482e-06 -0.111083) (-4.20875e-05 6.61482e-06 -0.111083) (-4.20875e-05 6.61482e-06 -0.111083) (-4.20875e-05 6.61482e-06 -0.111083)
2850          (-0.000118438 -8.72984e-05 -0.162224) (-0.000118438 -8.72984e-05 -0.162224) (-0.000118438 -8.72984e-05 -0.162224) (-0.000118438 -8.72984e-05 -0.162224) (-0.000118438 -8.72984e-05 -0.162224) (-0.000118438 -8.72984e-05 -0.162224) (-2.91607e-05 1.31461e-05 -0.111318) (-2.91607e-05 1.31461e-05 -0.111318) (-2.91607e-05 1.31461e-05 -0.111318) (-2.91607e-05 1.31461e-05 -0.111318) (-2.91607e-05 1.31461e-05 -0.111318)
2900          (-0.000100218 -0.00011197 -0.16244) (-0.000100218 -0.00011197 -0.16244) (-0.000100218 -0.00011197 -0.16244) (-0.000100218 -0.00011197 -0.16244) (-0.000100218 -0.00011197 -0.16244) (-0.000100218 -0.00011197 -0.16244) (-1.83305e-05 1.71556e-05 -0.0972779) (-1.83305e-05 1.71556e-05 -0.0972779) (-1.83305e-05 1.71556e-05 -0.0972779) (-1.83305e-05 1.71556e-05 -0.0972779) (-1.83305e-05 1.71556e-05 -0.0972779)
2950          (-4.28707e-05 -0.000209854 -0.159072) (-4.28707e-05 -0.000209854 -0.159072) (-4.28707e-05 -0.000209854 -0.159072) (-4.28707e-05 -0.000209854 -0.159072) (-4.28707e-05 -0.000209854 -0.159072) (-4.28707e-05 -0.000209854 -0.159072) (9.00279e-05 -8.62848e-05 -0.0992069) (9.00279e-05 -8.62848e-05 -0.0992069) (9.00279e-05 -8.62848e-05 -0.0992069) (9.00279e-05 -8.62848e-05 -0.0992069) (9.00279e-05 -8.62848e-05 -0.0992069)
3000          (-0.000121482 -7.04143e-05 -0.159854) (-0.000121482 -7.04143e-05 -0.159854) (-0.000121482 -7.04143e-05 -0.159854) (-0.000121482 -7.04143e-05 -0.159854) (-0.000121482 -7.04143e-05 -0.159854) (-0.000121482 -7.04143e-05 -0.159854) (-7.9211e-05 3.46629e-05 -0.0977985) (-7.9211e-05 3.46629e-05 -0.0977985) (-7.9211e-05 3.46629e-05 -0.0977985) (-7.9211e-05 3.46629e-05 -0.0977985) (-7.9211e-05 3.46629e-05 -0.0977985)
3050          (-5.99609e-05 -0.000154915 -0.1645) (-5.99609e-05 -0.000154915 -0.1645) (-5.99609e-05 -0.000154915 -0.1645) (-5.99609e-05 -0.000154915 -0.1645) (-5.99609e-05 -0.000154915 -0.1645) (-5.99609e-05 -0.000154915 -0.1645) (5.27646e-05 -5.88011e-05 -0.0984153) (5.27646e-05 -5.88011e-05 -0.0984153) (5.27646e-05 -5.88011e-05 -0.0984153) (5.27646e-05 -5.88011e-05 -0.0984153) (5.27646e-05 -5.88011e-05 -0.0984153)
3100          (-2.75339e-05 1.80357e-06 -0.16679) (-2.75339e-05 1.80357e-06 -0.16679) (-2.75339e-05 1.80357e-06 -0.16679) (-2.75339e-05 1.80357e-06 -0.16679) (-2.75339e-05 1.80357e-06 -0.16679) (-2.75339e-05 1.80357e-06 -0.16679) (-3.68635e-05 3.35447e-05 -0.0956696) (-3.68635e-05 3.35447e-05 -0.0956696) (-3.68635e-05 3.35447e-05 -0.0956696) (-3.68635e-05 3.35447e-05 -0.0956696) (-3.68635e-05 3.35447e-05 -0.0956696)
3150          (-1.19839e-05 -0.000159729 -0.146098) (-1.19839e-05 -0.000159729 -0.146098) (-1.19839e-05 -0.000159729 -0.146098) (-1.19839e-05 -0.000159729 -0.146098) (-1.19839e-05 -0.000159729 -0.146098) (-1.19839e-05 -0.000159729 -0.146098) (7.69937e-05 -7.88964e-05 -0.104979) (7.69937e-05 -7.88964e-05 -0.104979) (7.69937e-05 -7.88964e-05 -0.104979) (7.69937e-05 -7.88964e-05 -0.104979) (7.69937e-05 -7.88964e-05 -0.104979)
3200          (-0.000130373 -3.60784e-05 -0.146728) (-0.000130373 -3.60784e-05 -0.146728) (-0.000130373 -3.60784e-05 -0.146728) (-0.000130373 -3.60784e-05 -0.146728) (-0.000130373 -3.60784e-05 -0.146728) (-0.000130373 -3.60784e-05 -0.146728) (-5.3436e-05 2.76525e-05 -0.103904) (-5.3436e-05 2.76525e-05 -0.103904) (-5.3436e-05 2.76525e-05 -0.103904) (-5.3436e-05 2.76525e-05 -0.103904) (-5.3436e-05 2.76525e-05 -0.103904)
3250          (-0.000135876 -2.2827e-05 -0.149452) (-0.000135876 -2.2827e-05 -0.149452) (-0.000135876 -2.2827e-05 -0.149452) (-0.000135876 -2.2827e-05 -0.149452) (-0.000135876 -2.2827e-05 -0.149452) (-0.000135876 -2.2827e-05 -0.149452) (-0.000109622 8.21926e-05 -0.102033) (-0.000109622 8.21926e-05 -0.102033) (-0.000109622 8.21926e-05 -0.102033) (-0.000109622 8.21926e-05 -0.102033) (-0.000109622 8.21926e-05 -0.102033)
3300          (-3.65648e-05 -0.000119321 -0.14673) (-3.65648e-05 -0.000119321 -0.14673) (-3.65648e-05 -0.000119321 -0.14673) (-3.65648e-05 -0.000119321 -0.14673) (-3.65648e-05 -0.000119321 -0.14673) (-3.65648e-05 -0.000119321 -0.14673) (-8.209e-06 -2.12667e-05 -0.104334) (-8.209e-06 -2.12667e-05 -0.104334) (-8.209e-06 -2.12667e-05 -0.104334) (-8.209e-06 -2.12667e-05 -0.104334) (-8.209e-06 -2.12667e-05 -0.104334)
3350          (-0.000119226 -2.60069e-05 -0.144185) (-0.000119226 -2.60069e-05 -0.144185) (-0.000119226 -2.60069e-05 -0.144185) (-0.000119226 -2.60069e-05 -0.144185) (-0.000119226 -2.60069e-05 -0.144185) (-0.000119226 -2.60069e-05 -0.144185) (-4.57477e-05 1.34965e-05 -0.105339) (-4.57477e-05 1.34965e-05 -0.105339) (-4.57477e-05 1.34965e-05 -0.105339) (-4.57477e-05 1.34965e-05 -0.105339) (-4.57477e-05 1.34965e-05 -0.105339)
3400          (-6.74042e-05 -7.61741e-05 -0.146368) (-6.74042e-05 -7.61741e-05 -0.146368) (-6.74042e-05 -7.61741e-05 -0.146368) (-6.74042e-05 -7.61741e-05 -0.146368) (-6.74042e-05 -7.61741e-05 -0.146368) (-6.74042e-05 -7.61741e-05 -0.146368) (-4.58684e-05 5.76202e-06 -0.10426) (-4.58684e-05 5.76202e-06 -0.10426) (-4.58684e-05 5.76202e-06 -0.10426) (-4.58684e-05 5.76202e-06 -0.10426) (-4.58684e-05 5.76202e-06 -0.10426)
3450          (-0.000136421 -4.23175e-05 -0.149898) (-0.000136421 -4.23175e-05 -0.149898) (-0.000136421 -4.23175e-05 -0.149898) (-0.000136421 -4.23175e-05 -0.149898) (-0.000136421 -4.23175e-05 -0.149898) (-0.000136421 -4.23175e-05 -0.149898) (-6.87617e-05 3.69337e-05 -0.105986) (-6.87617e-05 3.69337e-05 -0.105986) (-6.87617e-05 3.69337e-05 -0.105986) (-6.87617e-05 3.69337e-05 -0.105986) (-6.87617e-05 3.69337e-05 -0.105986)
3500          (-7.54068e-05 -8.21514e-05 -0.146226) (-7.54068e-05 -8.21514e-05 -0.146226) (-7.54068e-05 -8.21514e-05 -0.146226) (-7.54068e-05 -8.21514e-05 -0.146226) (-7.54068e-05 -8.21514e-05 -0.146226) (-7.54068e-05 -8.21514e-05 -0.146226) (6.72011e-05 -5.63743e-05 -0.101982) (6.72011e-05 -5.63743e-05 -0.101982) (6.72011e-05 -5.63743e-05 -0.101982) (6.72011e-05 -5.63743e-05 -0.101982) (6.72011e-05 -5.63743e-05 -0.101982)
3550          (-6.21966e-05 -0.00010243 -0.150827) (-6.21966e-05 -0.00010243 -0.150827) (-6.21966e-05 -0.00010243 -0.150827) (-6.21966e-05 -0.00010243 -0.150827) (-6.21966e-05 -0.00010243 -0.150827) (-6.21966e-05 -0.00010243 -0.150827) (2.63029e-05 -4.74615e-05 -0.105678) (2.63029e-05 -4.74615e-05 -0.105678) (2.63029e-05 -4.74615e-05 -0.105678) (2.63029e-05 -4.74615e-05 -0.105678) (2.63029e-05 -4.74615e-05 -0.105678)
3600          (-6.22329e-05 -0.000107615 -0.150519) (-6.22329e-05 -0.000107615 -0.150519) (-6.22329e-05 -0.000107615 -0.150519) (-6.22329e-05 -0.000107615 -0.150519) (-6.22329e-05 -0.000107615 -0.150519) (-6.22329e-05 -0.000107615 -0.150519) (3.95897e-05 -5.07373e-05 -0.104296) (3.95897e-05 -5.07373e-05 -0.104296) (3.95897e-05 -5.07373e-05 -0.104296) (3.95897e-05 -5.07373e-05 -0.104296) (3.95897e-05 -5.07373e-05 -0.104296)
3650          (-0.000165097 -1.14563e-06 -0.145476) (-0.000165097 -1.14563e-06 -0.145476) (-0.000165097 -1.14563e-06 -0.145476) (-0.000165097 -1.14563e-06 -0.145476) (-0.000165097 -1.14563e-06 -0.145476) (-0.000165097 -1.14563e-06 -0.145476) (-0.000107305 8.12578e-05 -0.103705) (-0.000107305 8.12578e-05 -0.103705) (-0.000107305 8.12578e-05 -0.103705) (-0.000107305 8.12578e-05 -0.103705) (-0.000107305 8.12578e-05 -0.103705)
3700          (-1.89e-05 -0.000167605 -0.14635) (-1.89e-05 -0.000167605 -0.14635) (-1.89e-05 -0.000167605 -0.14635) (-1.89e-05 -0.000167605 -0.14635) (-1.89e-05 -0.000167605 -0.14635) (-1.89e-05 -0.000167605 -0.14635) (7.66911e-05 -9.27993e-05 -0.101213) (7.66911e-05 -9.27993e-05 -0.101213) (7.66911e-05 -9.27993e-05 -0.101213) (7.66911e-05 -9.27993e-05 -0.101213) (7.66911e-05 -9.27993e-05 -0.101213)
3750          (-0.000108699 -3.80325e-05 -0.147713) (-0.000108699 -3.80325e-05 -0.147713) (-0.000108699 -3.80325e-05 -0.147713) (-0.000108699 -3.80325e-05 -0.147713) (-0.000108699 -3.80325e-05 -0.147713) (-0.000108699 -3.80325e-05 -0.147713) (-2.89407e-05 3.32315e-05 -0.101805) (-2.89407e-05 3.32315e-05 -0.101805) (-2.89407e-05 3.32315e-05 -0.101805) (-2.89407e-05 3.32315e-05 -0.101805) (-2.89407e-05 3.32315e-05 -0.101805)
3800          (-7.30216e-05 -1.30746e-05 -0.137834) (-7.30216e-05 -1.30746e-05 -0.137834) (-7.30216e-05 -1.30746e-05 -0.137834) (-7.30216e-05 -1.30746e-05 -0.137834) (-7.30216e-05 -1.30746e-05 -0.137834) (-7.30216e-05 -1.30746e-05 -0.137834) (-7.72251e-05 5.21763e-05 -0.11741) (-7.72251e-05 5.21763e-05 -0.11741) (-7.72251e-05 5.21763e-05 -0.11741) (-7.72251e-05 5.21763e-05 -0.11741) (-7.72251e-05 5.21763e-05 -0.11741)
3850          (-3.20002e-05 -8.63178e-05 -0.13884) (-3.20002e-05 -8.63178e-05 -0.13884) (-3.20002e-05 -8.63178e-05 -0.13884) (-3.20002e-05 -8.63178e-05 -0.13884) (-3.20002e-05 -8.63178e-05 -0.13884) (-3.20002e-05 -8.63178e-05 -0.13884) (-2.34583e-05 3.0679e-05 -0.120707) (-2.34583e-05 3.0679e-05 -0.120707) (-2.34583e-05 3.0679e-05 -0.120707) (-2.34583e-05 3.0679e-05 -0.120707) (-2.34583e-05 3.0679e-05 -0.120707)
3900          (-0.000109124 -1.20154e-05 -0.136983) (-0.000109124 -1.20154e-05 -0.136983) (-0.000109124 -1.20154e-05 -0.136983) (-0.000109124 -1.20154e-05 -0.136983) (-0.000109124 -1.20154e-05 -0.136983) (-0.000109124 -1.20154e-05 -0.136983) (-0.000126134 0.000104071 -0.123334) (-0.000126134 0.000104071 -0.123334) (-0.000126134 0.000104071 -0.123334) (-0.000126134 0.000104071 -0.123334) (-0.000126134 0.000104071 -0.123334)
3950          (-6.96589e-05 -0.000102168 -0.152246) (-6.96589e-05 -0.000102168 -0.152246) (-6.96589e-05 -0.000102168 -0.152246) (-6.96589e-05 -0.000102168 -0.152246) (-6.96589e-05 -0.000102168 -0.152246) (-6.96589e-05 -0.000102168 -0.152246) (2.58874e-05 -4.87468e-05 -0.120159) (2.58874e-05 -4.87468e-05 -0.120159) (2.58874e-05 -4.87468e-05 -0.120159) (2.58874e-05 -4.87468e-05 -0.120159) (2.58874e-05 -4.87468e-05 -0.120159)
4000          (-3.49777e-05 -0.000110242 -0.151572) (-3.49777e-05 -0.000110242 -0.151572) (-3.49777e-05 -0.000110242 -0.151572) (-3.49777e-05 -0.000110242 -0.151572) (-3.49777e-05 -0.000110242 -0.151572) (-3.49777e-05 -0.000110242 -0.151572) (-2.13063e-05 1.74456e-05 -0.121532) (-2.13063e-05 1.74456e-05 -0.121532) (-2.13063e-05 1.74456e-05 -0.121532) (-2.13063e-05 1.74456e-05 -0.121532) (-2.13063e-05 1.74456e-05 -0.121532)
4050          (-0.000150007 9.01976e-06 -0.151069) (-0.000150007 9.01976e-06 -0.151069) (-0.000150007 9.01976e-06 -0.151069) (-0.000150007 9.01976e-06 -0.151069) (-0.000150007 9.01976e-06 -0.151069) (-0.000150007 9.01976e-06 -0.151069) (-0.000113696 6.93992e-05 -0.125725) (-0.000113696 6.93992e-05 -0.125725) (-0.000113696 6.93992e-05 -0.125725) (-0.000113696 6.93992e-05 -0.125725) (-0.000113696 6.93992e-05 -0.125725)
4100          (2.3856e-06 -0.000198941 -0.155366) (2.3856e-06 -0.000198941 -0.155366) (2.3856e-06 -0.000198941 -0.155366) (2.3856e-06 -0.000198941 -0.155366) (2.3856e-06 -0.000198941 -0.155366) (2.3856e-06 -0.000198941 -0.155366) (0.000111281 -7.54847e-05 -0.121304) (0.000111281 -7.54847e-05 -0.121304) (0.000111281 -7.54847e-05 -0.121304) (0.000111281 -7.54847e-05 -0.121304) (0.000111281 -7.54847e-05 -0.121304)
4150          (-0.00011328 -0.000100161 -0.161425) (-0.00011328 -0.000100161 -0.161425) (-0.00011328 -0.000100161 -0.161425) (-0.00011328 -0.000100161 -0.161425) (-0.00011328 -0.000100161 -0.161425) (-0.00011328 -0.000100161 -0.161425) (9.02521e-06 -2.03683e-05 -0.110915) (9.02521e-06 -2.03683e-05 -0.110915) (9.02521e-06 -2.03683e-05 -0.110915) (9.02521e-06 -2.03683e-05 -0.110915) (9.02521e-06 -2.03683e-05 -0.110915)
4200          (-9.84503e-05 -0.000120963 -0.171188) (-9.84503e-05 -0.000120963 -0.171188) (-9.84503e-05 -0.000120963 -0.171188) (-9.84503e-05 -0.000120963 -0.171188) (-9.84503e-05 -0.000120963 -0.171188) (-9.84503e-05 -0.000120963 -0.171188) (-3.51358e-06 1.28781e-05 -0.100672) (-3.51358e-06 1.28781e-05 -0.100672) (-3.51358e-06 1.28781e-05 -0.100672) (-3.51358e-06 1.28781e-05 -0.100672) (-3.51358e-06 1.28781e-05 -0.100672)
4250          (-0.000171225 -7.71437e-05 -0.172702) (-0.000171225 -7.71437e-05 -0.172702) (-0.000171225 -7.71437e-05 -0.172702) (-0.000171225 -7.71437e-05 -0.172702) (-0.000171225 -7.71437e-05 -0.172702) (-0.000171225 -7.71437e-05 -0.172702) (-9.13243e-05 3.78291e-05 -0.10021) (-9.13243e-05 3.78291e-05 -0.10021) (-9.13243e-05 3.78291e-05 -0.10021) (-9.13243e-05 3.78291e-05 -0.10021) (-9.13243e-05 3.78291e-05 -0.10021)
4300          (-2.76838e-05 5.69712e-06 -0.168812) (-2.76838e-05 5.69712e-06 -0.168812) (-2.76838e-05 5.69712e-06 -0.168812) (-2.76838e-05 5.69712e-06 -0.168812) (-2.76838e-05 5.69712e-06 -0.168812) (-2.76838e-05 5.69712e-06 -0.168812) (-2.18075e-05 1.10181e-05 -0.0977428) (-2.18075e-05 1.10181e-05 -0.0977428) (-2.18075e-05 1.10181e-05 -0.0977428) (-2.18075e-05 1.10181e-05 -0.0977428) (-2.18075e-05 1.10181e-05 -0.0977428)
4350          (-0.000127256 -2.76673e-05 -0.147478) (-0.000127256 -2.76673e-05 -0.147478) (-0.000127256 -2.76673e-05 -0.147478) (-0.000127256 -2.76673e-05 -0.147478) (-0.000127256 -2.76673e-05 -0.147478) (-0.000127256 -2.76673e-05 -0.147478) (-1.50124e-05 1.83971e-06 -0.101318) (-1.50124e-05 1.83971e-06 -0.101318) (-1.50124e-05 1.83971e-06 -0.101318) (-1.50124e-05 1.83971e-06 -0.101318) (-1.50124e-05 1.83971e-06 -0.101318)
4400          (-1.67995e-05 -0.000222219 -0.148729) (-1.67995e-05 -0.000222219 -0.148729) (-1.67995e-05 -0.000222219 -0.148729) (-1.67995e-05 -0.000222219 -0.148729) (-1.67995e-05 -0.000222219 -0.148729) (-1.67995e-05 -0.000222219 -0.148729) (0.000138127 -0.000131678 -0.100325) (0.000138127 -0.000131678 -0.100325) (0.000138127 -0.000131678 -0.100325) (0.000138127 -0.000131678 -0.100325) (0.000138127 -0.000131678 -0.100325)
4450          (-0.000135898 -1.53638e-06 -0.15138) (-0.000135898 -1.53638e-06 -0.15138) (-0.000135898 -1.53638e-06 -0.15138) (-0.000135898 -1.53638e-06 -0.15138) (-0.000135898 -1.53638e-06 -0.15138) (-0.000135898 -1.53638e-06 -0.15138) (-0.000111459 7.63072e-05 -0.105298) (-0.000111459 7.63072e-05 -0.105298) (-0.000111459 7.63072e-05 -0.105298) (-0.000111459 7.63072e-05 -0.105298) (-0.000111459 7.63072e-05 -0.105298)
4500          (-0.000120786 -1.84227e-05 -0.134985) (-0.000120786 -1.84227e-05 -0.134985) (-0.000120786 -1.84227e-05 -0.134985) (-0.000120786 -1.84227e-05 -0.134985) (-0.000120786 -1.84227e-05 -0.134985) (-0.000120786 -1.84227e-05 -0.134985) (-6.97548e-05 5.91927e-05 -0.119408) (-6.97548e-05 5.91927e-05 -0.119408) (-6.97548e-05 5.91927e-05 -0.119408) (-6.97548e-05 5.91927e-05 -0.119408) (-6.97548e-05 5.91927e-05 -0.119408)
4550          (-0.000134848 2.93756e-06 -0.147073) (-0.000134848 2.93756e-06 -0.147073) (-0.000134848 2.93756e-06 -0.147073) (-0.000134848 2.93756e-06 -0.147073) (-0.000134848 2.93756e-06 -0.147073) (-0.000134848 2.93756e-06 -0.147073) (-0.000104774 7.08423e-05 -0.12273) (-0.000104774 7.08423e-05 -0.12273) (-0.000104774 7.08423e-05 -0.12273) (-0.000104774 7.08423e-05 -0.12273) (-0.000104774 7.08423e-05 -0.12273)
4600          (-9.17856e-05 -4.92563e-05 -0.14998) (-9.17856e-05 -4.92563e-05 -0.14998) (-9.17856e-05 -4.92563e-05 -0.14998) (-9.17856e-05 -4.92563e-05 -0.14998) (-9.17856e-05 -4.92563e-05 -0.14998) (-9.17856e-05 -4.92563e-05 -0.14998) (-2.78914e-05 -1.51924e-05 -0.12491) (-2.78914e-05 -1.51924e-05 -0.12491) (-2.78914e-05 -1.51924e-05 -0.12491) (-2.78914e-05 -1.51924e-05 -0.12491) (-2.78914e-05 -1.51924e-05 -0.12491)
4650          (-0.000182031 -3.14268e-05 -0.163912) (-0.000182031 -3.14268e-05 -0.163912) (-0.000182031 -3.14268e-05 -0.163912) (-0.000182031 -3.14268e-05 -0.163912) (-0.000182031 -3.14268e-05 -0.163912) (-0.000182031 -3.14268e-05 -0.163912) (-8.44467e-05 4.37093e-05 -0.114923) (-8.44467e-05 4.37093e-05 -0.114923) (-8.44467e-05 4.37093e-05 -0.114923) (-8.44467e-05 4.37093e-05 -0.114923) (-8.44467e-05 4.37093e-05 -0.114923)
4700          (-0.000188816 -1.84414e-05 -0.1626) (-0.000188816 -1.84414e-05 -0.1626) (-0.000188816 -1.84414e-05 -0.1626) (-0.000188816 -1.84414e-05 -0.1626) (-0.000188816 -1.84414e-05 -0.1626) (-0.000188816 -1.84414e-05 -0.1626) (-0.000124411 7.77276e-05 -0.114174) (-0.000124411 7.77276e-05 -0.114174) (-0.000124411 7.77276e-05 -0.114174) (-0.000124411 7.77276e-05 -0.114174) (-0.000124411 7.77276e-05 -0.114174)
4750          (-0.000183143 -3.17553e-05 -0.162775) (-0.000183143 -3.17553e-05 -0.162775) (-0.000183143 -3.17553e-05 -0.162775) (-0.000183143 -3.17553e-05 -0.162775) (-0.000183143 -3.17553e-05 -0.162775) (-0.000183143 -3.17553e-05 -0.162775) (-0.000125421 8.33478e-05 -0.112242) (-0.000125421 8.33478e-05 -0.112242) (-0.000125421 8.33478e-05 -0.112242) (-0.000125421 8.33478e-05 -0.112242) (-0.000125421 8.33478e-05 -0.112242)
4800          (-0.000119344 -8.75376e-05 -0.16057) (-0.000119344 -8.75376e-05 -0.16057) (-0.000119344 -8.75376e-05 -0.16057) (-0.000119344 -8.75376e-05 -0.16057) (-0.000119344 -8.75376e-05 -0.16057) (-0.000119344 -8.75376e-05 -0.16057) (-2.41482e-05 6.21495e-06 -0.112007) (-2.41482e-05 6.21495e-06 -0.112007) (-2.41482e-05 6.21495e-06 -0.112007) (-2.41482e-05 6.21495e-06 -0.112007) (-2.41482e-05 6.21495e-06 -0.112007)
4850          (-0.000169922 -8.83043e-06 -0.163247) (-0.000169922 -8.83043e-06 -0.163247) (-0.000169922 -8.83043e-06 -0.163247) (-0.000169922 -8.83043e-06 -0.163247) (-0.000169922 -8.83043e-06 -0.163247) (-0.000169922 -8.83043e-06 -0.163247) (-7.40314e-05 4.66684e-05 -0.116744) (-7.40314e-05 4.66684e-05 -0.116744) (-7.40314e-05 4.66684e-05 -0.116744) (-7.40314e-05 4.66684e-05 -0.116744) (-7.40314e-05 4.66684e-05 -0.116744)
4900          (-0.000173316 -4.93976e-05 -0.162302) (-0.000173316 -4.93976e-05 -0.162302) (-0.000173316 -4.93976e-05 -0.162302) (-0.000173316 -4.93976e-05 -0.162302) (-0.000173316 -4.93976e-05 -0.162302) (-0.000173316 -4.93976e-05 -0.162302) (-0.000107239 8.09926e-05 -0.111267) (-0.000107239 8.09926e-05 -0.111267) (-0.000107239 8.09926e-05 -0.111267) (-0.000107239 8.09926e-05 -0.111267) (-0.000107239 8.09926e-05 -0.111267)
4950          (-7.84754e-06 -0.000193262 -0.167385) (-7.84754e-06 -0.000193262 -0.167385) (-7.84754e-06 -0.000193262 -0.167385) (-7.84754e-06 -0.000193262 -0.167385) (-7.84754e-06 -0.000193262 -0.167385) (-7.84754e-06 -0.000193262 -0.167385) (6.70852e-05 -5.33691e-05 -0.118991) (6.70852e-05 -5.33691e-05 -0.118991) (6.70852e-05 -5.33691e-05 -0.118991) (6.70852e-05 -5.33691e-05 -0.118991) (6.70852e-05 -5.33691e-05 -0.118991)
5000          (-0.00020706 -2.0521e-05 -0.164673) (-0.00020706 -2.0521e-05 -0.164673) (-0.00020706 -2.0521e-05 -0.164673) (-0.00020706 -2.0521e-05 -0.164673) (-0.00020706 -2.0521e-05 -0.164673) (-0.00020706 -2.0521e-05 -0.164673) (-0.000133273 9.99657e-05 -0.112618) (-0.000133273 9.99657e-05 -0.112618) (-0.000133273 9.99657e-05 -0.112618) (-0.000133273 9.99657e-05 -0.112618) (-0.000133273 9.99657e-05 -0.112618)
