# Probe 0 (0.0015 0.0015 0)
# Probe 1 (0.0015 0.0015 0.002)
# Probe 2 (0.0015 0.0015 0.004)
# Probe 3 (0.0015 0.0015 0.006)
# Probe 4 (0.0015 0.0015 0.008)
# Probe 5 (0.0015 0.0015 0.01)
# Probe 6 (0.0015 0.0015 0.012)
# Probe 7 (0.0015 0.0015 0.014)
# Probe 8 (0.0015 0.0015 0.016)
# Probe 9 (0.0015 0.0015 0.018)
# Probe 10 (0.0015 0.0015 0.02)
# Time        0             1             2             3             4             5             6             7             8             9             10           
50            0.000528891   0.000528891   0.000528891   0.000528891   0.000528891   0.000528891   0.000528891   0.000528891   0.000528891   0.000528891   0.000528891  
100           0.000528891   0.000528891   0.000528891   0.000528891   0.000528891   0.000528891   0.000528891   0.000528891   0.000528891   0.000528891   0.000528891  
150           0.000528891   0.000528891   0.000528891   0.000528891   0.000528891   0.000528891   0.000528891   0.000528891   0.000528891   0.000528891   0.000528891  
200           0.000528891   0.000528891   0.000528891   0.000528891   0.000528891   0.000528891   0.000528891   0.000528891   0.000528891   0.000528891   0.000528891  
250           0.000528891   0.000528891   0.000528891   0.000528891   0.000528891   0.000528891   0.000528891   0.000528891   0.000528891   0.000528891   0.000528891  
300           0.000528891   0.000528891   0.000528891   0.000528891   0.000528891   0.000528891   0.000528891   0.000528891   0.000528891   0.000528891   0.000528891  
350           0.000528891   0.000528891   0.000528891   0.000528891   0.000528891   0.000528891   0.000528891   0.000528891   0.000528891   0.000528891   0.000528891  
400           0.000528891   0.000528891   0.000528891   0.000528891   0.000528891   0.000528891   0.000528891   0.000528891   0.000528891   0.000528891   0.000528891  
450           0.000528891   0.000528891   0.000528891   0.000528891   0.000528891   0.000528891   0.000528891   0.000528891   0.000528891   0.000528891   0.000528891  
500           0.000528891   0.000528891   0.000528891   0.000528891   0.000528891   0.000528891   0.000528891   0.000528891   0.000528891   0.000528891   0.000528891  
550           0.000528891   0.000528891   0.000528891   0.000528891   0.000528891   0.000528891   0.000528891   0.000528891   0.000528891   0.000528891   0.000528891  
600           0.000528891   0.000528891   0.000528891   0.000528891   0.000528891   0.000528891   0.000528891   0.000528891   0.000528891   0.000528891   0.000528891  
650           0.000528891   0.000528891   0.000528891   0.000528891   0.000528891   0.000528891   0.000528891   0.000528891   0.000528891   0.000528891   0.000528891  
700           0.000528891   0.000528891   0.000528891   0.000528891   0.000528891   0.000528891   0.000528891   0.000528891   0.000528891   0.000528891   0.000528891  
750           0.000528891   0.000528891   0.000528891   0.000528891   0.000528891   0.000528891   0.000528891   0.000528891   0.000528891   0.000528891   0.000528891  
800           0.000528891   0.000528891   0.000528891   0.000528891   0.000528891   0.000528891   0.000528891   0.000528891   0.000528891   0.000528891   0.000528891  
850           0.000528891   0.000528891   0.000528891   0.000528891   0.000528891   0.000528891   0.000528891   0.000528891   0.000528891   0.000528891   0.000528891  
900           0.000528891   0.000528891   0.000528891   0.000528891   0.000528891   0.000528891   0.000528891   0.000528891   0.000528891   0.000528891   0.000528891  
950           0.000528891   0.000528891   0.000528891   0.000528891   0.000528891   0.000528891   0.000528891   0.000528891   0.000528891   0.000528891   0.000528891  
1000          0.000528891   0.000528891   0.000528891   0.000528891   0.000528891   0.000528891   0.000528891   0.000528891   0.000528891   0.000528891   0.000528891  
1050          0.000528891   0.000528891   0.000528891   0.000528891   0.000528891   0.000528891   0.000528891   0.000528891   0.000528891   0.000528891   0.000528891  
1100          0.000528891   0.000528891   0.000528891   0.000528891   0.000528891   0.000528891   0.000528891   0.000528891   0.000528891   0.000528891   0.000528891  
1150          0.000528891   0.000528891   0.000528891   0.000528891   0.000528891   0.000528891   0.000528891   0.000528891   0.000528891   0.000528891   0.000528891  
1200          0.000528891   0.000528891   0.000528891   0.000528891   0.000528891   0.000528891   0.000528891   0.000528891   0.000528891   0.000528891   0.000528891  
1250          0.000528891   0.000528891   0.000528891   0.000528891   0.000528891   0.000528891   0.000528891   0.000528891   0.000528891   0.000528891   0.000528891  
1300          0.000528891   0.000528891   0.000528891   0.000528891   0.000528891   0.000528891   0.000528891   0.000528891   0.000528891   0.000528891   0.000528891  
1350          0.000528891   0.000528891   0.000528891   0.000528891   0.000528891   0.000528891   0.000528891   0.000528891   0.000528891   0.000528891   0.000528891  
1400          0.000528891   0.000528891   0.000528891   0.000528891   0.000528891   0.000528891   0.000528891   0.000528891   0.000528891   0.000528891   0.000528891  
1450          0.000528891   0.000528891   0.000528891   0.000528891   0.000528891   0.000528891   0.000528891   0.000528891   0.000528891   0.000528891   0.000528891  
1500          0.000528891   0.000528891   0.000528891   0.000528891   0.000528891   0.000528891   0.000528891   0.000528891   0.000528891   0.000528891   0.000528891  
1550          0.000528891   0.000528891   0.000528891   0.000528891   0.000528891   0.000528891   0.000528891   0.000528891   0.000528891   0.000528891   0.000528891  
1600          0.000528891   0.000528891   0.000528891   0.000528891   0.000528891   0.000528891   0.000528891   0.000528891   0.000528891   0.000528891   0.000528891  
1650          0.000528891   0.000528891   0.000528891   0.000528891   0.000528891   0.000528891   0.000528891   0.000528891   0.000528891   0.000528891   0.000528891  
1700          0.000528891   0.000528891   0.000528891   0.000528891   0.000528891   0.000528891   0.000528891   0.000528891   0.000528891   0.000528891   0.000528891  
1750          0.000528891   0.000528891   0.000528891   0.000528891   0.000528891   0.000528891   0.000528891   0.000528891   0.000528891   0.000528891   0.000528891  
1800          0.000528891   0.000528891   0.000528891   0.000528891   0.000528891   0.000528891   0.000528891   0.000528891   0.000528891   0.000528891   0.000528891  
1850          0.000528891   0.000528891   0.000528891   0.000528891   0.000528891   0.000528891   0.000528891   0.000528891   0.000528891   0.000528891   0.000528891  
1900          0.000528891   0.000528891   0.000528891   0.000528891   0.000528891   0.000528891   0.000528891   0.000528891   0.000528891   0.000528891   0.000528891  
1950          0.000528891   0.000528891   0.000528891   0.000528891   0.000528891   0.000528891   0.000528891   0.000528891   0.000528891   0.000528891   0.000528891  
2000          0.000528891   0.000528891   0.000528891   0.000528891   0.000528891   0.000528891   0.000528891   0.000528891   0.000528891   0.000528891   0.000528891  
2050          0.000528891   0.000528891   0.000528891   0.000528891   0.000528891   0.000528891   0.000528891   0.000528891   0.000528891   0.000528891   0.000528891  
2100          0.000528891   0.000528891   0.000528891   0.000528891   0.000528891   0.000528891   0.000528891   0.000528891   0.000528891   0.000528891   0.000528891  
2150          0.000528891   0.000528891   0.000528891   0.000528891   0.000528891   0.000528891   0.000528891   0.000528891   0.000528891   0.000528891   0.000528891  
2200          0.000528891   0.000528891   0.000528891   0.000528891   0.000528891   0.000528891   0.000528891   0.000528891   0.000528891   0.000528891   0.000528891  
2250          0.000528891   0.000528891   0.000528891   0.000528891   0.000528891   0.000528891   0.000528891   0.000528891   0.000528891   0.000528891   0.000528891  
2300          0.000528891   0.000528891   0.000528891   0.000528891   0.000528891   0.000528891   0.000528891   0.000528891   0.000528891   0.000528891   0.000528891  
2350          0.000528891   0.000528891   0.000528891   0.000528891   0.000528891   0.000528891   0.000528891   0.000528891   0.000528891   0.000528891   0.000528891  
2400          0.000528891   0.000528891   0.000528891   0.000528891   0.000528891   0.000528891   0.000528891   0.000528891   0.000528891   0.000528891   0.000528891  
2450          0.000528891   0.000528891   0.000528891   0.000528891   0.000528891   0.000528891   0.000528891   0.000528891   0.000528891   0.000528891   0.000528891  
2500          0.000528891   0.000528891   0.000528891   0.000528891   0.000528891   0.000528891   0.000528891   0.000528891   0.000528891   0.000528891   0.000528891  
2550          0.000528891   0.000528891   0.000528891   0.000528891   0.000528891   0.000528891   0.000528891   0.000528891   0.000528891   0.000528891   0.000528891  
2600          0.000528891   0.000528891   0.000528891   0.000528891   0.000528891   0.000528891   0.000528891   0.000528891   0.000528891   0.000528891   0.000528891  
2650          0.000528891   0.000528891   0.000528891   0.000528891   0.000528891   0.000528891   0.000528891   0.000528891   0.000528891   0.000528891   0.000528891  
2700          0.000528891   0.000528891   0.000528891   0.000528891   0.000528891   0.000528891   0.000528891   0.000528891   0.000528891   0.000528891   0.000528891  
2750          0.000528891   0.000528891   0.000528891   0.000528891   0.000528891   0.000528891   0.000528891   0.000528891   0.000528891   0.000528891   0.000528891  
2800          0.000528891   0.000528891   0.000528891   0.000528891   0.000528891   0.000528891   0.000528891   0.000528891   0.000528891   0.000528891   0.000528891  
2850          0.000528891   0.000528891   0.000528891   0.000528891   0.000528891   0.000528891   0.000528891   0.000528891   0.000528891   0.000528891   0.000528891  
2900          0.000528891   0.000528891   0.000528891   0.000528891   0.000528891   0.000528891   0.000528891   0.000528891   0.000528891   0.000528891   0.000528891  
2950          0.000528891   0.000528891   0.000528891   0.000528891   0.000528891   0.000528891   0.000528891   0.000528891   0.000528891   0.000528891   0.000528891  
3000          0.000528891   0.000528891   0.000528891   0.000528891   0.000528891   0.000528891   0.000528891   0.000528891   0.000528891   0.000528891   0.000528891  
3050          0.000528891   0.000528891   0.000528891   0.000528891   0.000528891   0.000528891   0.000528891   0.000528891   0.000528891   0.000528891   0.000528891  
3100          0.000528891   0.000528891   0.000528891   0.000528891   0.000528891   0.000528891   0.000528891   0.000528891   0.000528891   0.000528891   0.000528891  
3150          0.000528891   0.000528891   0.000528891   0.000528891   0.000528891   0.000528891   0.000528891   0.000528891   0.000528891   0.000528891   0.000528891  
3200          0.000528891   0.000528891   0.000528891   0.000528891   0.000528891   0.000528891   0.000528891   0.000528891   0.000528891   0.000528891   0.000528891  
3250          0.000528891   0.000528891   0.000528891   0.000528891   0.000528891   0.000528891   0.000528891   0.000528891   0.000528891   0.000528891   0.000528891  
3300          0.000528891   0.000528891   0.000528891   0.000528891   0.000528891   0.000528891   0.000528891   0.000528891   0.000528891   0.000528891   0.000528891  
3350          0.000528891   0.000528891   0.000528891   0.000528891   0.000528891   0.000528891   0.000528891   0.000528891   0.000528891   0.000528891   0.000528891  
3400          0.000528891   0.000528891   0.000528891   0.000528891   0.000528891   0.000528891   0.000528891   0.000528891   0.000528891   0.000528891   0.000528891  
3450          0.000528891   0.000528891   0.000528891   0.000528891   0.000528891   0.000528891   0.000528891   0.000528891   0.000528891   0.000528891   0.000528891  
3500          0.000528891   0.000528891   0.000528891   0.000528891   0.000528891   0.000528891   0.000528891   0.000528891   0.000528891   0.000528891   0.000528891  
3550          0.000528891   0.000528891   0.000528891   0.000528891   0.000528891   0.000528891   0.000528891   0.000528891   0.000528891   0.000528891   0.000528891  
3600          0.000528891   0.000528891   0.000528891   0.000528891   0.000528891   0.000528891   0.000528891   0.000528891   0.000528891   0.000528891   0.000528891  
3650          0.000528891   0.000528891   0.000528891   0.000528891   0.000528891   0.000528891   0.000528891   0.000528891   0.000528891   0.000528891   0.000528891  
3700          0.000528891   0.000528891   0.000528891   0.000528891   0.000528891   0.000528891   0.000528891   0.000528891   0.000528891   0.000528891   0.000528891  
3750          0.000528891   0.000528891   0.000528891   0.000528891   0.000528891   0.000528891   0.000528891   0.000528891   0.000528891   0.000528891   0.000528891  
3800          0.000528891   0.000528891   0.000528891   0.000528891   0.000528891   0.000528891   0.000528891   0.000528891   0.000528891   0.000528891   0.000528891  
3850          0.000528891   0.000528891   0.000528891   0.000528891   0.000528891   0.000528891   0.000528891   0.000528891   0.000528891   0.000528891   0.000528891  
3900          0.000528891   0.000528891   0.000528891   0.000528891   0.000528891   0.000528891   0.000528891   0.000528891   0.000528891   0.000528891   0.000528891  
3950          0.000528891   0.000528891   0.000528891   0.000528891   0.000528891   0.000528891   0.000528891   0.000528891   0.000528891   0.000528891   0.000528891  
4000          0.000528891   0.000528891   0.000528891   0.000528891   0.000528891   0.000528891   0.000528891   0.000528891   0.000528891   0.000528891   0.000528891  
4050          0.000528891   0.000528891   0.000528891   0.000528891   0.000528891   0.000528891   0.000528891   0.000528891   0.000528891   0.000528891   0.000528891  
4100          0.000528891   0.000528891   0.000528891   0.000528891   0.000528891   0.000528891   0.000528891   0.000528891   0.000528891   0.000528891   0.000528891  
4150          0.000528891   0.000528891   0.000528891   0.000528891   0.000528891   0.000528891   0.000528891   0.000528891   0.000528891   0.000528891   0.000528891  
4200          0.000528891   0.000528891   0.000528891   0.000528891   0.000528891   0.000528891   0.000528891   0.000528891   0.000528891   0.000528891   0.000528891  
4250          0.000528891   0.000528891   0.000528891   0.000528891   0.000528891   0.000528891   0.000528891   0.000528891   0.000528891   0.000528891   0.000528891  
4300          0.000528891   0.000528891   0.000528891   0.000528891   0.000528891   0.000528891   0.000528891   0.000528891   0.000528891   0.000528891   0.000528891  
4350          0.000528891   0.000528891   0.000528891   0.000528891   0.000528891   0.000528891   0.000528891   0.000528891   0.000528891   0.000528891   0.000528891  
4400          0.000528891   0.000528891   0.000528891   0.000528891   0.000528891   0.000528891   0.000528891   0.000528891   0.000528891   0.000528891   0.000528891  
4450          0.000528891   0.000528891   0.000528891   0.000528891   0.000528891   0.000528891   0.000528891   0.000528891   0.000528891   0.000528891   0.000528891  
4500          0.000528891   0.000528891   0.000528891   0.000528891   0.000528891   0.000528891   0.000528891   0.000528891   0.000528891   0.000528891   0.000528891  
4550          0.000528891   0.000528891   0.000528891   0.000528891   0.000528891   0.000528891   0.000528891   0.000528891   0.000528891   0.000528891   0.000528891  
4600          0.000528891   0.000528891   0.000528891   0.000528891   0.000528891   0.000528891   0.000528891   0.000528891   0.000528891   0.000528891   0.000528891  
4650          0.000528891   0.000528891   0.000528891   0.000528891   0.000528891   0.000528891   0.000528891   0.000528891   0.000528891   0.000528891   0.000528891  
4700          0.000528891   0.000528891   0.000528891   0.000528891   0.000528891   0.000528891   0.000528891   0.000528891   0.000528891   0.000528891   0.000528891  
4750          0.000528891   0.000528891   0.000528891   0.000528891   0.000528891   0.000528891   0.000528891   0.000528891   0.000528891   0.000528891   0.000528891  
4800          0.000528891   0.000528891   0.000528891   0.000528891   0.000528891   0.000528891   0.000528891   0.000528891   0.000528891   0.000528891   0.000528891  
4850          0.000528891   0.000528891   0.000528891   0.000528891   0.000528891   0.000528891   0.000528891   0.000528891   0.000528891   0.000528891   0.000528891  
4900          0.000528891   0.000528891   0.000528891   0.000528891   0.000528891   0.000528891   0.000528891   0.000528891   0.000528891   0.000528891   0.000528891  
4950          0.000528891   0.000528891   0.000528891   0.000528891   0.000528891   0.000528891   0.000528891   0.000528891   0.000528891   0.000528891   0.000528891  
5000          0.000528891   0.000528891   0.000528891   0.000528891   0.000528891   0.000528891   0.000528891   0.000528891   0.000528891   0.000528891   0.000528891  
