# Probe 0 (0.0015 0.0015 0)
# Probe 1 (0.0015 0.0015 0.002)
# Probe 2 (0.0015 0.0015 0.004)
# Probe 3 (0.0015 0.0015 0.006)
# Probe 4 (0.0015 0.0015 0.008)
# Probe 5 (0.0015 0.0015 0.01)
# Probe 6 (0.0015 0.0015 0.012)
# Probe 7 (0.0015 0.0015 0.014)
# Probe 8 (0.0015 0.0015 0.016)
# Probe 9 (0.0015 0.0015 0.018)
# Probe 10 (0.0015 0.0015 0.02)
# Time        0             1             2             3             4             5             6             7             8             9             10           
50            (0.0133783 0.0133783 28629.9) (0.00171285 0.00171285 17382.8) (0.00964473 0.00964473 7303.52) (0.00363948 0.00363948 2731.25) (-0.00378601 -0.00378601 942.163) (-0.00258998 -0.00258998 315.93) (-0.00339641 -0.00339641 190.82) (-0.000149141 -0.000149141 405.72) (0.00206795 0.00206795 1116.94) (0.00605602 0.00605602 2800.16) (0.00568897 0.00568897 6218.33)
100           (0.0061023 0.0061023 21744.5) (0.0190467 0.0190467 17250.5) (0.0152801 0.0152801 10510.7) (0.00302685 0.00302685 5250.16) (-0.00320583 -0.00320583 2354.39) (-0.00551627 -0.00551627 1055.49) (-0.00340896 -0.00340896 657.595) (-0.00123283 -0.00123283 847.803) (-0.00161882 -0.00161882 1603.67) (-0.00284047 -0.00284047 3037.14) (-0.00414717 -0.00414717 5127.68)
150           (-0.000136101 -0.000136101 18132.8) (0.0114682 0.0114682 15410) (0.0254976 0.0254976 11395.4) (0.0117508 0.0117508 7038.37) (0.00611055 0.00611055 3818.26) (-0.00050678 -0.00050678 2014.58) (-0.00298435 -0.00298435 1288.6) (-0.000553162 -0.000553162 1318.12) (-0.00311604 -0.00311604 1940.08) (-0.00346364 -0.00346364 3061.33) (-0.0078139 -0.0078139 4464.64)
200           (0.0124461 0.0124461 15917.2) (0.00155957 0.00155957 13855.1) (0.00731646 0.00731646 11253.1) (0.00381293 0.00381293 7986.7) (0.00166964 0.00166964 5018.81) (0.000175616 0.000175616 2999.5) (-0.000383565 -0.000383565 1991.74) (1.69739e-05 1.6974e-05 1797.04) (2.29428e-05 2.29428e-05 2208.63) (-0.00192611 -0.00192611 3039.49) (0.00080253 0.00080253 4024.28)
250           (-0.00370697 -0.00370697 14396.8) (0.00230068 0.00230068 12660.1) (-0.0123338 -0.0123338 10827.3) (-0.00723875 -0.00723875 8380.98) (-0.0059674 -0.0059674 5868.48) (-0.00440214 -0.00440214 3878.03) (-0.00392052 -0.00392052 2692.28) (-0.0015513 -0.0015513 2276.56) (0.00137599 0.00137599 2459.58) (0.000260851 0.000260851 3032.16) (-0.000127228 -0.000127228 3728.01)
300           (0.000281906 0.000281906 13281.4) (-0.00353141 -0.00353141 11731.9) (-0.00154018 -0.00154018 10364.1) (0.00191317 0.00191317 8485.3) (0.00629404 0.00629404 6417.44) (0.00536992 0.00536992 4591.07) (0.00305823 0.00305823 3336.18) (0.0012569 0.0012569 2742.18) (-9.31687e-05 -9.31687e-05 2711.38) (0.000394142 0.000394142 3057.51) (-0.00476959 -0.00476959 3534.91)
350           (0.00201859 0.00201859 12426.3) (-0.00172126 -0.00172126 10996) (0.00212316 0.00212316 9932.42) (0.00269047 0.00269047 8450.75) (0.00524742 0.00524742 6752.14) (0.00544087 0.00544087 5135.6) (0.00302648 0.00302648 3893.91) (0.00062605 0.00062605 3178.6) (-0.000274306 -0.000274306 2966.64) (2.33451e-05 2.33451e-05 3117.66) (-0.00351494 -0.00351494 3420.99)
400           (0.00267121 0.00267121 11750.5) (-0.000948899 -0.000948899 10400.9) (0.00240556 0.00240556 9548.36) (0.00233058 0.00233058 8352.39) (0.00386104 0.00386104 6945.69) (0.00454509 0.00454509 5535.93) (0.00297403 0.00297403 4357) (0.000550322 0.000550322 3574.4) (-0.000318829 -0.000318829 3220.88) (0.000126435 0.000126435 3208.51) (-0.00269295 -0.00269295 3369.47)
450           (-0.0158457 -0.0158457 11203.8) (-0.0256593 -0.0256593 9911.48) (-0.0183347 -0.0183347 9211.51) (-0.0220463 -0.0220463 8226.72) (-0.0193224 -0.0193224 7048.38) (-0.0136375 -0.0136375 5823.11) (-0.00696265 -0.00696265 4730.35) (-0.00169845 -0.00169845 3923.6) (0.00160501 0.00160501 3468.1) (0.00450773 0.00450773 3323.66) (0.00158504 0.00158504 3367.85)
500           (-0.0132674 -0.0132674 10753.5) (-0.0209983 -0.0209983 9503.22) (-0.0151384 -0.0151384 8916.96) (-0.0182744 -0.0182744 8092.06) (-0.0164108 -0.0164108 7093.13) (-0.0124312 -0.0124312 6025.73) (-0.00729467 -0.00729467 5025.83) (-0.00277127 -0.00277127 4225.26) (0.000329672 0.000329672 3703.09) (0.00337707 0.00337707 3456.31) (0.00170476 0.00170476 3405.93)
550           (0.0271013 0.0271013 10376.6) (0.040994 0.040994 9158.59) (0.0396457 0.0396457 8658.78) (0.036773 0.036773 7957.42) (0.028368 0.028368 7100.78) (0.015803 0.015803 6166.16) (0.00296862 0.00296862 5256.84) (-0.00616017 -0.00616017 4481.91) (-0.0105222 -0.0105222 3922.04) (-0.0102397 -0.0102397 3599.98) (-0.00276418 -0.00276418 3475.34)
600           (-0.0234595 -0.0234595 10057.3) (-0.0196061 -0.0196061 8863.68) (-0.0279805 -0.0279805 8431.33) (-0.0231889 -0.0231889 7827) (-0.0169148 -0.0169148 7084.43) (-0.00963581 -0.00963581 6261.21) (-0.0025085 -0.0025085 5436.28) (0.00317229 0.00317229 4698.33) (0.00563783 0.00563783 4123.32) (0.00361151 0.00361151 3749.7) (0.00781689 0.00781689 3568.44)
650           (-0.0206099 -0.0206099 9783.67) (-0.0177463 -0.0177463 8608.9) (-0.0276991 -0.0276991 8229.97) (-0.0241343 -0.0241343 7702.99) (-0.0198645 -0.0198645 7052.87) (-0.0138997 -0.0138997 6323.22) (-0.00736039 -0.00736039 5574.98) (-0.00161061 -0.00161061 4879.91) (0.00224033 0.00224033 4306.41) (0.00100084 0.00100084 3901.14) (0.00687289 0.00687289 3678.88)
700           (-0.0167436 -0.0167436 9546.78) (-0.0147367 -0.0147367 8386.72) (-0.0234273 -0.0234273 8050.83) (-0.0209341 -0.0209341 7586.34) (-0.018015 -0.018015 7012.02) (-0.0134391 -0.0134391 6361.37) (-0.00797874 -0.00797874 5681.99) (-0.00288301 -0.00288301 5032.07) (0.00111407 0.00111407 4471.82) (0.000455442 0.000455442 4051.03) (0.00603505 0.00603505 3801.29)
750           (-0.0131697 -0.0131697 9339.8) (-0.0119291 -0.0119291 8191.47) (-0.0192206 -0.0192206 7890.61) (-0.0175491 -0.0175491 7477.3) (-0.0156108 -0.0156108 6965.85) (-0.0122313 -0.0122313 6382.35) (-0.00790534 -0.00790534 5764.5) (-0.0036167 -0.0036167 5159.8) (0.000220985 0.000220985 4620.72) (-1.7186e-05 -1.71861e-05 4196.96) (0.004846 0.004846 3931.12)
800           (-0.0100312 -0.0100312 9157.5) (-0.00946954 -0.00946954 8018.64) (-0.0154165 -0.0154165 7746.66) (-0.0143545 -0.0143545 7375.79) (-0.0131352 -0.0131352 6917.06) (-0.0107074 -0.0107074 6391.1) (-0.00737834 -0.00737834 5828.18) (-0.00387653 -0.00387653 5267.47) (-0.000362237 -0.000362237 4754.58) (-0.000287671 -0.000287671 4337.28) (0.00350786 0.00350786 4064.6)
850           (-0.00722225 -0.00722225 8995.81) (-0.00730634 -0.00730634 7864.69) (-0.0119167 -0.0119167 7616.79) (-0.0113134 -0.0113134 7281.51) (-0.0106133 -0.0106133 6867.49) (-0.00893761 -0.00893761 6391.23) (-0.00647159 -0.00647159 5877.43) (-0.00372523 -0.00372523 5358.77) (-0.000685658 -0.000685658 4874.95) (-0.000340772 -0.000340772 4470.92) (0.0021698 0.0021698 4198.69)
900           (-0.00651449 -0.00651449 8851.8) (-0.0105409 -0.0105409 7726.52) (-0.00895447 -0.00895447 7499.09) (-0.00839357 -0.00839357 7193.99) (-0.00703828 -0.00703828 6818.26) (-0.00476678 -0.00476678 6385.37) (-0.00192454 -0.00192454 5915.7) (0.000977772 0.000977772 5436.84) (0.0032761 0.0032761 4983.45) (0.00483877 0.00483877 4597.37) (0.0026009 0.0026009 4330.64)
950           (-0.00545514 -0.00545514 8722.35) (-0.0081908 -0.0081908 7602.57) (-0.00713215 -0.00713215 7392.34) (-0.00687038 -0.00687038 7113.07) (-0.00578571 -0.00578571 6770.44) (-0.00405198 -0.00405198 6375.57) (-0.00182563 -0.00182563 5945.54) (0.00061306 0.00061306 5503.94) (0.00274401 0.00274401 5081.28) (0.00466615 0.00466615 4716.11) (0.00382021 0.00382021 4459.5)
1000          (-0.00465844 -0.00465844 8605.74) (-0.00752177 -0.00752177 7490.54) (-0.00658611 -0.00658611 7295.15) (-0.00636106 -0.00636106 7038.27) (-0.00555291 -0.00555291 6724.52) (-0.00415954 -0.00415954 6363.23) (-0.00225585 -0.00225585 5968.96) (-3.5837e-05 -3.5837e-05 5562.12) (0.00213558 0.00213558 5169.74) (0.00454909 0.00454909 4827.18) (0.0048416 0.0048416 4583.49)
1050          (-0.00444405 -0.00444405 8500.21) (-0.00699752 -0.00699752 7388.98) (-0.00629542 -0.00629542 7206.53) (-0.00626003 -0.00626003 6969.19) (-0.00562958 -0.00562958 6680.84) (-0.00443581 -0.00443581 6349.43) (-0.00273761 -0.00273761 5987.52) (-0.000648052 -0.000648052 5612.99) (0.00157733 0.00157733 5249.93) (0.00437084 0.00437084 4930.7) (0.00559841 0.00559841 4701.69)
1100          (-0.00427381 -0.00427381 8404.45) (-0.00674508 -0.00674508 7296.65) (-0.00624176 -0.00624176 7125.54) (-0.00627856 -0.00627856 6905.44) (-0.00578452 -0.00578452 6639.62) (-0.00475055 -0.00475055 6334.95) (-0.00319339 -0.00319339 6002.43) (-0.00118437 -0.00118437 5657.85) (0.00108893 0.00108893 5322.82) (0.00415373 0.00415373 5026.89) (0.0060983 0.0060983 4813.5)
1150          (-0.00420111 -0.00420111 8317.32) (-0.00648851 -0.00648851 7212.52) (-0.00616052 -0.00616052 7051.44) (-0.00629102 -0.00629102 6846.65) (-0.00590168 -0.00590168 6600.94) (-0.0049805 -0.0049805 6320.33) (-0.00353273 -0.00353273 6014.56) (-0.00159648 -0.00159648 5697.7) (0.000690469 0.000690469 5389.2) (0.00391271 0.00391271 5116.06) (0.00636186 0.00636186 4918.6)
1200          (-0.00409256 -0.00409256 8237.87) (-0.00624769 -0.00624769 7135.71) (-0.00605847 -0.00605847 6983.59) (-0.00623713 -0.00623713 6792.47) (-0.00592688 -0.00592688 6564.82) (-0.00510141 -0.00510141 6305.97) (-0.00374891 -0.00374891 6024.59) (-0.00188707 -0.00188707 5733.33) (0.000378727 0.000378727 5449.77) (0.00366075 0.00366075 5198.54) (0.00643473 0.00643473 5016.88)
1250          (-0.00396719 -0.00396719 8165.31) (-0.00596592 -0.00596592 7065.51) (-0.00588121 -0.00588121 6921.41) (-0.00609917 -0.00609917 6742.59) (-0.00585001 -0.00585001 6531.23) (-0.00510261 -0.00510261 6292.1) (-0.00383852 -0.00383852 6033.01) (-0.00206106 -0.00206106 5765.36) (0.000147862 0.000147862 5505.11) (0.00340663 0.00340663 5274.7) (0.0063563 0.0063563 5108.41)
1300          (-0.00380172 -0.00380172 8098.95) (-0.00565937 -0.00565937 7001.26) (-0.00564894 -0.00564894 6864.39) (-0.00588441 -0.00588441 6696.68) (-0.00568084 -0.00568084 6500.08) (-0.00500209 -0.00500209 6278.9) (-0.00382341 -0.00382341 6040.2) (-0.00213925 -0.00213925 5794.3) (-1.5529e-05 -1.5529e-05 5555.72) (0.00315663 0.00315663 5344.94) (0.00616588 0.00616588 5193.36)
1350          (-0.00361179 -0.00361179 8038.22) (-0.00532713 -0.00532713 6942.42) (-0.00536597 -0.00536597 6812.11) (-0.00560908 -0.00560908 6654.47) (-0.00544006 -0.00544006 6471.28) (-0.00482117 -0.00482117 6266.46) (-0.00372543 -0.00372543 6046.41) (-0.00214182 -0.00214182 5820.55) (-0.000124662 -0.000124662 5602.06) (0.00291479 0.00291479 5409.62) (0.00589631 0.00589631 5271.97)
1400          (-0.00340119 -0.00340119 7982.59) (-0.00498381 -0.00498381 6888.52) (-0.00505288 -0.00505288 6764.16) (-0.0052932 -0.0052932 6615.68) (-0.00514986 -0.00514986 6444.71) (-0.0045846 -0.0045846 6254.83) (-0.00356929 -0.00356929 6051.87) (-0.00209001 -0.00209001 5844.41) (-0.000192868 -0.000192868 5644.49) (0.0026838 0.0026838 5469.13) (0.0055757 0.0055757 5344.56)
1450          (-0.00318135 -0.00318135 7931.62) (-0.00463735 -0.00463735 6839.11) (-0.00472248 -0.00472248 6720.18) (-0.00495444 -0.00495444 6580.06) (-0.00483047 -0.00483047 6420.25) (-0.00431329 -0.00431329 6244.01) (-0.00337523 -0.00337523 6056.71) (-0.00200118 -0.00200118 5866.17) (-0.000231161 -0.000231161 5683.37) (0.00246528 0.00246528 5523.82) (0.00522609 0.00522609 5411.46)
1500          (0.000688459 0.000688459 7884.93) (-0.0026503 -0.0026503 6793.85) (-0.00192533 -0.00192533 6679.91) (-0.00237346 -0.00237346 6547.43) (-0.0025614 -0.0025614 6397.82) (-0.00254407 -0.00254407 6234.08) (-0.00229372 -0.00229372 6061.11) (-0.00177236 -0.00177236 5886.09) (-0.00104607 -0.00104607 5719.03) (0.000685879 0.000685879 5574.08) (0.00186923 0.00186923 5473.1)
1550          (-0.00101459 -0.00101459 7842.1) (-0.00195753 -0.00195753 6752.31) (-0.00155218 -0.00155218 6642.87) (-0.00156156 -0.00156156 6517.36) (-0.0014147 -0.0014147 6377.07) (-0.00113953 -0.00113953 6224.77) (-0.000721533 -0.000721533 6064.96) (-0.000146077 -0.000146077 5904.2) (0.000574363 0.000574363 5751.63) (0.00197524 0.00197524 5620.14) (0.00308821 0.00308821 5529.6)
1600          (0.00605289 0.00605289 7802.85) (0.00703689 0.00703689 6714.3) (0.0096366 0.0096366 6609.02) (0.0112391 0.0112391 6489.92) (0.0120461 0.0120461 6358.19) (0.012045 0.012045 6216.37) (0.0111549 0.0111549 6068.61) (0.00934323 0.00934323 5920.9) (0.00674415 0.00674415 5781.6) (0.00375619 0.00375619 5662.46) (-0.00137203 -0.00137203 5581.61)
1650          (0.00553001 0.00553001 7766.86) (0.00665374 0.00665374 6679.41) (0.00900485 0.00900485 6577.94) (0.0104117 0.0104117 6464.7) (0.0111533 0.0111533 6340.8) (0.0111345 0.0111345 6208.58) (0.010294 0.010294 6071.85) (0.00862136 0.00862136 5936.11) (0.00621709 0.00621709 5809) (0.00350365 0.00350365 5701.21) (-0.00120771 -0.00120771 5629.24)
1700          (0.00116697 0.00116697 7733.91) (-0.000823925 -0.000823925 6647.44) (-0.000618095 -0.000618095 6549.46) (-0.000833583 -0.000833583 6441.59) (-0.0010457 -0.0010457 6324.86) (-0.00116629 -0.00116629 6201.44) (-0.00118162 -0.00118162 6074.81) (-0.0010676 -0.0010676 5950.03) (-0.000773418 -0.000773418 5834.07) (2.65082e-05 2.65082e-05 5736.68) (0.00180974 0.00180974 5672.9)
1750          (0.00461774 0.00461774 7703.67) (0.00558203 0.00558203 6618.14) (0.00756716 0.00756716 6523.37) (0.00871764 0.00871764 6420.43) (0.00935316 0.00935316 6310.29) (0.00934126 0.00934126 6194.93) (0.00864024 0.00864024 6077.57) (0.00724648 0.00724648 5962.83) (0.00522021 0.00522021 5857.08) (0.00297074 0.00297074 5769.21) (-0.000957929 -0.000957929 5712.88)
1800          (0.00098154 0.00098154 7676) (-0.000710815 -0.000710815 6591.3) (-0.000538844 -0.000538844 6499.46) (-0.00069821 -0.00069821 6401.05) (-0.00087753 -0.00087753 6296.94) (-0.000979465 -0.000979465 6188.96) (-0.000990444 -0.000990444 6080.08) (-0.000895147 -0.000895147 5974.53) (-0.000648753 -0.000648753 5878.11) (1.64549e-05 1.64549e-05 5798.95) (0.00153349 0.00153349 5749.48)
1850          (0.0038472 0.0038472 7650.62) (0.00468262 0.00468262 6566.72) (0.00634523 0.00634523 6477.58) (0.00729605 0.00729605 6383.32) (0.007831 0.007831 6284.74) (0.00782241 0.00782241 6183.54) (0.00723216 0.00723216 6082.43) (0.00606209 0.00606209 5985.28) (0.0043628 0.0043628 5897.41) (0.00247828 0.00247828 5826.2) (-0.000798035 -0.000798035 5782.97)
1900          (0.000822944 0.000822944 7627.41) (-0.000617437 -0.000617437 6544.2) (-0.000465138 -0.000465138 6457.54) (-0.00058411 -0.00058411 6367.09) (-0.000734881 -0.000734881 6273.58) (-0.000820838 -0.000820838 6178.58) (-0.000828102 -0.000828102 6084.57) (-0.000748464 -0.000748464 5995.1) (-0.000545108 -0.000545108 5915.03) (6.51684e-06 6.51684e-06 5851.1) (0.00127964 0.00127964 5813.6)
1950          (0.00320064 0.00320064 7606.12) (0.00392266 0.00392266 6523.59) (0.00531048 0.00531048 6439.21) (0.0060979 0.0060979 6352.24) (0.00654873 0.00654873 6263.39) (0.00654219 0.00654219 6174.07) (0.00604542 0.00604542 6086.57) (0.00506407 0.00506407 6004.13) (0.00364063 0.00364063 5931.19) (0.00206265 0.00206265 5873.9) (-0.000670508 -0.000670508 5841.61)
2000          (0.000686427 0.000686427 7586.67) (-0.000536653 -0.000536653 6504.72) (-0.000400472 -0.000400472 6422.42) (-0.000489464 -0.000489464 6338.66) (-0.000616513 -0.000616513 6254.06) (-0.00068813 -0.00068813 6169.94) (-0.000692243 -0.000692243 6088.39) (-0.000625629 -0.000625629 6012.38) (-0.000457814 -0.000457814 5945.96) (-9.78458e-07 -9.78453e-07 5894.72) (0.00106337 0.00106337 5867.22)
2050          (0.00265987 0.00265987 7568.83) (0.00328033 0.00328033 6487.46) (0.00443754 0.00443754 6407.08) (0.00509053 0.00509053 6326.25) (0.00547037 0.00547037 6245.55) (0.00546506 0.00546506 6166.2) (0.00504743 0.00504743 6090.09) (0.00422534 0.00422534 6019.95) (0.00303423 0.00303423 5959.48) (0.0017142 0.0017142 5913.79) (-0.000564621 -0.000564621 5890.63)
2100          (0.000569491 0.000569491 7552.54) (-0.00046623 -0.00046623 6471.66) (-0.000345128 -0.000345128 6393.03) (-0.000411868 -0.000411868 6314.9) (-0.000518713 -0.000518713 6237.77) (-0.000577911 -0.000577911 6162.77) (-0.000579644 -0.000579644 6091.64) (-0.000523871 -0.000523871 6026.87) (-0.00038522 -0.00038522 5971.83) (-6.88247e-06 -6.88247e-06 5931.19) (0.000881764 0.000881764 5912.02)
2150          (0.00220825 0.00220825 7537.61) (0.00273827 0.00273827 6457.22) (0.00370293 0.00370293 6380.2) (0.00424503 0.00424503 6304.52) (0.0045647 0.0045647 6230.67) (0.00456032 0.00456032 6159.66) (0.00420974 0.00420974 6093.08) (0.00352182 0.00352182 6033.22) (0.00252605 0.00252605 5983.15) (0.00142275 0.00142275 5947.11) (-0.000476019 -0.000476019 5931.56)
2200          (0.000469896 0.000469896 7523.98) (-0.0004051 -0.0004051 6444) (-0.000298332 -0.000298332 6368.46) (-0.000348503 -0.000348503 6295.04) (-0.000438048 -0.000438048 6224.18) (-0.000486749 -0.000486749 6156.81) (-0.000486784 -0.000486784 6094.4) (-0.000440008 -0.000440008 6039.01) (-0.00032525 -0.00032525 5993.47) (-1.17373e-05 -1.17373e-05 5961.65) (0.000730071 0.000730071 5949.41)
2250          (0.00183136 0.00183136 7511.49) (0.0022817 0.0022817 6431.93) (0.00308587 0.00308587 6357.73) (0.00353629 0.00353629 6286.37) (0.00380502 0.00380502 6218.26) (0.00380148 0.00380148 6154.23) (0.00350766 0.00350766 6095.62) (0.00293257 0.00293257 6044.33) (0.00210078 0.00210078 6002.93) (0.00117934 0.00117934 5974.94) (-0.000401732 -0.000401732 5965.72)
2300          (0.000385475 0.000385475 7500.1) (-0.000352387 -0.000352387 6420.87) (-0.000259005 -0.000259005 6347.91) (-0.000296779 -0.000296779 6278.45) (-0.000371563 -0.000371563 6212.85) (-0.000411491 -0.000411491 6151.87) (-0.000410356 -0.000410356 6096.74) (-0.000371032 -0.000371032 6049.18) (-0.000275855 -0.000275855 6011.56) (-1.58251e-05 -1.58251e-05 5987.08) (0.000603684 0.000603684 5980.62)
2350          (0.00151698 0.00151698 7489.66) (0.00189783 0.00189783 6410.78) (0.0025683 0.0025683 6338.96) (0.00294284 0.00294284 6271.22) (0.00316855 0.00316855 6207.91) (0.00316578 0.00316578 6149.72) (0.00291991 0.00291991 6097.77) (0.00243959 0.00243959 6053.63) (0.00174528 0.00174528 6019.46) (0.000976247 0.000976247 5998.17) (-0.000339424 -0.000339424 5994.22)
2400          (-0.00228009 -0.00228009 7480.14) (0.00228791 0.00228791 6401.57) (0.00421395 0.00421395 6330.78) (0.00597407 0.00597407 6264.64) (0.00735428 0.00735428 6203.43) (0.00828983 0.00828983 6147.79) (0.00867786 0.00867786 6098.74) (0.00843229 0.00843229 6057.72) (0.00749949 0.00749949 6026.68) (0.00581539 0.00581539 6008.3) (0.00632217 0.00632217 6006.67)
2450          (-0.00064636 -0.00064636 7471.41) (-0.000127937 -0.000127936 6393.13) (0.000221388 0.000221388 6323.28) (0.00060719 0.00060719 6258.57) (0.00101783 0.00101783 6199.28) (0.00134484 0.00134484 6145.98) (0.00158667 0.00158667 6099.58) (0.00173399 0.00173399 6061.41) (0.00178438 0.00178438 6033.26) (0.00168679 0.00168679 6017.55) (0.00102533 0.00102533 6017.99)
2500          (0.00290738 0.00290738 7463.48) (0.00701713 0.00701713 6385.42) (0.00919967 0.00919967 6316.46) (0.0110843 0.0110843 6253.09) (0.0120806 0.0120806 6195.55) (0.0123337 0.0123337 6144.38) (0.0116831 0.0116831 6100.4) (0.0100755 0.0100755 6064.83) (0.00757822 0.00757822 6039.29) (0.00428818 0.00428818 6026.01) (0.00200126 0.00200126 6028.37)
2550          (-0.000809875 -0.000809875 7456.18) (-0.000186273 -0.000186273 6378.39) (-5.86551e-05 -5.86551e-05 6310.19) (0.000259141 0.000259141 6248.02) (0.000660016 0.000660016 6192.09) (0.000945202 0.000945202 6142.86) (0.0011773 0.0011773 6101.11) (0.0013449 0.0013449 6067.92) (0.00144984 0.00144984 6044.78) (0.00139171 0.00139171 6033.71) (0.000932171 0.000932171 6037.81)
2600          (0.00259915 0.00259915 7449.57) (0.00580117 0.00580117 6371.93) (0.00779412 0.00779412 6304.5) (0.00937288 0.00937288 6243.46) (0.0101333 0.0101333 6188.99) (0.0103484 0.0103484 6141.53) (0.00979481 0.00979481 6101.8) (0.00843235 0.00843235 6070.77) (0.00632114 0.00632114 6049.81) (0.00357328 0.00357328 6040.77) (0.00161957 0.00161957 6046.46)
2650          (-0.000770354 -0.000770354 7443.46) (-5.23702e-05 -5.23702e-05 6366.1) (-8.06488e-05 -8.06488e-05 6299.28) (0.000163985 0.000163985 6239.22) (0.000559979 0.000559979 6186.1) (0.000789401 0.000789401 6140.28) (0.000977114 0.000977114 6102.39) (0.00112153 0.00112153 6073.35) (0.00121022 0.00121022 6054.39) (0.00115913 0.00115913 6047.19) (0.000778048 0.000778048 6054.33)
2700          (0.00229055 0.00229055 7437.97) (0.00473784 0.00473784 6360.68) (0.00658573 0.00658573 6294.52) (0.00791515 0.00791515 6235.43) (0.0084763 0.0084763 6183.51) (0.0086639 0.0086639 6139.17) (0.00820106 0.00820106 6102.97) (0.00704636 0.00704636 6075.73) (0.00526838 0.00526838 6058.58) (0.00296497 0.00296497 6053.07) (0.00130644 0.00130644 6061.53)
2750          (0.000352673 0.000352673 7432.84) (0.00351006 0.00351006 6355.85) (0.00458668 0.00458668 6290.19) (0.00551609 0.00551609 6231.9) (0.00645303 0.00645303 6181.13) (0.00666779 0.00666779 6138.15) (0.00640041 0.00640041 6103.48) (0.00566431 0.00566431 6077.9) (0.00434403 0.00434403 6062.41) (0.00262637 0.00262637 6058.43) (0.00157454 0.00157454 6068.1)
2800          (0.000996328 0.000996328 7428.28) (0.000469525 0.000469525 6351.29) (0.00138771 0.00138771 6286.19) (0.00176848 0.00176848 6228.72) (0.00169092 0.00169092 6178.94) (0.00177093 0.00177093 6137.19) (0.00169637 0.00169637 6103.94) (0.00143707 0.00143707 6079.86) (0.00107376 0.00107376 6065.89) (0.000654604 0.000654604 6063.32) (-0.000144672 -0.000144672 6074.09)
2850          (-0.000683546 -0.000683546 7423.98) (-0.00193839 -0.00193839 6347.32) (-0.00462353 -0.00462353 6282.61) (-0.00641815 -0.00641815 6225.79) (-0.00729186 -0.00729186 6176.98) (-0.00813608 -0.00813608 6136.36) (-0.00843641 -0.00843641 6104.38) (-0.00803377 -0.00803377 6081.67) (-0.00697843 -0.00697843 6069.08) (-0.00525222 -0.00525222 6067.78) (-0.00140641 -0.00140641 6079.57)
2900          (0.000286259 0.000286259 7420.22) (0.000675299 0.000675299 6343.46) (0.00246682 0.00246682 6279.27) (0.00325651 0.00325651 6223.16) (0.00347097 0.00347097 6175.15) (0.00389912 0.00389912 6135.57) (0.00400875 0.00400875 6104.78) (0.00373982 0.00373982 6083.32) (0.00317886 0.00317886 6072) (0.00232772 0.00232772 6071.87) (0.00187599 0.00187599 6084.56)
2950          (5.17828e-05 5.17828e-05 7416.61) (0.00152691 0.00152691 6340.17) (0.000938734 0.000938734 6276.26) (0.00103702 0.00103702 6220.67) (0.00154401 0.00154401 6173.5) (0.00145117 0.00145117 6134.86) (0.00131867 0.00131867 6105.13) (0.00115255 0.00115255 6084.83) (0.000843578 0.000843578 6074.65) (0.000485682 0.000485682 6075.59) (-0.000180526 -0.000180526 6089.11)
3000          (0.00108804 0.00108804 7413.5) (-0.00366368 -0.00366368 6336.93) (-0.00366763 -0.00366763 6273.5) (-0.00456889 -0.00456889 6218.52) (-0.00603902 -0.00603902 6171.99) (-0.00651081 -0.00651081 6134.22) (-0.00663241 -0.00663241 6105.47) (-0.00635909 -0.00635909 6086.2) (-0.00548984 -0.00548984 6077.08) (-0.00407525 -0.00407525 6078.98) (-0.000945268 -0.000945268 6093.28)
3050          (-0.00149134 -0.00149134 7410.43) (-0.00152781 -0.00152781 6334.29) (-0.00558141 -0.00558141 6270.98) (-0.007705 -0.007705 6216.41) (-0.00843136 -0.00843136 6170.62) (-0.00959898 -0.00959898 6133.61) (-0.00989514 -0.00989514 6105.74) (-0.00937156 -0.00937156 6087.44) (-0.00811488 -0.00811488 6079.28) (-0.0060812 -0.0060812 6082.07) (-0.00120029 -0.00120029 6097.07)
3100          (-0.00248319 -0.00248319 7407.97) (-0.00913971 -0.00913971 6331.35) (-0.00656747 -0.00656747 6268.71) (-0.00744261 -0.00744261 6214.67) (-0.00931315 -0.00931315 6169.31) (-0.00843327 -0.00843327 6133.07) (-0.00768864 -0.00768864 6106.02) (-0.0063401 -0.0063401 6088.58) (-0.0041756 -0.0041756 6081.29) (-0.00150088 -0.00150088 6084.89) (0.0050969 0.0050969 6100.54)
3150          (-0.00188387 -0.00188387 7405.19) (0.00378318 0.00378318 6329.62) (-0.00520318 -0.00520318 6266.53) (-0.00621469 -0.00621469 6212.83) (-0.00577311 -0.00577311 6168.28) (-0.00813328 -0.00813328 6132.58) (-0.00826038 -0.00826038 6106.27) (-0.00790973 -0.00790973 6089.64) (-0.00713417 -0.00713417 6083.14) (-0.00561014 -0.00561014 6087.48) (-0.00190798 -0.00190798 6103.69)
3200          (0.00347555 0.00347555 7403.4) (-0.00834539 -0.00834539 6326.71) (-0.00233228 -0.00233228 6264.76) (-0.00332184 -0.00332184 6211.51) (-0.00646732 -0.00646732 6167.13) (-0.00572651 -0.00572651 6132.16) (-0.00582738 -0.00582738 6106.53) (-0.00552206 -0.00552206 6090.59) (-0.00443108 -0.00443108 6084.83) (-0.00294745 -0.00294745 6089.83) (0.000380903 0.000380903 6106.57)
3250          (0.00244388 0.00244388 7400.98) (0.00664319 0.00664319 6325.44) (0.0041961 0.0041961 6262.96) (0.00618074 0.00618074 6209.91) (0.00796193 0.00796193 6166.28) (0.00726207 0.00726207 6131.76) (0.00684815 0.00684815 6106.73) (0.00593497 0.00593497 6091.48) (0.00424241 0.00424241 6086.37) (0.00211839 0.00211839 6091.99) (-0.00323735 -0.00323735 6109.18)
3300          (0.000175149 0.000175149 7399.62) (-0.0115794 -0.0115794 6322.86) (-0.003961 -0.003961 6261.45) (-0.00460505 -0.00460505 6208.87) (-0.00735829 -0.00735829 6165.29) (-0.00552542 -0.00552542 6131.37) (-0.00490504 -0.00490504 6106.91) (-0.00388213 -0.00388213 6092.22) (-0.00213189 -0.00213189 6087.73) (-0.000157254 -0.000157254 6093.9) (0.00490577 0.00490577 6111.56)
3350          (-0.0037569 -0.0037569 7397.35) (0.00583203 0.00583203 6322.31) (-0.00604696 -0.00604696 6259.87) (-0.00673972 -0.00673972 6207.46) (-0.00556677 -0.00556677 6164.68) (-0.0083197 -0.0083197 6131.02) (-0.00824963 -0.00824963 6107.07) (-0.00775133 -0.00775133 6092.95) (-0.00689786 -0.00689786 6088.99) (-0.00526569 -0.00526569 6095.67) (-0.00153749 -0.00153749 6113.73)
3400          (0.00186267 0.00186267 7396.47) (-0.0128163 -0.0128163 6319.73) (-0.00262198 -0.00262198 6258.79) (-0.00417223 -0.00417223 6206.67) (-0.00720588 -0.00720588 6163.79) (-0.00504969 -0.00504969 6130.74) (-0.00491657 -0.00491657 6107.23) (-0.0040781 -0.0040781 6093.58) (-0.00253647 -0.00253647 6090.13) (-0.000782434 -0.000782434 6097.27) (0.00392809 0.00392809 6115.7)
3450          (-0.0018556 -0.0018556 7394.5) (0.00626096 0.00626096 6319.46) (-0.00476844 -0.00476844 6257.38) (-0.00486365 -0.00486365 6205.48) (-0.00427214 -0.00427214 6163.31) (-0.00682765 -0.00682765 6130.43) (-0.0066778 -0.0066778 6107.36) (-0.00632981 -0.00632981 6094.19) (-0.00565538 -0.00565538 6091.18) (-0.00440256 -0.00440256 6098.75) (-0.00191551 -0.00191551 6117.5)
3500          (0.00196468 0.00196468 7393.78) (-0.0108738 -0.0108738 6317.25) (-0.00176579 -0.00176579 6256.51) (-0.00328331 -0.00328331 6204.81) (-0.00572893 -0.00572893 6162.55) (-0.00394136 -0.00394136 6130.2) (-0.00395836 -0.00395836 6107.5) (-0.00333869 -0.00333869 6094.72) (-0.00218739 -0.00218739 6092.13) (-0.000846907 -0.000846907 6100.08) (0.00280838 0.00280838 6119.14)
3550          (-0.000901357 -0.000901357 7392.12) (0.00550754 0.00550754 6317.02) (-0.00385454 -0.00385454 6255.31) (-0.00392357 -0.00392357 6203.83) (-0.00358777 -0.00358777 6162.15) (-0.00565427 -0.00565428 6129.94) (-0.00542171 -0.00542171 6107.61) (-0.00501632 -0.00501632 6095.23) (-0.00434461 -0.00434461 6093.01) (-0.00328418 -0.00328418 6101.31) (-0.00142065 -0.00142065 6120.64)
3600          (0.00162195 0.00162195 7391.51) (-0.00905843 -0.00905843 6315.17) (-0.00135089 -0.00135089 6254.59) (-0.0026187 -0.0026187 6203.26) (-0.00459672 -0.00459672 6161.53) (-0.00314646 -0.00314646 6129.75) (-0.00320883 -0.00320883 6107.73) (-0.0027509 -0.0027509 6095.67) (-0.00186551 -0.00186551 6093.81) (-0.000807102 -0.000807102 6102.43) (0.00213181 0.00213181 6122.01)
3650          (-0.00041622 -0.00041622 7390.12) (0.00465881 0.00465881 6314.98) (-0.00332896 -0.00332896 6253.58) (-0.00347705 -0.00347705 6202.44) (-0.00325022 -0.00325022 6161.19) (-0.00490306 -0.00490306 6129.54) (-0.00458637 -0.00458637 6107.83) (-0.00409866 -0.00409866 6096.1) (-0.00340265 -0.00340265 6094.55) (-0.00244141 -0.00244141 6103.46) (-0.000866411 -0.000866411 6123.27)
3700          (0.00124675 0.00124675 7389.61) (-0.0076023 -0.0076023 6313.43) (-0.00109449 -0.00109449 6252.97) (-0.00213259 -0.00213259 6201.96) (-0.00376154 -0.00376154 6160.66) (-0.00257508 -0.00257508 6129.38) (-0.00266426 -0.00266426 6107.92) (-0.0023253 -0.0023253 6096.47) (-0.00162687 -0.00162687 6095.22) (-0.000767055 -0.000767055 6104.4) (0.00167054 0.00167054 6124.42)
3750          (-0.00472194 -0.00472194 7388.46) (-0.000683844 -0.000683844 6313.34) (-0.0121762 -0.0121762 6252.05) (-0.0138557 -0.0138557 6201.24) (-0.0144154 -0.0144154 6160.33) (-0.0160541 -0.0160541 6129.11) (-0.014346 -0.014346 6107.92) (-0.0118071 -0.0118071 6096.74) (-0.00814889 -0.00814889 6095.75) (-0.00375733 -0.00375733 6105.19) (0.00347831 0.00347831 6125.42)
3800          (0.0119414 0.0119414 7388.08) (0.00469526 0.00469526 6311.83) (0.0116055 0.0116055 6251.74) (0.00911131 0.00911131 6200.83) (0.008072 0.008072 6159.93) (0.00716181 0.00716181 6129.08) (0.00453763 0.00453763 6108.05) (0.00224221 0.00224221 6097.11) (-0.00100153 -0.00100153 6096.36) (-0.00441186 -0.00441186 6106) (-0.00819059 -0.00819059 6126.37)
3850          (-0.00756982 -0.00756982 7387.11) (-0.00845169 -0.00845169 6311.99) (-0.016864 -0.016864 6250.82) (-0.016109 -0.016109 6200.39) (-0.0155591 -0.0155591 6159.7) (-0.0148284 -0.0148284 6128.88) (-0.0115677 -0.0115677 6108.13) (-0.00782011 -0.00782011 6097.38) (-0.0026262 -0.0026262 6096.84) (0.00330313 0.00330313 6106.7) (0.0045594 0.0045594 6127.24)
3900          (-0.00429031 -0.00429031 7386.63) (0.00656882 0.00656882 6311.46) (-0.00194505 -0.00194505 6250.43) (0.00164069 0.00164069 6200.09) (0.00234116 0.00234116 6159.47) (0.000762134 0.000762134 6128.79) (0.00137686 0.00137686 6108.18) (0.00059316 0.00059316 6097.58) (0.000141381 0.000141381 6097.2) (-0.000384288 -0.000384288 6107.2) (0.000664297 0.000664297 6127.86)
3950          (0.00148354 0.00148354 7386.08) (-0.00144053 -0.00144053 6310.49) (-9.78568e-05 -9.78568e-05 6250.09) (-0.00237328 -0.00237328 6199.58) (-0.00200494 -0.00200494 6159.18) (-0.00245645 -0.00245645 6128.72) (-0.002788 -0.002788 6108.25) (-0.00244849 -0.00244849 6097.9) (-0.00223717 -0.00223717 6097.71) (-0.00173335 -0.00173335 6107.9) (-0.000544222 -0.000544222 6128.72)
4000          (-0.00743153 -0.00743153 7385.67) (-0.00901659 -0.00901659 6310.09) (-0.00822784 -0.00822784 6249.69) (-0.0096322 -0.0096322 6199.26) (-0.00846551 -0.00846551 6158.94) (-0.00785751 -0.00785751 6128.58) (-0.00668876 -0.00668876 6108.24) (-0.00482377 -0.00482377 6098.01) (-0.00275735 -0.00275735 6097.96) (1.62563e-05 1.62563e-05 6108.27) (0.00654065 0.00654065 6129.21)
4050          (-0.00332567 -0.00332567 7385.09) (-0.00380646 -0.00380646 6309.59) (-0.00483034 -0.00483034 6249.17) (-0.00407942 -0.00407942 6198.96) (-0.00469881 -0.00469881 6158.7) (-0.00381409 -0.00381409 6128.52) (-0.00307664 -0.00307664 6108.36) (-0.00216473 -0.00216473 6098.29) (-0.000710468 -0.000710468 6098.42) (0.000577137 0.000577137 6108.89) (0.00298936 0.00298936 6129.92)
4100          (-0.00294289 -0.00294289 7384.75) (-0.00403739 -0.00403739 6309.25) (-0.00515605 -0.00515605 6248.88) (-0.00450504 -0.00450504 6198.72) (-0.0052091 -0.0052091 6158.54) (-0.00426144 -0.00426144 6128.46) (-0.00363361 -0.00363361 6108.4) (-0.00267787 -0.00267787 6098.44) (-0.00114052 -0.00114052 6098.68) (0.000173803 0.000173803 6109.25) (0.00153821 0.00153821 6130.36)
4150          (-0.00385041 -0.00385041 7384.43) (-0.00506287 -0.00506287 6308.94) (-0.00638834 -0.00638834 6248.61) (-0.00579379 -0.00579379 6198.5) (-0.00641994 -0.00641994 6158.39) (-0.00518645 -0.00518645 6128.4) (-0.00433343 -0.00433343 6108.44) (-0.00296535 -0.00296535 6098.58) (-0.00102894 -0.00102894 6098.92) (0.000656696 0.000656696 6109.58) (0.00212963 0.00212963 6130.76)
4200          (-0.00294992 -0.00294992 7384.12) (-0.00450178 -0.00450178 6308.63) (-0.00597216 -0.00597216 6248.33) (-0.00561084 -0.00561084 6198.27) (-0.0062661 -0.0062661 6158.23) (-0.00511807 -0.00511807 6128.33) (-0.00452273 -0.00452273 6108.47) (-0.00331176 -0.00331176 6098.72) (-0.0016924 -0.0016924 6099.18) (-0.000309203 -0.000309203 6109.93) (0.000201142 0.000201142 6131.2)
4250          (-0.00362989 -0.00362989 7383.83) (-0.00505341 -0.00505341 6308.34) (-0.00670678 -0.00670678 6248.07) (-0.00646982 -0.00646982 6198.05) (-0.00702913 -0.00702913 6158.08) (-0.00573755 -0.00573755 6128.26) (-0.00498161 -0.00498161 6108.49) (-0.00343556 -0.00343556 6098.84) (-0.00157531 -0.00157531 6099.4) (0.000114642 0.000114642 6110.26) (0.00081211 0.00081211 6131.6)
4300          (-0.00270767 -0.00270767 7383.55) (-0.00418584 -0.00418584 6308.07) (-0.00590472 -0.00590472 6247.84) (-0.00583869 -0.00583869 6197.85) (-0.00654031 -0.00654031 6157.95) (-0.0055314 -0.0055314 6128.2) (-0.00516078 -0.00516078 6108.51) (-0.00396405 -0.00396405 6098.96) (-0.00259026 -0.00259026 6099.62) (-0.00116619 -0.00116619 6110.56) (-0.000734583 -0.000734583 6131.97)
4350          (-0.00351979 -0.00351979 7383.28) (-0.00485812 -0.00485812 6307.8) (-0.0066992 -0.0066992 6247.58) (-0.00685162 -0.00685162 6197.63) (-0.00745194 -0.00745194 6157.78) (-0.00639619 -0.00639619 6128.1) (-0.00575417 -0.00575417 6108.51) (-0.00406676 -0.00406676 6099.07) (-0.00227189 -0.00227189 6099.84) (-0.000205811 -0.000205811 6110.91) (0.000629748 0.000629748 6132.41)
4400          (-0.0177004 -0.0177004 7383.15) (-0.0222023 -0.0222023 6307.65) (-0.0300631 -0.0300631 6247.47) (-0.0328758 -0.0328758 6197.47) (-0.0336966 -0.0336966 6157.69) (-0.0325943 -0.0325943 6128) (-0.0282866 -0.0282866 6108.47) (-0.0218685 -0.0218685 6099.08) (-0.0125456 -0.0125456 6099.91) (-0.00321406 -0.00321406 6111.04) (0.00986903 0.00986903 6132.65)
4450          (0.00337188 0.00337188 7383) (0.00226858 0.00226858 6307.55) (0.000972454 0.000972454 6247.36) (0.000393426 0.000393426 6197.41) (-0.00120175 -0.00120175 6157.62) (-0.00216756 -0.00216756 6127.99) (-0.00359273 -0.00359273 6108.48) (-0.00465092 -0.00465092 6099.13) (-0.00518618 -0.00518618 6100.01) (-0.00484159 -0.00484159 6111.19) (-0.0014794 -0.0014794 6132.84)
4500          (0.000854703 0.000854703 7382.88) (-0.000108855 -0.000108855 6307.4) (-0.000187976 -0.000187976 6247.23) (-0.000342713 -0.000342713 6197.29) (-0.000146644 -0.000146644 6157.56) (1.21909e-05 1.21908e-05 6127.96) (0.000257504 0.000257504 6108.52) (0.000480559 0.000480559 6099.24) (0.00048638 0.00048638 6100.17) (0.000923342 0.000923342 6111.41) (0.000701864 0.000701864 6133.04)
4550          (0.000854703 0.000854703 7382.88) (-0.000108855 -0.000108855 6307.4) (-0.000187976 -0.000187976 6247.23) (-0.000342713 -0.000342713 6197.29) (-0.000146644 -0.000146644 6157.56) (1.21909e-05 1.21908e-05 6127.96) (0.000257504 0.000257504 6108.52) (0.000480559 0.000480559 6099.24) (0.00048638 0.00048638 6100.17) (0.000923342 0.000923342 6111.41) (0.000701864 0.000701864 6133.04)
4600          (0.000854703 0.000854703 7382.88) (-0.000108855 -0.000108855 6307.4) (-0.000187976 -0.000187976 6247.23) (-0.000342713 -0.000342713 6197.29) (-0.000146644 -0.000146644 6157.56) (1.21909e-05 1.21908e-05 6127.96) (0.000257504 0.000257504 6108.52) (0.000480559 0.000480559 6099.24) (0.00048638 0.00048638 6100.17) (0.000923342 0.000923342 6111.41) (0.000701864 0.000701864 6133.04)
4650          (0.000854703 0.000854703 7382.88) (-0.000108855 -0.000108855 6307.4) (-0.000187976 -0.000187976 6247.23) (-0.000342713 -0.000342713 6197.29) (-0.000146644 -0.000146644 6157.56) (1.21909e-05 1.21908e-05 6127.96) (0.000257504 0.000257504 6108.52) (0.000480559 0.000480559 6099.24) (0.00048638 0.00048638 6100.17) (0.000923342 0.000923342 6111.41) (0.000701864 0.000701864 6133.04)
4700          (0.000854703 0.000854703 7382.88) (-0.000108855 -0.000108855 6307.4) (-0.000187976 -0.000187976 6247.23) (-0.000342713 -0.000342713 6197.29) (-0.000146644 -0.000146644 6157.56) (1.21909e-05 1.21908e-05 6127.96) (0.000257504 0.000257504 6108.52) (0.000480559 0.000480559 6099.24) (0.00048638 0.00048638 6100.17) (0.000923342 0.000923342 6111.41) (0.000701864 0.000701864 6133.04)
4750          (0.000854703 0.000854703 7382.88) (-0.000108855 -0.000108855 6307.4) (-0.000187976 -0.000187976 6247.23) (-0.000342713 -0.000342713 6197.29) (-0.000146644 -0.000146644 6157.56) (1.21909e-05 1.21908e-05 6127.96) (0.000257504 0.000257504 6108.52) (0.000480559 0.000480559 6099.24) (0.00048638 0.00048638 6100.17) (0.000923342 0.000923342 6111.41) (0.000701864 0.000701864 6133.04)
4800          (0.000854703 0.000854703 7382.88) (-0.000108855 -0.000108855 6307.4) (-0.000187976 -0.000187976 6247.23) (-0.000342713 -0.000342713 6197.29) (-0.000146644 -0.000146644 6157.56) (1.21909e-05 1.21908e-05 6127.96) (0.000257504 0.000257504 6108.52) (0.000480559 0.000480559 6099.24) (0.00048638 0.00048638 6100.17) (0.000923342 0.000923342 6111.41) (0.000701864 0.000701864 6133.04)
4850          (0.000854703 0.000854703 7382.88) (-0.000108855 -0.000108855 6307.4) (-0.000187976 -0.000187976 6247.23) (-0.000342713 -0.000342713 6197.29) (-0.000146644 -0.000146644 6157.56) (1.21909e-05 1.21908e-05 6127.96) (0.000257504 0.000257504 6108.52) (0.000480559 0.000480559 6099.24) (0.00048638 0.00048638 6100.17) (0.000923342 0.000923342 6111.41) (0.000701864 0.000701864 6133.04)
4900          (0.000854703 0.000854703 7382.88) (-0.000108855 -0.000108855 6307.4) (-0.000187976 -0.000187976 6247.23) (-0.000342713 -0.000342713 6197.29) (-0.000146644 -0.000146644 6157.56) (1.21909e-05 1.21908e-05 6127.96) (0.000257504 0.000257504 6108.52) (0.000480559 0.000480559 6099.24) (0.00048638 0.00048638 6100.17) (0.000923342 0.000923342 6111.41) (0.000701864 0.000701864 6133.04)
4950          (0.000854703 0.000854703 7382.88) (-0.000108855 -0.000108855 6307.4) (-0.000187976 -0.000187976 6247.23) (-0.000342713 -0.000342713 6197.29) (-0.000146644 -0.000146644 6157.56) (1.21909e-05 1.21908e-05 6127.96) (0.000257504 0.000257504 6108.52) (0.000480559 0.000480559 6099.24) (0.00048638 0.00048638 6100.17) (0.000923342 0.000923342 6111.41) (0.000701864 0.000701864 6133.04)
5000          (0.000854703 0.000854703 7382.88) (-0.000108855 -0.000108855 6307.4) (-0.000187976 -0.000187976 6247.23) (-0.000342713 -0.000342713 6197.29) (-0.000146644 -0.000146644 6157.56) (1.21909e-05 1.21908e-05 6127.96) (0.000257504 0.000257504 6108.52) (0.000480559 0.000480559 6099.24) (0.00048638 0.00048638 6100.17) (0.000923342 0.000923342 6111.41) (0.000701864 0.000701864 6133.04)
