# Probe 0 (0.0015 0.0015 0)
# Probe 1 (0.0015 0.0015 0.002)
# Probe 2 (0.0015 0.0015 0.004)
# Probe 3 (0.0015 0.0015 0.006)
# Probe 4 (0.0015 0.0015 0.008)
# Probe 5 (0.0015 0.0015 0.01)
# Probe 6 (0.0015 0.0015 0.012)
# Probe 7 (0.0015 0.0015 0.014)
# Probe 8 (0.0015 0.0015 0.016)
# Probe 9 (0.0015 0.0015 0.018)
# Probe 10 (0.0015 0.0015 0.02)
# Time        0             1             2             3             4             5             6             7             8             9             10           
50            (-39.2553 -39.2553 -2.43327e+07) (-79.1313 -79.1313 -1.77485e+07) (-18.5848 -18.5848 -1.40808e+07) (27.1189 27.1189 -9.67386e+06) (27.4567 27.4567 -5.94556e+06) (36.8305 36.8305 -3.57403e+06) (31.3784 31.3784 -2.56528e+06) (19.1099 19.1099 -2.71809e+06) (18.6407 18.6407 -3.86342e+06) (2.16374 2.16374 -5.85429e+06) (-7.92007 -7.92007 -8.40086e+06)
100           (126.659 126.659 -1.83525e+07) (82.1936 82.1936 -1.29413e+07) (49.2301 49.2301 -1.20535e+07) (4.04946 4.04946 -1.05858e+07) (-34.3213 -34.3213 -8.78806e+06) (-61.2385 -61.2385 -7.05659e+06) (-68.4807 -68.4807 -5.7765e+06) (-58.6673 -58.6673 -5.16716e+06) (-33.316 -33.316 -5.24444e+06) (2.09232 2.09232 -5.86783e+06) (5.9557 5.9557 -6.76162e+06)
150           (-9.22122 -9.22122 -1.59638e+07) (-31.9862 -31.9862 -1.07444e+07) (-68.1758 -68.1758 -1.05043e+07) (-5.36735 -5.36735 -9.9724e+06) (-7.32444 -7.32445 -9.20154e+06) (21.9772 21.9772 -8.30031e+06) (20.5621 20.5621 -7.42489e+06) (23.0754 23.0754 -6.74143e+06) (5.05865 5.05865 -6.3665e+06) (5.97221 5.97221 -6.32596e+06) (-16.7681 -16.7681 -6.54077e+06)
200           (15.2692 15.2692 -1.47318e+07) (-12.1099 -12.1099 -9.56563e+06) (-10.8031 -10.8031 -9.56167e+06) (-8.09516 -8.09516 -9.3888e+06) (-4.9536 -4.9536 -9.06061e+06) (-1.25775 -1.25775 -8.61074e+06) (2.44853 2.44853 -8.09495e+06) (5.17968 5.17968 -7.58936e+06) (5.9586 5.9586 -7.17574e+06) (9.42066 9.42066 -6.92193e+06) (-1.05307 -1.05307 -6.86408e+06)
250           (22.7364 22.7364 -1.39998e+07) (-5.32613 -5.32613 -8.84915e+06) (-3.59066 -3.59066 -8.95106e+06) (-2.08043 -2.08043 -8.94424e+06) (-0.631056 -0.631056 -8.83153e+06) (0.616711 0.616711 -8.62445e+06) (1.49579 1.49579 -8.34465e+06) (1.97492 1.97492 -8.02676e+06) (2.3795 2.3795 -7.71649e+06) (3.80938 3.80938 -7.46979e+06) (2.44494 2.44494 -7.35324e+06)
300           (35.2442 35.2442 -1.3522e+07) (3.06668 3.06668 -8.37498e+06) (5.22999 5.22999 -8.53205e+06) (7.01371 7.01371 -8.61411e+06) (8.29927 8.29927 -8.62097e+06) (8.90493 8.90493 -8.55693e+06) (8.72932 8.72932 -8.43162e+06) (7.80377 7.80377 -8.26301e+06) (5.96047 5.96047 -8.07766e+06) (3.98314 3.98314 -7.91473e+06) (-9.69649 -9.69649 -7.83546e+06)
350           (37.5144 37.5144 -1.3191e+07) (-1.66399 -1.66399 -8.04419e+06) (8.53089 8.53089 -8.23335e+06) (1.83915 1.83915 -8.36962e+06) (5.60183 5.60183 -8.45061e+06) (7.1676 7.1676 -8.47894e+06) (1.20061 1.20061 -8.45987e+06) (10.1195 10.1195 -8.40303e+06) (-1.05841 -1.05841 -8.32713e+06) (7.90783 7.90783 -8.25716e+06) (-12.2824 -12.2824 -8.24277e+06)
400           (24.8673 24.8673 -1.29544e+07) (-7.77567 -7.77567 -7.80628e+06) (-0.677676 -0.677676 -8.01688e+06) (-4.70249 -4.70249 -8.1887e+06) (-0.558995 -0.558995 -8.31981e+06) (0.197873 0.197873 -8.41185e+06) (-0.298146 -0.298146 -8.46773e+06) (2.9416 2.9416 -8.49445e+06) (0.900228 0.900228 -8.50392e+06) (3.16166 3.16166 -8.51472e+06) (-2.29317 -2.29317 -8.56237e+06)
450           (25.1148 25.1148 -1.27823e+07) (-12.1535 -12.1535 -7.63337e+06) (0.488481 0.488482 -7.85858e+06) (-6.08547 -6.08547 -8.0556e+06) (1.25713 1.25713 -8.22199e+06) (2.8166 2.8166 -8.35943e+06) (2.86953 2.86953 -8.46969e+06) (8.17565 8.17565 -8.55762e+06) (6.31648 6.31648 -8.63195e+06) (9.5241 9.5241 -8.70557e+06) (0.313642 0.313642 -8.8044e+06)
500           (40.3041 40.3041 -1.26566e+07) (-8.00482 -8.00482 -7.50729e+06) (13.2237 13.2237 -7.74257e+06) (-4.75823 -4.75823 -7.95812e+06) (4.59158 4.59158 -8.14981e+06) (2.71614 2.71614 -8.32013e+06) (-2.90454 -2.90454 -8.47012e+06) (3.75629 3.75629 -8.6027e+06) (-4.70422 -4.70422 -8.72521e+06) (0.135253 0.135253 -8.84579e+06) (-12.9277 -12.9277 -8.98395e+06)
550           (19.3439 19.3439 -1.25649e+07) (-19.4984 -19.4984 -7.41491e+06) (5.39465 5.39465 -7.65803e+06) (-2.84283 -2.84283 -7.88651e+06) (6.75432 6.75432 -8.09713e+06) (16.3323 16.3323 -8.29106e+06) (11.729 11.729 -8.47011e+06) (23.3379 23.3379 -8.63545e+06) (19.6771 19.6771 -8.79294e+06) (21.953 21.953 -8.94846e+06) (12.0593 12.0593 -9.11563e+06)
600           (36.3695 36.3695 -1.24982e+07) (2.34794 2.34794 -7.3471e+06) (7.0363 7.0363 -7.59683e+06) (4.65632 4.65632 -7.83421e+06) (2.87283 2.87283 -8.05872e+06) (5.07064 5.07064 -8.27024e+06) (0.872917 0.872917 -8.46991e+06) (0.780494 0.780494 -8.65954e+06) (-2.4646 -2.4646 -8.8423e+06) (-6.07074 -6.07074 -9.02325e+06) (-12.4496 -12.4496 -9.21163e+06)
650           (51.5181 51.5181 -1.24495e+07) (26.3343 26.3343 -7.29806e+06) (44.5243 44.5243 -7.55192e+06) (42.5837 42.5837 -7.79631e+06) (31.5529 31.5529 -8.03083e+06) (20.9446 20.9446 -8.25501e+06) (5.95973 5.95973 -8.46993e+06) (-6.49105 -6.49105 -8.67714e+06) (-8.89719 -8.89719 -8.87811e+06) (-24.5426 -24.5426 -9.07775e+06) (-33.207 -33.207 -9.28154e+06)
700           (21.6749 21.6749 -1.24141e+07) (-11.2394 -11.2394 -7.26226e+06) (-13.4412 -13.4412 -7.51937e+06) (-9.4967 -9.4967 -7.76881e+06) (-12.2515 -12.2515 -8.01048e+06) (-6.67066 -6.67066 -8.24405e+06) (-4.14035 -4.14034 -8.47003e+06) (-3.28186 -3.28186 -8.68972e+06) (7.90962 7.90962 -8.90438e+06) (4.80225 4.80224 -9.11708e+06) (3.48887 3.48887 -9.33222e+06)
750           (30.9797 30.9797 -1.23884e+07) (-5.3918 -5.3918 -7.23639e+06) (-8.93698 -8.93698 -7.49567e+06) (-5.64141 -5.64142 -7.74897e+06) (-3.02605 -3.02605 -7.99581e+06) (-0.654306 -0.654303 -8.23611e+06) (-4.22352 -4.22353 -8.47027e+06) (0.674756 0.674767 -8.69887e+06) (8.30452 8.30451 -8.92348e+06) (3.64849 3.6485 -9.14568e+06) (-8.0576 -8.05761 -9.36891e+06)
800           (30.4356 30.4356 -1.23702e+07) (-8.09303 -8.09304 -7.21804e+06) (-12.8733 -12.8733 -7.47896e+06) (-8.85844 -8.85845 -7.73483e+06) (-11.9021 -11.9021 -7.98532e+06) (-8.6798 -8.6798 -8.2305e+06) (-3.82975 -3.82975 -8.4702e+06) (-5.1515 -5.1515 -8.70539e+06) (4.38918 4.38916 -8.93683e+06) (1.855 1.855 -9.16589e+06) (-9.85536 -9.85538 -9.39499e+06)
850           (-15.3153 -15.3153 -1.23572e+07) (9.15944 9.15944 -7.20445e+06) (22.195 22.195 -7.46713e+06) (-9.85071 -9.85069 -7.72428e+06) (7.74722 7.7472 -7.97767e+06) (7.52807 7.52807 -8.22631e+06) (-6.69018 -6.69019 -8.46998e+06) (24.0547 24.0546 -8.71003e+06) (-31.8801 -31.8801 -8.94656e+06) (-5.24593 -5.24595 -9.18057e+06) (53.031 53.031 -9.41425e+06)
900           (18.7543 18.7543 -1.2348e+07) (-14.5116 -14.5116 -7.1953e+06) (13.5682 13.5682 -7.4588e+06) (11.0408 11.0408 -7.71707e+06) (10.3448 10.3448 -7.97265e+06) (13.0246 13.0246 -8.22328e+06) (-6.60239 -6.60239 -8.47013e+06) (10.0875 10.0875 -8.71323e+06) (-18.7367 -18.7367 -8.95321e+06) (21.7149 21.7149 -9.19079e+06) (3.0243 3.0243 -9.42727e+06)
950           (3.89132 3.89132 -1.23414e+07) (-11.3717 -11.3717 -7.18837e+06) (-24.1986 -24.1986 -7.45276e+06) (-2.51723 -2.51724 -7.71161e+06) (-21.7459 -21.7459 -7.9691e+06) (6.30718 6.30718 -8.22076e+06) (-13.3807 -13.3807 -8.47055e+06) (16.6897 16.6897 -8.71516e+06) (1.12968 1.12967 -8.95856e+06) (26.3598 26.3598 -9.1981e+06) (23.8188 23.8188 -9.43692e+06)
1000          (-27.3783 -27.3783 -1.23364e+07) (-49.991 -49.991 -7.1838e+06) (-62.0795 -62.0795 -7.44789e+06) (-49.6654 -49.6653 -7.70828e+06) (-43.7293 -43.7293 -7.96587e+06) (-29.0391 -29.0391 -8.21967e+06) (-12.88 -12.88 -8.47019e+06) (11.0424 11.0424 -8.71716e+06) (32.3854 32.3855 -8.96213e+06) (56.0593 56.0592 -9.20359e+06) (57.4065 57.4065 -9.4441e+06)
1050          (22.7417 22.7417 -1.23329e+07) (-11.589 -11.589 -7.18068e+06) (-0.928071 -0.928071 -7.44457e+06) (-6.60087 -6.60087 -7.70595e+06) (4.44749 4.44749 -7.96368e+06) (-2.22565 -2.22565 -8.21893e+06) (15.7205 15.7205 -8.46968e+06) (-5.81845 -5.81845 -8.71908e+06) (26.0856 26.0856 -8.96367e+06) (-0.957821 -0.957765 -9.20799e+06) (8.83089 8.83089 -9.44859e+06)
1100          (38.5213 38.5213 -1.23306e+07) (12.344 12.344 -7.17802e+06) (17.2908 17.2909 -7.44251e+06) (13.288 13.288 -7.7038e+06) (15.1891 15.1891 -7.96255e+06) (10.2357 10.2357 -8.21782e+06) (10.6432 10.6432 -8.47019e+06) (4.13784 4.13786 -8.71937e+06) (0.319047 0.318916 -8.96621e+06) (-1.36613 -1.36657 -9.21023e+06) (-9.10004 -9.09958 -9.45246e+06)
1150          (-13.6342 -13.6342 -1.23291e+07) (-54.5467 -54.5467 -7.17664e+06) (-101.958 -101.958 -7.44096e+06) (-65.264 -65.2641 -7.70283e+06) (-78.301 -78.3011 -7.96133e+06) (-37.1703 -37.1704 -8.21755e+06) (-57.8466 -57.8467 -8.46983e+06) (-12.4865 -12.4869 -8.72e+06) (2.63922 2.64038 -8.9671e+06) (-3.54687 -3.54483 -9.21219e+06) (15.7212 15.719 -9.45456e+06)
1200          (31.0596 31.0596 -1.23282e+07) (-0.072795 -0.072808 -7.17569e+06) (15.3562 15.3562 -7.44012e+06) (-3.73144 -3.73145 -7.70208e+06) (14.5229 14.5229 -7.96079e+06) (-7.03725 -7.03723 -8.21721e+06) (13.9494 13.9494 -8.4698e+06) (-3.91265 -3.91245 -8.72027e+06) (1.04267 1.04252 -8.96766e+06) (-0.807323 -0.807803 -9.21318e+06) (4.74996 4.75101 -9.45583e+06)
1250          (16.4009 16.4009 -1.23275e+07) (-10.3713 -10.3713 -7.17493e+06) (-17.0375 -17.0375 -7.43964e+06) (0.447228 0.447232 -7.70126e+06) (-11.2435 -11.2435 -7.96065e+06) (9.15396 9.15396 -8.21668e+06) (-1.36344 -1.36342 -8.46989e+06) (7.14773 7.14759 -8.72045e+06) (10.0701 10.0703 -8.96831e+06) (11.8929 11.8933 -9.21382e+06) (-0.197809 -0.198341 -9.4575e+06)
1300          (40.91 40.91 -1.23274e+07) (10.3631 10.3631 -7.17482e+06) (10.8523 10.8523 -7.43942e+06) (5.10508 5.10508 -7.70127e+06) (2.76052 2.76053 -7.96039e+06) (-3.44469 -3.44469 -8.21671e+06) (-3.96255 -3.96256 -8.46984e+06) (-7.73516 -7.73508 -8.72038e+06) (-11.2274 -11.2276 -8.96843e+06) (-10.925 -10.925 -9.21402e+06) (-16.043 -16.0428 -9.45737e+06)
1350          (40.91 40.91 -1.23274e+07) (10.3631 10.3631 -7.17482e+06) (10.8523 10.8523 -7.43942e+06) (5.10508 5.10508 -7.70127e+06) (2.76052 2.76053 -7.96039e+06) (-3.44469 -3.44469 -8.21671e+06) (-3.96255 -3.96256 -8.46984e+06) (-7.73516 -7.73508 -8.72038e+06) (-11.2274 -11.2276 -8.96843e+06) (-10.925 -10.925 -9.21402e+06) (-16.043 -16.0428 -9.45737e+06)
1400          (40.91 40.91 -1.23274e+07) (10.3631 10.3631 -7.17482e+06) (10.8523 10.8523 -7.43942e+06) (5.10508 5.10508 -7.70127e+06) (2.76052 2.76053 -7.96039e+06) (-3.44469 -3.44469 -8.21671e+06) (-3.96255 -3.96256 -8.46984e+06) (-7.73516 -7.73508 -8.72038e+06) (-11.2274 -11.2276 -8.96843e+06) (-10.925 -10.925 -9.21402e+06) (-16.043 -16.0428 -9.45737e+06)
1450          (40.91 40.91 -1.23274e+07) (10.3631 10.3631 -7.17482e+06) (10.8523 10.8523 -7.43942e+06) (5.10508 5.10508 -7.70127e+06) (2.76052 2.76053 -7.96039e+06) (-3.44469 -3.44469 -8.21671e+06) (-3.96255 -3.96256 -8.46984e+06) (-7.73516 -7.73508 -8.72038e+06) (-11.2274 -11.2276 -8.96843e+06) (-10.925 -10.925 -9.21402e+06) (-16.043 -16.0428 -9.45737e+06)
1500          (40.91 40.91 -1.23274e+07) (10.3631 10.3631 -7.17482e+06) (10.8523 10.8523 -7.43942e+06) (5.10508 5.10508 -7.70127e+06) (2.76052 2.76053 -7.96039e+06) (-3.44469 -3.44469 -8.21671e+06) (-3.96255 -3.96256 -8.46984e+06) (-7.73516 -7.73508 -8.72038e+06) (-11.2274 -11.2276 -8.96843e+06) (-10.925 -10.925 -9.21402e+06) (-16.043 -16.0428 -9.45737e+06)
1550          (40.91 40.91 -1.23274e+07) (10.3631 10.3631 -7.17482e+06) (10.8523 10.8523 -7.43942e+06) (5.10508 5.10508 -7.70127e+06) (2.76052 2.76053 -7.96039e+06) (-3.44469 -3.44469 -8.21671e+06) (-3.96255 -3.96256 -8.46984e+06) (-7.73516 -7.73508 -8.72038e+06) (-11.2274 -11.2276 -8.96843e+06) (-10.925 -10.925 -9.21402e+06) (-16.043 -16.0428 -9.45737e+06)
1600          (40.91 40.91 -1.23274e+07) (10.3631 10.3631 -7.17482e+06) (10.8523 10.8523 -7.43942e+06) (5.10508 5.10508 -7.70127e+06) (2.76052 2.76053 -7.96039e+06) (-3.44469 -3.44469 -8.21671e+06) (-3.96255 -3.96256 -8.46984e+06) (-7.73516 -7.73508 -8.72038e+06) (-11.2274 -11.2276 -8.96843e+06) (-10.925 -10.925 -9.21402e+06) (-16.043 -16.0428 -9.45737e+06)
1650          (40.91 40.91 -1.23274e+07) (10.3631 10.3631 -7.17482e+06) (10.8523 10.8523 -7.43942e+06) (5.10508 5.10508 -7.70127e+06) (2.76052 2.76053 -7.96039e+06) (-3.44469 -3.44469 -8.21671e+06) (-3.96255 -3.96256 -8.46984e+06) (-7.73516 -7.73508 -8.72038e+06) (-11.2274 -11.2276 -8.96843e+06) (-10.925 -10.925 -9.21402e+06) (-16.043 -16.0428 -9.45737e+06)
1700          (40.91 40.91 -1.23274e+07) (10.3631 10.3631 -7.17482e+06) (10.8523 10.8523 -7.43942e+06) (5.10508 5.10508 -7.70127e+06) (2.76052 2.76053 -7.96039e+06) (-3.44469 -3.44469 -8.21671e+06) (-3.96255 -3.96256 -8.46984e+06) (-7.73516 -7.73508 -8.72038e+06) (-11.2274 -11.2276 -8.96843e+06) (-10.925 -10.925 -9.21402e+06) (-16.043 -16.0428 -9.45737e+06)
1750          (40.91 40.91 -1.23274e+07) (10.3631 10.3631 -7.17482e+06) (10.8523 10.8523 -7.43942e+06) (5.10508 5.10508 -7.70127e+06) (2.76052 2.76053 -7.96039e+06) (-3.44469 -3.44469 -8.21671e+06) (-3.96255 -3.96256 -8.46984e+06) (-7.73516 -7.73508 -8.72038e+06) (-11.2274 -11.2276 -8.96843e+06) (-10.925 -10.925 -9.21402e+06) (-16.043 -16.0428 -9.45737e+06)
1800          (40.91 40.91 -1.23274e+07) (10.3631 10.3631 -7.17482e+06) (10.8523 10.8523 -7.43942e+06) (5.10508 5.10508 -7.70127e+06) (2.76052 2.76053 -7.96039e+06) (-3.44469 -3.44469 -8.21671e+06) (-3.96255 -3.96256 -8.46984e+06) (-7.73516 -7.73508 -8.72038e+06) (-11.2274 -11.2276 -8.96843e+06) (-10.925 -10.925 -9.21402e+06) (-16.043 -16.0428 -9.45737e+06)
1850          (40.91 40.91 -1.23274e+07) (10.3631 10.3631 -7.17482e+06) (10.8523 10.8523 -7.43942e+06) (5.10508 5.10508 -7.70127e+06) (2.76052 2.76053 -7.96039e+06) (-3.44469 -3.44469 -8.21671e+06) (-3.96255 -3.96256 -8.46984e+06) (-7.73516 -7.73508 -8.72038e+06) (-11.2274 -11.2276 -8.96843e+06) (-10.925 -10.925 -9.21402e+06) (-16.043 -16.0428 -9.45737e+06)
1900          (40.91 40.91 -1.23274e+07) (10.3631 10.3631 -7.17482e+06) (10.8523 10.8523 -7.43942e+06) (5.10508 5.10508 -7.70127e+06) (2.76052 2.76053 -7.96039e+06) (-3.44469 -3.44469 -8.21671e+06) (-3.96255 -3.96256 -8.46984e+06) (-7.73516 -7.73508 -8.72038e+06) (-11.2274 -11.2276 -8.96843e+06) (-10.925 -10.925 -9.21402e+06) (-16.043 -16.0428 -9.45737e+06)
1950          (40.91 40.91 -1.23274e+07) (10.3631 10.3631 -7.17482e+06) (10.8523 10.8523 -7.43942e+06) (5.10508 5.10508 -7.70127e+06) (2.76052 2.76053 -7.96039e+06) (-3.44469 -3.44469 -8.21671e+06) (-3.96255 -3.96256 -8.46984e+06) (-7.73516 -7.73508 -8.72038e+06) (-11.2274 -11.2276 -8.96843e+06) (-10.925 -10.925 -9.21402e+06) (-16.043 -16.0428 -9.45737e+06)
2000          (40.91 40.91 -1.23274e+07) (10.3631 10.3631 -7.17482e+06) (10.8523 10.8523 -7.43942e+06) (5.10508 5.10508 -7.70127e+06) (2.76052 2.76053 -7.96039e+06) (-3.44469 -3.44469 -8.21671e+06) (-3.96255 -3.96256 -8.46984e+06) (-7.73516 -7.73508 -8.72038e+06) (-11.2274 -11.2276 -8.96843e+06) (-10.925 -10.925 -9.21402e+06) (-16.043 -16.0428 -9.45737e+06)
2050          (40.91 40.91 -1.23274e+07) (10.3631 10.3631 -7.17482e+06) (10.8523 10.8523 -7.43942e+06) (5.10508 5.10508 -7.70127e+06) (2.76052 2.76053 -7.96039e+06) (-3.44469 -3.44469 -8.21671e+06) (-3.96255 -3.96256 -8.46984e+06) (-7.73516 -7.73508 -8.72038e+06) (-11.2274 -11.2276 -8.96843e+06) (-10.925 -10.925 -9.21402e+06) (-16.043 -16.0428 -9.45737e+06)
2100          (40.91 40.91 -1.23274e+07) (10.3631 10.3631 -7.17482e+06) (10.8523 10.8523 -7.43942e+06) (5.10508 5.10508 -7.70127e+06) (2.76052 2.76053 -7.96039e+06) (-3.44469 -3.44469 -8.21671e+06) (-3.96255 -3.96256 -8.46984e+06) (-7.73516 -7.73508 -8.72038e+06) (-11.2274 -11.2276 -8.96843e+06) (-10.925 -10.925 -9.21402e+06) (-16.043 -16.0428 -9.45737e+06)
2150          (40.91 40.91 -1.23274e+07) (10.3631 10.3631 -7.17482e+06) (10.8523 10.8523 -7.43942e+06) (5.10508 5.10508 -7.70127e+06) (2.76052 2.76053 -7.96039e+06) (-3.44469 -3.44469 -8.21671e+06) (-3.96255 -3.96256 -8.46984e+06) (-7.73516 -7.73508 -8.72038e+06) (-11.2274 -11.2276 -8.96843e+06) (-10.925 -10.925 -9.21402e+06) (-16.043 -16.0428 -9.45737e+06)
2200          (40.91 40.91 -1.23274e+07) (10.3631 10.3631 -7.17482e+06) (10.8523 10.8523 -7.43942e+06) (5.10508 5.10508 -7.70127e+06) (2.76052 2.76053 -7.96039e+06) (-3.44469 -3.44469 -8.21671e+06) (-3.96255 -3.96256 -8.46984e+06) (-7.73516 -7.73508 -8.72038e+06) (-11.2274 -11.2276 -8.96843e+06) (-10.925 -10.925 -9.21402e+06) (-16.043 -16.0428 -9.45737e+06)
2250          (40.91 40.91 -1.23274e+07) (10.3631 10.3631 -7.17482e+06) (10.8523 10.8523 -7.43942e+06) (5.10508 5.10508 -7.70127e+06) (2.76052 2.76053 -7.96039e+06) (-3.44469 -3.44469 -8.21671e+06) (-3.96255 -3.96256 -8.46984e+06) (-7.73516 -7.73508 -8.72038e+06) (-11.2274 -11.2276 -8.96843e+06) (-10.925 -10.925 -9.21402e+06) (-16.043 -16.0428 -9.45737e+06)
2300          (40.91 40.91 -1.23274e+07) (10.3631 10.3631 -7.17482e+06) (10.8523 10.8523 -7.43942e+06) (5.10508 5.10508 -7.70127e+06) (2.76052 2.76053 -7.96039e+06) (-3.44469 -3.44469 -8.21671e+06) (-3.96255 -3.96256 -8.46984e+06) (-7.73516 -7.73508 -8.72038e+06) (-11.2274 -11.2276 -8.96843e+06) (-10.925 -10.925 -9.21402e+06) (-16.043 -16.0428 -9.45737e+06)
2350          (40.91 40.91 -1.23274e+07) (10.3631 10.3631 -7.17482e+06) (10.8523 10.8523 -7.43942e+06) (5.10508 5.10508 -7.70127e+06) (2.76052 2.76053 -7.96039e+06) (-3.44469 -3.44469 -8.21671e+06) (-3.96255 -3.96256 -8.46984e+06) (-7.73516 -7.73508 -8.72038e+06) (-11.2274 -11.2276 -8.96843e+06) (-10.925 -10.925 -9.21402e+06) (-16.043 -16.0428 -9.45737e+06)
2400          (40.91 40.91 -1.23274e+07) (10.3631 10.3631 -7.17482e+06) (10.8523 10.8523 -7.43942e+06) (5.10508 5.10508 -7.70127e+06) (2.76052 2.76053 -7.96039e+06) (-3.44469 -3.44469 -8.21671e+06) (-3.96255 -3.96256 -8.46984e+06) (-7.73516 -7.73508 -8.72038e+06) (-11.2274 -11.2276 -8.96843e+06) (-10.925 -10.925 -9.21402e+06) (-16.043 -16.0428 -9.45737e+06)
2450          (40.91 40.91 -1.23274e+07) (10.3631 10.3631 -7.17482e+06) (10.8523 10.8523 -7.43942e+06) (5.10508 5.10508 -7.70127e+06) (2.76052 2.76053 -7.96039e+06) (-3.44469 -3.44469 -8.21671e+06) (-3.96255 -3.96256 -8.46984e+06) (-7.73516 -7.73508 -8.72038e+06) (-11.2274 -11.2276 -8.96843e+06) (-10.925 -10.925 -9.21402e+06) (-16.043 -16.0428 -9.45737e+06)
2500          (40.91 40.91 -1.23274e+07) (10.3631 10.3631 -7.17482e+06) (10.8523 10.8523 -7.43942e+06) (5.10508 5.10508 -7.70127e+06) (2.76052 2.76053 -7.96039e+06) (-3.44469 -3.44469 -8.21671e+06) (-3.96255 -3.96256 -8.46984e+06) (-7.73516 -7.73508 -8.72038e+06) (-11.2274 -11.2276 -8.96843e+06) (-10.925 -10.925 -9.21402e+06) (-16.043 -16.0428 -9.45737e+06)
2550          (40.91 40.91 -1.23274e+07) (10.3631 10.3631 -7.17482e+06) (10.8523 10.8523 -7.43942e+06) (5.10508 5.10508 -7.70127e+06) (2.76052 2.76053 -7.96039e+06) (-3.44469 -3.44469 -8.21671e+06) (-3.96255 -3.96256 -8.46984e+06) (-7.73516 -7.73508 -8.72038e+06) (-11.2274 -11.2276 -8.96843e+06) (-10.925 -10.925 -9.21402e+06) (-16.043 -16.0428 -9.45737e+06)
2600          (40.91 40.91 -1.23274e+07) (10.3631 10.3631 -7.17482e+06) (10.8523 10.8523 -7.43942e+06) (5.10508 5.10508 -7.70127e+06) (2.76052 2.76053 -7.96039e+06) (-3.44469 -3.44469 -8.21671e+06) (-3.96255 -3.96256 -8.46984e+06) (-7.73516 -7.73508 -8.72038e+06) (-11.2274 -11.2276 -8.96843e+06) (-10.925 -10.925 -9.21402e+06) (-16.043 -16.0428 -9.45737e+06)
2650          (40.91 40.91 -1.23274e+07) (10.3631 10.3631 -7.17482e+06) (10.8523 10.8523 -7.43942e+06) (5.10508 5.10508 -7.70127e+06) (2.76052 2.76053 -7.96039e+06) (-3.44469 -3.44469 -8.21671e+06) (-3.96255 -3.96256 -8.46984e+06) (-7.73516 -7.73508 -8.72038e+06) (-11.2274 -11.2276 -8.96843e+06) (-10.925 -10.925 -9.21402e+06) (-16.043 -16.0428 -9.45737e+06)
2700          (40.91 40.91 -1.23274e+07) (10.3631 10.3631 -7.17482e+06) (10.8523 10.8523 -7.43942e+06) (5.10508 5.10508 -7.70127e+06) (2.76052 2.76053 -7.96039e+06) (-3.44469 -3.44469 -8.21671e+06) (-3.96255 -3.96256 -8.46984e+06) (-7.73516 -7.73508 -8.72038e+06) (-11.2274 -11.2276 -8.96843e+06) (-10.925 -10.925 -9.21402e+06) (-16.043 -16.0428 -9.45737e+06)
2750          (40.91 40.91 -1.23274e+07) (10.3631 10.3631 -7.17482e+06) (10.8523 10.8523 -7.43942e+06) (5.10508 5.10508 -7.70127e+06) (2.76052 2.76053 -7.96039e+06) (-3.44469 -3.44469 -8.21671e+06) (-3.96255 -3.96256 -8.46984e+06) (-7.73516 -7.73508 -8.72038e+06) (-11.2274 -11.2276 -8.96843e+06) (-10.925 -10.925 -9.21402e+06) (-16.043 -16.0428 -9.45737e+06)
2800          (40.91 40.91 -1.23274e+07) (10.3631 10.3631 -7.17482e+06) (10.8523 10.8523 -7.43942e+06) (5.10508 5.10508 -7.70127e+06) (2.76052 2.76053 -7.96039e+06) (-3.44469 -3.44469 -8.21671e+06) (-3.96255 -3.96256 -8.46984e+06) (-7.73516 -7.73508 -8.72038e+06) (-11.2274 -11.2276 -8.96843e+06) (-10.925 -10.925 -9.21402e+06) (-16.043 -16.0428 -9.45737e+06)
2850          (40.91 40.91 -1.23274e+07) (10.3631 10.3631 -7.17482e+06) (10.8523 10.8523 -7.43942e+06) (5.10508 5.10508 -7.70127e+06) (2.76052 2.76053 -7.96039e+06) (-3.44469 -3.44469 -8.21671e+06) (-3.96255 -3.96256 -8.46984e+06) (-7.73516 -7.73508 -8.72038e+06) (-11.2274 -11.2276 -8.96843e+06) (-10.925 -10.925 -9.21402e+06) (-16.043 -16.0428 -9.45737e+06)
2900          (40.91 40.91 -1.23274e+07) (10.3631 10.3631 -7.17482e+06) (10.8523 10.8523 -7.43942e+06) (5.10508 5.10508 -7.70127e+06) (2.76052 2.76053 -7.96039e+06) (-3.44469 -3.44469 -8.21671e+06) (-3.96255 -3.96256 -8.46984e+06) (-7.73516 -7.73508 -8.72038e+06) (-11.2274 -11.2276 -8.96843e+06) (-10.925 -10.925 -9.21402e+06) (-16.043 -16.0428 -9.45737e+06)
2950          (40.91 40.91 -1.23274e+07) (10.3631 10.3631 -7.17482e+06) (10.8523 10.8523 -7.43942e+06) (5.10508 5.10508 -7.70127e+06) (2.76052 2.76053 -7.96039e+06) (-3.44469 -3.44469 -8.21671e+06) (-3.96255 -3.96256 -8.46984e+06) (-7.73516 -7.73508 -8.72038e+06) (-11.2274 -11.2276 -8.96843e+06) (-10.925 -10.925 -9.21402e+06) (-16.043 -16.0428 -9.45737e+06)
3000          (40.91 40.91 -1.23274e+07) (10.3631 10.3631 -7.17482e+06) (10.8523 10.8523 -7.43942e+06) (5.10508 5.10508 -7.70127e+06) (2.76052 2.76053 -7.96039e+06) (-3.44469 -3.44469 -8.21671e+06) (-3.96255 -3.96256 -8.46984e+06) (-7.73516 -7.73508 -8.72038e+06) (-11.2274 -11.2276 -8.96843e+06) (-10.925 -10.925 -9.21402e+06) (-16.043 -16.0428 -9.45737e+06)
3050          (40.91 40.91 -1.23274e+07) (10.3631 10.3631 -7.17482e+06) (10.8523 10.8523 -7.43942e+06) (5.10508 5.10508 -7.70127e+06) (2.76052 2.76053 -7.96039e+06) (-3.44469 -3.44469 -8.21671e+06) (-3.96255 -3.96256 -8.46984e+06) (-7.73516 -7.73508 -8.72038e+06) (-11.2274 -11.2276 -8.96843e+06) (-10.925 -10.925 -9.21402e+06) (-16.043 -16.0428 -9.45737e+06)
3100          (40.91 40.91 -1.23274e+07) (10.3631 10.3631 -7.17482e+06) (10.8523 10.8523 -7.43942e+06) (5.10508 5.10508 -7.70127e+06) (2.76052 2.76053 -7.96039e+06) (-3.44469 -3.44469 -8.21671e+06) (-3.96255 -3.96256 -8.46984e+06) (-7.73516 -7.73508 -8.72038e+06) (-11.2274 -11.2276 -8.96843e+06) (-10.925 -10.925 -9.21402e+06) (-16.043 -16.0428 -9.45737e+06)
3150          (40.91 40.91 -1.23274e+07) (10.3631 10.3631 -7.17482e+06) (10.8523 10.8523 -7.43942e+06) (5.10508 5.10508 -7.70127e+06) (2.76052 2.76053 -7.96039e+06) (-3.44469 -3.44469 -8.21671e+06) (-3.96255 -3.96256 -8.46984e+06) (-7.73516 -7.73508 -8.72038e+06) (-11.2274 -11.2276 -8.96843e+06) (-10.925 -10.925 -9.21402e+06) (-16.043 -16.0428 -9.45737e+06)
3200          (40.91 40.91 -1.23274e+07) (10.3631 10.3631 -7.17482e+06) (10.8523 10.8523 -7.43942e+06) (5.10508 5.10508 -7.70127e+06) (2.76052 2.76053 -7.96039e+06) (-3.44469 -3.44469 -8.21671e+06) (-3.96255 -3.96256 -8.46984e+06) (-7.73516 -7.73508 -8.72038e+06) (-11.2274 -11.2276 -8.96843e+06) (-10.925 -10.925 -9.21402e+06) (-16.043 -16.0428 -9.45737e+06)
3250          (40.91 40.91 -1.23274e+07) (10.3631 10.3631 -7.17482e+06) (10.8523 10.8523 -7.43942e+06) (5.10508 5.10508 -7.70127e+06) (2.76052 2.76053 -7.96039e+06) (-3.44469 -3.44469 -8.21671e+06) (-3.96255 -3.96256 -8.46984e+06) (-7.73516 -7.73508 -8.72038e+06) (-11.2274 -11.2276 -8.96843e+06) (-10.925 -10.925 -9.21402e+06) (-16.043 -16.0428 -9.45737e+06)
3300          (40.91 40.91 -1.23274e+07) (10.3631 10.3631 -7.17482e+06) (10.8523 10.8523 -7.43942e+06) (5.10508 5.10508 -7.70127e+06) (2.76052 2.76053 -7.96039e+06) (-3.44469 -3.44469 -8.21671e+06) (-3.96255 -3.96256 -8.46984e+06) (-7.73516 -7.73508 -8.72038e+06) (-11.2274 -11.2276 -8.96843e+06) (-10.925 -10.925 -9.21402e+06) (-16.043 -16.0428 -9.45737e+06)
3350          (40.91 40.91 -1.23274e+07) (10.3631 10.3631 -7.17482e+06) (10.8523 10.8523 -7.43942e+06) (5.10508 5.10508 -7.70127e+06) (2.76052 2.76053 -7.96039e+06) (-3.44469 -3.44469 -8.21671e+06) (-3.96255 -3.96256 -8.46984e+06) (-7.73516 -7.73508 -8.72038e+06) (-11.2274 -11.2276 -8.96843e+06) (-10.925 -10.925 -9.21402e+06) (-16.043 -16.0428 -9.45737e+06)
3400          (40.91 40.91 -1.23274e+07) (10.3631 10.3631 -7.17482e+06) (10.8523 10.8523 -7.43942e+06) (5.10508 5.10508 -7.70127e+06) (2.76052 2.76053 -7.96039e+06) (-3.44469 -3.44469 -8.21671e+06) (-3.96255 -3.96256 -8.46984e+06) (-7.73516 -7.73508 -8.72038e+06) (-11.2274 -11.2276 -8.96843e+06) (-10.925 -10.925 -9.21402e+06) (-16.043 -16.0428 -9.45737e+06)
3450          (40.91 40.91 -1.23274e+07) (10.3631 10.3631 -7.17482e+06) (10.8523 10.8523 -7.43942e+06) (5.10508 5.10508 -7.70127e+06) (2.76052 2.76053 -7.96039e+06) (-3.44469 -3.44469 -8.21671e+06) (-3.96255 -3.96256 -8.46984e+06) (-7.73516 -7.73508 -8.72038e+06) (-11.2274 -11.2276 -8.96843e+06) (-10.925 -10.925 -9.21402e+06) (-16.043 -16.0428 -9.45737e+06)
3500          (40.91 40.91 -1.23274e+07) (10.3631 10.3631 -7.17482e+06) (10.8523 10.8523 -7.43942e+06) (5.10508 5.10508 -7.70127e+06) (2.76052 2.76053 -7.96039e+06) (-3.44469 -3.44469 -8.21671e+06) (-3.96255 -3.96256 -8.46984e+06) (-7.73516 -7.73508 -8.72038e+06) (-11.2274 -11.2276 -8.96843e+06) (-10.925 -10.925 -9.21402e+06) (-16.043 -16.0428 -9.45737e+06)
3550          (40.91 40.91 -1.23274e+07) (10.3631 10.3631 -7.17482e+06) (10.8523 10.8523 -7.43942e+06) (5.10508 5.10508 -7.70127e+06) (2.76052 2.76053 -7.96039e+06) (-3.44469 -3.44469 -8.21671e+06) (-3.96255 -3.96256 -8.46984e+06) (-7.73516 -7.73508 -8.72038e+06) (-11.2274 -11.2276 -8.96843e+06) (-10.925 -10.925 -9.21402e+06) (-16.043 -16.0428 -9.45737e+06)
3600          (40.91 40.91 -1.23274e+07) (10.3631 10.3631 -7.17482e+06) (10.8523 10.8523 -7.43942e+06) (5.10508 5.10508 -7.70127e+06) (2.76052 2.76053 -7.96039e+06) (-3.44469 -3.44469 -8.21671e+06) (-3.96255 -3.96256 -8.46984e+06) (-7.73516 -7.73508 -8.72038e+06) (-11.2274 -11.2276 -8.96843e+06) (-10.925 -10.925 -9.21402e+06) (-16.043 -16.0428 -9.45737e+06)
3650          (40.91 40.91 -1.23274e+07) (10.3631 10.3631 -7.17482e+06) (10.8523 10.8523 -7.43942e+06) (5.10508 5.10508 -7.70127e+06) (2.76052 2.76053 -7.96039e+06) (-3.44469 -3.44469 -8.21671e+06) (-3.96255 -3.96256 -8.46984e+06) (-7.73516 -7.73508 -8.72038e+06) (-11.2274 -11.2276 -8.96843e+06) (-10.925 -10.925 -9.21402e+06) (-16.043 -16.0428 -9.45737e+06)
3700          (40.91 40.91 -1.23274e+07) (10.3631 10.3631 -7.17482e+06) (10.8523 10.8523 -7.43942e+06) (5.10508 5.10508 -7.70127e+06) (2.76052 2.76053 -7.96039e+06) (-3.44469 -3.44469 -8.21671e+06) (-3.96255 -3.96256 -8.46984e+06) (-7.73516 -7.73508 -8.72038e+06) (-11.2274 -11.2276 -8.96843e+06) (-10.925 -10.925 -9.21402e+06) (-16.043 -16.0428 -9.45737e+06)
3750          (40.91 40.91 -1.23274e+07) (10.3631 10.3631 -7.17482e+06) (10.8523 10.8523 -7.43942e+06) (5.10508 5.10508 -7.70127e+06) (2.76052 2.76053 -7.96039e+06) (-3.44469 -3.44469 -8.21671e+06) (-3.96255 -3.96256 -8.46984e+06) (-7.73516 -7.73508 -8.72038e+06) (-11.2274 -11.2276 -8.96843e+06) (-10.925 -10.925 -9.21402e+06) (-16.043 -16.0428 -9.45737e+06)
3800          (40.91 40.91 -1.23274e+07) (10.3631 10.3631 -7.17482e+06) (10.8523 10.8523 -7.43942e+06) (5.10508 5.10508 -7.70127e+06) (2.76052 2.76053 -7.96039e+06) (-3.44469 -3.44469 -8.21671e+06) (-3.96255 -3.96256 -8.46984e+06) (-7.73516 -7.73508 -8.72038e+06) (-11.2274 -11.2276 -8.96843e+06) (-10.925 -10.925 -9.21402e+06) (-16.043 -16.0428 -9.45737e+06)
3850          (40.91 40.91 -1.23274e+07) (10.3631 10.3631 -7.17482e+06) (10.8523 10.8523 -7.43942e+06) (5.10508 5.10508 -7.70127e+06) (2.76052 2.76053 -7.96039e+06) (-3.44469 -3.44469 -8.21671e+06) (-3.96255 -3.96256 -8.46984e+06) (-7.73516 -7.73508 -8.72038e+06) (-11.2274 -11.2276 -8.96843e+06) (-10.925 -10.925 -9.21402e+06) (-16.043 -16.0428 -9.45737e+06)
3900          (40.91 40.91 -1.23274e+07) (10.3631 10.3631 -7.17482e+06) (10.8523 10.8523 -7.43942e+06) (5.10508 5.10508 -7.70127e+06) (2.76052 2.76053 -7.96039e+06) (-3.44469 -3.44469 -8.21671e+06) (-3.96255 -3.96256 -8.46984e+06) (-7.73516 -7.73508 -8.72038e+06) (-11.2274 -11.2276 -8.96843e+06) (-10.925 -10.925 -9.21402e+06) (-16.043 -16.0428 -9.45737e+06)
3950          (40.91 40.91 -1.23274e+07) (10.3631 10.3631 -7.17482e+06) (10.8523 10.8523 -7.43942e+06) (5.10508 5.10508 -7.70127e+06) (2.76052 2.76053 -7.96039e+06) (-3.44469 -3.44469 -8.21671e+06) (-3.96255 -3.96256 -8.46984e+06) (-7.73516 -7.73508 -8.72038e+06) (-11.2274 -11.2276 -8.96843e+06) (-10.925 -10.925 -9.21402e+06) (-16.043 -16.0428 -9.45737e+06)
4000          (40.91 40.91 -1.23274e+07) (10.3631 10.3631 -7.17482e+06) (10.8523 10.8523 -7.43942e+06) (5.10508 5.10508 -7.70127e+06) (2.76052 2.76053 -7.96039e+06) (-3.44469 -3.44469 -8.21671e+06) (-3.96255 -3.96256 -8.46984e+06) (-7.73516 -7.73508 -8.72038e+06) (-11.2274 -11.2276 -8.96843e+06) (-10.925 -10.925 -9.21402e+06) (-16.043 -16.0428 -9.45737e+06)
4050          (40.91 40.91 -1.23274e+07) (10.3631 10.3631 -7.17482e+06) (10.8523 10.8523 -7.43942e+06) (5.10508 5.10508 -7.70127e+06) (2.76052 2.76053 -7.96039e+06) (-3.44469 -3.44469 -8.21671e+06) (-3.96255 -3.96256 -8.46984e+06) (-7.73516 -7.73508 -8.72038e+06) (-11.2274 -11.2276 -8.96843e+06) (-10.925 -10.925 -9.21402e+06) (-16.043 -16.0428 -9.45737e+06)
4100          (40.91 40.91 -1.23274e+07) (10.3631 10.3631 -7.17482e+06) (10.8523 10.8523 -7.43942e+06) (5.10508 5.10508 -7.70127e+06) (2.76052 2.76053 -7.96039e+06) (-3.44469 -3.44469 -8.21671e+06) (-3.96255 -3.96256 -8.46984e+06) (-7.73516 -7.73508 -8.72038e+06) (-11.2274 -11.2276 -8.96843e+06) (-10.925 -10.925 -9.21402e+06) (-16.043 -16.0428 -9.45737e+06)
4150          (40.91 40.91 -1.23274e+07) (10.3631 10.3631 -7.17482e+06) (10.8523 10.8523 -7.43942e+06) (5.10508 5.10508 -7.70127e+06) (2.76052 2.76053 -7.96039e+06) (-3.44469 -3.44469 -8.21671e+06) (-3.96255 -3.96256 -8.46984e+06) (-7.73516 -7.73508 -8.72038e+06) (-11.2274 -11.2276 -8.96843e+06) (-10.925 -10.925 -9.21402e+06) (-16.043 -16.0428 -9.45737e+06)
4200          (40.91 40.91 -1.23274e+07) (10.3631 10.3631 -7.17482e+06) (10.8523 10.8523 -7.43942e+06) (5.10508 5.10508 -7.70127e+06) (2.76052 2.76053 -7.96039e+06) (-3.44469 -3.44469 -8.21671e+06) (-3.96255 -3.96256 -8.46984e+06) (-7.73516 -7.73508 -8.72038e+06) (-11.2274 -11.2276 -8.96843e+06) (-10.925 -10.925 -9.21402e+06) (-16.043 -16.0428 -9.45737e+06)
4250          (40.91 40.91 -1.23274e+07) (10.3631 10.3631 -7.17482e+06) (10.8523 10.8523 -7.43942e+06) (5.10508 5.10508 -7.70127e+06) (2.76052 2.76053 -7.96039e+06) (-3.44469 -3.44469 -8.21671e+06) (-3.96255 -3.96256 -8.46984e+06) (-7.73516 -7.73508 -8.72038e+06) (-11.2274 -11.2276 -8.96843e+06) (-10.925 -10.925 -9.21402e+06) (-16.043 -16.0428 -9.45737e+06)
4300          (40.91 40.91 -1.23274e+07) (10.3631 10.3631 -7.17482e+06) (10.8523 10.8523 -7.43942e+06) (5.10508 5.10508 -7.70127e+06) (2.76052 2.76053 -7.96039e+06) (-3.44469 -3.44469 -8.21671e+06) (-3.96255 -3.96256 -8.46984e+06) (-7.73516 -7.73508 -8.72038e+06) (-11.2274 -11.2276 -8.96843e+06) (-10.925 -10.925 -9.21402e+06) (-16.043 -16.0428 -9.45737e+06)
4350          (40.91 40.91 -1.23274e+07) (10.3631 10.3631 -7.17482e+06) (10.8523 10.8523 -7.43942e+06) (5.10508 5.10508 -7.70127e+06) (2.76052 2.76053 -7.96039e+06) (-3.44469 -3.44469 -8.21671e+06) (-3.96255 -3.96256 -8.46984e+06) (-7.73516 -7.73508 -8.72038e+06) (-11.2274 -11.2276 -8.96843e+06) (-10.925 -10.925 -9.21402e+06) (-16.043 -16.0428 -9.45737e+06)
4400          (40.91 40.91 -1.23274e+07) (10.3631 10.3631 -7.17482e+06) (10.8523 10.8523 -7.43942e+06) (5.10508 5.10508 -7.70127e+06) (2.76052 2.76053 -7.96039e+06) (-3.44469 -3.44469 -8.21671e+06) (-3.96255 -3.96256 -8.46984e+06) (-7.73516 -7.73508 -8.72038e+06) (-11.2274 -11.2276 -8.96843e+06) (-10.925 -10.925 -9.21402e+06) (-16.043 -16.0428 -9.45737e+06)
4450          (40.91 40.91 -1.23274e+07) (10.3631 10.3631 -7.17482e+06) (10.8523 10.8523 -7.43942e+06) (5.10508 5.10508 -7.70127e+06) (2.76052 2.76053 -7.96039e+06) (-3.44469 -3.44469 -8.21671e+06) (-3.96255 -3.96256 -8.46984e+06) (-7.73516 -7.73508 -8.72038e+06) (-11.2274 -11.2276 -8.96843e+06) (-10.925 -10.925 -9.21402e+06) (-16.043 -16.0428 -9.45737e+06)
4500          (40.91 40.91 -1.23274e+07) (10.3631 10.3631 -7.17482e+06) (10.8523 10.8523 -7.43942e+06) (5.10508 5.10508 -7.70127e+06) (2.76052 2.76053 -7.96039e+06) (-3.44469 -3.44469 -8.21671e+06) (-3.96255 -3.96256 -8.46984e+06) (-7.73516 -7.73508 -8.72038e+06) (-11.2274 -11.2276 -8.96843e+06) (-10.925 -10.925 -9.21402e+06) (-16.043 -16.0428 -9.45737e+06)
4550          (40.91 40.91 -1.23274e+07) (10.3631 10.3631 -7.17482e+06) (10.8523 10.8523 -7.43942e+06) (5.10508 5.10508 -7.70127e+06) (2.76052 2.76053 -7.96039e+06) (-3.44469 -3.44469 -8.21671e+06) (-3.96255 -3.96256 -8.46984e+06) (-7.73516 -7.73508 -8.72038e+06) (-11.2274 -11.2276 -8.96843e+06) (-10.925 -10.925 -9.21402e+06) (-16.043 -16.0428 -9.45737e+06)
4600          (40.91 40.91 -1.23274e+07) (10.3631 10.3631 -7.17482e+06) (10.8523 10.8523 -7.43942e+06) (5.10508 5.10508 -7.70127e+06) (2.76052 2.76053 -7.96039e+06) (-3.44469 -3.44469 -8.21671e+06) (-3.96255 -3.96256 -8.46984e+06) (-7.73516 -7.73508 -8.72038e+06) (-11.2274 -11.2276 -8.96843e+06) (-10.925 -10.925 -9.21402e+06) (-16.043 -16.0428 -9.45737e+06)
4650          (40.91 40.91 -1.23274e+07) (10.3631 10.3631 -7.17482e+06) (10.8523 10.8523 -7.43942e+06) (5.10508 5.10508 -7.70127e+06) (2.76052 2.76053 -7.96039e+06) (-3.44469 -3.44469 -8.21671e+06) (-3.96255 -3.96256 -8.46984e+06) (-7.73516 -7.73508 -8.72038e+06) (-11.2274 -11.2276 -8.96843e+06) (-10.925 -10.925 -9.21402e+06) (-16.043 -16.0428 -9.45737e+06)
4700          (40.91 40.91 -1.23274e+07) (10.3631 10.3631 -7.17482e+06) (10.8523 10.8523 -7.43942e+06) (5.10508 5.10508 -7.70127e+06) (2.76052 2.76053 -7.96039e+06) (-3.44469 -3.44469 -8.21671e+06) (-3.96255 -3.96256 -8.46984e+06) (-7.73516 -7.73508 -8.72038e+06) (-11.2274 -11.2276 -8.96843e+06) (-10.925 -10.925 -9.21402e+06) (-16.043 -16.0428 -9.45737e+06)
4750          (40.91 40.91 -1.23274e+07) (10.3631 10.3631 -7.17482e+06) (10.8523 10.8523 -7.43942e+06) (5.10508 5.10508 -7.70127e+06) (2.76052 2.76053 -7.96039e+06) (-3.44469 -3.44469 -8.21671e+06) (-3.96255 -3.96256 -8.46984e+06) (-7.73516 -7.73508 -8.72038e+06) (-11.2274 -11.2276 -8.96843e+06) (-10.925 -10.925 -9.21402e+06) (-16.043 -16.0428 -9.45737e+06)
4800          (40.91 40.91 -1.23274e+07) (10.3631 10.3631 -7.17482e+06) (10.8523 10.8523 -7.43942e+06) (5.10508 5.10508 -7.70127e+06) (2.76052 2.76053 -7.96039e+06) (-3.44469 -3.44469 -8.21671e+06) (-3.96255 -3.96256 -8.46984e+06) (-7.73516 -7.73508 -8.72038e+06) (-11.2274 -11.2276 -8.96843e+06) (-10.925 -10.925 -9.21402e+06) (-16.043 -16.0428 -9.45737e+06)
4850          (40.91 40.91 -1.23274e+07) (10.3631 10.3631 -7.17482e+06) (10.8523 10.8523 -7.43942e+06) (5.10508 5.10508 -7.70127e+06) (2.76052 2.76053 -7.96039e+06) (-3.44469 -3.44469 -8.21671e+06) (-3.96255 -3.96256 -8.46984e+06) (-7.73516 -7.73508 -8.72038e+06) (-11.2274 -11.2276 -8.96843e+06) (-10.925 -10.925 -9.21402e+06) (-16.043 -16.0428 -9.45737e+06)
4900          (40.91 40.91 -1.23274e+07) (10.3631 10.3631 -7.17482e+06) (10.8523 10.8523 -7.43942e+06) (5.10508 5.10508 -7.70127e+06) (2.76052 2.76053 -7.96039e+06) (-3.44469 -3.44469 -8.21671e+06) (-3.96255 -3.96256 -8.46984e+06) (-7.73516 -7.73508 -8.72038e+06) (-11.2274 -11.2276 -8.96843e+06) (-10.925 -10.925 -9.21402e+06) (-16.043 -16.0428 -9.45737e+06)
4950          (40.91 40.91 -1.23274e+07) (10.3631 10.3631 -7.17482e+06) (10.8523 10.8523 -7.43942e+06) (5.10508 5.10508 -7.70127e+06) (2.76052 2.76053 -7.96039e+06) (-3.44469 -3.44469 -8.21671e+06) (-3.96255 -3.96256 -8.46984e+06) (-7.73516 -7.73508 -8.72038e+06) (-11.2274 -11.2276 -8.96843e+06) (-10.925 -10.925 -9.21402e+06) (-16.043 -16.0428 -9.45737e+06)
5000          (40.91 40.91 -1.23274e+07) (10.3631 10.3631 -7.17482e+06) (10.8523 10.8523 -7.43942e+06) (5.10508 5.10508 -7.70127e+06) (2.76052 2.76053 -7.96039e+06) (-3.44469 -3.44469 -8.21671e+06) (-3.96255 -3.96256 -8.46984e+06) (-7.73516 -7.73508 -8.72038e+06) (-11.2274 -11.2276 -8.96843e+06) (-10.925 -10.925 -9.21402e+06) (-16.043 -16.0428 -9.45737e+06)
