# Probe 0 (0.0015 0.0015 0)
# Probe 1 (0.0015 0.0015 0.002)
# Probe 2 (0.0015 0.0015 0.004)
# Probe 3 (0.0015 0.0015 0.006)
# Probe 4 (0.0015 0.0015 0.008)
# Probe 5 (0.0015 0.0015 0.01)
# Probe 6 (0.0015 0.0015 0.012)
# Probe 7 (0.0015 0.0015 0.014)
# Probe 8 (0.0015 0.0015 0.016)
# Probe 9 (0.0015 0.0015 0.018)
# Probe 10 (0.0015 0.0015 0.02)
# Time        0             1             2             3             4             5             6             7             8             9             10           
50            (0.0230912 0.0230912 17639.2) (0.0465477 0.0465477 12342.1) (0.0109322 0.0109322 9812.24) (-0.0159522 -0.0159522 6728.25) (-0.0161509 -0.0161509 4100.26) (-0.0216649 -0.0216649 2421.96) (-0.0184579 -0.0184579 1707.1) (-0.0112411 -0.0112411 1817.9) (-0.0109651 -0.0109651 2637.64) (-0.00127279 -0.00127279 4065.47) (0.00465885 0.00465885 5900.57)
100           (-0.0745061 -0.0745061 13414.5) (-0.0483488 -0.0483488 8874.4) (-0.0289586 -0.0289586 8300.81) (-0.00238175 -0.00238175 7308.31) (0.0201892 0.0201892 6071.5) (0.0360227 0.0360227 4870.93) (0.0402828 0.0402828 3982.16) (0.0345101 0.0345101 3565.05) (0.0195976 0.0195976 3635.08) (-0.00123082 -0.00123082 4095.87) (-0.00350334 -0.00350334 4754.53)
150           (0.00542428 0.00542428 11725.6) (0.0188153 0.0188153 7295.43) (0.0401032 0.0401032 7172.93) (0.00315709 0.00315709 6840.37) (0.00430831 0.00430831 6333.91) (-0.0129279 -0.0129279 5729.71) (-0.0120955 -0.0120955 5138.38) (-0.0135738 -0.0135738 4678.66) (-0.0029757 -0.0029757 4434.99) (-0.00351306 -0.00351306 4427.84) (0.00986371 0.00986371 4603.17)
200           (-0.00898201 -0.00898201 10854.1) (0.00712345 0.00712345 6449.16) (0.00635471 0.00635471 6489.78) (0.0047618 0.0047618 6409) (0.00291383 0.00291383 6215.74) (0.0007398 0.0007398 5933.3) (-0.00144035 -0.00144035 5600.84) (-0.0030469 -0.0030469 5272.31) (-0.00350508 -0.00350508 5006.11) (-0.00554156 -0.00554156 4851.14) (0.000619489 0.000619489 4834.11)
250           (-0.0133745 -0.0133745 10336.3) (0.00313299 0.00313299 5935.09) (0.00211211 0.00211211 6048.18) (0.00122373 0.00122373 6083.21) (0.000371157 0.000371157 6041.76) (-0.000362823 -0.000362823 5931.62) (-0.000879927 -0.000879927 5767.79) (-0.00116176 -0.00116176 5574.68) (-0.00139974 -0.00139974 5384.64) (-0.00224084 -0.00224084 5237.54) (-0.00143822 -0.00143822 5180.97)
300           (-0.020732 -0.020732 9998.27) (-0.00180399 -0.00180399 5595) (-0.00307657 -0.00307657 5745.5) (-0.00412585 -0.00412585 5842.19) (-0.00488208 -0.00488208 5884.66) (-0.00523836 -0.00523836 5875.69) (-0.00513505 -0.00513505 5821.82) (-0.0045906 -0.0045906 5735.66) (-0.00350627 -0.00350627 5635.88) (-0.00234311 -0.00234311 5550.24) (0.00570377 0.00570377 5522.22)
350           (-0.0220675 -0.0220675 9764.08) (0.000978763 0.000978763 5357.81) (-0.00501824 -0.00501824 5529.86) (-0.00108196 -0.00108196 5664) (-0.00329531 -0.00329531 5758.36) (-0.00421635 -0.00421635 5814.56) (-0.000706372 -0.000706372 5836.14) (-0.00595278 -0.00595278 5829.81) (0.0006225 0.0006225 5808.69) (-0.00465173 -0.00465173 5790.44) (0.00722495 0.00722495 5810.21)
400           (-0.0146281 -0.0146281 9596.64) (0.00457391 0.00457391 5187.22) (0.000398619 0.000398619 5373.62) (0.00276615 0.00276615 5532.25) (0.000328799 0.000328799 5661.62) (-0.00011641 -0.00011641 5762.72) (0.000175361 0.000175361 5837.47) (-0.00173036 -0.00173036 5890.73) (-0.000529555 -0.000529555 5930.86) (-0.0018598 -0.0018598 5970.93) (0.00134895 0.00134895 6036.1)
450           (-0.0147736 -0.0147736 9474.91) (0.00714908 0.00714908 5063.25) (-0.000287377 -0.000287377 5259.39) (0.00357964 0.00357964 5435.37) (-0.000739543 -0.000739543 5589.36) (-0.00165687 -0.00165687 5722.43) (-0.00168801 -0.00168801 5835.74) (-0.00480925 -0.00480925 5932.64) (-0.00371561 -0.00371561 6019.23) (-0.00560243 -0.00560243 6104.63) (-0.000184493 -0.000184493 6207.13)
500           (-0.0237086 -0.0237086 9385.97) (0.00470869 0.00470869 4972.87) (-0.00777864 -0.00777864 5175.68) (0.00279893 0.00279893 5364.41) (-0.00270098 -0.00270098 5536.07) (-0.00159776 -0.00159776 5692.28) (0.0017085 0.0017085 5833.75) (-0.00220962 -0.00220962 5962.47) (0.00276715 0.00276715 6083.59) (-7.9587e-05 -7.95871e-05 6202.83) (0.00760457 0.00760457 6334)
550           (-0.011379 -0.011379 9321.08) (0.0114696 0.0114696 4906.63) (-0.00317336 -0.00317336 5114.67) (0.00167222 0.00167222 5312.29) (-0.00397318 -0.00397318 5497.16) (-0.00960723 -0.00960723 5670) (-0.00689944 -0.00689944 5832.06) (-0.0137282 -0.0137282 5984.14) (-0.0115748 -0.0115748 6130.31) (-0.0129135 -0.0129135 6274.73) (-0.00709371 -0.00709371 6427.04)
600           (-0.0213941 -0.0213941 9273.89) (-0.00138113 -0.00138113 4858.02) (-0.00413898 -0.00413898 5070.51) (-0.00273899 -0.00273899 5274.23) (-0.00168988 -0.00168988 5468.78) (-0.00298271 -0.00298271 5654.02) (-0.00051346 -0.000513459 5830.7) (-0.000459102 -0.000459102 6000.08) (0.00144978 0.00144978 6164.36) (0.00357103 0.00357103 6327.11) (0.00732334 0.00732334 6494.86)
650           (-0.030305 -0.030305 9239.37) (-0.0154907 -0.0154907 4822.86) (-0.0261907 -0.0261907 5038.1) (-0.0250492 -0.0250492 5246.64) (-0.0185605 -0.0185605 5448.19) (-0.0123204 -0.0123204 5642.34) (-0.00350577 -0.00350577 5829.82) (0.0038182 0.0038182 6011.73) (0.00523359 0.0052336 6189.06) (0.0144368 0.0144368 6365.28) (0.0195336 0.0195336 6544.26)
700           (-0.0127502 -0.0127502 9214.32) (0.0066114 0.0066114 4797.19) (0.00790653 0.00790653 5014.61) (0.00558626 0.00558626 5226.62) (0.00720673 0.00720673 5433.15) (0.00392389 0.00392389 5633.92) (0.00243546 0.00243546 5829.25) (0.00193047 0.00193048 6020.05) (-0.00465273 -0.00465273 6207.18) (-0.00282486 -0.00282486 6392.82) (-0.00205227 -0.00205226 6580.07)
750           (-0.0182236 -0.0182236 9196.14) (0.00317165 0.00317165 4778.64) (0.00525703 0.00525702 4997.51) (0.00331847 0.00331847 5212.19) (0.00178002 0.00178002 5422.32) (0.000384879 0.000384877 5627.83) (0.00248442 0.00248443 5828.95) (-0.000396921 -0.000396927 6026.1) (-0.00488501 -0.004885 6220.37) (-0.00214616 -0.00214616 6412.85) (0.00473979 0.0047398 6605.99)
800           (-0.0179036 -0.0179036 9183.27) (0.0047606 0.00476061 4765.48) (0.0075725 0.0075725 4985.44) (0.00521083 0.00521084 5201.89) (0.00700119 0.00700119 5414.57) (0.00510574 0.00510574 5623.51) (0.00225278 0.00225279 5828.56) (0.00303028 0.00303028 6030.42) (-0.00258187 -0.00258186 6229.58) (-0.00109117 -0.00109117 6427) (0.00579731 0.00579732 6624.42)
850           (0.00900916 0.00900915 9174.08) (-0.005388 -0.005388 4755.74) (-0.013056 -0.013056 4976.9) (0.00579434 0.00579433 5194.21) (-0.0045574 -0.00455738 5408.92) (-0.00442846 -0.00442846 5620.3) (0.00393515 0.00393515 5828.16) (-0.01415 -0.01415 6033.47) (0.0187528 0.0187528 6236.28) (0.00308568 0.00308569 6437.28) (-0.0311949 -0.0311949 6638.03)
900           (-0.0110321 -0.0110321 9167.57) (0.0085362 0.0085362 4749.19) (-0.00798136 -0.00798136 4970.89) (-0.00649469 -0.00649469 5188.97) (-0.00608528 -0.00608528 5405.21) (-0.00766161 -0.00766161 5617.99) (0.00388362 0.00388362 5828.1) (-0.00593391 -0.0059339 6035.59) (0.0110214 0.0110215 6240.87) (-0.0127735 -0.0127735 6444.43) (-0.00177904 -0.00177905 6647.22)
950           (-0.00228909 -0.00228909 9162.9) (0.00668918 0.00668918 4744.21) (0.0142344 0.0142344 4966.53) (0.00148067 0.00148067 5185) (0.0127916 0.0127916 5402.57) (-0.00371017 -0.00371017 5616.08) (0.00787094 0.00787095 5828.27) (-0.0098175 -0.0098175 6036.85) (-0.000664567 -0.000664562 6244.57) (-0.0155058 -0.0155058 6449.55) (-0.0140111 -0.0140111 6654.04)
1000          (0.0161049 0.0161049 9159.37) (0.0294063 0.0294063 4740.93) (0.0365172 0.0365172 4963.02) (0.0292147 0.0292147 5182.57) (0.0257229 0.0257229 5400.21) (0.0170816 0.0170816 5615.22) (0.00757627 0.00757628 5827.93) (-0.00649567 -0.00649565 6038.19) (-0.0190503 -0.0190504 6247.03) (-0.0329761 -0.032976 6453.4) (-0.0337686 -0.0337686 6659.12)
1050          (-0.0133777 -0.0133777 9156.92) (0.00681701 0.00681701 4738.7) (0.000545886 0.000545886 4960.63) (0.00388279 0.00388279 5180.87) (-0.00261623 -0.00261623 5398.6) (0.00130914 0.00130914 5614.63) (-0.00924744 -0.00924744 5827.52) (0.00342256 0.00342256 6039.47) (-0.0153445 -0.0153445 6248.08) (0.000563398 0.000563365 6456.48) (-0.00519474 -0.00519474 6662.29)
1100          (-0.0226598 -0.0226598 9155.24) (-0.00726116 -0.00726116 4736.8) (-0.0101711 -0.0101711 4959.14) (-0.00781646 -0.00781647 5179.31) (-0.00893478 -0.00893479 5397.76) (-0.00602102 -0.00602104 5613.81) (-0.00626073 -0.00626073 5827.84) (-0.00243405 -0.00243406 6039.65) (-0.000187702 -0.000187625 6249.84) (0.000803583 0.000803842 6458.06) (0.005353 0.00535273 6665.02)
1150          (0.00801998 0.00801992 9154.19) (0.0320862 0.0320862 4735.8) (0.0599753 0.0599754 4958.02) (0.0383905 0.0383905 5178.6) (0.0460593 0.0460593 5396.87) (0.0218648 0.0218649 5613.59) (0.0340273 0.0340273 5827.55) (0.00734494 0.00734515 6040.07) (-0.00155252 -0.0015532 6250.46) (0.00208634 0.00208514 6459.41) (-0.00924784 -0.00924656 6666.51)
1200          (-0.0182706 -0.0182706 9153.55) (4.28167e-05 4.28243e-05 4735.12) (-0.00903304 -0.00903306 4957.42) (0.00219495 0.00219495 5178.06) (-0.00854289 -0.0085429 5396.47) (0.00413954 0.00413952 5613.33) (-0.00820555 -0.00820551 5827.5) (0.00230155 0.00230143 6040.24) (-0.000613371 -0.000613289 6250.83) (0.000474904 0.000475186 6460.1) (-0.00279419 -0.0027948 6667.4)
1250          (-0.00964779 -0.0096478 9153.07) (0.00610074 0.00610074 4734.58) (0.010022 0.010022 4957.07) (-0.000263104 -0.000263106 5177.46) (0.00661376 0.00661377 5396.36) (-0.0053847 -0.0053847 5612.94) (0.000802005 0.00080199 5827.56) (-0.00420457 -0.00420449 6040.36) (-0.00592358 -0.00592368 6251.28) (-0.00699585 -0.00699607 6460.57) (0.000116534 0.000116847 6668.57)
1300          (-0.024065 -0.024065 9153) (-0.00609596 -0.00609596 4734.5) (-0.00638372 -0.00638373 4956.91) (-0.003003 -0.003003 5177.47) (-0.00162386 -0.00162386 5396.17) (0.00202626 0.00202626 5612.96) (0.00233088 0.00233088 5827.52) (0.00455006 0.00455001 6040.31) (0.00660433 0.0066044 6251.36) (0.00642643 0.00642645 6460.7) (0.00943707 0.00943697 6668.48)
1350          (-0.024065 -0.024065 9153) (-0.00609596 -0.00609596 4734.5) (-0.00638372 -0.00638373 4956.91) (-0.003003 -0.003003 5177.47) (-0.00162386 -0.00162386 5396.17) (0.00202626 0.00202626 5612.96) (0.00233088 0.00233088 5827.52) (0.00455006 0.00455001 6040.31) (0.00660433 0.0066044 6251.36) (0.00642643 0.00642645 6460.7) (0.00943707 0.00943697 6668.48)
1400          (-0.024065 -0.024065 9153) (-0.00609596 -0.00609596 4734.5) (-0.00638372 -0.00638373 4956.91) (-0.003003 -0.003003 5177.47) (-0.00162386 -0.00162386 5396.17) (0.00202626 0.00202626 5612.96) (0.00233088 0.00233088 5827.52) (0.00455006 0.00455001 6040.31) (0.00660433 0.0066044 6251.36) (0.00642643 0.00642645 6460.7) (0.00943707 0.00943697 6668.48)
1450          (-0.024065 -0.024065 9153) (-0.00609596 -0.00609596 4734.5) (-0.00638372 -0.00638373 4956.91) (-0.003003 -0.003003 5177.47) (-0.00162386 -0.00162386 5396.17) (0.00202626 0.00202626 5612.96) (0.00233088 0.00233088 5827.52) (0.00455006 0.00455001 6040.31) (0.00660433 0.0066044 6251.36) (0.00642643 0.00642645 6460.7) (0.00943707 0.00943697 6668.48)
1500          (-0.024065 -0.024065 9153) (-0.00609596 -0.00609596 4734.5) (-0.00638372 -0.00638373 4956.91) (-0.003003 -0.003003 5177.47) (-0.00162386 -0.00162386 5396.17) (0.00202626 0.00202626 5612.96) (0.00233088 0.00233088 5827.52) (0.00455006 0.00455001 6040.31) (0.00660433 0.0066044 6251.36) (0.00642643 0.00642645 6460.7) (0.00943707 0.00943697 6668.48)
1550          (-0.024065 -0.024065 9153) (-0.00609596 -0.00609596 4734.5) (-0.00638372 -0.00638373 4956.91) (-0.003003 -0.003003 5177.47) (-0.00162386 -0.00162386 5396.17) (0.00202626 0.00202626 5612.96) (0.00233088 0.00233088 5827.52) (0.00455006 0.00455001 6040.31) (0.00660433 0.0066044 6251.36) (0.00642643 0.00642645 6460.7) (0.00943707 0.00943697 6668.48)
1600          (-0.024065 -0.024065 9153) (-0.00609596 -0.00609596 4734.5) (-0.00638372 -0.00638373 4956.91) (-0.003003 -0.003003 5177.47) (-0.00162386 -0.00162386 5396.17) (0.00202626 0.00202626 5612.96) (0.00233088 0.00233088 5827.52) (0.00455006 0.00455001 6040.31) (0.00660433 0.0066044 6251.36) (0.00642643 0.00642645 6460.7) (0.00943707 0.00943697 6668.48)
1650          (-0.024065 -0.024065 9153) (-0.00609596 -0.00609596 4734.5) (-0.00638372 -0.00638373 4956.91) (-0.003003 -0.003003 5177.47) (-0.00162386 -0.00162386 5396.17) (0.00202626 0.00202626 5612.96) (0.00233088 0.00233088 5827.52) (0.00455006 0.00455001 6040.31) (0.00660433 0.0066044 6251.36) (0.00642643 0.00642645 6460.7) (0.00943707 0.00943697 6668.48)
1700          (-0.024065 -0.024065 9153) (-0.00609596 -0.00609596 4734.5) (-0.00638372 -0.00638373 4956.91) (-0.003003 -0.003003 5177.47) (-0.00162386 -0.00162386 5396.17) (0.00202626 0.00202626 5612.96) (0.00233088 0.00233088 5827.52) (0.00455006 0.00455001 6040.31) (0.00660433 0.0066044 6251.36) (0.00642643 0.00642645 6460.7) (0.00943707 0.00943697 6668.48)
1750          (-0.024065 -0.024065 9153) (-0.00609596 -0.00609596 4734.5) (-0.00638372 -0.00638373 4956.91) (-0.003003 -0.003003 5177.47) (-0.00162386 -0.00162386 5396.17) (0.00202626 0.00202626 5612.96) (0.00233088 0.00233088 5827.52) (0.00455006 0.00455001 6040.31) (0.00660433 0.0066044 6251.36) (0.00642643 0.00642645 6460.7) (0.00943707 0.00943697 6668.48)
1800          (-0.024065 -0.024065 9153) (-0.00609596 -0.00609596 4734.5) (-0.00638372 -0.00638373 4956.91) (-0.003003 -0.003003 5177.47) (-0.00162386 -0.00162386 5396.17) (0.00202626 0.00202626 5612.96) (0.00233088 0.00233088 5827.52) (0.00455006 0.00455001 6040.31) (0.00660433 0.0066044 6251.36) (0.00642643 0.00642645 6460.7) (0.00943707 0.00943697 6668.48)
1850          (-0.024065 -0.024065 9153) (-0.00609596 -0.00609596 4734.5) (-0.00638372 -0.00638373 4956.91) (-0.003003 -0.003003 5177.47) (-0.00162386 -0.00162386 5396.17) (0.00202626 0.00202626 5612.96) (0.00233088 0.00233088 5827.52) (0.00455006 0.00455001 6040.31) (0.00660433 0.0066044 6251.36) (0.00642643 0.00642645 6460.7) (0.00943707 0.00943697 6668.48)
1900          (-0.024065 -0.024065 9153) (-0.00609596 -0.00609596 4734.5) (-0.00638372 -0.00638373 4956.91) (-0.003003 -0.003003 5177.47) (-0.00162386 -0.00162386 5396.17) (0.00202626 0.00202626 5612.96) (0.00233088 0.00233088 5827.52) (0.00455006 0.00455001 6040.31) (0.00660433 0.0066044 6251.36) (0.00642643 0.00642645 6460.7) (0.00943707 0.00943697 6668.48)
1950          (-0.024065 -0.024065 9153) (-0.00609596 -0.00609596 4734.5) (-0.00638372 -0.00638373 4956.91) (-0.003003 -0.003003 5177.47) (-0.00162386 -0.00162386 5396.17) (0.00202626 0.00202626 5612.96) (0.00233088 0.00233088 5827.52) (0.00455006 0.00455001 6040.31) (0.00660433 0.0066044 6251.36) (0.00642643 0.00642645 6460.7) (0.00943707 0.00943697 6668.48)
2000          (-0.024065 -0.024065 9153) (-0.00609596 -0.00609596 4734.5) (-0.00638372 -0.00638373 4956.91) (-0.003003 -0.003003 5177.47) (-0.00162386 -0.00162386 5396.17) (0.00202626 0.00202626 5612.96) (0.00233088 0.00233088 5827.52) (0.00455006 0.00455001 6040.31) (0.00660433 0.0066044 6251.36) (0.00642643 0.00642645 6460.7) (0.00943707 0.00943697 6668.48)
2050          (-0.024065 -0.024065 9153) (-0.00609596 -0.00609596 4734.5) (-0.00638372 -0.00638373 4956.91) (-0.003003 -0.003003 5177.47) (-0.00162386 -0.00162386 5396.17) (0.00202626 0.00202626 5612.96) (0.00233088 0.00233088 5827.52) (0.00455006 0.00455001 6040.31) (0.00660433 0.0066044 6251.36) (0.00642643 0.00642645 6460.7) (0.00943707 0.00943697 6668.48)
2100          (-0.024065 -0.024065 9153) (-0.00609596 -0.00609596 4734.5) (-0.00638372 -0.00638373 4956.91) (-0.003003 -0.003003 5177.47) (-0.00162386 -0.00162386 5396.17) (0.00202626 0.00202626 5612.96) (0.00233088 0.00233088 5827.52) (0.00455006 0.00455001 6040.31) (0.00660433 0.0066044 6251.36) (0.00642643 0.00642645 6460.7) (0.00943707 0.00943697 6668.48)
2150          (-0.024065 -0.024065 9153) (-0.00609596 -0.00609596 4734.5) (-0.00638372 -0.00638373 4956.91) (-0.003003 -0.003003 5177.47) (-0.00162386 -0.00162386 5396.17) (0.00202626 0.00202626 5612.96) (0.00233088 0.00233088 5827.52) (0.00455006 0.00455001 6040.31) (0.00660433 0.0066044 6251.36) (0.00642643 0.00642645 6460.7) (0.00943707 0.00943697 6668.48)
2200          (-0.024065 -0.024065 9153) (-0.00609596 -0.00609596 4734.5) (-0.00638372 -0.00638373 4956.91) (-0.003003 -0.003003 5177.47) (-0.00162386 -0.00162386 5396.17) (0.00202626 0.00202626 5612.96) (0.00233088 0.00233088 5827.52) (0.00455006 0.00455001 6040.31) (0.00660433 0.0066044 6251.36) (0.00642643 0.00642645 6460.7) (0.00943707 0.00943697 6668.48)
2250          (-0.024065 -0.024065 9153) (-0.00609596 -0.00609596 4734.5) (-0.00638372 -0.00638373 4956.91) (-0.003003 -0.003003 5177.47) (-0.00162386 -0.00162386 5396.17) (0.00202626 0.00202626 5612.96) (0.00233088 0.00233088 5827.52) (0.00455006 0.00455001 6040.31) (0.00660433 0.0066044 6251.36) (0.00642643 0.00642645 6460.7) (0.00943707 0.00943697 6668.48)
2300          (-0.024065 -0.024065 9153) (-0.00609596 -0.00609596 4734.5) (-0.00638372 -0.00638373 4956.91) (-0.003003 -0.003003 5177.47) (-0.00162386 -0.00162386 5396.17) (0.00202626 0.00202626 5612.96) (0.00233088 0.00233088 5827.52) (0.00455006 0.00455001 6040.31) (0.00660433 0.0066044 6251.36) (0.00642643 0.00642645 6460.7) (0.00943707 0.00943697 6668.48)
2350          (-0.024065 -0.024065 9153) (-0.00609596 -0.00609596 4734.5) (-0.00638372 -0.00638373 4956.91) (-0.003003 -0.003003 5177.47) (-0.00162386 -0.00162386 5396.17) (0.00202626 0.00202626 5612.96) (0.00233088 0.00233088 5827.52) (0.00455006 0.00455001 6040.31) (0.00660433 0.0066044 6251.36) (0.00642643 0.00642645 6460.7) (0.00943707 0.00943697 6668.48)
2400          (-0.024065 -0.024065 9153) (-0.00609596 -0.00609596 4734.5) (-0.00638372 -0.00638373 4956.91) (-0.003003 -0.003003 5177.47) (-0.00162386 -0.00162386 5396.17) (0.00202626 0.00202626 5612.96) (0.00233088 0.00233088 5827.52) (0.00455006 0.00455001 6040.31) (0.00660433 0.0066044 6251.36) (0.00642643 0.00642645 6460.7) (0.00943707 0.00943697 6668.48)
2450          (-0.024065 -0.024065 9153) (-0.00609596 -0.00609596 4734.5) (-0.00638372 -0.00638373 4956.91) (-0.003003 -0.003003 5177.47) (-0.00162386 -0.00162386 5396.17) (0.00202626 0.00202626 5612.96) (0.00233088 0.00233088 5827.52) (0.00455006 0.00455001 6040.31) (0.00660433 0.0066044 6251.36) (0.00642643 0.00642645 6460.7) (0.00943707 0.00943697 6668.48)
2500          (-0.024065 -0.024065 9153) (-0.00609596 -0.00609596 4734.5) (-0.00638372 -0.00638373 4956.91) (-0.003003 -0.003003 5177.47) (-0.00162386 -0.00162386 5396.17) (0.00202626 0.00202626 5612.96) (0.00233088 0.00233088 5827.52) (0.00455006 0.00455001 6040.31) (0.00660433 0.0066044 6251.36) (0.00642643 0.00642645 6460.7) (0.00943707 0.00943697 6668.48)
2550          (-0.024065 -0.024065 9153) (-0.00609596 -0.00609596 4734.5) (-0.00638372 -0.00638373 4956.91) (-0.003003 -0.003003 5177.47) (-0.00162386 -0.00162386 5396.17) (0.00202626 0.00202626 5612.96) (0.00233088 0.00233088 5827.52) (0.00455006 0.00455001 6040.31) (0.00660433 0.0066044 6251.36) (0.00642643 0.00642645 6460.7) (0.00943707 0.00943697 6668.48)
2600          (-0.024065 -0.024065 9153) (-0.00609596 -0.00609596 4734.5) (-0.00638372 -0.00638373 4956.91) (-0.003003 -0.003003 5177.47) (-0.00162386 -0.00162386 5396.17) (0.00202626 0.00202626 5612.96) (0.00233088 0.00233088 5827.52) (0.00455006 0.00455001 6040.31) (0.00660433 0.0066044 6251.36) (0.00642643 0.00642645 6460.7) (0.00943707 0.00943697 6668.48)
2650          (-0.024065 -0.024065 9153) (-0.00609596 -0.00609596 4734.5) (-0.00638372 -0.00638373 4956.91) (-0.003003 -0.003003 5177.47) (-0.00162386 -0.00162386 5396.17) (0.00202626 0.00202626 5612.96) (0.00233088 0.00233088 5827.52) (0.00455006 0.00455001 6040.31) (0.00660433 0.0066044 6251.36) (0.00642643 0.00642645 6460.7) (0.00943707 0.00943697 6668.48)
2700          (-0.024065 -0.024065 9153) (-0.00609596 -0.00609596 4734.5) (-0.00638372 -0.00638373 4956.91) (-0.003003 -0.003003 5177.47) (-0.00162386 -0.00162386 5396.17) (0.00202626 0.00202626 5612.96) (0.00233088 0.00233088 5827.52) (0.00455006 0.00455001 6040.31) (0.00660433 0.0066044 6251.36) (0.00642643 0.00642645 6460.7) (0.00943707 0.00943697 6668.48)
2750          (-0.024065 -0.024065 9153) (-0.00609596 -0.00609596 4734.5) (-0.00638372 -0.00638373 4956.91) (-0.003003 -0.003003 5177.47) (-0.00162386 -0.00162386 5396.17) (0.00202626 0.00202626 5612.96) (0.00233088 0.00233088 5827.52) (0.00455006 0.00455001 6040.31) (0.00660433 0.0066044 6251.36) (0.00642643 0.00642645 6460.7) (0.00943707 0.00943697 6668.48)
2800          (-0.024065 -0.024065 9153) (-0.00609596 -0.00609596 4734.5) (-0.00638372 -0.00638373 4956.91) (-0.003003 -0.003003 5177.47) (-0.00162386 -0.00162386 5396.17) (0.00202626 0.00202626 5612.96) (0.00233088 0.00233088 5827.52) (0.00455006 0.00455001 6040.31) (0.00660433 0.0066044 6251.36) (0.00642643 0.00642645 6460.7) (0.00943707 0.00943697 6668.48)
2850          (-0.024065 -0.024065 9153) (-0.00609596 -0.00609596 4734.5) (-0.00638372 -0.00638373 4956.91) (-0.003003 -0.003003 5177.47) (-0.00162386 -0.00162386 5396.17) (0.00202626 0.00202626 5612.96) (0.00233088 0.00233088 5827.52) (0.00455006 0.00455001 6040.31) (0.00660433 0.0066044 6251.36) (0.00642643 0.00642645 6460.7) (0.00943707 0.00943697 6668.48)
2900          (-0.024065 -0.024065 9153) (-0.00609596 -0.00609596 4734.5) (-0.00638372 -0.00638373 4956.91) (-0.003003 -0.003003 5177.47) (-0.00162386 -0.00162386 5396.17) (0.00202626 0.00202626 5612.96) (0.00233088 0.00233088 5827.52) (0.00455006 0.00455001 6040.31) (0.00660433 0.0066044 6251.36) (0.00642643 0.00642645 6460.7) (0.00943707 0.00943697 6668.48)
2950          (-0.024065 -0.024065 9153) (-0.00609596 -0.00609596 4734.5) (-0.00638372 -0.00638373 4956.91) (-0.003003 -0.003003 5177.47) (-0.00162386 -0.00162386 5396.17) (0.00202626 0.00202626 5612.96) (0.00233088 0.00233088 5827.52) (0.00455006 0.00455001 6040.31) (0.00660433 0.0066044 6251.36) (0.00642643 0.00642645 6460.7) (0.00943707 0.00943697 6668.48)
3000          (-0.024065 -0.024065 9153) (-0.00609596 -0.00609596 4734.5) (-0.00638372 -0.00638373 4956.91) (-0.003003 -0.003003 5177.47) (-0.00162386 -0.00162386 5396.17) (0.00202626 0.00202626 5612.96) (0.00233088 0.00233088 5827.52) (0.00455006 0.00455001 6040.31) (0.00660433 0.0066044 6251.36) (0.00642643 0.00642645 6460.7) (0.00943707 0.00943697 6668.48)
3050          (-0.024065 -0.024065 9153) (-0.00609596 -0.00609596 4734.5) (-0.00638372 -0.00638373 4956.91) (-0.003003 -0.003003 5177.47) (-0.00162386 -0.00162386 5396.17) (0.00202626 0.00202626 5612.96) (0.00233088 0.00233088 5827.52) (0.00455006 0.00455001 6040.31) (0.00660433 0.0066044 6251.36) (0.00642643 0.00642645 6460.7) (0.00943707 0.00943697 6668.48)
3100          (-0.024065 -0.024065 9153) (-0.00609596 -0.00609596 4734.5) (-0.00638372 -0.00638373 4956.91) (-0.003003 -0.003003 5177.47) (-0.00162386 -0.00162386 5396.17) (0.00202626 0.00202626 5612.96) (0.00233088 0.00233088 5827.52) (0.00455006 0.00455001 6040.31) (0.00660433 0.0066044 6251.36) (0.00642643 0.00642645 6460.7) (0.00943707 0.00943697 6668.48)
3150          (-0.024065 -0.024065 9153) (-0.00609596 -0.00609596 4734.5) (-0.00638372 -0.00638373 4956.91) (-0.003003 -0.003003 5177.47) (-0.00162386 -0.00162386 5396.17) (0.00202626 0.00202626 5612.96) (0.00233088 0.00233088 5827.52) (0.00455006 0.00455001 6040.31) (0.00660433 0.0066044 6251.36) (0.00642643 0.00642645 6460.7) (0.00943707 0.00943697 6668.48)
3200          (-0.024065 -0.024065 9153) (-0.00609596 -0.00609596 4734.5) (-0.00638372 -0.00638373 4956.91) (-0.003003 -0.003003 5177.47) (-0.00162386 -0.00162386 5396.17) (0.00202626 0.00202626 5612.96) (0.00233088 0.00233088 5827.52) (0.00455006 0.00455001 6040.31) (0.00660433 0.0066044 6251.36) (0.00642643 0.00642645 6460.7) (0.00943707 0.00943697 6668.48)
3250          (-0.024065 -0.024065 9153) (-0.00609596 -0.00609596 4734.5) (-0.00638372 -0.00638373 4956.91) (-0.003003 -0.003003 5177.47) (-0.00162386 -0.00162386 5396.17) (0.00202626 0.00202626 5612.96) (0.00233088 0.00233088 5827.52) (0.00455006 0.00455001 6040.31) (0.00660433 0.0066044 6251.36) (0.00642643 0.00642645 6460.7) (0.00943707 0.00943697 6668.48)
3300          (-0.024065 -0.024065 9153) (-0.00609596 -0.00609596 4734.5) (-0.00638372 -0.00638373 4956.91) (-0.003003 -0.003003 5177.47) (-0.00162386 -0.00162386 5396.17) (0.00202626 0.00202626 5612.96) (0.00233088 0.00233088 5827.52) (0.00455006 0.00455001 6040.31) (0.00660433 0.0066044 6251.36) (0.00642643 0.00642645 6460.7) (0.00943707 0.00943697 6668.48)
3350          (-0.024065 -0.024065 9153) (-0.00609596 -0.00609596 4734.5) (-0.00638372 -0.00638373 4956.91) (-0.003003 -0.003003 5177.47) (-0.00162386 -0.00162386 5396.17) (0.00202626 0.00202626 5612.96) (0.00233088 0.00233088 5827.52) (0.00455006 0.00455001 6040.31) (0.00660433 0.0066044 6251.36) (0.00642643 0.00642645 6460.7) (0.00943707 0.00943697 6668.48)
3400          (-0.024065 -0.024065 9153) (-0.00609596 -0.00609596 4734.5) (-0.00638372 -0.00638373 4956.91) (-0.003003 -0.003003 5177.47) (-0.00162386 -0.00162386 5396.17) (0.00202626 0.00202626 5612.96) (0.00233088 0.00233088 5827.52) (0.00455006 0.00455001 6040.31) (0.00660433 0.0066044 6251.36) (0.00642643 0.00642645 6460.7) (0.00943707 0.00943697 6668.48)
3450          (-0.024065 -0.024065 9153) (-0.00609596 -0.00609596 4734.5) (-0.00638372 -0.00638373 4956.91) (-0.003003 -0.003003 5177.47) (-0.00162386 -0.00162386 5396.17) (0.00202626 0.00202626 5612.96) (0.00233088 0.00233088 5827.52) (0.00455006 0.00455001 6040.31) (0.00660433 0.0066044 6251.36) (0.00642643 0.00642645 6460.7) (0.00943707 0.00943697 6668.48)
3500          (-0.024065 -0.024065 9153) (-0.00609596 -0.00609596 4734.5) (-0.00638372 -0.00638373 4956.91) (-0.003003 -0.003003 5177.47) (-0.00162386 -0.00162386 5396.17) (0.00202626 0.00202626 5612.96) (0.00233088 0.00233088 5827.52) (0.00455006 0.00455001 6040.31) (0.00660433 0.0066044 6251.36) (0.00642643 0.00642645 6460.7) (0.00943707 0.00943697 6668.48)
3550          (-0.024065 -0.024065 9153) (-0.00609596 -0.00609596 4734.5) (-0.00638372 -0.00638373 4956.91) (-0.003003 -0.003003 5177.47) (-0.00162386 -0.00162386 5396.17) (0.00202626 0.00202626 5612.96) (0.00233088 0.00233088 5827.52) (0.00455006 0.00455001 6040.31) (0.00660433 0.0066044 6251.36) (0.00642643 0.00642645 6460.7) (0.00943707 0.00943697 6668.48)
3600          (-0.024065 -0.024065 9153) (-0.00609596 -0.00609596 4734.5) (-0.00638372 -0.00638373 4956.91) (-0.003003 -0.003003 5177.47) (-0.00162386 -0.00162386 5396.17) (0.00202626 0.00202626 5612.96) (0.00233088 0.00233088 5827.52) (0.00455006 0.00455001 6040.31) (0.00660433 0.0066044 6251.36) (0.00642643 0.00642645 6460.7) (0.00943707 0.00943697 6668.48)
3650          (-0.024065 -0.024065 9153) (-0.00609596 -0.00609596 4734.5) (-0.00638372 -0.00638373 4956.91) (-0.003003 -0.003003 5177.47) (-0.00162386 -0.00162386 5396.17) (0.00202626 0.00202626 5612.96) (0.00233088 0.00233088 5827.52) (0.00455006 0.00455001 6040.31) (0.00660433 0.0066044 6251.36) (0.00642643 0.00642645 6460.7) (0.00943707 0.00943697 6668.48)
3700          (-0.024065 -0.024065 9153) (-0.00609596 -0.00609596 4734.5) (-0.00638372 -0.00638373 4956.91) (-0.003003 -0.003003 5177.47) (-0.00162386 -0.00162386 5396.17) (0.00202626 0.00202626 5612.96) (0.00233088 0.00233088 5827.52) (0.00455006 0.00455001 6040.31) (0.00660433 0.0066044 6251.36) (0.00642643 0.00642645 6460.7) (0.00943707 0.00943697 6668.48)
3750          (-0.024065 -0.024065 9153) (-0.00609596 -0.00609596 4734.5) (-0.00638372 -0.00638373 4956.91) (-0.003003 -0.003003 5177.47) (-0.00162386 -0.00162386 5396.17) (0.00202626 0.00202626 5612.96) (0.00233088 0.00233088 5827.52) (0.00455006 0.00455001 6040.31) (0.00660433 0.0066044 6251.36) (0.00642643 0.00642645 6460.7) (0.00943707 0.00943697 6668.48)
3800          (-0.024065 -0.024065 9153) (-0.00609596 -0.00609596 4734.5) (-0.00638372 -0.00638373 4956.91) (-0.003003 -0.003003 5177.47) (-0.00162386 -0.00162386 5396.17) (0.00202626 0.00202626 5612.96) (0.00233088 0.00233088 5827.52) (0.00455006 0.00455001 6040.31) (0.00660433 0.0066044 6251.36) (0.00642643 0.00642645 6460.7) (0.00943707 0.00943697 6668.48)
3850          (-0.024065 -0.024065 9153) (-0.00609596 -0.00609596 4734.5) (-0.00638372 -0.00638373 4956.91) (-0.003003 -0.003003 5177.47) (-0.00162386 -0.00162386 5396.17) (0.00202626 0.00202626 5612.96) (0.00233088 0.00233088 5827.52) (0.00455006 0.00455001 6040.31) (0.00660433 0.0066044 6251.36) (0.00642643 0.00642645 6460.7) (0.00943707 0.00943697 6668.48)
3900          (-0.024065 -0.024065 9153) (-0.00609596 -0.00609596 4734.5) (-0.00638372 -0.00638373 4956.91) (-0.003003 -0.003003 5177.47) (-0.00162386 -0.00162386 5396.17) (0.00202626 0.00202626 5612.96) (0.00233088 0.00233088 5827.52) (0.00455006 0.00455001 6040.31) (0.00660433 0.0066044 6251.36) (0.00642643 0.00642645 6460.7) (0.00943707 0.00943697 6668.48)
3950          (-0.024065 -0.024065 9153) (-0.00609596 -0.00609596 4734.5) (-0.00638372 -0.00638373 4956.91) (-0.003003 -0.003003 5177.47) (-0.00162386 -0.00162386 5396.17) (0.00202626 0.00202626 5612.96) (0.00233088 0.00233088 5827.52) (0.00455006 0.00455001 6040.31) (0.00660433 0.0066044 6251.36) (0.00642643 0.00642645 6460.7) (0.00943707 0.00943697 6668.48)
4000          (-0.024065 -0.024065 9153) (-0.00609596 -0.00609596 4734.5) (-0.00638372 -0.00638373 4956.91) (-0.003003 -0.003003 5177.47) (-0.00162386 -0.00162386 5396.17) (0.00202626 0.00202626 5612.96) (0.00233088 0.00233088 5827.52) (0.00455006 0.00455001 6040.31) (0.00660433 0.0066044 6251.36) (0.00642643 0.00642645 6460.7) (0.00943707 0.00943697 6668.48)
4050          (-0.024065 -0.024065 9153) (-0.00609596 -0.00609596 4734.5) (-0.00638372 -0.00638373 4956.91) (-0.003003 -0.003003 5177.47) (-0.00162386 -0.00162386 5396.17) (0.00202626 0.00202626 5612.96) (0.00233088 0.00233088 5827.52) (0.00455006 0.00455001 6040.31) (0.00660433 0.0066044 6251.36) (0.00642643 0.00642645 6460.7) (0.00943707 0.00943697 6668.48)
4100          (-0.024065 -0.024065 9153) (-0.00609596 -0.00609596 4734.5) (-0.00638372 -0.00638373 4956.91) (-0.003003 -0.003003 5177.47) (-0.00162386 -0.00162386 5396.17) (0.00202626 0.00202626 5612.96) (0.00233088 0.00233088 5827.52) (0.00455006 0.00455001 6040.31) (0.00660433 0.0066044 6251.36) (0.00642643 0.00642645 6460.7) (0.00943707 0.00943697 6668.48)
4150          (-0.024065 -0.024065 9153) (-0.00609596 -0.00609596 4734.5) (-0.00638372 -0.00638373 4956.91) (-0.003003 -0.003003 5177.47) (-0.00162386 -0.00162386 5396.17) (0.00202626 0.00202626 5612.96) (0.00233088 0.00233088 5827.52) (0.00455006 0.00455001 6040.31) (0.00660433 0.0066044 6251.36) (0.00642643 0.00642645 6460.7) (0.00943707 0.00943697 6668.48)
4200          (-0.024065 -0.024065 9153) (-0.00609596 -0.00609596 4734.5) (-0.00638372 -0.00638373 4956.91) (-0.003003 -0.003003 5177.47) (-0.00162386 -0.00162386 5396.17) (0.00202626 0.00202626 5612.96) (0.00233088 0.00233088 5827.52) (0.00455006 0.00455001 6040.31) (0.00660433 0.0066044 6251.36) (0.00642643 0.00642645 6460.7) (0.00943707 0.00943697 6668.48)
4250          (-0.024065 -0.024065 9153) (-0.00609596 -0.00609596 4734.5) (-0.00638372 -0.00638373 4956.91) (-0.003003 -0.003003 5177.47) (-0.00162386 -0.00162386 5396.17) (0.00202626 0.00202626 5612.96) (0.00233088 0.00233088 5827.52) (0.00455006 0.00455001 6040.31) (0.00660433 0.0066044 6251.36) (0.00642643 0.00642645 6460.7) (0.00943707 0.00943697 6668.48)
4300          (-0.024065 -0.024065 9153) (-0.00609596 -0.00609596 4734.5) (-0.00638372 -0.00638373 4956.91) (-0.003003 -0.003003 5177.47) (-0.00162386 -0.00162386 5396.17) (0.00202626 0.00202626 5612.96) (0.00233088 0.00233088 5827.52) (0.00455006 0.00455001 6040.31) (0.00660433 0.0066044 6251.36) (0.00642643 0.00642645 6460.7) (0.00943707 0.00943697 6668.48)
4350          (-0.024065 -0.024065 9153) (-0.00609596 -0.00609596 4734.5) (-0.00638372 -0.00638373 4956.91) (-0.003003 -0.003003 5177.47) (-0.00162386 -0.00162386 5396.17) (0.00202626 0.00202626 5612.96) (0.00233088 0.00233088 5827.52) (0.00455006 0.00455001 6040.31) (0.00660433 0.0066044 6251.36) (0.00642643 0.00642645 6460.7) (0.00943707 0.00943697 6668.48)
4400          (-0.024065 -0.024065 9153) (-0.00609596 -0.00609596 4734.5) (-0.00638372 -0.00638373 4956.91) (-0.003003 -0.003003 5177.47) (-0.00162386 -0.00162386 5396.17) (0.00202626 0.00202626 5612.96) (0.00233088 0.00233088 5827.52) (0.00455006 0.00455001 6040.31) (0.00660433 0.0066044 6251.36) (0.00642643 0.00642645 6460.7) (0.00943707 0.00943697 6668.48)
4450          (-0.024065 -0.024065 9153) (-0.00609596 -0.00609596 4734.5) (-0.00638372 -0.00638373 4956.91) (-0.003003 -0.003003 5177.47) (-0.00162386 -0.00162386 5396.17) (0.00202626 0.00202626 5612.96) (0.00233088 0.00233088 5827.52) (0.00455006 0.00455001 6040.31) (0.00660433 0.0066044 6251.36) (0.00642643 0.00642645 6460.7) (0.00943707 0.00943697 6668.48)
4500          (-0.024065 -0.024065 9153) (-0.00609596 -0.00609596 4734.5) (-0.00638372 -0.00638373 4956.91) (-0.003003 -0.003003 5177.47) (-0.00162386 -0.00162386 5396.17) (0.00202626 0.00202626 5612.96) (0.00233088 0.00233088 5827.52) (0.00455006 0.00455001 6040.31) (0.00660433 0.0066044 6251.36) (0.00642643 0.00642645 6460.7) (0.00943707 0.00943697 6668.48)
4550          (-0.024065 -0.024065 9153) (-0.00609596 -0.00609596 4734.5) (-0.00638372 -0.00638373 4956.91) (-0.003003 -0.003003 5177.47) (-0.00162386 -0.00162386 5396.17) (0.00202626 0.00202626 5612.96) (0.00233088 0.00233088 5827.52) (0.00455006 0.00455001 6040.31) (0.00660433 0.0066044 6251.36) (0.00642643 0.00642645 6460.7) (0.00943707 0.00943697 6668.48)
4600          (-0.024065 -0.024065 9153) (-0.00609596 -0.00609596 4734.5) (-0.00638372 -0.00638373 4956.91) (-0.003003 -0.003003 5177.47) (-0.00162386 -0.00162386 5396.17) (0.00202626 0.00202626 5612.96) (0.00233088 0.00233088 5827.52) (0.00455006 0.00455001 6040.31) (0.00660433 0.0066044 6251.36) (0.00642643 0.00642645 6460.7) (0.00943707 0.00943697 6668.48)
4650          (-0.024065 -0.024065 9153) (-0.00609596 -0.00609596 4734.5) (-0.00638372 -0.00638373 4956.91) (-0.003003 -0.003003 5177.47) (-0.00162386 -0.00162386 5396.17) (0.00202626 0.00202626 5612.96) (0.00233088 0.00233088 5827.52) (0.00455006 0.00455001 6040.31) (0.00660433 0.0066044 6251.36) (0.00642643 0.00642645 6460.7) (0.00943707 0.00943697 6668.48)
4700          (-0.024065 -0.024065 9153) (-0.00609596 -0.00609596 4734.5) (-0.00638372 -0.00638373 4956.91) (-0.003003 -0.003003 5177.47) (-0.00162386 -0.00162386 5396.17) (0.00202626 0.00202626 5612.96) (0.00233088 0.00233088 5827.52) (0.00455006 0.00455001 6040.31) (0.00660433 0.0066044 6251.36) (0.00642643 0.00642645 6460.7) (0.00943707 0.00943697 6668.48)
4750          (-0.024065 -0.024065 9153) (-0.00609596 -0.00609596 4734.5) (-0.00638372 -0.00638373 4956.91) (-0.003003 -0.003003 5177.47) (-0.00162386 -0.00162386 5396.17) (0.00202626 0.00202626 5612.96) (0.00233088 0.00233088 5827.52) (0.00455006 0.00455001 6040.31) (0.00660433 0.0066044 6251.36) (0.00642643 0.00642645 6460.7) (0.00943707 0.00943697 6668.48)
4800          (-0.024065 -0.024065 9153) (-0.00609596 -0.00609596 4734.5) (-0.00638372 -0.00638373 4956.91) (-0.003003 -0.003003 5177.47) (-0.00162386 -0.00162386 5396.17) (0.00202626 0.00202626 5612.96) (0.00233088 0.00233088 5827.52) (0.00455006 0.00455001 6040.31) (0.00660433 0.0066044 6251.36) (0.00642643 0.00642645 6460.7) (0.00943707 0.00943697 6668.48)
4850          (-0.024065 -0.024065 9153) (-0.00609596 -0.00609596 4734.5) (-0.00638372 -0.00638373 4956.91) (-0.003003 -0.003003 5177.47) (-0.00162386 -0.00162386 5396.17) (0.00202626 0.00202626 5612.96) (0.00233088 0.00233088 5827.52) (0.00455006 0.00455001 6040.31) (0.00660433 0.0066044 6251.36) (0.00642643 0.00642645 6460.7) (0.00943707 0.00943697 6668.48)
4900          (-0.024065 -0.024065 9153) (-0.00609596 -0.00609596 4734.5) (-0.00638372 -0.00638373 4956.91) (-0.003003 -0.003003 5177.47) (-0.00162386 -0.00162386 5396.17) (0.00202626 0.00202626 5612.96) (0.00233088 0.00233088 5827.52) (0.00455006 0.00455001 6040.31) (0.00660433 0.0066044 6251.36) (0.00642643 0.00642645 6460.7) (0.00943707 0.00943697 6668.48)
4950          (-0.024065 -0.024065 9153) (-0.00609596 -0.00609596 4734.5) (-0.00638372 -0.00638373 4956.91) (-0.003003 -0.003003 5177.47) (-0.00162386 -0.00162386 5396.17) (0.00202626 0.00202626 5612.96) (0.00233088 0.00233088 5827.52) (0.00455006 0.00455001 6040.31) (0.00660433 0.0066044 6251.36) (0.00642643 0.00642645 6460.7) (0.00943707 0.00943697 6668.48)
5000          (-0.024065 -0.024065 9153) (-0.00609596 -0.00609596 4734.5) (-0.00638372 -0.00638373 4956.91) (-0.003003 -0.003003 5177.47) (-0.00162386 -0.00162386 5396.17) (0.00202626 0.00202626 5612.96) (0.00233088 0.00233088 5827.52) (0.00455006 0.00455001 6040.31) (0.00660433 0.0066044 6251.36) (0.00642643 0.00642645 6460.7) (0.00943707 0.00943697 6668.48)
