# Probe 0 (0.0015 0.0015 0)
# Probe 1 (0.0015 0.0015 0.002)
# Probe 2 (0.0015 0.0015 0.004)
# Probe 3 (0.0015 0.0015 0.006)
# Probe 4 (0.0015 0.0015 0.008)
# Probe 5 (0.0015 0.0015 0.01)
# Probe 6 (0.0015 0.0015 0.012)
# Probe 7 (0.0015 0.0015 0.014)
# Probe 8 (0.0015 0.0015 0.016)
# Probe 9 (0.0015 0.0015 0.018)
# Probe 10 (0.0015 0.0015 0.02)
# Time        0             1             2             3             4             5             6             7             8             9             10           
50            (-1.92943e-11 -1.90699e-11 -4.73483e-11) (2.15446e-10 -5.66216e-11 3.21649e-10) (3.29809e-10 -1.42128e-10 6.74482e-10) (8.95011e-10 -5.59716e-10 4.44361e-10) (1.28627e-09 -1.06563e-09 1.1279e-09) (1.40018e-09 -1.63746e-09 1.53604e-09) (1.83072e-09 -1.83606e-09 1.3286e-09) (2.00791e-09 -1.83934e-09 1.49863e-09) (1.9827e-09 -1.96852e-09 2.37315e-09) (1.89269e-09 -2.04782e-09 2.17825e-09) (2.15221e-09 -1.5358e-09 1.41725e-09)
100           (1.47669e-11 4.77757e-11 1.05628e-10) (4.49339e-10 -3.45659e-10 2.44209e-10) (1.14582e-09 -1.00929e-09 7.22528e-10) (1.48616e-09 -1.49375e-09 9.78231e-10) (2.15936e-09 -2.2193e-09 1.14924e-09) (2.78236e-09 -2.78449e-09 1.49682e-09) (3.27299e-09 -3.07237e-09 1.92498e-09) (3.55137e-09 -3.34276e-09 1.94579e-09) (3.89195e-09 -3.4135e-09 1.90832e-09) (4.01926e-09 -3.11898e-09 1.7471e-09) (3.93597e-09 -3.17669e-09 2.98727e-09)
150           (4.58829e-11 -7.90555e-12 9.20138e-11) (6.51967e-10 -5.83074e-10 4.63486e-10) (1.49214e-09 -1.50433e-09 6.9511e-10) (2.10786e-09 -2.04555e-09 -6.07271e-11) (3.38059e-09 -2.71385e-09 -2.28766e-11) (3.95164e-09 -3.46589e-09 1.27913e-11) (4.63099e-09 -3.98807e-09 -4.03146e-10) (4.94588e-09 -4.28619e-09 -2.36876e-10) (5.27567e-09 -4.59062e-09 1.21269e-10) (5.50279e-09 -4.48863e-09 2.7182e-10) (5.43233e-09 -4.39214e-09 -1.51047e-09)
200           (6.46069e-11 1.85419e-11 -3.18826e-12) (7.83332e-10 -8.51279e-10 -4.18115e-10) (1.71464e-09 -1.6604e-09 -3.71107e-10) (2.81023e-09 -2.56036e-09 3.18854e-10) (3.69125e-09 -3.43437e-09 8.02899e-10) (4.63589e-09 -4.10501e-09 7.99421e-10) (5.10849e-09 -4.69592e-09 6.96003e-10) (5.7194e-09 -5.20717e-09 1.02312e-09) (6.53424e-09 -5.6495e-09 4.92732e-10) (6.57283e-09 -5.52128e-09 6.19268e-10) (6.83342e-09 -5.39349e-09 5.87071e-10)
250           (3.33425e-11 -1.09476e-10 1.46141e-10) (8.33765e-10 -8.43949e-10 8.89088e-11) (2.03444e-09 -1.82716e-09 5.1721e-10) (3.22808e-09 -2.96121e-09 7.79579e-10) (4.38719e-09 -4.17388e-09 1.7428e-09) (5.42648e-09 -4.758e-09 1.55287e-09) (6.09436e-09 -5.52179e-09 1.76856e-09) (6.89428e-09 -6.02704e-09 1.64548e-09) (7.33876e-09 -6.5727e-09 2.44755e-09) (7.41874e-09 -6.60399e-09 2.49373e-09) (7.41179e-09 -6.44556e-09 3.62322e-09)
300           (8.29491e-11 -1.65527e-10 1.00765e-10) (1.34458e-09 -1.2382e-09 5.59424e-10) (2.4066e-09 -2.28639e-09 -3.41055e-11) (3.52202e-09 -3.45831e-09 1.80502e-10) (4.90647e-09 -4.53821e-09 -1.11998e-10) (5.9887e-09 -5.51386e-09 4.24653e-10) (6.78756e-09 -6.18992e-09 1.15218e-09) (7.52466e-09 -6.4602e-09 1.16439e-09) (8.00805e-09 -6.88408e-09 9.76904e-10) (8.36628e-09 -7.2013e-09 1.18858e-09) (8.49109e-09 -7.36222e-09 2.8137e-09)
350           (8.32768e-11 -5.50028e-11 1.37689e-10) (1.12482e-09 -1.45221e-09 2.85569e-10) (2.3464e-09 -2.46676e-09 3.26161e-11) (3.77249e-09 -3.61667e-09 4.50985e-10) (5.33226e-09 -4.51872e-09 1.19354e-10) (6.44055e-09 -5.76149e-09 8.7094e-13) (7.22457e-09 -6.71628e-09 2.85822e-11) (8.0124e-09 -7.28388e-09 -1.7867e-10) (8.47181e-09 -7.29886e-09 3.24661e-10) (8.86059e-09 -7.41144e-09 4.52905e-10) (9.05422e-09 -7.56011e-09 3.5963e-10)
400           (7.69302e-11 -1.05195e-10 1.51584e-10) (1.09314e-09 -1.25414e-09 5.72524e-10) (2.69326e-09 -2.50867e-09 3.60848e-10) (4.26564e-09 -3.65802e-09 8.91865e-10) (5.56168e-09 -4.77192e-09 9.13734e-10) (6.78843e-09 -6.1284e-09 1.08988e-09) (7.62294e-09 -7.06643e-09 1.39851e-09) (8.34213e-09 -7.64779e-09 1.29934e-09) (9.34753e-09 -7.96595e-09 1.2145e-09) (9.41002e-09 -8.19855e-09 2.36456e-09) (9.62925e-09 -8.20515e-09 2.41126e-09)
450           (6.34873e-11 -3.36484e-11 1.14439e-11) (1.53842e-09 -1.01257e-09 4.23982e-12) (2.95714e-09 -2.5113e-09 4.27456e-10) (4.53514e-09 -3.93387e-09 3.1024e-10) (5.74038e-09 -5.10004e-09 3.31992e-10) (7.15652e-09 -6.3682e-09 4.63669e-10) (8.39666e-09 -7.42637e-09 3.73904e-10) (9.13215e-09 -7.94942e-09 5.72374e-10) (9.74243e-09 -8.64823e-09 6.65523e-10) (1.00531e-08 -8.4138e-09 4.29256e-10) (1.0316e-08 -8.69093e-09 4.53368e-10)
500           (1.14397e-10 -1.32554e-10 -1.4559e-10) (1.51676e-09 -1.30161e-09 9.25043e-11) (3.38173e-09 -2.60259e-09 -3.32457e-10) (4.45309e-09 -3.92736e-09 1.36807e-10) (5.91312e-09 -5.24164e-09 -2.36189e-10) (7.35739e-09 -6.3855e-09 -2.11771e-10) (8.71642e-09 -7.67793e-09 -2.61215e-10) (9.51754e-09 -8.40087e-09 1.66215e-11) (9.90773e-09 -8.55403e-09 -7.7764e-10) (1.02932e-08 -8.90321e-09 5.33991e-11) (1.04567e-08 -8.98481e-09 -5.90037e-10)
550           (1.96996e-10 -1.14325e-10 2.0436e-10) (1.68054e-09 -1.23449e-09 6.41647e-11) (3.27895e-09 -2.68536e-09 -5.30105e-11) (4.74829e-09 -4.11008e-09 8.59173e-10) (6.27582e-09 -5.53624e-09 8.04761e-10) (7.59304e-09 -6.8671e-09 7.30934e-10) (8.76748e-09 -7.70822e-09 1.03702e-09) (9.49513e-09 -8.53016e-09 1.67887e-09) (1.00566e-08 -8.97058e-09 2.26863e-09) (1.07356e-08 -9.40683e-09 2.13992e-09) (1.06956e-08 -9.35347e-09 4.2969e-09)
600           (4.01411e-11 -6.52426e-11 2.86558e-10) (1.66397e-09 -1.261e-09 -2.40638e-10) (3.24e-09 -3.14187e-09 1.43125e-10) (4.88749e-09 -4.25451e-09 5.63378e-10) (6.40607e-09 -5.71857e-09 5.3127e-10) (7.71887e-09 -6.8387e-09 1.32052e-09) (9.0294e-09 -7.83281e-09 1.55533e-09) (9.88802e-09 -8.64668e-09 9.86604e-10) (1.05397e-08 -9.18378e-09 9.32183e-10) (1.10058e-08 -9.5145e-09 1.11706e-09) (1.11493e-08 -9.47166e-09 1.54908e-09)
650           (1.1152e-10 -1.62095e-10 3.89827e-11) (1.65077e-09 -1.49576e-09 6.43347e-11) (3.24768e-09 -3.04114e-09 -3.62459e-10) (4.79678e-09 -4.13309e-09 -7.29726e-10) (6.34103e-09 -5.53462e-09 -6.06756e-10) (7.85004e-09 -7.06645e-09 -5.01694e-10) (8.72174e-09 -7.98961e-09 -4.20208e-10) (9.89767e-09 -8.68221e-09 -1.21008e-10) (1.07319e-08 -9.15336e-09 2.13157e-10) (1.11058e-08 -9.62189e-09 2.91236e-10) (1.11711e-08 -9.59843e-09 9.79e-10)
700           (9.50673e-11 -9.8596e-11 1.70264e-10) (1.58899e-09 -1.6083e-09 5.32977e-10) (3.13e-09 -2.91627e-09 1.32533e-09) (4.81001e-09 -4.33294e-09 1.50009e-09) (6.70365e-09 -5.68351e-09 1.64894e-09) (8.07323e-09 -7.06902e-09 1.91082e-09) (9.08369e-09 -8.30931e-09 2.03121e-09) (1.01812e-08 -8.85408e-09 2.3576e-09) (1.08842e-08 -9.34609e-09 2.65813e-09) (1.12819e-08 -9.52964e-09 2.79351e-09) (1.13093e-08 -9.57263e-09 2.98458e-09)
750           (7.76562e-11 -9.89372e-11 5.45553e-11) (1.48696e-09 -1.14172e-09 7.2576e-11) (3.24788e-09 -2.91364e-09 -1.06164e-10) (4.9236e-09 -4.43571e-09 -2.67469e-10) (6.6812e-09 -5.84953e-09 6.99834e-10) (7.87724e-09 -6.88989e-09 9.95583e-10) (9.41595e-09 -8.00904e-09 1.08808e-09) (1.03145e-08 -8.88264e-09 1.33013e-09) (1.06442e-08 -9.33198e-09 1.55059e-09) (1.12478e-08 -9.91424e-09 1.95271e-09) (1.15625e-08 -9.86078e-09 1.43521e-09)
800           (8.59571e-11 -9.39645e-11 9.63975e-11) (1.75182e-09 -1.45227e-09 4.62758e-10) (3.29179e-09 -2.87829e-09 1.20639e-10) (4.95276e-09 -4.4452e-09 8.40523e-10) (6.70817e-09 -5.837e-09 9.27115e-11) (8.15851e-09 -7.22346e-09 5.29111e-10) (9.58097e-09 -8.46357e-09 1.22093e-09) (1.05002e-08 -9.07052e-09 1.54634e-09) (1.11426e-08 -9.55186e-09 1.53761e-09) (1.15456e-08 -9.89679e-09 5.18433e-10) (1.16168e-08 -9.82341e-09 4.74064e-10)
850           (1.03278e-10 -1.86891e-10 1.99499e-10) (1.72038e-09 -1.57532e-09 1.21609e-11) (3.49531e-09 -3.03038e-09 2.39078e-10) (5.07686e-09 -4.37579e-09 1.25901e-10) (6.84687e-09 -5.7964e-09 3.77363e-10) (8.08935e-09 -7.01006e-09 5.7437e-10) (9.45279e-09 -8.2928e-09 4.37331e-10) (1.03948e-08 -9.31554e-09 5.02724e-10) (1.12783e-08 -9.77211e-09 6.05376e-10) (1.15993e-08 -1.00128e-08 8.53867e-10) (1.16729e-08 -9.96152e-09 -6.30117e-11)
900           (-2.08959e-11 -6.37041e-11 1.14987e-11) (1.2899e-09 -1.31054e-09 2.27169e-10) (3.35627e-09 -2.83778e-09 -2.0747e-10) (5.11467e-09 -4.68056e-09 -9.33722e-10) (6.56163e-09 -6.11391e-09 -7.69742e-10) (7.90044e-09 -7.14032e-09 -5.5215e-10) (9.45284e-09 -8.24332e-09 -4.78938e-10) (1.04884e-08 -9.14183e-09 2.53984e-10) (1.10763e-08 -9.73096e-09 -2.77535e-10) (1.174e-08 -9.97729e-09 2.21297e-10) (1.18663e-08 -1.00738e-08 1.03618e-09)
950           (2.0639e-12 -1.10643e-10 2.59959e-11) (1.42668e-09 -1.71253e-09 2.9768e-10) (3.32186e-09 -3.13613e-09 -1.54432e-10) (4.92741e-09 -4.82563e-09 1.90244e-10) (6.73961e-09 -5.96194e-09 1.37259e-11) (8.22355e-09 -7.38973e-09 -1.80273e-10) (9.72067e-09 -8.54706e-09 1.02168e-11) (1.05014e-08 -9.04577e-09 1.82436e-10) (1.11749e-08 -9.76745e-09 1.89289e-10) (1.17869e-08 -1.02337e-08 3.35696e-10) (1.20804e-08 -1.01311e-08 -4.68959e-10)
1000          (7.97961e-11 -1.56862e-10 -6.90627e-12) (1.42322e-09 -1.62601e-09 1.81173e-10) (3.30201e-09 -3.19354e-09 3.00141e-11) (5.12865e-09 -4.66398e-09 1.61071e-10) (6.59334e-09 -6.05069e-09 1.6315e-11) (7.89879e-09 -7.39763e-09 1.32581e-09) (9.07879e-09 -8.57191e-09 7.018e-10) (1.01918e-08 -9.35855e-09 6.39941e-10) (1.09498e-08 -9.82138e-09 1.00557e-09) (1.16294e-08 -9.85527e-09 9.59338e-10) (1.19699e-08 -1.00843e-08 8.58454e-10)
1050          (4.72429e-11 -1.39946e-10 8.76288e-11) (1.75322e-09 -1.50234e-09 -2.13821e-10) (3.50214e-09 -3.09654e-09 1.11884e-09) (5.4788e-09 -4.62065e-09 8.14084e-10) (7.03487e-09 -6.24032e-09 5.45654e-10) (8.19199e-09 -7.43316e-09 5.06502e-10) (9.3723e-09 -8.61344e-09 2.79185e-10) (1.04762e-08 -9.3192e-09 1.75681e-10) (1.108e-08 -1.00471e-08 7.06034e-11) (1.16821e-08 -1.0304e-08 2.40273e-10) (1.1765e-08 -1.04273e-08 2.02235e-09)
1100          (1.83132e-10 -9.09041e-12 -1.3647e-10) (1.62473e-09 -1.37987e-09 -2.90896e-10) (3.22336e-09 -3.07941e-09 4.50677e-10) (5.33777e-09 -4.73174e-09 7.25967e-10) (7.13658e-09 -6.33501e-09 8.69259e-10) (8.35553e-09 -7.41464e-09 7.67828e-10) (9.34819e-09 -8.70366e-09 1.02059e-09) (1.07043e-08 -9.46693e-09 1.1762e-09) (1.14449e-08 -9.89453e-09 1.35573e-09) (1.18721e-08 -9.9819e-09 1.2931e-09) (1.19684e-08 -9.94598e-09 1.93421e-10)
1150          (1.97895e-10 -1.52851e-10 1.25419e-10) (1.77594e-09 -1.52971e-09 3.41775e-10) (3.43981e-09 -3.21078e-09 2.73686e-10) (5.15061e-09 -4.6867e-09 7.06638e-10) (6.98088e-09 -5.94619e-09 7.26748e-10) (8.23609e-09 -7.34637e-09 8.81767e-10) (9.4596e-09 -8.63948e-09 7.54388e-10) (1.03668e-08 -9.63006e-09 9.09303e-10) (1.15337e-08 -1.01488e-08 9.77181e-10) (1.18016e-08 -1.02406e-08 1.00067e-09) (1.17743e-08 -1.03993e-08 1.31517e-09)
1200          (1.04753e-10 -1.52707e-10 -9.59544e-11) (1.84058e-09 -1.50668e-09 -3.23795e-10) (3.37569e-09 -2.98966e-09 3.07463e-10) (4.9787e-09 -4.61531e-09 6.34031e-10) (6.91511e-09 -6.14961e-09 7.23178e-10) (8.54881e-09 -7.40225e-09 3.62779e-10) (9.35476e-09 -8.38133e-09 2.46588e-10) (1.06038e-08 -9.15693e-09 1.38585e-09) (1.14624e-08 -1.00531e-08 1.19817e-09) (1.16904e-08 -1.03017e-08 1.88504e-09) (1.18842e-08 -1.02818e-08 1.90462e-09)
1250          (9.65941e-11 -9.35772e-11 5.19527e-11) (1.66659e-09 -1.41908e-09 -4.10828e-10) (3.31776e-09 -2.80695e-09 -4.89475e-11) (5.13633e-09 -4.49344e-09 4.00506e-10) (6.87576e-09 -6.14383e-09 8.04032e-11) (8.3265e-09 -7.19025e-09 2.82325e-10) (9.66112e-09 -8.46435e-09 8.87888e-10) (1.07057e-08 -9.30601e-09 1.41576e-09) (1.14779e-08 -9.89925e-09 1.38803e-09) (1.17715e-08 -1.00459e-08 1.01494e-09) (1.20036e-08 -1.03149e-08 8.90308e-10)
1300          (1.44343e-10 -3.54523e-11 2.17209e-11) (2.03907e-09 -1.4455e-09 1.74662e-10) (3.70737e-09 -2.98242e-09 -5.76663e-11) (5.26524e-09 -4.43985e-09 -5.96483e-10) (7.0891e-09 -5.92127e-09 -4.54977e-10) (8.31175e-09 -7.56112e-09 4.30756e-11) (9.54061e-09 -8.75949e-09 -1.9851e-10) (1.06092e-08 -9.45386e-09 4.05724e-10) (1.11878e-08 -1.00149e-08 5.27212e-10) (1.16161e-08 -1.01507e-08 2.24047e-10) (1.18307e-08 -1.01328e-08 1.19888e-09)
1350          (1.01126e-10 -2.64169e-11 -1.45032e-10) (1.83998e-09 -1.29009e-09 2.57522e-10) (3.28535e-09 -2.94182e-09 3.82721e-10) (5.17127e-09 -4.38065e-09 5.55695e-10) (7.03381e-09 -6.37765e-09 1.38875e-09) (8.44942e-09 -7.84423e-09 1.52901e-09) (9.55785e-09 -8.66026e-09 1.01686e-09) (1.05005e-08 -9.48573e-09 1.0151e-09) (1.11939e-08 -1.01797e-08 1.11436e-09) (1.16997e-08 -1.04893e-08 1.54402e-09) (1.18645e-08 -1.04158e-08 9.51067e-10)
1400          (4.26867e-11 -1.50451e-10 -6.5742e-11) (1.56601e-09 -1.32521e-09 9.0764e-11) (3.30723e-09 -2.92418e-09 1.61923e-10) (5.21513e-09 -4.6416e-09 5.40543e-10) (6.85259e-09 -6.21735e-09 5.40012e-10) (8.37134e-09 -7.393e-09 1.78383e-10) (9.5163e-09 -8.59681e-09 5.71536e-10) (1.05333e-08 -9.47981e-09 3.73021e-10) (1.15818e-08 -1.01378e-08 6.46233e-10) (1.17614e-08 -1.0297e-08 2.69903e-10) (1.19829e-08 -1.0573e-08 7.70719e-10)
1450          (1.37706e-10 -8.11264e-11 2.21402e-10) (1.60522e-09 -1.39209e-09 -3.2212e-10) (3.37486e-09 -2.94668e-09 -2.17485e-11) (5.13414e-09 -4.69932e-09 2.27061e-10) (6.72173e-09 -6.06683e-09 1.95934e-10) (8.12207e-09 -7.52091e-09 4.2163e-10) (9.58774e-09 -8.75892e-09 1.57848e-09) (1.05641e-08 -9.31718e-09 1.10141e-09) (1.12548e-08 -9.90559e-09 1.72257e-09) (1.18471e-08 -1.01227e-08 1.69393e-09) (1.19428e-08 -1.01888e-08 2.52594e-09)
1500          (9.05409e-11 -1.44879e-10 -6.46247e-11) (1.71113e-09 -1.78285e-09 -3.92038e-10) (3.42758e-09 -3.27158e-09 7.63577e-10) (5.12727e-09 -4.75689e-09 7.91624e-10) (6.79717e-09 -6.19822e-09 7.14733e-10) (8.45634e-09 -7.48832e-09 5.05015e-10) (9.77109e-09 -8.46482e-09 1.07204e-09) (1.0657e-08 -9.54577e-09 1.60881e-09) (1.15069e-08 -9.72645e-09 2.01963e-09) (1.19684e-08 -1.01028e-08 1.78315e-09) (1.2017e-08 -1.00254e-08 1.62305e-09)
1550          (2.02267e-10 -9.81766e-11 -8.24985e-11) (1.93726e-09 -1.57128e-09 2.51005e-10) (3.57862e-09 -3.07429e-09 1.14817e-11) (5.09704e-09 -4.76229e-09 3.2584e-10) (6.57571e-09 -5.86913e-09 7.87938e-10) (8.42461e-09 -7.28883e-09 2.96887e-10) (9.90934e-09 -8.61678e-09 7.58955e-10) (1.09833e-08 -9.5572e-09 5.55379e-10) (1.14954e-08 -1.01558e-08 1.827e-10) (1.16247e-08 -1.02476e-08 5.67336e-10) (1.22296e-08 -1.01715e-08 1.66728e-09)
1600          (7.53505e-11 -6.27662e-11 5.2913e-11) (2.12632e-09 -1.5119e-09 2.82514e-11) (3.59668e-09 -3.24224e-09 1.62991e-10) (5.13248e-09 -4.6116e-09 7.0652e-10) (6.94069e-09 -6.08879e-09 4.58233e-10) (8.32686e-09 -7.49216e-09 1.06175e-09) (9.62732e-09 -8.60955e-09 1.97866e-09) (1.05491e-08 -9.53493e-09 1.89757e-09) (1.13833e-08 -9.971e-09 1.61211e-09) (1.19322e-08 -1.01768e-08 1.48994e-09) (1.20797e-08 -1.02875e-08 1.48837e-09)
1650          (7.81126e-11 -1.94346e-11 -5.38905e-11) (1.73524e-09 -1.34578e-09 -1.95256e-10) (3.46374e-09 -3.15961e-09 -3.28194e-10) (5.3394e-09 -4.70808e-09 -5.4911e-10) (6.70128e-09 -6.23498e-09 -1.92219e-10) (8.38496e-09 -7.78153e-09 1.45005e-10) (9.63991e-09 -8.56871e-09 6.92268e-11) (1.05899e-08 -9.35644e-09 -6.48687e-11) (1.12502e-08 -9.86369e-09 2.5216e-10) (1.1658e-08 -1.01939e-08 4.8327e-10) (1.19495e-08 -1.00361e-08 -8.38669e-11)
1700          (1.13441e-10 -7.31836e-11 -2.87835e-11) (1.55151e-09 -1.44579e-09 4.49196e-10) (3.40562e-09 -3.10089e-09 -8.40527e-11) (5.07747e-09 -4.75469e-09 -2.52251e-10) (6.89505e-09 -6.17515e-09 -3.79788e-10) (8.55482e-09 -7.60922e-09 -2.67202e-10) (9.74249e-09 -8.62676e-09 -3.16159e-10) (1.04676e-08 -9.29465e-09 -9.75542e-11) (1.14629e-08 -9.8946e-09 -4.86717e-10) (1.17243e-08 -1.00321e-08 -2.97046e-10) (1.17855e-08 -1.05267e-08 -3.6725e-11)
1750          (6.85844e-11 -1.145e-10 1.85713e-11) (1.55917e-09 -1.45544e-09 -8.38826e-10) (3.56851e-09 -3.15937e-09 -4.32281e-10) (5.25673e-09 -4.76756e-09 -5.80756e-10) (6.9687e-09 -6.1993e-09 -5.21224e-11) (8.24198e-09 -7.61477e-09 8.23887e-11) (9.6297e-09 -8.50748e-09 6.69176e-10) (1.06288e-08 -9.34911e-09 4.02723e-10) (1.14904e-08 -1.01159e-08 1.30021e-09) (1.19483e-08 -1.04507e-08 1.10737e-09) (1.20918e-08 -1.02141e-08 2.23184e-09)
1800          (1.38315e-10 4.03787e-12 -4.54297e-11) (1.84292e-09 -1.73478e-09 -1.86708e-10) (3.60839e-09 -3.06973e-09 2.54898e-10) (5.46624e-09 -4.64842e-09 4.24851e-10) (6.96707e-09 -6.11455e-09 -4.24037e-11) (8.40286e-09 -7.59472e-09 2.38402e-10) (9.69186e-09 -8.52283e-09 1.2361e-10) (1.06631e-08 -9.47674e-09 -3.0927e-10) (1.15926e-08 -1.01036e-08 6.11186e-10) (1.20336e-08 -1.03143e-08 2.73526e-10) (1.21161e-08 -1.01468e-08 6.10878e-10)
1850          (1.75037e-12 -1.379e-10 1.17189e-10) (1.81252e-09 -1.56848e-09 1.43013e-10) (3.6273e-09 -3.11924e-09 1.37001e-10) (5.25883e-09 -4.61881e-09 5.60229e-10) (6.92199e-09 -6.18616e-09 -1.9324e-11) (8.45106e-09 -7.6999e-09 8.81923e-10) (9.87011e-09 -8.8119e-09 7.46864e-10) (1.09559e-08 -9.638e-09 5.47193e-10) (1.1457e-08 -1.01129e-08 1.32263e-09) (1.1916e-08 -1.00454e-08 1.02005e-09) (1.19702e-08 -1.01573e-08 1.25657e-09)
1900          (1.42536e-10 -8.0428e-11 -1.44185e-10) (1.48236e-09 -1.59042e-09 -1.49806e-10) (3.253e-09 -3.4214e-09 9.07029e-12) (5.09999e-09 -4.78719e-09 1.09374e-10) (6.83227e-09 -6.16432e-09 4.26025e-10) (8.22215e-09 -7.64701e-09 4.2707e-10) (9.83324e-09 -8.84956e-09 2.41959e-10) (1.08236e-08 -9.51824e-09 2.36158e-10) (1.14616e-08 -9.94528e-09 2.6524e-10) (1.18814e-08 -1.01262e-08 4.63805e-10) (1.22111e-08 -1.04504e-08 1.7299e-09)
1950          (1.08298e-10 -6.50859e-11 6.56606e-11) (1.69765e-09 -1.59891e-09 -1.19286e-10) (3.65255e-09 -3.32567e-09 1.68449e-10) (5.4934e-09 -4.68501e-09 1.00838e-10) (6.76011e-09 -6.17643e-09 2.17217e-10) (8.24747e-09 -7.40378e-09 9.27527e-10) (9.75265e-09 -8.37138e-09 1.29075e-09) (1.09265e-08 -9.14783e-09 9.13013e-10) (1.14466e-08 -9.96483e-09 1.4876e-09) (1.15725e-08 -1.02834e-08 1.37019e-09) (1.20374e-08 -1.03156e-08 4.19301e-10)
2000          (1.81881e-10 -8.11373e-11 1.43362e-11) (1.84348e-09 -1.54612e-09 9.69393e-11) (3.45763e-09 -3.14529e-09 6.65817e-10) (5.21556e-09 -4.82593e-09 5.97545e-10) (7.00253e-09 -6.52357e-09 5.32763e-10) (8.39453e-09 -7.46826e-09 5.77009e-10) (9.77345e-09 -8.45619e-09 4.10735e-10) (1.08472e-08 -9.42962e-09 1.38396e-09) (1.15187e-08 -9.93858e-09 5.12642e-10) (1.18093e-08 -1.04516e-08 1.84162e-10) (1.19166e-08 -1.03506e-08 1.39488e-10)
2050          (8.07777e-11 -7.45528e-11 -1.16448e-10) (1.71941e-09 -1.55885e-09 1.56663e-10) (3.60627e-09 -3.11434e-09 9.26042e-10) (5.28327e-09 -4.6574e-09 8.14545e-10) (7.02312e-09 -6.07229e-09 7.16614e-10) (8.4018e-09 -7.5463e-09 1.10856e-09) (9.76648e-09 -8.49191e-09 8.2843e-10) (1.06094e-08 -9.45701e-09 9.93056e-10) (1.12874e-08 -9.886e-09 8.00583e-10) (1.15769e-08 -1.00054e-08 8.23458e-10) (1.19147e-08 -1.0451e-08 1.30872e-09)
2100          (8.06574e-11 -2.13203e-11 -2.62086e-11) (1.43718e-09 -1.38155e-09 4.21409e-11) (3.36287e-09 -3.24819e-09 3.88648e-10) (5.26342e-09 -4.96947e-09 4.05995e-10) (6.93758e-09 -6.37857e-09 7.7773e-11) (8.23993e-09 -7.58497e-09 5.29031e-10) (9.73699e-09 -8.59432e-09 5.90624e-10) (1.07917e-08 -9.47202e-09 6.61439e-10) (1.13359e-08 -1.01132e-08 4.82412e-10) (1.18346e-08 -1.01912e-08 8.85758e-10) (1.22186e-08 -1.02535e-08 1.02457e-09)
2150          (1.01639e-10 -6.70446e-11 2.87987e-11) (1.57782e-09 -1.72334e-09 4.40404e-10) (3.38895e-09 -3.19851e-09 1.04968e-11) (5.18401e-09 -4.94702e-09 7.79829e-10) (6.70364e-09 -6.40836e-09 8.60458e-10) (8.33218e-09 -7.54326e-09 1.44357e-09) (9.72544e-09 -8.73607e-09 1.73934e-09) (1.07093e-08 -9.73273e-09 1.38388e-09) (1.1745e-08 -9.9529e-09 1.52813e-09) (1.18103e-08 -1.01486e-08 1.68195e-09) (1.19635e-08 -1.02741e-08 4.93336e-10)
2200          (1.05207e-10 -1.22339e-10 6.42776e-11) (1.87121e-09 -1.51002e-09 -2.22253e-10) (3.53507e-09 -3.25427e-09 5.92445e-10) (5.09064e-09 -4.57692e-09 5.91968e-10) (6.82404e-09 -6.03456e-09 6.73816e-10) (8.68182e-09 -7.60944e-09 7.00197e-10) (9.95487e-09 -8.6329e-09 1.08788e-09) (1.08384e-08 -9.21077e-09 1.78165e-09) (1.16825e-08 -9.74684e-09 1.42689e-09) (1.20704e-08 -1.03239e-08 1.41578e-09) (1.22645e-08 -1.03356e-08 1.13714e-09)
2250          (3.37993e-11 -8.5849e-11 -1.27889e-10) (1.71435e-09 -1.57551e-09 1.88405e-10) (3.52594e-09 -3.09256e-09 5.65045e-11) (5.26084e-09 -4.68372e-09 6.00367e-10) (6.82517e-09 -6.27251e-09 6.79656e-10) (8.27395e-09 -7.5693e-09 1.26651e-09) (9.6899e-09 -8.47389e-09 1.3438e-09) (1.05885e-08 -9.28895e-09 1.15728e-09) (1.14872e-08 -1.01348e-08 7.60135e-10) (1.18762e-08 -1.05088e-08 8.83735e-10) (1.21027e-08 -1.04138e-08 9.28234e-10)
2300          (1.77558e-10 -3.01995e-11 3.83314e-11) (1.76928e-09 -1.48171e-09 1.13202e-10) (3.33065e-09 -3.16342e-09 1.04088e-10) (5.06485e-09 -4.63296e-09 7.23374e-10) (6.94664e-09 -6.02584e-09 6.26421e-10) (8.4157e-09 -7.50817e-09 9.69743e-10) (9.78529e-09 -8.64497e-09 8.36934e-10) (1.07822e-08 -9.59331e-09 1.96338e-10) (1.1613e-08 -1.00981e-08 1.0009e-09) (1.19663e-08 -1.01793e-08 4.47937e-10) (1.22059e-08 -1.02451e-08 9.73422e-10)
2350          (1.60611e-10 -1.30457e-10 3.46498e-11) (1.64794e-09 -1.63835e-09 -2.42584e-10) (3.44252e-09 -3.32277e-09 -5.50575e-10) (5.16636e-09 -4.58538e-09 2.58699e-10) (6.83907e-09 -6.35639e-09 6.45229e-10) (8.25244e-09 -7.33641e-09 2.59164e-10) (9.86347e-09 -8.46982e-09 3.73157e-10) (1.08898e-08 -9.32224e-09 3.79606e-10) (1.14726e-08 -1.01473e-08 -2.40655e-11) (1.18745e-08 -1.03182e-08 -4.36725e-12) (1.21559e-08 -1.03135e-08 -8.39281e-10)
2400          (1.34233e-10 1.76361e-11 -8.0022e-12) (1.76863e-09 -1.46039e-09 -1.09945e-11) (3.3195e-09 -3.22114e-09 8.23696e-10) (5.19802e-09 -4.77577e-09 6.27748e-11) (6.73643e-09 -6.36388e-09 5.02385e-10) (8.23755e-09 -7.65242e-09 2.40198e-10) (9.58248e-09 -8.7602e-09 8.40763e-10) (1.05728e-08 -9.62188e-09 1.25002e-09) (1.15189e-08 -9.93747e-09 1.80329e-09) (1.19179e-08 -1.03219e-08 1.55314e-09) (1.19946e-08 -1.02465e-08 7.6628e-10)
2450          (1.15946e-10 -1.56114e-10 -7.78681e-11) (1.75759e-09 -1.63171e-09 -2.43227e-10) (3.48937e-09 -3.02216e-09 9.4347e-11) (5.1901e-09 -4.39781e-09 5.12578e-11) (6.89216e-09 -6.15423e-09 3.6942e-10) (8.38661e-09 -7.69055e-09 5.12217e-10) (9.70184e-09 -8.72892e-09 6.88996e-10) (1.05498e-08 -9.23618e-09 1.0251e-09) (1.13213e-08 -1.00925e-08 1.05253e-09) (1.18976e-08 -1.04078e-08 1.06948e-09) (1.18808e-08 -1.0464e-08 1.51665e-09)
2500          (9.6056e-11 -3.10056e-11 5.70244e-11) (1.70742e-09 -1.36617e-09 1.36293e-10) (3.49637e-09 -3.15561e-09 -2.15623e-10) (5.10801e-09 -4.7231e-09 5.46925e-10) (6.73066e-09 -6.30577e-09 -1.15178e-10) (8.09305e-09 -7.51186e-09 -1.32859e-10) (9.62653e-09 -8.83805e-09 4.72156e-10) (1.08594e-08 -9.65496e-09 6.18076e-10) (1.15504e-08 -9.92108e-09 1.26586e-10) (1.19485e-08 -1.03165e-08 -1.60031e-10) (1.19737e-08 -1.02352e-08 -1.56388e-09)
2550          (7.01157e-11 -6.64131e-11 -3.36695e-11) (1.55423e-09 -1.59674e-09 6.84844e-10) (3.3894e-09 -3.11594e-09 -1.10376e-10) (5.15618e-09 -4.54582e-09 7.19409e-10) (6.70131e-09 -6.16856e-09 1.68407e-09) (8.31537e-09 -7.30975e-09 1.50689e-09) (9.65212e-09 -8.49961e-09 2.31195e-09) (1.08209e-08 -9.60826e-09 2.47468e-09) (1.11333e-08 -1.011e-08 2.82591e-09) (1.16875e-08 -1.02303e-08 2.68693e-09) (1.1969e-08 -1.02905e-08 2.36191e-09)
2600          (6.5405e-11 4.65248e-11 5.7898e-11) (1.6733e-09 -1.44201e-09 1.38819e-10) (3.28148e-09 -3.09539e-09 3.8723e-10) (4.93882e-09 -4.45749e-09 2.49627e-10) (6.81072e-09 -6.14875e-09 1.30304e-10) (8.32825e-09 -7.64276e-09 3.64932e-10) (9.41729e-09 -8.7587e-09 3.20894e-10) (1.0546e-08 -9.66682e-09 8.00932e-10) (1.11727e-08 -9.98825e-09 1.11985e-09) (1.16906e-08 -1.00916e-08 7.87521e-10) (1.20167e-08 -1.04625e-08 7.42415e-10)
2650          (1.30217e-10 -6.16287e-11 2.47259e-11) (1.7075e-09 -1.54419e-09 4.68069e-10) (3.63007e-09 -3.09319e-09 1.12405e-09) (5.18215e-09 -4.68318e-09 9.37608e-10) (6.87863e-09 -6.29237e-09 1.19659e-09) (8.21383e-09 -7.68144e-09 1.17177e-09) (9.64526e-09 -8.7295e-09 1.86676e-09) (1.0795e-08 -9.50991e-09 2.00575e-09) (1.15785e-08 -9.94785e-09 1.91577e-09) (1.17779e-08 -1.00758e-08 1.71528e-09) (1.19289e-08 -1.02337e-08 1.33645e-09)
2700          (1.16533e-10 -1.61386e-10 2.0217e-10) (1.65858e-09 -1.38081e-09 2.09679e-10) (3.42518e-09 -3.03497e-09 4.64768e-10) (5.13978e-09 -4.51335e-09 3.96783e-10) (6.74495e-09 -6.15356e-09 5.51194e-10) (8.10948e-09 -7.55281e-09 9.37838e-10) (9.59322e-09 -8.82525e-09 7.34762e-10) (1.06702e-08 -9.62053e-09 8.32092e-10) (1.15434e-08 -1.03097e-08 7.49493e-10) (1.18392e-08 -1.04827e-08 1.38771e-09) (1.21358e-08 -1.02424e-08 1.20482e-09)
2750          (5.66102e-11 -3.91059e-11 -1.37777e-11) (1.60414e-09 -1.47192e-09 5.22475e-10) (3.56811e-09 -3.02474e-09 7.1248e-10) (5.08804e-09 -4.68979e-09 5.57709e-10) (6.76268e-09 -6.23744e-09 8.40704e-10) (8.35812e-09 -7.48561e-09 8.95812e-10) (9.53798e-09 -8.57681e-09 5.21832e-10) (1.07718e-08 -9.27466e-09 1.46689e-10) (1.15295e-08 -9.89935e-09 4.94839e-10) (1.19608e-08 -1.02856e-08 6.42815e-10) (1.19184e-08 -1.0348e-08 -1.87319e-10)
2800          (1.1365e-10 -1.22529e-10 7.53107e-11) (1.54712e-09 -1.48135e-09 -3.36501e-10) (3.55819e-09 -3.01156e-09 -4.72736e-10) (5.02827e-09 -4.66916e-09 -7.18867e-10) (6.5429e-09 -6.15324e-09 -6.64453e-10) (8.24629e-09 -7.51203e-09 -9.01266e-10) (9.65616e-09 -8.65771e-09 -6.8619e-10) (1.06612e-08 -9.09223e-09 -6.06316e-10) (1.14822e-08 -9.9487e-09 -2.84622e-10) (1.18725e-08 -1.02887e-08 -7.67214e-11) (1.21731e-08 -1.04289e-08 -1.32321e-09)
2850          (8.45045e-11 -7.72173e-11 1.6249e-10) (1.82454e-09 -1.49554e-09 -1.06491e-10) (3.46222e-09 -3.34337e-09 4.88825e-10) (5.17299e-09 -4.77453e-09 7.39989e-10) (6.73399e-09 -6.15429e-09 5.50644e-10) (8.19459e-09 -7.74798e-09 1.36312e-10) (9.67269e-09 -8.92115e-09 2.16417e-10) (1.07641e-08 -9.52189e-09 4.1843e-10) (1.14396e-08 -9.9865e-09 6.96713e-10) (1.18156e-08 -1.02845e-08 1.24485e-09) (1.20884e-08 -1.03415e-08 1.13848e-09)
2900          (7.86468e-11 -1.91482e-12 1.0399e-10) (1.75082e-09 -1.40753e-09 2.70255e-10) (3.64327e-09 -3.01767e-09 4.64746e-10) (4.95343e-09 -4.71182e-09 4.86583e-10) (6.98511e-09 -6.05666e-09 7.11393e-10) (8.47282e-09 -7.56209e-09 7.02372e-10) (9.86823e-09 -8.63766e-09 9.89077e-10) (1.06006e-08 -9.63324e-09 1.61636e-09) (1.12756e-08 -1.00068e-08 1.1044e-09) (1.17414e-08 -1.02441e-08 1.55271e-09) (1.19596e-08 -1.03459e-08 2.00836e-09)
2950          (3.36541e-11 -2.92408e-11 -8.21836e-11) (1.62355e-09 -1.52825e-09 3.32325e-10) (3.36693e-09 -3.22291e-09 7.20824e-10) (5.06012e-09 -4.86487e-09 -2.59236e-10) (6.74909e-09 -6.19271e-09 4.01644e-11) (8.46969e-09 -7.5373e-09 5.13075e-10) (9.63596e-09 -8.58041e-09 3.02863e-10) (1.05273e-08 -9.19229e-09 3.99042e-10) (1.15943e-08 -9.76037e-09 3.58476e-10) (1.21059e-08 -1.02183e-08 3.63207e-10) (1.21358e-08 -1.02412e-08 -8.30679e-10)
3000          (7.65269e-11 -5.70752e-12 4.90715e-11) (1.48436e-09 -1.1783e-09 4.24521e-10) (3.38251e-09 -2.99956e-09 9.05766e-10) (5.36617e-09 -4.65769e-09 1.25213e-09) (6.98653e-09 -6.20416e-09 1.14813e-09) (8.50305e-09 -7.46896e-09 1.17388e-09) (9.6886e-09 -8.52921e-09 2.099e-09) (1.07143e-08 -9.37774e-09 2.39143e-09) (1.15912e-08 -1.00054e-08 2.09035e-09) (1.19729e-08 -1.02711e-08 1.88837e-09) (1.19895e-08 -1.04698e-08 2.44081e-09)
3050          (9.21853e-11 -4.58918e-11 -5.16237e-12) (1.70154e-09 -1.45828e-09 3.83583e-11) (3.63708e-09 -3.08704e-09 2.04361e-10) (5.20235e-09 -4.54093e-09 7.75588e-10) (7.12629e-09 -5.86079e-09 5.6012e-10) (8.331e-09 -7.49325e-09 6.87904e-10) (9.66256e-09 -8.68784e-09 6.86873e-10) (1.07944e-08 -9.50528e-09 1.0675e-09) (1.14444e-08 -1.01123e-08 1.42932e-09) (1.19157e-08 -1.0466e-08 1.60549e-09) (1.21645e-08 -1.03096e-08 2.3108e-09)
3100          (1.04325e-10 -1.94937e-10 4.52493e-11) (1.90355e-09 -1.64748e-09 1.89674e-10) (3.69209e-09 -3.24092e-09 3.35777e-10) (5.20154e-09 -4.75082e-09 2.85812e-11) (6.8827e-09 -6.35775e-09 7.7762e-10) (8.23254e-09 -7.58879e-09 -8.75002e-11) (9.5474e-09 -8.71565e-09 6.59787e-10) (1.07136e-08 -9.30358e-09 3.71965e-10) (1.14314e-08 -1.02867e-08 6.81983e-10) (1.19844e-08 -1.04493e-08 6.82527e-10) (1.19863e-08 -1.02573e-08 1.34468e-09)
3150          (5.66292e-11 -8.24965e-11 1.8703e-10) (1.7409e-09 -1.3697e-09 -2.73662e-10) (3.56168e-09 -2.95104e-09 2.93197e-10) (5.30263e-09 -4.52431e-09 5.49114e-10) (6.97209e-09 -6.33888e-09 7.2763e-11) (8.53325e-09 -7.56627e-09 7.89544e-10) (9.47378e-09 -8.76514e-09 1.26281e-09) (1.04748e-08 -9.76702e-09 1.48658e-09) (1.15992e-08 -1.00847e-08 1.28496e-09) (1.16842e-08 -1.03969e-08 1.57315e-09) (1.20402e-08 -1.03843e-08 1.15358e-09)
3200          (1.48938e-10 -2.86166e-11 -1.60194e-11) (1.7076e-09 -1.53843e-09 -1.79957e-10) (3.4871e-09 -3.27526e-09 2.84496e-10) (5.31481e-09 -4.76496e-09 -2.6579e-11) (6.85153e-09 -6.04501e-09 -4.67996e-11) (8.13332e-09 -7.72643e-09 3.54859e-11) (9.69496e-09 -8.68171e-09 3.49524e-10) (1.05922e-08 -9.4907e-09 2.42351e-10) (1.16084e-08 -1.00045e-08 6.18612e-10) (1.18808e-08 -1.05202e-08 9.70208e-10) (1.21327e-08 -1.04432e-08 1.6053e-09)
3250          (7.90808e-11 -6.30602e-12 -5.95494e-11) (1.50047e-09 -1.30297e-09 -9.39264e-12) (3.40069e-09 -3.10628e-09 -4.87225e-10) (5.1612e-09 -4.79358e-09 -9.36991e-10) (6.90107e-09 -6.27141e-09 4.80485e-10) (8.21848e-09 -7.36735e-09 -9.71331e-11) (9.55823e-09 -8.52326e-09 2.31695e-10) (1.06537e-08 -9.30725e-09 -1.44943e-10) (1.1454e-08 -9.78595e-09 8.61817e-10) (1.20654e-08 -1.01244e-08 1.40819e-09) (1.21818e-08 -1.01111e-08 1.03584e-09)
3300          (1.69541e-10 -4.4414e-11 2.73174e-11) (1.66112e-09 -1.63331e-09 1.13238e-10) (3.42117e-09 -3.19999e-09 3.50672e-10) (5.26239e-09 -4.67292e-09 4.86401e-10) (6.93206e-09 -6.1119e-09 1.26073e-09) (8.38136e-09 -7.57076e-09 5.52013e-10) (9.69537e-09 -8.57366e-09 1.11107e-09) (1.0615e-08 -9.69404e-09 1.09479e-09) (1.14665e-08 -1.01965e-08 8.03762e-10) (1.19204e-08 -1.02875e-08 6.26954e-10) (1.20693e-08 -1.01764e-08 -1.13182e-09)
3350          (1.16393e-10 -1.55198e-10 1.42884e-10) (1.7933e-09 -1.4687e-09 -1.1488e-10) (3.21898e-09 -3.10752e-09 -1.51386e-10) (5.18827e-09 -4.55799e-09 -3.16155e-10) (6.90766e-09 -6.226e-09 5.31117e-10) (8.23349e-09 -7.54326e-09 4.48913e-10) (9.87343e-09 -8.48225e-09 1.21665e-09) (1.08806e-08 -9.48246e-09 1.63159e-09) (1.1429e-08 -1.00271e-08 1.88221e-09) (1.17239e-08 -1.04295e-08 1.95122e-09) (1.21203e-08 -1.05379e-08 1.94906e-09)
3400          (1.62803e-10 -1.05841e-10 2.61396e-12) (1.89227e-09 -1.44187e-09 -4.14227e-10) (3.48071e-09 -3.11105e-09 4.06709e-10) (5.19361e-09 -4.56172e-09 1.73378e-10) (6.81026e-09 -6.09278e-09 2.87897e-10) (8.47044e-09 -7.53182e-09 4.06042e-10) (9.58154e-09 -8.52473e-09 5.61969e-10) (1.05662e-08 -9.40327e-09 7.17042e-10) (1.15408e-08 -9.95415e-09 1.47969e-09) (1.19692e-08 -1.02882e-08 1.20006e-09) (1.22364e-08 -1.03789e-08 2.08972e-09)
3450          (7.5499e-11 -6.7127e-11 8.36335e-11) (1.60819e-09 -1.55769e-09 -1.69479e-10) (3.62145e-09 -3.15434e-09 5.77447e-10) (5.35037e-09 -4.61122e-09 5.47741e-10) (7.16267e-09 -6.16046e-09 6.86951e-10) (8.2552e-09 -7.52547e-09 9.06262e-10) (9.62971e-09 -8.51401e-09 2.04839e-10) (1.07076e-08 -9.23054e-09 8.23424e-10) (1.15766e-08 -9.96496e-09 9.42739e-10) (1.20013e-08 -1.01637e-08 8.49655e-10) (1.19866e-08 -1.02111e-08 4.50953e-10)
3500          (1.1654e-10 9.96297e-12 -2.0539e-11) (1.67798e-09 -1.2706e-09 -4.03202e-10) (3.30582e-09 -3.16253e-09 -7.14638e-10) (5.1198e-09 -4.57713e-09 -1.46562e-10) (6.86437e-09 -6.05188e-09 6.49041e-11) (8.46274e-09 -7.45765e-09 -2.37539e-10) (9.85094e-09 -8.46447e-09 4.3297e-10) (1.06218e-08 -9.30925e-09 2.8926e-10) (1.1408e-08 -9.7772e-09 1.60628e-10) (1.16692e-08 -1.04128e-08 3.32904e-10) (1.18514e-08 -1.02702e-08 7.97578e-10)
3550          (1.02484e-10 -6.15279e-11 -4.52268e-11) (1.60692e-09 -1.52828e-09 4.00389e-10) (3.43755e-09 -3.00315e-09 9.82627e-10) (5.38839e-09 -4.46975e-09 1.5156e-09) (6.79511e-09 -5.90959e-09 1.52968e-09) (8.4168e-09 -7.06792e-09 1.49087e-09) (9.65456e-09 -8.34307e-09 1.81532e-09) (1.05425e-08 -9.44764e-09 1.60581e-09) (1.13173e-08 -1.00909e-08 2.33569e-09) (1.18765e-08 -1.04937e-08 2.50435e-09) (1.19954e-08 -1.03214e-08 3.79282e-09)
3600          (1.57706e-10 -1.50915e-10 5.48699e-11) (1.80837e-09 -1.48475e-09 1.78323e-11) (3.64804e-09 -3.30558e-09 6.42073e-10) (5.26561e-09 -4.39467e-09 7.77536e-10) (6.94868e-09 -6.1932e-09 2.71992e-10) (8.51321e-09 -7.8464e-09 7.49641e-10) (9.71891e-09 -8.97307e-09 1.0849e-09) (1.07126e-08 -9.53851e-09 1.58177e-09) (1.13437e-08 -9.96902e-09 1.89172e-09) (1.19271e-08 -1.03965e-08 1.81576e-09) (1.19541e-08 -1.02463e-08 2.23597e-09)
3650          (9.75688e-11 -1.77159e-11 -5.1183e-11) (1.92879e-09 -1.29775e-09 3.17701e-10) (3.36815e-09 -3.00677e-09 -9.62348e-12) (5.07753e-09 -4.72857e-09 -3.52909e-10) (6.8334e-09 -6.37134e-09 1.02413e-10) (8.20355e-09 -7.37985e-09 2.2226e-10) (9.66896e-09 -8.85606e-09 3.18257e-10) (1.08235e-08 -9.51788e-09 4.5161e-10) (1.14399e-08 -1.00966e-08 3.31738e-10) (1.20427e-08 -1.03517e-08 6.46805e-10) (1.21754e-08 -1.0352e-08 1.43101e-09)
3700          (1.1574e-10 -1.45821e-10 1.67622e-10) (1.67251e-09 -1.51362e-09 -1.7876e-10) (3.47118e-09 -2.84913e-09 -1.88445e-10) (5.11166e-09 -4.52132e-09 -4.95929e-10) (6.88762e-09 -6.13697e-09 -4.57705e-10) (8.26919e-09 -7.38845e-09 -5.75939e-11) (9.78246e-09 -8.50648e-09 -8.01726e-10) (1.0697e-08 -9.51715e-09 -1.97781e-10) (1.13437e-08 -1.01779e-08 -2.10827e-10) (1.19813e-08 -1.04281e-08 -1.70548e-10) (1.2126e-08 -1.03395e-08 1.0015e-09)
3750          (4.42034e-11 2.31062e-11 -1.96008e-11) (1.85043e-09 -1.37364e-09 1.63677e-10) (3.55238e-09 -3.23259e-09 -1.63634e-10) (5.18454e-09 -4.62069e-09 2.72588e-10) (6.7125e-09 -6.10411e-09 -1.52169e-10) (8.26886e-09 -7.30376e-09 3.72994e-11) (9.44126e-09 -8.75535e-09 4.27963e-10) (1.07566e-08 -9.39276e-09 9.61504e-10) (1.15413e-08 -1.02363e-08 1.15476e-09) (1.19837e-08 -1.02817e-08 1.23092e-09) (1.21519e-08 -1.03664e-08 1.14982e-10)
3800          (1.08759e-10 -6.53959e-11 1.06375e-11) (1.69964e-09 -1.17786e-09 1.667e-11) (3.31692e-09 -2.89702e-09 1.44672e-10) (5.15193e-09 -4.89303e-09 -1.70021e-10) (6.74937e-09 -6.20787e-09 8.38178e-10) (8.27589e-09 -7.24549e-09 6.17486e-10) (9.49264e-09 -8.50114e-09 1.017e-09) (1.05595e-08 -9.2909e-09 1.39773e-09) (1.14763e-08 -1.00001e-08 2.04763e-09) (1.19236e-08 -1.017e-08 1.49707e-09) (1.19899e-08 -1.02004e-08 2.38629e-09)
3850          (1.65011e-10 -5.30945e-11 -2.09423e-11) (1.59778e-09 -1.57712e-09 7.21563e-12) (3.59893e-09 -2.91194e-09 2.75779e-10) (4.97872e-09 -4.522e-09 2.40758e-10) (6.67091e-09 -6.13255e-09 2.97089e-10) (8.3521e-09 -7.52747e-09 7.79913e-10) (9.68227e-09 -8.56734e-09 3.06765e-10) (1.10549e-08 -9.43755e-09 1.07294e-09) (1.13425e-08 -9.99878e-09 1.89523e-10) (1.16538e-08 -1.01989e-08 7.93932e-10) (1.22726e-08 -1.01508e-08 1.79887e-09)
3900          (2.3671e-10 -1.02006e-10 -1.86132e-11) (1.824e-09 -1.79747e-09 -6.51544e-11) (3.46457e-09 -3.2301e-09 -6.17586e-10) (5.11209e-09 -4.74963e-09 -2.37288e-10) (6.96929e-09 -6.36215e-09 -6.14235e-11) (8.35854e-09 -7.59287e-09 -2.46875e-10) (9.58676e-09 -8.7439e-09 -1.38791e-10) (1.07294e-08 -9.62211e-09 2.17403e-10) (1.16662e-08 -1.00132e-08 -1.38725e-11) (1.18478e-08 -1.03243e-08 1.71291e-10) (1.19953e-08 -1.01643e-08 -1.53124e-10)
3950          (1.04063e-10 -1.81525e-10 1.49012e-10) (1.70111e-09 -1.74842e-09 1.92734e-10) (3.50932e-09 -3.23373e-09 -3.34203e-11) (5.19335e-09 -4.56034e-09 3.69765e-10) (6.7812e-09 -6.01355e-09 1.20414e-10) (8.20219e-09 -7.47661e-09 1.18875e-10) (9.70025e-09 -8.54063e-09 3.95585e-12) (1.08724e-08 -9.41359e-09 4.00716e-10) (1.13902e-08 -9.94997e-09 5.31047e-10) (1.17011e-08 -1.00386e-08 4.21484e-10) (1.2035e-08 -1.02168e-08 1.47177e-09)
4000          (6.76373e-11 -1.22266e-10 1.09875e-10) (1.84401e-09 -1.35542e-09 7.29195e-10) (3.67025e-09 -2.97935e-09 5.04351e-10) (5.29812e-09 -4.65214e-09 1.11462e-09) (7.08571e-09 -6.22328e-09 1.10904e-09) (8.56826e-09 -7.35039e-09 8.96606e-10) (9.86373e-09 -8.64209e-09 2.56865e-10) (1.06761e-08 -9.54522e-09 -1.32549e-10) (1.13889e-08 -9.76665e-09 1.25559e-11) (1.20331e-08 -1.02687e-08 7.48187e-10) (1.18871e-08 -1.02327e-08 2.51473e-09)
4050          (1.09508e-10 -2.79616e-11 3.53785e-11) (1.63926e-09 -1.63823e-09 4.66666e-10) (3.38145e-09 -3.12933e-09 7.87949e-10) (5.20607e-09 -4.70137e-09 4.67814e-10) (7.02219e-09 -6.09523e-09 1.01916e-09) (8.32135e-09 -7.58372e-09 1.09785e-09) (9.70094e-09 -8.41537e-09 1.61437e-09) (1.07156e-08 -9.34226e-09 1.71808e-09) (1.15617e-08 -1.00247e-08 1.81404e-09) (1.21784e-08 -1.00771e-08 1.88739e-09) (1.20601e-08 -1.02207e-08 2.24543e-09)
4100          (1.0197e-10 -1.00013e-10 -1.04133e-10) (1.75621e-09 -1.51008e-09 4.87721e-10) (3.36998e-09 -2.86409e-09 2.7099e-10) (5.214e-09 -4.49898e-09 -5.88353e-11) (6.81174e-09 -6.26743e-09 2.06445e-10) (8.38199e-09 -7.54837e-09 3.15643e-10) (9.63052e-09 -8.37789e-09 2.26715e-10) (1.0801e-08 -9.34488e-09 6.19735e-12) (1.16186e-08 -1.0135e-08 -1.1665e-10) (1.21225e-08 -1.01296e-08 3.60766e-10) (1.20602e-08 -1.02226e-08 -5.93128e-10)
4150          (1.07819e-10 -1.34198e-10 1.72442e-10) (1.56195e-09 -1.69597e-09 4.33303e-10) (3.38411e-09 -3.0929e-09 6.0845e-10) (5.23661e-09 -4.88271e-09 6.54771e-10) (6.89988e-09 -6.37863e-09 6.14736e-10) (8.39575e-09 -7.45019e-09 1.35427e-09) (9.62544e-09 -8.60226e-09 1.9108e-09) (1.08224e-08 -9.43701e-09 2.33465e-09) (1.1498e-08 -9.94818e-09 2.35738e-09) (1.20343e-08 -1.03173e-08 2.76416e-09) (1.21031e-08 -1.02274e-08 3.82815e-09)
4200          (6.75246e-11 -6.25259e-11 -5.20785e-11) (1.63964e-09 -1.55183e-09 5.7053e-10) (3.38214e-09 -3.11068e-09 7.98302e-11) (5.26581e-09 -4.79955e-09 -3.78251e-11) (7.06012e-09 -6.14777e-09 2.10802e-10) (8.26204e-09 -7.4949e-09 4.6214e-10) (9.85204e-09 -8.43804e-09 4.06736e-11) (1.06161e-08 -9.28625e-09 4.7006e-10) (1.14928e-08 -9.77431e-09 8.9197e-10) (1.19316e-08 -1.02353e-08 1.38952e-09) (1.2038e-08 -1.01177e-08 1.61389e-09)
4250          (5.56947e-11 -7.10139e-11 1.52158e-10) (1.7004e-09 -1.54723e-09 3.55873e-10) (3.42457e-09 -3.28506e-09 1.92461e-10) (5.12494e-09 -4.4541e-09 9.68152e-10) (6.83853e-09 -6.10148e-09 1.46233e-09) (8.26053e-09 -7.66248e-09 1.90592e-09) (9.59558e-09 -8.74594e-09 2.01962e-09) (1.03503e-08 -9.55256e-09 2.98291e-09) (1.13615e-08 -1.00887e-08 2.44493e-09) (1.19214e-08 -1.01051e-08 2.4404e-09) (1.18287e-08 -1.03408e-08 4.14329e-09)
4300          (2.12172e-11 -2.29967e-11 5.63447e-11) (1.64105e-09 -1.49437e-09 7.34286e-11) (3.47185e-09 -3.2631e-09 2.10714e-10) (5.35711e-09 -4.55835e-09 5.74186e-10) (7.018e-09 -6.16932e-09 -1.42578e-10) (8.34597e-09 -7.59816e-09 5.40026e-10) (9.76314e-09 -8.75124e-09 2.6444e-10) (1.0684e-08 -9.34521e-09 9.64586e-10) (1.15861e-08 -9.78655e-09 9.08333e-11) (1.17439e-08 -1.01053e-08 4.7594e-10) (1.1941e-08 -1.03296e-08 2.21981e-10)
4350          (1.00443e-10 -6.3745e-11 1.14035e-10) (1.85986e-09 -1.70958e-09 -4.5067e-11) (3.38634e-09 -3.16864e-09 -4.29973e-10) (4.93124e-09 -4.53273e-09 3.59588e-12) (6.60956e-09 -6.09462e-09 -5.65889e-11) (8.29567e-09 -7.5547e-09 2.42062e-10) (9.65568e-09 -8.70715e-09 2.98105e-10) (1.05314e-08 -9.7349e-09 5.01759e-10) (1.14415e-08 -1.0213e-08 1.09891e-09) (1.17714e-08 -1.03534e-08 1.02193e-09) (1.19136e-08 -1.02476e-08 1.32908e-09)
4400          (9.03633e-11 -9.81302e-11 6.40345e-11) (1.60831e-09 -1.46258e-09 4.66877e-11) (3.43412e-09 -3.25246e-09 3.21565e-10) (5.24538e-09 -4.74507e-09 5.46141e-10) (6.83429e-09 -6.35814e-09 6.9405e-10) (8.20845e-09 -7.66213e-09 4.2243e-10) (9.64053e-09 -8.70827e-09 1.05832e-09) (1.07372e-08 -9.42885e-09 1.04434e-09) (1.1485e-08 -1.00705e-08 8.82251e-10) (1.18046e-08 -1.01466e-08 1.13071e-09) (1.20003e-08 -1.01221e-08 1.95731e-09)
4450          (1.49288e-10 -1.06872e-10 1.92134e-11) (1.56576e-09 -1.60509e-09 -3.73588e-11) (3.49643e-09 -3.07957e-09 3.49122e-10) (5.34214e-09 -4.63966e-09 4.46802e-10) (7.01361e-09 -6.14872e-09 -2.48649e-10) (8.239e-09 -7.55607e-09 -2.80754e-10) (9.64551e-09 -8.59551e-09 -6.0242e-10) (1.07159e-08 -9.37725e-09 -3.17065e-10) (1.14181e-08 -1.01236e-08 2.06368e-10) (1.19121e-08 -1.03427e-08 6.56767e-10) (1.20673e-08 -1.0249e-08 4.89047e-10)
4500          (1.54527e-10 -7.29286e-11 2.08925e-10) (2.04616e-09 -1.53004e-09 -2.32527e-10) (3.56651e-09 -2.96833e-09 2.88694e-10) (5.2059e-09 -4.39808e-09 4.12146e-10) (7.06653e-09 -5.8627e-09 6.93705e-10) (8.64201e-09 -7.46427e-09 3.48755e-10) (9.8284e-09 -8.66973e-09 5.70026e-10) (1.06527e-08 -9.57803e-09 4.24108e-10) (1.14965e-08 -9.85064e-09 2.9639e-10) (1.17808e-08 -1.02127e-08 4.69042e-10) (1.20549e-08 -1.01379e-08 -5.11386e-11)
4550          (6.69559e-11 -8.99524e-11 3.58605e-11) (1.76086e-09 -1.67703e-09 2.68943e-10) (3.47472e-09 -3.20375e-09 4.31589e-10) (5.00593e-09 -4.6134e-09 3.10982e-12) (6.99424e-09 -6.14143e-09 4.54422e-10) (8.7048e-09 -7.51327e-09 7.5736e-10) (9.74705e-09 -8.59936e-09 5.90735e-10) (1.06869e-08 -9.40921e-09 1.02759e-09) (1.14401e-08 -9.9526e-09 1.37948e-09) (1.17632e-08 -1.02406e-08 1.75459e-09) (1.20524e-08 -1.05132e-08 1.15335e-09)
4600          (5.93949e-11 -9.32492e-11 6.67753e-11) (1.34012e-09 -1.74765e-09 7.41568e-10) (3.44152e-09 -3.21548e-09 1.7767e-10) (5.39921e-09 -4.63426e-09 6.92067e-10) (6.93747e-09 -6.10134e-09 6.72797e-10) (8.45755e-09 -7.62589e-09 7.15365e-10) (9.72353e-09 -8.45968e-09 1.05141e-09) (1.06468e-08 -9.37888e-09 1.42935e-09) (1.16357e-08 -9.8913e-09 1.35327e-09) (1.18866e-08 -1.03567e-08 2.05123e-09) (1.20135e-08 -1.04246e-08 2.13638e-09)
4650          (1.1955e-10 -4.51489e-12 6.19951e-11) (2.04103e-09 -1.78014e-09 5.85417e-11) (3.57828e-09 -3.26584e-09 3.65869e-10) (5.20007e-09 -4.66488e-09 -8.02978e-14) (6.934e-09 -6.11316e-09 2.65627e-10) (8.45198e-09 -7.58898e-09 -7.9574e-11) (9.68522e-09 -8.74267e-09 -2.00007e-10) (1.08807e-08 -9.31291e-09 -4.98765e-10) (1.16017e-08 -9.80334e-09 3.63886e-10) (1.21741e-08 -1.01897e-08 -2.05916e-10) (1.21615e-08 -1.01639e-08 -1.17614e-09)
4700          (6.4443e-11 -1.0953e-10 6.38086e-11) (1.57993e-09 -1.49447e-09 2.15165e-10) (3.46855e-09 -3.02115e-09 1.6454e-10) (5.13781e-09 -4.71633e-09 7.99856e-10) (6.80889e-09 -6.25605e-09 4.45614e-10) (8.35687e-09 -7.81819e-09 8.24862e-10) (9.68192e-09 -8.84271e-09 7.31249e-10) (1.09284e-08 -9.49573e-09 1.99951e-10) (1.15914e-08 -1.00163e-08 5.86353e-10) (1.18125e-08 -1.01183e-08 2.36216e-10) (1.20563e-08 -1.03568e-08 1.65415e-10)
4750          (1.33655e-10 -5.24408e-11 -2.37683e-11) (1.85656e-09 -1.77873e-09 3.6375e-10) (3.4981e-09 -3.02556e-09 3.21963e-10) (5.4134e-09 -4.73262e-09 6.84568e-10) (6.9777e-09 -6.22458e-09 8.42663e-10) (8.39978e-09 -7.39779e-09 1.69795e-09) (9.81084e-09 -8.83746e-09 1.29315e-09) (1.05857e-08 -9.47218e-09 1.96903e-09) (1.14284e-08 -1.00681e-08 1.79367e-09) (1.21328e-08 -1.02746e-08 1.95675e-09) (1.21966e-08 -1.02494e-08 2.30596e-09)
4800          (6.38091e-11 -1.06774e-10 1.62413e-10) (1.61266e-09 -1.7494e-09 -1.53383e-10) (3.3452e-09 -2.98733e-09 -2.1428e-10) (5.27298e-09 -4.86886e-09 -4.85095e-10) (6.96353e-09 -6.21151e-09 5.9414e-10) (8.66907e-09 -7.64858e-09 2.42257e-10) (9.95781e-09 -8.63548e-09 2.46787e-10) (1.08664e-08 -9.64461e-09 6.43158e-10) (1.12358e-08 -1.01102e-08 8.33356e-10) (1.18252e-08 -1.03719e-08 1.30789e-09) (1.21179e-08 -1.03785e-08 4.77781e-10)
4850          (1.12096e-10 -1.15717e-10 4.03698e-11) (1.70284e-09 -1.77847e-09 -1.80769e-10) (3.42542e-09 -3.18223e-09 -2.4954e-10) (5.14765e-09 -4.64691e-09 -2.26622e-10) (6.94426e-09 -6.47299e-09 1.32551e-10) (8.31535e-09 -7.6322e-09 1.47026e-10) (9.72981e-09 -8.74587e-09 2.17115e-11) (1.0707e-08 -9.67415e-09 -2.05068e-10) (1.16061e-08 -9.9902e-09 -2.1379e-10) (1.1774e-08 -1.02729e-08 -7.35209e-10) (1.19919e-08 -1.03967e-08 -6.3611e-10)
4900          (1.00134e-10 -1.45976e-10 -1.27072e-10) (1.85843e-09 -1.60706e-09 -2.42638e-10) (3.6103e-09 -3.07477e-09 1.41036e-10) (5.25718e-09 -4.51984e-09 1.1731e-09) (6.83861e-09 -6.0036e-09 9.28407e-10) (8.51423e-09 -7.27712e-09 3.78499e-10) (9.69704e-09 -8.37415e-09 9.18976e-10) (1.06485e-08 -9.52128e-09 6.50392e-10) (1.13881e-08 -1.01488e-08 3.96522e-10) (1.18634e-08 -1.03161e-08 2.50661e-10) (1.17453e-08 -1.04852e-08 -8.70576e-10)
4950          (1.8397e-10 -1.22495e-10 -6.41943e-11) (1.95697e-09 -1.61965e-09 -1.39304e-10) (3.48508e-09 -3.07247e-09 -1.58963e-10) (5.15803e-09 -4.67244e-09 6.04834e-10) (6.76771e-09 -6.21191e-09 7.94194e-10) (8.82929e-09 -7.61717e-09 7.83889e-10) (9.84655e-09 -8.67443e-09 8.52857e-10) (1.05105e-08 -9.38324e-09 1.4004e-09) (1.1335e-08 -1.00723e-08 1.22506e-09) (1.18477e-08 -1.0427e-08 1.70058e-09) (1.1955e-08 -1.04504e-08 2.00695e-09)
5000          (1.09307e-10 -9.35191e-11 1.04355e-10) (1.73989e-09 -1.57248e-09 1.60036e-10) (3.39189e-09 -3.22506e-09 3.7903e-10) (5.20629e-09 -4.77028e-09 1.2619e-10) (6.61529e-09 -6.08638e-09 7.12421e-10) (8.25424e-09 -7.45978e-09 9.71577e-10) (9.70434e-09 -8.62398e-09 -1.09141e-10) (1.07055e-08 -9.47923e-09 1.16452e-09) (1.12763e-08 -9.81064e-09 8.13461e-10) (1.17963e-08 -1.00381e-08 1.16236e-09) (1.19066e-08 -1.03982e-08 2.93013e-09)
