0 	27.9548 	118139 	118139 	1.07247 	383.517 	0.476401 	2.00013e+08 	407.633
8.08081e-05 	28.0529 	118052 	118052 	1.06854 	384.638 	0.476401 	2.00014e+08 	408.757
0.000161616 	28.151 	117965 	117965 	1.06462 	385.76 	0.476401 	2.00014e+08 	409.88
0.000242424 	28.249 	117878 	117878 	1.0607 	386.881 	0.476401 	2.00014e+08 	411.004
0.000323232 	28.3471 	117791 	117791 	1.05677 	388.002 	0.476401 	2.00015e+08 	412.127
0.00040404 	28.4452 	117704 	117704 	1.05285 	389.123 	0.476401 	2.00015e+08 	413.251
0.000484848 	28.5433 	117617 	117617 	1.04892 	390.244 	0.476401 	2.00015e+08 	414.374
0.000565657 	28.6414 	117530 	117530 	1.045 	391.365 	0.476401 	2.00016e+08 	415.498
0.000646465 	28.7395 	117443 	117443 	1.04108 	392.487 	0.476401 	2.00016e+08 	416.621
0.000727273 	28.8375 	117356 	117356 	1.03715 	393.608 	0.476401 	2.00016e+08 	417.745
0.000808081 	28.9356 	117269 	117269 	1.03323 	394.729 	0.476401 	2.00017e+08 	418.868
0.000888889 	29.0337 	117182 	117182 	1.02931 	395.85 	0.476401 	2.00017e+08 	419.992
0.000969697 	29.1318 	117095 	117095 	1.02538 	396.971 	0.476401 	2.00017e+08 	421.115
0.00105051 	29.2358 	117003 	117003 	1.02173 	398.094 	0.476401 	2.00018e+08 	422.239
0.00113131 	29.3434 	116908 	116908 	1.01825 	399.218 	0.476401 	2.00018e+08 	423.364
0.00121212 	29.451 	116813 	116813 	1.01477 	400.342 	0.476401 	2.00019e+08 	424.488
0.00129293 	29.5586 	116718 	116718 	1.01128 	401.466 	0.476401 	2.0002e+08 	425.613
0.00137374 	29.6663 	116623 	116623 	1.0078 	402.59 	0.476401 	2.0002e+08 	426.737
0.00145455 	29.7739 	116528 	116528 	1.00432 	403.714 	0.476401 	2.00021e+08 	427.861
0.00153535 	29.8815 	116433 	116433 	1.00083 	404.838 	0.476401 	2.00021e+08 	428.986
0.00161616 	29.9891 	116338 	116338 	0.997349 	405.962 	0.476401 	2.00022e+08 	430.11
0.00169697 	30.0967 	116243 	116243 	0.993865 	407.086 	0.476401 	2.00023e+08 	431.235
0.00177778 	30.2043 	116147 	116147 	0.990381 	408.21 	0.476401 	2.00023e+08 	432.359
0.00185859 	30.3119 	116052 	116052 	0.986898 	409.334 	0.476401 	2.00024e+08 	433.483
0.00193939 	30.4195 	115957 	115957 	0.983414 	410.457 	0.476401 	2.00024e+08 	434.608
0.0020202 	30.5271 	115862 	115862 	0.97993 	411.581 	0.476401 	2.00025e+08 	435.732
0.00210101 	30.6347 	115767 	115767 	0.976447 	412.705 	0.476401 	2.00026e+08 	436.856
0.00218182 	30.7423 	115672 	115672 	0.972963 	413.829 	0.476401 	2.00026e+08 	437.981
0.00226263 	30.8499 	115577 	115577 	0.96948 	414.953 	0.476401 	2.00027e+08 	439.105
0.00234343 	30.9574 	115482 	115482 	0.965996 	416.077 	0.476401 	2.00027e+08 	440.229
0.00242424 	31.065 	115387 	115387 	0.962512 	417.2 	0.476401 	2.00028e+08 	441.353
0.00250505 	31.1726 	115292 	115292 	0.959029 	418.324 	0.476401 	2.00029e+08 	442.478
0.00258586 	31.2802 	115196 	115196 	0.955545 	419.448 	0.476401 	2.00029e+08 	443.602
0.00266667 	31.3878 	115101 	115101 	0.952062 	420.572 	0.476401 	2.0003e+08 	444.726
0.00274747 	31.4954 	115006 	115006 	0.948578 	421.696 	0.476401 	2.0003e+08 	445.85
0.00282828 	31.603 	114911 	114911 	0.945095 	422.819 	0.476401 	2.00031e+08 	446.974
0.00290909 	31.7106 	114816 	114816 	0.941611 	423.943 	0.476401 	2.00032e+08 	448.099
0.0029899 	31.8181 	114721 	114721 	0.938128 	425.067 	0.476401 	2.00032e+08 	449.223
0.00307071 	31.9331 	114618 	114618 	0.934957 	426.192 	0.476401 	2.00033e+08 	450.348
0.00315152 	32.0492 	114514 	114514 	0.931832 	427.317 	0.476401 	2.00034e+08 	451.473
0.00323232 	32.1652 	114411 	114411 	0.928707 	428.442 	0.476401 	2.00034e+08 	452.598
0.00331313 	32.2813 	114307 	114307 	0.925581 	429.568 	0.476401 	2.00035e+08 	453.723
0.00339394 	32.3973 	114203 	114203 	0.922456 	430.693 	0.476401 	2.00036e+08 	454.848
0.00347475 	32.5133 	114099 	114099 	0.91933 	431.818 	0.476401 	2.00037e+08 	455.973
0.00355556 	32.6294 	113995 	113995 	0.916205 	432.943 	0.476401 	2.00037e+08 	457.099
0.00363636 	32.7454 	113891 	113891 	0.913079 	434.068 	0.476401 	2.00038e+08 	458.224
0.00371717 	32.8615 	113788 	113788 	0.909954 	435.194 	0.476401 	2.00039e+08 	459.349
0.00379798 	32.9775 	113684 	113684 	0.906829 	436.319 	0.476401 	2.00039e+08 	460.474
0.00387879 	33.0936 	113580 	113580 	0.903703 	437.444 	0.476401 	2.0004e+08 	461.599
0.0039596 	33.2096 	113476 	113476 	0.900578 	438.569 	0.476401 	2.00041e+08 	462.724
0.0040404 	33.3256 	113372 	113372 	0.897452 	439.694 	0.476401 	2.00042e+08 	463.849
0.00412121 	33.4415 	113268 	113268 	0.894327 	440.819 	0.476401 	2.00042e+08 	464.974
0.00420202 	33.5573 	113165 	113165 	0.891202 	441.945 	0.476401 	2.00043e+08 	466.1
0.00428283 	33.6732 	113061 	113061 	0.888076 	443.07 	0.476401 	2.00044e+08 	467.225
0.00436364 	33.7891 	112957 	112957 	0.884951 	444.195 	0.476401 	2.00044e+08 	468.35
0.00444444 	33.905 	112853 	112853 	0.881825 	445.32 	0.476401 	2.00045e+08 	469.475
0.00452525 	34.0209 	112749 	112749 	0.8787 	446.445 	0.476401 	2.00046e+08 	470.6
0.00460606 	34.1368 	112645 	112645 	0.875574 	447.571 	0.476401 	2.00047e+08 	471.725
0.00468687 	34.2527 	112542 	112542 	0.872449 	448.696 	0.476401 	2.00047e+08 	472.851
0.00476768 	34.3685 	112438 	112438 	0.869324 	449.821 	0.476401 	2.00048e+08 	473.976
0.00484848 	34.4844 	112334 	112334 	0.866198 	450.946 	0.476401 	2.00049e+08 	475.101
0.00492929 	34.6003 	112230 	112230 	0.863073 	452.071 	0.476401 	2.0005e+08 	476.226
0.0050101 	34.7171 	112125 	112125 	0.859985 	453.196 	0.476401 	2.0005e+08 	477.351
0.00509091 	34.8405 	112012 	112012 	0.85716 	454.318 	0.476401 	2.00052e+08 	478.473
0.00517172 	34.9639 	111899 	111899 	0.854335 	455.44 	0.476401 	2.00053e+08 	479.596
0.00525253 	35.0873 	111786 	111786 	0.85151 	456.563 	0.476401 	2.00054e+08 	480.718
0.00533333 	35.2107 	111673 	111673 	0.848686 	457.685 	0.476401 	2.00055e+08 	481.841
0.00541414 	35.334 	111560 	111560 	0.845861 	458.807 	0.476401 	2.00056e+08 	482.963
0.00549495 	35.4574 	111447 	111447 	0.843036 	459.929 	0.476401 	2.00057e+08 	484.086
0.00557576 	35.5808 	111334 	111334 	0.840211 	461.051 	0.476401 	2.00058e+08 	485.208
0.00565657 	35.7042 	111221 	111221 	0.837386 	462.173 	0.476401 	2.0006e+08 	486.331
0.00573737 	35.8276 	111108 	111108 	0.834562 	463.295 	0.476401 	2.00061e+08 	487.454
0.00581818 	35.9509 	110995 	110995 	0.831737 	464.417 	0.476401 	2.00062e+08 	488.576
0.00589899 	36.0743 	110882 	110882 	0.828912 	465.54 	0.476401 	2.00063e+08 	489.699
0.0059798 	36.1977 	110769 	110769 	0.826087 	466.662 	0.476401 	2.00064e+08 	490.821
0.00606061 	36.3211 	110656 	110656 	0.823263 	467.784 	0.476401 	2.00065e+08 	491.944
0.00614141 	36.4444 	110543 	110543 	0.820438 	468.906 	0.476401 	2.00066e+08 	493.066
0.00622222 	36.5677 	110430 	110430 	0.817613 	470.028 	0.476401 	2.00068e+08 	494.189
0.00630303 	36.6911 	110317 	110317 	0.814788 	471.15 	0.476401 	2.00069e+08 	495.311
0.00638384 	36.8144 	110204 	110204 	0.811964 	472.273 	0.476401 	2.0007e+08 	496.434
0.00646465 	36.9377 	110091 	110091 	0.809139 	473.395 	0.476401 	2.00071e+08 	497.557
0.00654545 	37.061 	109978 	109978 	0.806314 	474.517 	0.476401 	2.00072e+08 	498.679
0.00662626 	37.1844 	109865 	109865 	0.803489 	475.639 	0.476401 	2.00073e+08 	499.802
0.00670707 	37.3077 	109752 	109752 	0.800665 	476.761 	0.476401 	2.00074e+08 	500.925
0.00678788 	37.431 	109639 	109639 	0.79784 	477.884 	0.476401 	2.00076e+08 	502.047
0.00686869 	37.5544 	109526 	109526 	0.795015 	479.006 	0.476401 	2.00077e+08 	503.17
0.00694949 	37.6777 	109413 	109413 	0.79219 	480.128 	0.476401 	2.00078e+08 	504.292
0.0070303 	37.8024 	109296 	109296 	0.78945 	481.254 	0.476401 	2.00079e+08 	505.42
0.00711111 	37.9293 	109174 	109174 	0.786852 	482.388 	0.476401 	2.00079e+08 	506.557
0.00719192 	38.0563 	109051 	109051 	0.784254 	483.521 	0.476401 	2.00079e+08 	507.693
0.00727273 	38.1832 	108928 	108928 	0.781655 	484.654 	0.476401 	2.0008e+08 	508.829
0.00735354 	38.3101 	108806 	108806 	0.779057 	485.788 	0.476401 	2.0008e+08 	509.966
0.00743434 	38.437 	108683 	108683 	0.776458 	486.921 	0.476401 	2.00081e+08 	511.102
0.00751515 	38.564 	108560 	108560 	0.77386 	488.054 	0.476401 	2.00081e+08 	512.239
0.00759596 	38.6909 	108437 	108437 	0.771261 	489.188 	0.476401 	2.00081e+08 	513.375
0.00767677 	38.8178 	108315 	108315 	0.768663 	490.321 	0.476401 	2.00082e+08 	514.512
0.00775758 	38.9448 	108192 	108192 	0.766065 	491.454 	0.476401 	2.00082e+08 	515.648
0.00783838 	39.0717 	108069 	108069 	0.763466 	492.588 	0.476401 	2.00082e+08 	516.785
0.00791919 	39.1986 	107947 	107947 	0.760868 	493.721 	0.476401 	2.00083e+08 	517.921
0.008 	39.3256 	107824 	107824 	0.758269 	494.854 	0.476401 	2.00083e+08 	519.057
