# Probe 0 (0.0015 0.0015 0)
# Probe 1 (0.0015 0.0015 0.002)
# Probe 2 (0.0015 0.0015 0.004)
# Probe 3 (0.0015 0.0015 0.006)
# Probe 4 (0.0015 0.0015 0.008)
# Probe 5 (0.0015 0.0015 0.01)
# Probe 6 (0.0015 0.0015 0.012)
# Probe 7 (0.0015 0.0015 0.014)
# Probe 8 (0.0015 0.0015 0.016)
# Probe 9 (0.0015 0.0015 0.018)
# Probe 10 (0.0015 0.0015 0.02)
# Time        0             1             2             3             4             5             6             7             8             9             10           
50            104455        104455        104455        104455        104455        104455        104455        104455        104455        104455        104455       
100           116291        116291        116291        116291        116291        116291        116291        116291        116291        116291        116291       
150           119344        119344        119344        119344        119344        119344        119344        119344        119344        119344        119344       
200           120172        120172        120172        120172        120172        120172        120172        120172        120172        120172        120172       
250           120403        120403        120403        120403        120403        120403        120403        120403        120403        120403        120403       
300           120469        120469        120469        120469        120469        120469        120469        120469        120469        120469        120469       
350           120488        120488        120488        120488        120488        120488        120488        120488        120488        120488        120488       
400           120494        120494        120494        120494        120494        120494        120494        120494        120494        120494        120494       
450           120495        120495        120495        120495        120495        120495        120495        120495        120495        120495        120495       
500           120496        120496        120496        120496        120496        120496        120496        120496        120496        120496        120496       
550           120496        120496        120496        120496        120496        120496        120496        120496        120496        120496        120496       
600           120496        120496        120496        120496        120496        120496        120496        120496        120496        120496        120496       
650           120496        120496        120496        120496        120496        120496        120496        120496        120496        120496        120496       
700           120496        120496        120496        120496        120496        120496        120496        120496        120496        120496        120496       
750           120496        120496        120496        120496        120496        120496        120496        120496        120496        120496        120496       
800           120496        120496        120496        120496        120496        120496        120496        120496        120496        120496        120496       
850           120496        120496        120496        120496        120496        120496        120496        120496        120496        120496        120496       
900           120496        120496        120496        120496        120496        120496        120496        120496        120496        120496        120496       
950           120496        120496        120496        120496        120496        120496        120496        120496        120496        120496        120496       
1000          120496        120496        120496        120496        120496        120496        120496        120496        120496        120496        120496       
1050          120496        120496        120496        120496        120496        120496        120496        120496        120496        120496        120496       
1100          120496        120496        120496        120496        120496        120496        120496        120496        120496        120496        120496       
1150          120496        120496        120496        120496        120496        120496        120496        120496        120496        120496        120496       
1200          120496        120496        120496        120496        120496        120496        120496        120496        120496        120496        120496       
1250          120496        120496        120496        120496        120496        120496        120496        120496        120496        120496        120496       
1300          120496        120496        120496        120496        120496        120496        120496        120496        120496        120496        120496       
1350          120496        120496        120496        120496        120496        120496        120496        120496        120496        120496        120496       
1400          120496        120496        120496        120496        120496        120496        120496        120496        120496        120496        120496       
1450          120496        120496        120496        120496        120496        120496        120496        120496        120496        120496        120496       
1500          120496        120496        120496        120496        120496        120496        120496        120496        120496        120496        120496       
1550          120496        120496        120496        120496        120496        120496        120496        120496        120496        120496        120496       
1600          120496        120496        120496        120496        120496        120496        120496        120496        120496        120496        120496       
1650          120496        120496        120496        120496        120496        120496        120496        120496        120496        120496        120496       
1700          120496        120496        120496        120496        120496        120496        120496        120496        120496        120496        120496       
1750          120496        120496        120496        120496        120496        120496        120496        120496        120496        120496        120496       
1800          120496        120496        120496        120496        120496        120496        120496        120496        120496        120496        120496       
1850          120496        120496        120496        120496        120496        120496        120496        120496        120496        120496        120496       
1900          120496        120496        120496        120496        120496        120496        120496        120496        120496        120496        120496       
1950          120496        120496        120496        120496        120496        120496        120496        120496        120496        120496        120496       
2000          120496        120496        120496        120496        120496        120496        120496        120496        120496        120496        120496       
2050          120496        120496        120496        120496        120496        120496        120496        120496        120496        120496        120496       
2100          120496        120496        120496        120496        120496        120496        120496        120496        120496        120496        120496       
2150          120496        120496        120496        120496        120496        120496        120496        120496        120496        120496        120496       
2200          120496        120496        120496        120496        120496        120496        120496        120496        120496        120496        120496       
2250          120496        120496        120496        120496        120496        120496        120496        120496        120496        120496        120496       
2300          120496        120496        120496        120496        120496        120496        120496        120496        120496        120496        120496       
2350          120496        120496        120496        120496        120496        120496        120496        120496        120496        120496        120496       
2400          120496        120496        120496        120496        120496        120496        120496        120496        120496        120496        120496       
2450          120496        120496        120496        120496        120496        120496        120496        120496        120496        120496        120496       
2500          120496        120496        120496        120496        120496        120496        120496        120496        120496        120496        120496       
2550          120496        120496        120496        120496        120496        120496        120496        120496        120496        120496        120496       
2600          120496        120496        120496        120496        120496        120496        120496        120496        120496        120496        120496       
2650          120496        120496        120496        120496        120496        120496        120496        120496        120496        120496        120496       
2700          120496        120496        120496        120496        120496        120496        120496        120496        120496        120496        120496       
2750          120496        120496        120496        120496        120496        120496        120496        120496        120496        120496        120496       
2800          120496        120496        120496        120496        120496        120496        120496        120496        120496        120496        120496       
2850          120496        120496        120496        120496        120496        120496        120496        120496        120496        120496        120496       
2900          120496        120496        120496        120496        120496        120496        120496        120496        120496        120496        120496       
2950          120496        120496        120496        120496        120496        120496        120496        120496        120496        120496        120496       
3000          120496        120496        120496        120496        120496        120496        120496        120496        120496        120496        120496       
3050          120496        120496        120496        120496        120496        120496        120496        120496        120496        120496        120496       
3100          120496        120496        120496        120496        120496        120496        120496        120496        120496        120496        120496       
3150          120496        120496        120496        120496        120496        120496        120496        120496        120496        120496        120496       
3200          120496        120496        120496        120496        120496        120496        120496        120496        120496        120496        120496       
3250          120496        120496        120496        120496        120496        120496        120496        120496        120496        120496        120496       
3300          120496        120496        120496        120496        120496        120496        120496        120496        120496        120496        120496       
3350          120496        120496        120496        120496        120496        120496        120496        120496        120496        120496        120496       
3400          120496        120496        120496        120496        120496        120496        120496        120496        120496        120496        120496       
3450          120496        120496        120496        120496        120496        120496        120496        120496        120496        120496        120496       
3500          120496        120496        120496        120496        120496        120496        120496        120496        120496        120496        120496       
3550          120496        120496        120496        120496        120496        120496        120496        120496        120496        120496        120496       
3600          120496        120496        120496        120496        120496        120496        120496        120496        120496        120496        120496       
3650          120496        120496        120496        120496        120496        120496        120496        120496        120496        120496        120496       
3700          120496        120496        120496        120496        120496        120496        120496        120496        120496        120496        120496       
3750          120496        120496        120496        120496        120496        120496        120496        120496        120496        120496        120496       
3800          120496        120496        120496        120496        120496        120496        120496        120496        120496        120496        120496       
3850          120496        120496        120496        120496        120496        120496        120496        120496        120496        120496        120496       
3900          120496        120496        120496        120496        120496        120496        120496        120496        120496        120496        120496       
3950          120496        120496        120496        120496        120496        120496        120496        120496        120496        120496        120496       
4000          120496        120496        120496        120496        120496        120496        120496        120496        120496        120496        120496       
4050          120496        120496        120496        120496        120496        120496        120496        120496        120496        120496        120496       
4100          120496        120496        120496        120496        120496        120496        120496        120496        120496        120496        120496       
4150          120496        120496        120496        120496        120496        120496        120496        120496        120496        120496        120496       
4200          120496        120496        120496        120496        120496        120496        120496        120496        120496        120496        120496       
4250          120496        120496        120496        120496        120496        120496        120496        120496        120496        120496        120496       
4300          120496        120496        120496        120496        120496        120496        120496        120496        120496        120496        120496       
4350          120496        120496        120496        120496        120496        120496        120496        120496        120496        120496        120496       
4400          120496        120496        120496        120496        120496        120496        120496        120496        120496        120496        120496       
4450          120496        120496        120496        120496        120496        120496        120496        120496        120496        120496        120496       
4500          120496        120496        120496        120496        120496        120496        120496        120496        120496        120496        120496       
4550          120496        120496        120496        120496        120496        120496        120496        120496        120496        120496        120496       
4600          120496        120496        120496        120496        120496        120496        120496        120496        120496        120496        120496       
4650          120496        120496        120496        120496        120496        120496        120496        120496        120496        120496        120496       
4700          120496        120496        120496        120496        120496        120496        120496        120496        120496        120496        120496       
4750          120496        120496        120496        120496        120496        120496        120496        120496        120496        120496        120496       
4800          120496        120496        120496        120496        120496        120496        120496        120496        120496        120496        120496       
4850          120496        120496        120496        120496        120496        120496        120496        120496        120496        120496        120496       
4900          120496        120496        120496        120496        120496        120496        120496        120496        120496        120496        120496       
4950          120496        120496        120496        120496        120496        120496        120496        120496        120496        120496        120496       
5000          120496        120496        120496        120496        120496        120496        120496        120496        120496        120496        120496       
