# Probe 0 (0.0015 0.0015 0)
# Probe 1 (0.0015 0.0015 0.002)
# Probe 2 (0.0015 0.0015 0.004)
# Probe 3 (0.0015 0.0015 0.006)
# Probe 4 (0.0015 0.0015 0.008)
# Probe 5 (0.0015 0.0015 0.01)
# Probe 6 (0.0015 0.0015 0.012)
# Probe 7 (0.0015 0.0015 0.014)
# Probe 8 (0.0015 0.0015 0.016)
# Probe 9 (0.0015 0.0015 0.018)
# Probe 10 (0.0015 0.0015 0.02)
# Time        0             1             2             3             4             5             6             7             8             9             10           
50            (-0.00919491 -0.00919493 -9.3812e+06) (-0.00919491 -0.00919493 -9.3812e+06) (-0.00919491 -0.00919493 -9.3812e+06) (-0.00919491 -0.00919493 -9.3812e+06) (-0.00919491 -0.00919493 -9.3812e+06) (-0.00919491 -0.00919493 -9.3812e+06) (-0.00919491 -0.00919493 -9.3812e+06) (-0.00919491 -0.00919493 -9.3812e+06) (-0.00919491 -0.00919493 -9.3812e+06) (-0.00919491 -0.00919493 -9.3812e+06) (-0.00919491 -0.00919493 -9.3812e+06)
100           (-0.0020683 -0.0020683 -9.3812e+06) (-0.0020683 -0.0020683 -9.3812e+06) (-0.0020683 -0.0020683 -9.3812e+06) (-0.0020683 -0.0020683 -9.3812e+06) (-0.0020683 -0.0020683 -9.3812e+06) (-0.0020683 -0.0020683 -9.3812e+06) (-0.0020683 -0.0020683 -9.3812e+06) (-0.0020683 -0.0020683 -9.3812e+06) (-0.0020683 -0.0020683 -9.3812e+06) (-0.0020683 -0.0020683 -9.3812e+06) (-0.0020683 -0.0020683 -9.3812e+06)
150           (-0.000547007 -0.000547007 -9.3812e+06) (-0.000547007 -0.000547007 -9.3812e+06) (-0.000547007 -0.000547007 -9.3812e+06) (-0.000547007 -0.000547007 -9.3812e+06) (-0.000547007 -0.000547007 -9.3812e+06) (-0.000547007 -0.000547007 -9.3812e+06) (-0.000547007 -0.000547007 -9.3812e+06) (-0.000547007 -0.000547007 -9.3812e+06) (-0.000547007 -0.000547007 -9.3812e+06) (-0.000547007 -0.000547007 -9.3812e+06) (-0.000547007 -0.000547007 -9.3812e+06)
200           (-0.000150058 -0.000150058 -9.3812e+06) (-0.000150058 -0.000150058 -9.3812e+06) (-0.000150058 -0.000150058 -9.3812e+06) (-0.000150058 -0.000150058 -9.3812e+06) (-0.000150058 -0.000150058 -9.3812e+06) (-0.000150058 -0.000150058 -9.3812e+06) (-0.000150058 -0.000150058 -9.3812e+06) (-0.000150058 -0.000150058 -9.3812e+06) (-0.000150058 -0.000150058 -9.3812e+06) (-0.000150058 -0.000150058 -9.3812e+06) (-0.000150058 -0.000150058 -9.3812e+06)
250           (-4.23217e-05 -4.23217e-05 -9.3812e+06) (-4.23217e-05 -4.23217e-05 -9.3812e+06) (-4.23217e-05 -4.23217e-05 -9.3812e+06) (-4.23217e-05 -4.23217e-05 -9.3812e+06) (-4.23217e-05 -4.23217e-05 -9.3812e+06) (-4.23217e-05 -4.23217e-05 -9.3812e+06) (-4.23217e-05 -4.23217e-05 -9.3812e+06) (-4.23217e-05 -4.23217e-05 -9.3812e+06) (-4.23217e-05 -4.23217e-05 -9.3812e+06) (-4.23217e-05 -4.23217e-05 -9.3812e+06) (-4.23217e-05 -4.23217e-05 -9.3812e+06)
300           (-1.21902e-05 -1.21902e-05 -9.3812e+06) (-1.21902e-05 -1.21902e-05 -9.3812e+06) (-1.21902e-05 -1.21902e-05 -9.3812e+06) (-1.21902e-05 -1.21902e-05 -9.3812e+06) (-1.21902e-05 -1.21902e-05 -9.3812e+06) (-1.21902e-05 -1.21902e-05 -9.3812e+06) (-1.21902e-05 -1.21902e-05 -9.3812e+06) (-1.21902e-05 -1.21902e-05 -9.3812e+06) (-1.21902e-05 -1.21902e-05 -9.3812e+06) (-1.21902e-05 -1.21902e-05 -9.3812e+06) (-1.21902e-05 -1.21902e-05 -9.3812e+06)
350           (-3.57492e-06 -3.57492e-06 -9.3812e+06) (-3.57492e-06 -3.57492e-06 -9.3812e+06) (-3.57492e-06 -3.57492e-06 -9.3812e+06) (-3.57492e-06 -3.57492e-06 -9.3812e+06) (-3.57492e-06 -3.57492e-06 -9.3812e+06) (-3.57492e-06 -3.57492e-06 -9.3812e+06) (-3.57492e-06 -3.57492e-06 -9.3812e+06) (-3.57492e-06 -3.57492e-06 -9.3812e+06) (-3.57492e-06 -3.57492e-06 -9.3812e+06) (-3.57492e-06 -3.57492e-06 -9.3812e+06) (-3.57492e-06 -3.57492e-06 -9.3812e+06)
400           (-1.06581e-06 -1.06581e-06 -9.3812e+06) (-1.06581e-06 -1.06581e-06 -9.3812e+06) (-1.06581e-06 -1.06581e-06 -9.3812e+06) (-1.06581e-06 -1.06581e-06 -9.3812e+06) (-1.06581e-06 -1.06581e-06 -9.3812e+06) (-1.06581e-06 -1.06581e-06 -9.3812e+06) (-1.06581e-06 -1.06581e-06 -9.3812e+06) (-1.06581e-06 -1.06581e-06 -9.3812e+06) (-1.06581e-06 -1.06581e-06 -9.3812e+06) (-1.06581e-06 -1.06581e-06 -9.3812e+06) (-1.06581e-06 -1.06581e-06 -9.3812e+06)
450           (-3.10862e-07 -2.88658e-07 -9.3812e+06) (-3.10862e-07 -2.88658e-07 -9.3812e+06) (-3.10862e-07 -2.88658e-07 -9.3812e+06) (-3.10862e-07 -2.88658e-07 -9.3812e+06) (-3.10862e-07 -2.88658e-07 -9.3812e+06) (-3.10862e-07 -2.88658e-07 -9.3812e+06) (-3.10862e-07 -2.88658e-07 -9.3812e+06) (-3.10862e-07 -2.88658e-07 -9.3812e+06) (-3.10862e-07 -2.88658e-07 -9.3812e+06) (-3.10862e-07 -2.88658e-07 -9.3812e+06) (-3.10862e-07 -2.88658e-07 -9.3812e+06)
500           (-6.66134e-08 -6.66134e-08 -9.3812e+06) (-6.66134e-08 -6.66134e-08 -9.3812e+06) (-6.66134e-08 -6.66134e-08 -9.3812e+06) (-6.66134e-08 -6.66134e-08 -9.3812e+06) (-6.66134e-08 -6.66134e-08 -9.3812e+06) (-6.66134e-08 -6.66134e-08 -9.3812e+06) (-6.66134e-08 -6.66134e-08 -9.3812e+06) (-6.66134e-08 -6.66134e-08 -9.3812e+06) (-6.66134e-08 -6.66134e-08 -9.3812e+06) (-6.66134e-08 -6.66134e-08 -9.3812e+06) (-6.66134e-08 -6.66134e-08 -9.3812e+06)
550           (-4.44089e-08 -4.44089e-08 -9.3812e+06) (-4.44089e-08 -4.44089e-08 -9.3812e+06) (-4.44089e-08 -4.44089e-08 -9.3812e+06) (-4.44089e-08 -4.44089e-08 -9.3812e+06) (-4.44089e-08 -4.44089e-08 -9.3812e+06) (-4.44089e-08 -4.44089e-08 -9.3812e+06) (-4.44089e-08 -4.44089e-08 -9.3812e+06) (-4.44089e-08 -4.44089e-08 -9.3812e+06) (-4.44089e-08 -4.44089e-08 -9.3812e+06) (-4.44089e-08 -4.44089e-08 -9.3812e+06) (-4.44089e-08 -4.44089e-08 -9.3812e+06)
600           (-2.22045e-08 0 -9.3812e+06) (-2.22045e-08 0 -9.3812e+06) (-2.22045e-08 0 -9.3812e+06) (-2.22045e-08 0 -9.3812e+06) (-2.22045e-08 0 -9.3812e+06) (-2.22045e-08 0 -9.3812e+06) (-2.22045e-08 0 -9.3812e+06) (-2.22045e-08 0 -9.3812e+06) (-2.22045e-08 0 -9.3812e+06) (-2.22045e-08 0 -9.3812e+06) (-2.22045e-08 0 -9.3812e+06)
650           (0 0 -9.3812e+06) (0 0 -9.3812e+06) (0 0 -9.3812e+06) (0 0 -9.3812e+06) (0 0 -9.3812e+06) (0 0 -9.3812e+06) (0 0 -9.3812e+06) (0 0 -9.3812e+06) (0 0 -9.3812e+06) (0 0 -9.3812e+06) (0 0 -9.3812e+06)
700           (0 0 -9.3812e+06) (0 0 -9.3812e+06) (0 0 -9.3812e+06) (0 0 -9.3812e+06) (0 0 -9.3812e+06) (0 0 -9.3812e+06) (0 0 -9.3812e+06) (0 0 -9.3812e+06) (0 0 -9.3812e+06) (0 0 -9.3812e+06) (0 0 -9.3812e+06)
750           (-2.22045e-08 0 -9.3812e+06) (-2.22045e-08 0 -9.3812e+06) (-2.22045e-08 0 -9.3812e+06) (-2.22045e-08 0 -9.3812e+06) (-2.22045e-08 0 -9.3812e+06) (-2.22045e-08 0 -9.3812e+06) (-2.22045e-08 0 -9.3812e+06) (-2.22045e-08 0 -9.3812e+06) (-2.22045e-08 0 -9.3812e+06) (-2.22045e-08 0 -9.3812e+06) (-2.22045e-08 0 -9.3812e+06)
800           (0 0 -9.3812e+06) (0 0 -9.3812e+06) (0 0 -9.3812e+06) (0 0 -9.3812e+06) (0 0 -9.3812e+06) (0 0 -9.3812e+06) (0 0 -9.3812e+06) (0 0 -9.3812e+06) (0 0 -9.3812e+06) (0 0 -9.3812e+06) (0 0 -9.3812e+06)
850           (0 0 -9.3812e+06) (0 0 -9.3812e+06) (0 0 -9.3812e+06) (0 0 -9.3812e+06) (0 0 -9.3812e+06) (0 0 -9.3812e+06) (0 0 -9.3812e+06) (0 0 -9.3812e+06) (0 0 -9.3812e+06) (0 0 -9.3812e+06) (0 0 -9.3812e+06)
900           (-2.22045e-08 -2.22045e-08 -9.3812e+06) (-2.22045e-08 -2.22045e-08 -9.3812e+06) (-2.22045e-08 -2.22045e-08 -9.3812e+06) (-2.22045e-08 -2.22045e-08 -9.3812e+06) (-2.22045e-08 -2.22045e-08 -9.3812e+06) (-2.22045e-08 -2.22045e-08 -9.3812e+06) (-2.22045e-08 -2.22045e-08 -9.3812e+06) (-2.22045e-08 -2.22045e-08 -9.3812e+06) (-2.22045e-08 -2.22045e-08 -9.3812e+06) (-2.22045e-08 -2.22045e-08 -9.3812e+06) (-2.22045e-08 -2.22045e-08 -9.3812e+06)
950           (0 -2.22045e-08 -9.3812e+06) (0 -2.22045e-08 -9.3812e+06) (0 -2.22045e-08 -9.3812e+06) (0 -2.22045e-08 -9.3812e+06) (0 -2.22045e-08 -9.3812e+06) (0 -2.22045e-08 -9.3812e+06) (0 -2.22045e-08 -9.3812e+06) (0 -2.22045e-08 -9.3812e+06) (0 -2.22045e-08 -9.3812e+06) (0 -2.22045e-08 -9.3812e+06) (0 -2.22045e-08 -9.3812e+06)
1000          (-2.22045e-08 -2.22045e-08 -9.3812e+06) (-2.22045e-08 -2.22045e-08 -9.3812e+06) (-2.22045e-08 -2.22045e-08 -9.3812e+06) (-2.22045e-08 -2.22045e-08 -9.3812e+06) (-2.22045e-08 -2.22045e-08 -9.3812e+06) (-2.22045e-08 -2.22045e-08 -9.3812e+06) (-2.22045e-08 -2.22045e-08 -9.3812e+06) (-2.22045e-08 -2.22045e-08 -9.3812e+06) (-2.22045e-08 -2.22045e-08 -9.3812e+06) (-2.22045e-08 -2.22045e-08 -9.3812e+06) (-2.22045e-08 -2.22045e-08 -9.3812e+06)
1050          (0 0 -9.3812e+06) (0 0 -9.3812e+06) (0 0 -9.3812e+06) (0 0 -9.3812e+06) (0 0 -9.3812e+06) (0 0 -9.3812e+06) (0 0 -9.3812e+06) (0 0 -9.3812e+06) (0 0 -9.3812e+06) (0 0 -9.3812e+06) (0 0 -9.3812e+06)
1100          (0 0 -9.3812e+06) (0 0 -9.3812e+06) (0 0 -9.3812e+06) (0 0 -9.3812e+06) (0 0 -9.3812e+06) (0 0 -9.3812e+06) (0 0 -9.3812e+06) (0 0 -9.3812e+06) (0 0 -9.3812e+06) (0 0 -9.3812e+06) (0 0 -9.3812e+06)
1150          (-2.22045e-08 -2.22045e-08 -9.3812e+06) (-2.22045e-08 -2.22045e-08 -9.3812e+06) (-2.22045e-08 -2.22045e-08 -9.3812e+06) (-2.22045e-08 -2.22045e-08 -9.3812e+06) (-2.22045e-08 -2.22045e-08 -9.3812e+06) (-2.22045e-08 -2.22045e-08 -9.3812e+06) (-2.22045e-08 -2.22045e-08 -9.3812e+06) (-2.22045e-08 -2.22045e-08 -9.3812e+06) (-2.22045e-08 -2.22045e-08 -9.3812e+06) (-2.22045e-08 -2.22045e-08 -9.3812e+06) (-2.22045e-08 -2.22045e-08 -9.3812e+06)
1200          (2.22045e-08 -2.22045e-08 -9.3812e+06) (2.22045e-08 -2.22045e-08 -9.3812e+06) (2.22045e-08 -2.22045e-08 -9.3812e+06) (2.22045e-08 -2.22045e-08 -9.3812e+06) (2.22045e-08 -2.22045e-08 -9.3812e+06) (2.22045e-08 -2.22045e-08 -9.3812e+06) (2.22045e-08 -2.22045e-08 -9.3812e+06) (2.22045e-08 -2.22045e-08 -9.3812e+06) (2.22045e-08 -2.22045e-08 -9.3812e+06) (2.22045e-08 -2.22045e-08 -9.3812e+06) (2.22045e-08 -2.22045e-08 -9.3812e+06)
1250          (0 -2.22045e-08 -9.3812e+06) (0 -2.22045e-08 -9.3812e+06) (0 -2.22045e-08 -9.3812e+06) (0 -2.22045e-08 -9.3812e+06) (0 -2.22045e-08 -9.3812e+06) (0 -2.22045e-08 -9.3812e+06) (0 -2.22045e-08 -9.3812e+06) (0 -2.22045e-08 -9.3812e+06) (0 -2.22045e-08 -9.3812e+06) (0 -2.22045e-08 -9.3812e+06) (0 -2.22045e-08 -9.3812e+06)
1300          (-2.22045e-08 0 -9.3812e+06) (-2.22045e-08 0 -9.3812e+06) (-2.22045e-08 0 -9.3812e+06) (-2.22045e-08 0 -9.3812e+06) (-2.22045e-08 0 -9.3812e+06) (-2.22045e-08 0 -9.3812e+06) (-2.22045e-08 0 -9.3812e+06) (-2.22045e-08 0 -9.3812e+06) (-2.22045e-08 0 -9.3812e+06) (-2.22045e-08 0 -9.3812e+06) (-2.22045e-08 0 -9.3812e+06)
1350          (-2.22045e-08 -2.22045e-08 -9.3812e+06) (-2.22045e-08 -2.22045e-08 -9.3812e+06) (-2.22045e-08 -2.22045e-08 -9.3812e+06) (-2.22045e-08 -2.22045e-08 -9.3812e+06) (-2.22045e-08 -2.22045e-08 -9.3812e+06) (-2.22045e-08 -2.22045e-08 -9.3812e+06) (-2.22045e-08 -2.22045e-08 -9.3812e+06) (-2.22045e-08 -2.22045e-08 -9.3812e+06) (-2.22045e-08 -2.22045e-08 -9.3812e+06) (-2.22045e-08 -2.22045e-08 -9.3812e+06) (-2.22045e-08 -2.22045e-08 -9.3812e+06)
1400          (0 0 -9.3812e+06) (0 0 -9.3812e+06) (0 0 -9.3812e+06) (0 0 -9.3812e+06) (0 0 -9.3812e+06) (0 0 -9.3812e+06) (0 0 -9.3812e+06) (0 0 -9.3812e+06) (0 0 -9.3812e+06) (0 0 -9.3812e+06) (0 0 -9.3812e+06)
1450          (0 0 -9.3812e+06) (0 0 -9.3812e+06) (0 0 -9.3812e+06) (0 0 -9.3812e+06) (0 0 -9.3812e+06) (0 0 -9.3812e+06) (0 0 -9.3812e+06) (0 0 -9.3812e+06) (0 0 -9.3812e+06) (0 0 -9.3812e+06) (0 0 -9.3812e+06)
1500          (0 -2.22045e-08 -9.3812e+06) (0 -2.22045e-08 -9.3812e+06) (0 -2.22045e-08 -9.3812e+06) (0 -2.22045e-08 -9.3812e+06) (0 -2.22045e-08 -9.3812e+06) (0 -2.22045e-08 -9.3812e+06) (0 -2.22045e-08 -9.3812e+06) (0 -2.22045e-08 -9.3812e+06) (0 -2.22045e-08 -9.3812e+06) (0 -2.22045e-08 -9.3812e+06) (0 -2.22045e-08 -9.3812e+06)
1550          (-2.22045e-08 -2.22045e-08 -9.3812e+06) (-2.22045e-08 -2.22045e-08 -9.3812e+06) (-2.22045e-08 -2.22045e-08 -9.3812e+06) (-2.22045e-08 -2.22045e-08 -9.3812e+06) (-2.22045e-08 -2.22045e-08 -9.3812e+06) (-2.22045e-08 -2.22045e-08 -9.3812e+06) (-2.22045e-08 -2.22045e-08 -9.3812e+06) (-2.22045e-08 -2.22045e-08 -9.3812e+06) (-2.22045e-08 -2.22045e-08 -9.3812e+06) (-2.22045e-08 -2.22045e-08 -9.3812e+06) (-2.22045e-08 -2.22045e-08 -9.3812e+06)
1600          (-2.22045e-08 -2.22045e-08 -9.3812e+06) (-2.22045e-08 -2.22045e-08 -9.3812e+06) (-2.22045e-08 -2.22045e-08 -9.3812e+06) (-2.22045e-08 -2.22045e-08 -9.3812e+06) (-2.22045e-08 -2.22045e-08 -9.3812e+06) (-2.22045e-08 -2.22045e-08 -9.3812e+06) (-2.22045e-08 -2.22045e-08 -9.3812e+06) (-2.22045e-08 -2.22045e-08 -9.3812e+06) (-2.22045e-08 -2.22045e-08 -9.3812e+06) (-2.22045e-08 -2.22045e-08 -9.3812e+06) (-2.22045e-08 -2.22045e-08 -9.3812e+06)
1650          (0 0 -9.3812e+06) (0 0 -9.3812e+06) (0 0 -9.3812e+06) (0 0 -9.3812e+06) (0 0 -9.3812e+06) (0 0 -9.3812e+06) (0 0 -9.3812e+06) (0 0 -9.3812e+06) (0 0 -9.3812e+06) (0 0 -9.3812e+06) (0 0 -9.3812e+06)
1700          (0 0 -9.3812e+06) (0 0 -9.3812e+06) (0 0 -9.3812e+06) (0 0 -9.3812e+06) (0 0 -9.3812e+06) (0 0 -9.3812e+06) (0 0 -9.3812e+06) (0 0 -9.3812e+06) (0 0 -9.3812e+06) (0 0 -9.3812e+06) (0 0 -9.3812e+06)
1750          (-2.22045e-08 -2.22045e-08 -9.3812e+06) (-2.22045e-08 -2.22045e-08 -9.3812e+06) (-2.22045e-08 -2.22045e-08 -9.3812e+06) (-2.22045e-08 -2.22045e-08 -9.3812e+06) (-2.22045e-08 -2.22045e-08 -9.3812e+06) (-2.22045e-08 -2.22045e-08 -9.3812e+06) (-2.22045e-08 -2.22045e-08 -9.3812e+06) (-2.22045e-08 -2.22045e-08 -9.3812e+06) (-2.22045e-08 -2.22045e-08 -9.3812e+06) (-2.22045e-08 -2.22045e-08 -9.3812e+06) (-2.22045e-08 -2.22045e-08 -9.3812e+06)
1800          (-2.22045e-08 -2.22045e-08 -9.3812e+06) (-2.22045e-08 -2.22045e-08 -9.3812e+06) (-2.22045e-08 -2.22045e-08 -9.3812e+06) (-2.22045e-08 -2.22045e-08 -9.3812e+06) (-2.22045e-08 -2.22045e-08 -9.3812e+06) (-2.22045e-08 -2.22045e-08 -9.3812e+06) (-2.22045e-08 -2.22045e-08 -9.3812e+06) (-2.22045e-08 -2.22045e-08 -9.3812e+06) (-2.22045e-08 -2.22045e-08 -9.3812e+06) (-2.22045e-08 -2.22045e-08 -9.3812e+06) (-2.22045e-08 -2.22045e-08 -9.3812e+06)
1850          (-2.22045e-08 -2.22045e-08 -9.3812e+06) (-2.22045e-08 -2.22045e-08 -9.3812e+06) (-2.22045e-08 -2.22045e-08 -9.3812e+06) (-2.22045e-08 -2.22045e-08 -9.3812e+06) (-2.22045e-08 -2.22045e-08 -9.3812e+06) (-2.22045e-08 -2.22045e-08 -9.3812e+06) (-2.22045e-08 -2.22045e-08 -9.3812e+06) (-2.22045e-08 -2.22045e-08 -9.3812e+06) (-2.22045e-08 -2.22045e-08 -9.3812e+06) (-2.22045e-08 -2.22045e-08 -9.3812e+06) (-2.22045e-08 -2.22045e-08 -9.3812e+06)
1900          (0 0 -9.3812e+06) (0 0 -9.3812e+06) (0 0 -9.3812e+06) (0 0 -9.3812e+06) (0 0 -9.3812e+06) (0 0 -9.3812e+06) (0 0 -9.3812e+06) (0 0 -9.3812e+06) (0 0 -9.3812e+06) (0 0 -9.3812e+06) (0 0 -9.3812e+06)
1950          (0 0 -9.3812e+06) (0 0 -9.3812e+06) (0 0 -9.3812e+06) (0 0 -9.3812e+06) (0 0 -9.3812e+06) (0 0 -9.3812e+06) (0 0 -9.3812e+06) (0 0 -9.3812e+06) (0 0 -9.3812e+06) (0 0 -9.3812e+06) (0 0 -9.3812e+06)
2000          (0 0 -9.3812e+06) (0 0 -9.3812e+06) (0 0 -9.3812e+06) (0 0 -9.3812e+06) (0 0 -9.3812e+06) (0 0 -9.3812e+06) (0 0 -9.3812e+06) (0 0 -9.3812e+06) (0 0 -9.3812e+06) (0 0 -9.3812e+06) (0 0 -9.3812e+06)
2050          (-2.22045e-08 -2.22045e-08 -9.3812e+06) (-2.22045e-08 -2.22045e-08 -9.3812e+06) (-2.22045e-08 -2.22045e-08 -9.3812e+06) (-2.22045e-08 -2.22045e-08 -9.3812e+06) (-2.22045e-08 -2.22045e-08 -9.3812e+06) (-2.22045e-08 -2.22045e-08 -9.3812e+06) (-2.22045e-08 -2.22045e-08 -9.3812e+06) (-2.22045e-08 -2.22045e-08 -9.3812e+06) (-2.22045e-08 -2.22045e-08 -9.3812e+06) (-2.22045e-08 -2.22045e-08 -9.3812e+06) (-2.22045e-08 -2.22045e-08 -9.3812e+06)
2100          (-2.22045e-08 0 -9.3812e+06) (-2.22045e-08 0 -9.3812e+06) (-2.22045e-08 0 -9.3812e+06) (-2.22045e-08 0 -9.3812e+06) (-2.22045e-08 0 -9.3812e+06) (-2.22045e-08 0 -9.3812e+06) (-2.22045e-08 0 -9.3812e+06) (-2.22045e-08 0 -9.3812e+06) (-2.22045e-08 0 -9.3812e+06) (-2.22045e-08 0 -9.3812e+06) (-2.22045e-08 0 -9.3812e+06)
2150          (0 0 -9.3812e+06) (0 0 -9.3812e+06) (0 0 -9.3812e+06) (0 0 -9.3812e+06) (0 0 -9.3812e+06) (0 0 -9.3812e+06) (0 0 -9.3812e+06) (0 0 -9.3812e+06) (0 0 -9.3812e+06) (0 0 -9.3812e+06) (0 0 -9.3812e+06)
2200          (0 -2.22045e-08 -9.3812e+06) (0 -2.22045e-08 -9.3812e+06) (0 -2.22045e-08 -9.3812e+06) (0 -2.22045e-08 -9.3812e+06) (0 -2.22045e-08 -9.3812e+06) (0 -2.22045e-08 -9.3812e+06) (0 -2.22045e-08 -9.3812e+06) (0 -2.22045e-08 -9.3812e+06) (0 -2.22045e-08 -9.3812e+06) (0 -2.22045e-08 -9.3812e+06) (0 -2.22045e-08 -9.3812e+06)
2250          (-2.22045e-08 0 -9.3812e+06) (-2.22045e-08 0 -9.3812e+06) (-2.22045e-08 0 -9.3812e+06) (-2.22045e-08 0 -9.3812e+06) (-2.22045e-08 0 -9.3812e+06) (-2.22045e-08 0 -9.3812e+06) (-2.22045e-08 0 -9.3812e+06) (-2.22045e-08 0 -9.3812e+06) (-2.22045e-08 0 -9.3812e+06) (-2.22045e-08 0 -9.3812e+06) (-2.22045e-08 0 -9.3812e+06)
2300          (-2.22045e-08 -2.22045e-08 -9.3812e+06) (-2.22045e-08 -2.22045e-08 -9.3812e+06) (-2.22045e-08 -2.22045e-08 -9.3812e+06) (-2.22045e-08 -2.22045e-08 -9.3812e+06) (-2.22045e-08 -2.22045e-08 -9.3812e+06) (-2.22045e-08 -2.22045e-08 -9.3812e+06) (-2.22045e-08 -2.22045e-08 -9.3812e+06) (-2.22045e-08 -2.22045e-08 -9.3812e+06) (-2.22045e-08 -2.22045e-08 -9.3812e+06) (-2.22045e-08 -2.22045e-08 -9.3812e+06) (-2.22045e-08 -2.22045e-08 -9.3812e+06)
2350          (2.22045e-08 -2.22045e-08 -9.3812e+06) (2.22045e-08 -2.22045e-08 -9.3812e+06) (2.22045e-08 -2.22045e-08 -9.3812e+06) (2.22045e-08 -2.22045e-08 -9.3812e+06) (2.22045e-08 -2.22045e-08 -9.3812e+06) (2.22045e-08 -2.22045e-08 -9.3812e+06) (2.22045e-08 -2.22045e-08 -9.3812e+06) (2.22045e-08 -2.22045e-08 -9.3812e+06) (2.22045e-08 -2.22045e-08 -9.3812e+06) (2.22045e-08 -2.22045e-08 -9.3812e+06) (2.22045e-08 -2.22045e-08 -9.3812e+06)
2400          (-2.22045e-08 -2.22045e-08 -9.3812e+06) (-2.22045e-08 -2.22045e-08 -9.3812e+06) (-2.22045e-08 -2.22045e-08 -9.3812e+06) (-2.22045e-08 -2.22045e-08 -9.3812e+06) (-2.22045e-08 -2.22045e-08 -9.3812e+06) (-2.22045e-08 -2.22045e-08 -9.3812e+06) (-2.22045e-08 -2.22045e-08 -9.3812e+06) (-2.22045e-08 -2.22045e-08 -9.3812e+06) (-2.22045e-08 -2.22045e-08 -9.3812e+06) (-2.22045e-08 -2.22045e-08 -9.3812e+06) (-2.22045e-08 -2.22045e-08 -9.3812e+06)
2450          (0 0 -9.3812e+06) (0 0 -9.3812e+06) (0 0 -9.3812e+06) (0 0 -9.3812e+06) (0 0 -9.3812e+06) (0 0 -9.3812e+06) (0 0 -9.3812e+06) (0 0 -9.3812e+06) (0 0 -9.3812e+06) (0 0 -9.3812e+06) (0 0 -9.3812e+06)
2500          (0 0 -9.3812e+06) (0 0 -9.3812e+06) (0 0 -9.3812e+06) (0 0 -9.3812e+06) (0 0 -9.3812e+06) (0 0 -9.3812e+06) (0 0 -9.3812e+06) (0 0 -9.3812e+06) (0 0 -9.3812e+06) (0 0 -9.3812e+06) (0 0 -9.3812e+06)
2550          (-2.22045e-08 0 -9.3812e+06) (-2.22045e-08 0 -9.3812e+06) (-2.22045e-08 0 -9.3812e+06) (-2.22045e-08 0 -9.3812e+06) (-2.22045e-08 0 -9.3812e+06) (-2.22045e-08 0 -9.3812e+06) (-2.22045e-08 0 -9.3812e+06) (-2.22045e-08 0 -9.3812e+06) (-2.22045e-08 0 -9.3812e+06) (-2.22045e-08 0 -9.3812e+06) (-2.22045e-08 0 -9.3812e+06)
2600          (-2.22045e-08 -2.22045e-08 -9.3812e+06) (-2.22045e-08 -2.22045e-08 -9.3812e+06) (-2.22045e-08 -2.22045e-08 -9.3812e+06) (-2.22045e-08 -2.22045e-08 -9.3812e+06) (-2.22045e-08 -2.22045e-08 -9.3812e+06) (-2.22045e-08 -2.22045e-08 -9.3812e+06) (-2.22045e-08 -2.22045e-08 -9.3812e+06) (-2.22045e-08 -2.22045e-08 -9.3812e+06) (-2.22045e-08 -2.22045e-08 -9.3812e+06) (-2.22045e-08 -2.22045e-08 -9.3812e+06) (-2.22045e-08 -2.22045e-08 -9.3812e+06)
2650          (0 0 -9.3812e+06) (0 0 -9.3812e+06) (0 0 -9.3812e+06) (0 0 -9.3812e+06) (0 0 -9.3812e+06) (0 0 -9.3812e+06) (0 0 -9.3812e+06) (0 0 -9.3812e+06) (0 0 -9.3812e+06) (0 0 -9.3812e+06) (0 0 -9.3812e+06)
2700          (-2.22045e-08 -2.22045e-08 -9.3812e+06) (-2.22045e-08 -2.22045e-08 -9.3812e+06) (-2.22045e-08 -2.22045e-08 -9.3812e+06) (-2.22045e-08 -2.22045e-08 -9.3812e+06) (-2.22045e-08 -2.22045e-08 -9.3812e+06) (-2.22045e-08 -2.22045e-08 -9.3812e+06) (-2.22045e-08 -2.22045e-08 -9.3812e+06) (-2.22045e-08 -2.22045e-08 -9.3812e+06) (-2.22045e-08 -2.22045e-08 -9.3812e+06) (-2.22045e-08 -2.22045e-08 -9.3812e+06) (-2.22045e-08 -2.22045e-08 -9.3812e+06)
2750          (0 -2.22045e-08 -9.3812e+06) (0 -2.22045e-08 -9.3812e+06) (0 -2.22045e-08 -9.3812e+06) (0 -2.22045e-08 -9.3812e+06) (0 -2.22045e-08 -9.3812e+06) (0 -2.22045e-08 -9.3812e+06) (0 -2.22045e-08 -9.3812e+06) (0 -2.22045e-08 -9.3812e+06) (0 -2.22045e-08 -9.3812e+06) (0 -2.22045e-08 -9.3812e+06) (0 -2.22045e-08 -9.3812e+06)
2800          (-2.22045e-08 0 -9.3812e+06) (-2.22045e-08 0 -9.3812e+06) (-2.22045e-08 0 -9.3812e+06) (-2.22045e-08 0 -9.3812e+06) (-2.22045e-08 0 -9.3812e+06) (-2.22045e-08 0 -9.3812e+06) (-2.22045e-08 0 -9.3812e+06) (-2.22045e-08 0 -9.3812e+06) (-2.22045e-08 0 -9.3812e+06) (-2.22045e-08 0 -9.3812e+06) (-2.22045e-08 0 -9.3812e+06)
2850          (0 0 -9.3812e+06) (0 0 -9.3812e+06) (0 0 -9.3812e+06) (0 0 -9.3812e+06) (0 0 -9.3812e+06) (0 0 -9.3812e+06) (0 0 -9.3812e+06) (0 0 -9.3812e+06) (0 0 -9.3812e+06) (0 0 -9.3812e+06) (0 0 -9.3812e+06)
2900          (0 0 -9.3812e+06) (0 0 -9.3812e+06) (0 0 -9.3812e+06) (0 0 -9.3812e+06) (0 0 -9.3812e+06) (0 0 -9.3812e+06) (0 0 -9.3812e+06) (0 0 -9.3812e+06) (0 0 -9.3812e+06) (0 0 -9.3812e+06) (0 0 -9.3812e+06)
2950          (0 -2.22045e-08 -9.3812e+06) (0 -2.22045e-08 -9.3812e+06) (0 -2.22045e-08 -9.3812e+06) (0 -2.22045e-08 -9.3812e+06) (0 -2.22045e-08 -9.3812e+06) (0 -2.22045e-08 -9.3812e+06) (0 -2.22045e-08 -9.3812e+06) (0 -2.22045e-08 -9.3812e+06) (0 -2.22045e-08 -9.3812e+06) (0 -2.22045e-08 -9.3812e+06) (0 -2.22045e-08 -9.3812e+06)
3000          (0 -2.22045e-08 -9.3812e+06) (0 -2.22045e-08 -9.3812e+06) (0 -2.22045e-08 -9.3812e+06) (0 -2.22045e-08 -9.3812e+06) (0 -2.22045e-08 -9.3812e+06) (0 -2.22045e-08 -9.3812e+06) (0 -2.22045e-08 -9.3812e+06) (0 -2.22045e-08 -9.3812e+06) (0 -2.22045e-08 -9.3812e+06) (0 -2.22045e-08 -9.3812e+06) (0 -2.22045e-08 -9.3812e+06)
3050          (-2.22045e-08 -2.22045e-08 -9.3812e+06) (-2.22045e-08 -2.22045e-08 -9.3812e+06) (-2.22045e-08 -2.22045e-08 -9.3812e+06) (-2.22045e-08 -2.22045e-08 -9.3812e+06) (-2.22045e-08 -2.22045e-08 -9.3812e+06) (-2.22045e-08 -2.22045e-08 -9.3812e+06) (-2.22045e-08 -2.22045e-08 -9.3812e+06) (-2.22045e-08 -2.22045e-08 -9.3812e+06) (-2.22045e-08 -2.22045e-08 -9.3812e+06) (-2.22045e-08 -2.22045e-08 -9.3812e+06) (-2.22045e-08 -2.22045e-08 -9.3812e+06)
3100          (0 0 -9.3812e+06) (0 0 -9.3812e+06) (0 0 -9.3812e+06) (0 0 -9.3812e+06) (0 0 -9.3812e+06) (0 0 -9.3812e+06) (0 0 -9.3812e+06) (0 0 -9.3812e+06) (0 0 -9.3812e+06) (0 0 -9.3812e+06) (0 0 -9.3812e+06)
3150          (-2.22045e-08 -2.22045e-08 -9.3812e+06) (-2.22045e-08 -2.22045e-08 -9.3812e+06) (-2.22045e-08 -2.22045e-08 -9.3812e+06) (-2.22045e-08 -2.22045e-08 -9.3812e+06) (-2.22045e-08 -2.22045e-08 -9.3812e+06) (-2.22045e-08 -2.22045e-08 -9.3812e+06) (-2.22045e-08 -2.22045e-08 -9.3812e+06) (-2.22045e-08 -2.22045e-08 -9.3812e+06) (-2.22045e-08 -2.22045e-08 -9.3812e+06) (-2.22045e-08 -2.22045e-08 -9.3812e+06) (-2.22045e-08 -2.22045e-08 -9.3812e+06)
3200          (-2.22045e-08 0 -9.3812e+06) (-2.22045e-08 0 -9.3812e+06) (-2.22045e-08 0 -9.3812e+06) (-2.22045e-08 0 -9.3812e+06) (-2.22045e-08 0 -9.3812e+06) (-2.22045e-08 0 -9.3812e+06) (-2.22045e-08 0 -9.3812e+06) (-2.22045e-08 0 -9.3812e+06) (-2.22045e-08 0 -9.3812e+06) (-2.22045e-08 0 -9.3812e+06) (-2.22045e-08 0 -9.3812e+06)
3250          (-2.22045e-08 0 -9.3812e+06) (-2.22045e-08 0 -9.3812e+06) (-2.22045e-08 0 -9.3812e+06) (-2.22045e-08 0 -9.3812e+06) (-2.22045e-08 0 -9.3812e+06) (-2.22045e-08 0 -9.3812e+06) (-2.22045e-08 0 -9.3812e+06) (-2.22045e-08 0 -9.3812e+06) (-2.22045e-08 0 -9.3812e+06) (-2.22045e-08 0 -9.3812e+06) (-2.22045e-08 0 -9.3812e+06)
3300          (0 -2.22045e-08 -9.3812e+06) (0 -2.22045e-08 -9.3812e+06) (0 -2.22045e-08 -9.3812e+06) (0 -2.22045e-08 -9.3812e+06) (0 -2.22045e-08 -9.3812e+06) (0 -2.22045e-08 -9.3812e+06) (0 -2.22045e-08 -9.3812e+06) (0 -2.22045e-08 -9.3812e+06) (0 -2.22045e-08 -9.3812e+06) (0 -2.22045e-08 -9.3812e+06) (0 -2.22045e-08 -9.3812e+06)
3350          (0 0 -9.3812e+06) (0 0 -9.3812e+06) (0 0 -9.3812e+06) (0 0 -9.3812e+06) (0 0 -9.3812e+06) (0 0 -9.3812e+06) (0 0 -9.3812e+06) (0 0 -9.3812e+06) (0 0 -9.3812e+06) (0 0 -9.3812e+06) (0 0 -9.3812e+06)
3400          (-2.22045e-08 -2.22045e-08 -9.3812e+06) (-2.22045e-08 -2.22045e-08 -9.3812e+06) (-2.22045e-08 -2.22045e-08 -9.3812e+06) (-2.22045e-08 -2.22045e-08 -9.3812e+06) (-2.22045e-08 -2.22045e-08 -9.3812e+06) (-2.22045e-08 -2.22045e-08 -9.3812e+06) (-2.22045e-08 -2.22045e-08 -9.3812e+06) (-2.22045e-08 -2.22045e-08 -9.3812e+06) (-2.22045e-08 -2.22045e-08 -9.3812e+06) (-2.22045e-08 -2.22045e-08 -9.3812e+06) (-2.22045e-08 -2.22045e-08 -9.3812e+06)
3450          (0 0 -9.3812e+06) (0 0 -9.3812e+06) (0 0 -9.3812e+06) (0 0 -9.3812e+06) (0 0 -9.3812e+06) (0 0 -9.3812e+06) (0 0 -9.3812e+06) (0 0 -9.3812e+06) (0 0 -9.3812e+06) (0 0 -9.3812e+06) (0 0 -9.3812e+06)
3500          (0 0 -9.3812e+06) (0 0 -9.3812e+06) (0 0 -9.3812e+06) (0 0 -9.3812e+06) (0 0 -9.3812e+06) (0 0 -9.3812e+06) (0 0 -9.3812e+06) (0 0 -9.3812e+06) (0 0 -9.3812e+06) (0 0 -9.3812e+06) (0 0 -9.3812e+06)
3550          (-2.22045e-08 -2.22045e-08 -9.3812e+06) (-2.22045e-08 -2.22045e-08 -9.3812e+06) (-2.22045e-08 -2.22045e-08 -9.3812e+06) (-2.22045e-08 -2.22045e-08 -9.3812e+06) (-2.22045e-08 -2.22045e-08 -9.3812e+06) (-2.22045e-08 -2.22045e-08 -9.3812e+06) (-2.22045e-08 -2.22045e-08 -9.3812e+06) (-2.22045e-08 -2.22045e-08 -9.3812e+06) (-2.22045e-08 -2.22045e-08 -9.3812e+06) (-2.22045e-08 -2.22045e-08 -9.3812e+06) (-2.22045e-08 -2.22045e-08 -9.3812e+06)
3600          (-2.22045e-08 -2.22045e-08 -9.3812e+06) (-2.22045e-08 -2.22045e-08 -9.3812e+06) (-2.22045e-08 -2.22045e-08 -9.3812e+06) (-2.22045e-08 -2.22045e-08 -9.3812e+06) (-2.22045e-08 -2.22045e-08 -9.3812e+06) (-2.22045e-08 -2.22045e-08 -9.3812e+06) (-2.22045e-08 -2.22045e-08 -9.3812e+06) (-2.22045e-08 -2.22045e-08 -9.3812e+06) (-2.22045e-08 -2.22045e-08 -9.3812e+06) (-2.22045e-08 -2.22045e-08 -9.3812e+06) (-2.22045e-08 -2.22045e-08 -9.3812e+06)
3650          (-2.22045e-08 -2.22045e-08 -9.3812e+06) (-2.22045e-08 -2.22045e-08 -9.3812e+06) (-2.22045e-08 -2.22045e-08 -9.3812e+06) (-2.22045e-08 -2.22045e-08 -9.3812e+06) (-2.22045e-08 -2.22045e-08 -9.3812e+06) (-2.22045e-08 -2.22045e-08 -9.3812e+06) (-2.22045e-08 -2.22045e-08 -9.3812e+06) (-2.22045e-08 -2.22045e-08 -9.3812e+06) (-2.22045e-08 -2.22045e-08 -9.3812e+06) (-2.22045e-08 -2.22045e-08 -9.3812e+06) (-2.22045e-08 -2.22045e-08 -9.3812e+06)
3700          (-2.22045e-08 -4.44089e-08 -9.3812e+06) (-2.22045e-08 -4.44089e-08 -9.3812e+06) (-2.22045e-08 -4.44089e-08 -9.3812e+06) (-2.22045e-08 -4.44089e-08 -9.3812e+06) (-2.22045e-08 -4.44089e-08 -9.3812e+06) (-2.22045e-08 -4.44089e-08 -9.3812e+06) (-2.22045e-08 -4.44089e-08 -9.3812e+06) (-2.22045e-08 -4.44089e-08 -9.3812e+06) (-2.22045e-08 -4.44089e-08 -9.3812e+06) (-2.22045e-08 -4.44089e-08 -9.3812e+06) (-2.22045e-08 -4.44089e-08 -9.3812e+06)
3750          (0 0 -9.3812e+06) (0 0 -9.3812e+06) (0 0 -9.3812e+06) (0 0 -9.3812e+06) (0 0 -9.3812e+06) (0 0 -9.3812e+06) (0 0 -9.3812e+06) (0 0 -9.3812e+06) (0 0 -9.3812e+06) (0 0 -9.3812e+06) (0 0 -9.3812e+06)
3800          (0 0 -9.3812e+06) (0 0 -9.3812e+06) (0 0 -9.3812e+06) (0 0 -9.3812e+06) (0 0 -9.3812e+06) (0 0 -9.3812e+06) (0 0 -9.3812e+06) (0 0 -9.3812e+06) (0 0 -9.3812e+06) (0 0 -9.3812e+06) (0 0 -9.3812e+06)
3850          (0 0 -9.3812e+06) (0 0 -9.3812e+06) (0 0 -9.3812e+06) (0 0 -9.3812e+06) (0 0 -9.3812e+06) (0 0 -9.3812e+06) (0 0 -9.3812e+06) (0 0 -9.3812e+06) (0 0 -9.3812e+06) (0 0 -9.3812e+06) (0 0 -9.3812e+06)
3900          (0 0 -9.3812e+06) (0 0 -9.3812e+06) (0 0 -9.3812e+06) (0 0 -9.3812e+06) (0 0 -9.3812e+06) (0 0 -9.3812e+06) (0 0 -9.3812e+06) (0 0 -9.3812e+06) (0 0 -9.3812e+06) (0 0 -9.3812e+06) (0 0 -9.3812e+06)
3950          (-2.22045e-08 -2.22045e-08 -9.3812e+06) (-2.22045e-08 -2.22045e-08 -9.3812e+06) (-2.22045e-08 -2.22045e-08 -9.3812e+06) (-2.22045e-08 -2.22045e-08 -9.3812e+06) (-2.22045e-08 -2.22045e-08 -9.3812e+06) (-2.22045e-08 -2.22045e-08 -9.3812e+06) (-2.22045e-08 -2.22045e-08 -9.3812e+06) (-2.22045e-08 -2.22045e-08 -9.3812e+06) (-2.22045e-08 -2.22045e-08 -9.3812e+06) (-2.22045e-08 -2.22045e-08 -9.3812e+06) (-2.22045e-08 -2.22045e-08 -9.3812e+06)
4000          (-2.22045e-08 0 -9.3812e+06) (-2.22045e-08 0 -9.3812e+06) (-2.22045e-08 0 -9.3812e+06) (-2.22045e-08 0 -9.3812e+06) (-2.22045e-08 0 -9.3812e+06) (-2.22045e-08 0 -9.3812e+06) (-2.22045e-08 0 -9.3812e+06) (-2.22045e-08 0 -9.3812e+06) (-2.22045e-08 0 -9.3812e+06) (-2.22045e-08 0 -9.3812e+06) (-2.22045e-08 0 -9.3812e+06)
4050          (0 -2.22045e-08 -9.3812e+06) (0 -2.22045e-08 -9.3812e+06) (0 -2.22045e-08 -9.3812e+06) (0 -2.22045e-08 -9.3812e+06) (0 -2.22045e-08 -9.3812e+06) (0 -2.22045e-08 -9.3812e+06) (0 -2.22045e-08 -9.3812e+06) (0 -2.22045e-08 -9.3812e+06) (0 -2.22045e-08 -9.3812e+06) (0 -2.22045e-08 -9.3812e+06) (0 -2.22045e-08 -9.3812e+06)
4100          (0 0 -9.3812e+06) (0 0 -9.3812e+06) (0 0 -9.3812e+06) (0 0 -9.3812e+06) (0 0 -9.3812e+06) (0 0 -9.3812e+06) (0 0 -9.3812e+06) (0 0 -9.3812e+06) (0 0 -9.3812e+06) (0 0 -9.3812e+06) (0 0 -9.3812e+06)
4150          (0 0 -9.3812e+06) (0 0 -9.3812e+06) (0 0 -9.3812e+06) (0 0 -9.3812e+06) (0 0 -9.3812e+06) (0 0 -9.3812e+06) (0 0 -9.3812e+06) (0 0 -9.3812e+06) (0 0 -9.3812e+06) (0 0 -9.3812e+06) (0 0 -9.3812e+06)
4200          (0 0 -9.3812e+06) (0 0 -9.3812e+06) (0 0 -9.3812e+06) (0 0 -9.3812e+06) (0 0 -9.3812e+06) (0 0 -9.3812e+06) (0 0 -9.3812e+06) (0 0 -9.3812e+06) (0 0 -9.3812e+06) (0 0 -9.3812e+06) (0 0 -9.3812e+06)
4250          (-2.22045e-08 -2.22045e-08 -9.3812e+06) (-2.22045e-08 -2.22045e-08 -9.3812e+06) (-2.22045e-08 -2.22045e-08 -9.3812e+06) (-2.22045e-08 -2.22045e-08 -9.3812e+06) (-2.22045e-08 -2.22045e-08 -9.3812e+06) (-2.22045e-08 -2.22045e-08 -9.3812e+06) (-2.22045e-08 -2.22045e-08 -9.3812e+06) (-2.22045e-08 -2.22045e-08 -9.3812e+06) (-2.22045e-08 -2.22045e-08 -9.3812e+06) (-2.22045e-08 -2.22045e-08 -9.3812e+06) (-2.22045e-08 -2.22045e-08 -9.3812e+06)
4300          (0 0 -9.3812e+06) (0 0 -9.3812e+06) (0 0 -9.3812e+06) (0 0 -9.3812e+06) (0 0 -9.3812e+06) (0 0 -9.3812e+06) (0 0 -9.3812e+06) (0 0 -9.3812e+06) (0 0 -9.3812e+06) (0 0 -9.3812e+06) (0 0 -9.3812e+06)
4350          (-2.22045e-08 0 -9.3812e+06) (-2.22045e-08 0 -9.3812e+06) (-2.22045e-08 0 -9.3812e+06) (-2.22045e-08 0 -9.3812e+06) (-2.22045e-08 0 -9.3812e+06) (-2.22045e-08 0 -9.3812e+06) (-2.22045e-08 0 -9.3812e+06) (-2.22045e-08 0 -9.3812e+06) (-2.22045e-08 0 -9.3812e+06) (-2.22045e-08 0 -9.3812e+06) (-2.22045e-08 0 -9.3812e+06)
4400          (-2.22045e-08 -4.44089e-08 -9.3812e+06) (-2.22045e-08 -4.44089e-08 -9.3812e+06) (-2.22045e-08 -4.44089e-08 -9.3812e+06) (-2.22045e-08 -4.44089e-08 -9.3812e+06) (-2.22045e-08 -4.44089e-08 -9.3812e+06) (-2.22045e-08 -4.44089e-08 -9.3812e+06) (-2.22045e-08 -4.44089e-08 -9.3812e+06) (-2.22045e-08 -4.44089e-08 -9.3812e+06) (-2.22045e-08 -4.44089e-08 -9.3812e+06) (-2.22045e-08 -4.44089e-08 -9.3812e+06) (-2.22045e-08 -4.44089e-08 -9.3812e+06)
4450          (-2.22045e-08 0 -9.3812e+06) (-2.22045e-08 0 -9.3812e+06) (-2.22045e-08 0 -9.3812e+06) (-2.22045e-08 0 -9.3812e+06) (-2.22045e-08 0 -9.3812e+06) (-2.22045e-08 0 -9.3812e+06) (-2.22045e-08 0 -9.3812e+06) (-2.22045e-08 0 -9.3812e+06) (-2.22045e-08 0 -9.3812e+06) (-2.22045e-08 0 -9.3812e+06) (-2.22045e-08 0 -9.3812e+06)
4500          (-2.22045e-08 0 -9.3812e+06) (-2.22045e-08 0 -9.3812e+06) (-2.22045e-08 0 -9.3812e+06) (-2.22045e-08 0 -9.3812e+06) (-2.22045e-08 0 -9.3812e+06) (-2.22045e-08 0 -9.3812e+06) (-2.22045e-08 0 -9.3812e+06) (-2.22045e-08 0 -9.3812e+06) (-2.22045e-08 0 -9.3812e+06) (-2.22045e-08 0 -9.3812e+06) (-2.22045e-08 0 -9.3812e+06)
4550          (-2.22045e-08 0 -9.3812e+06) (-2.22045e-08 0 -9.3812e+06) (-2.22045e-08 0 -9.3812e+06) (-2.22045e-08 0 -9.3812e+06) (-2.22045e-08 0 -9.3812e+06) (-2.22045e-08 0 -9.3812e+06) (-2.22045e-08 0 -9.3812e+06) (-2.22045e-08 0 -9.3812e+06) (-2.22045e-08 0 -9.3812e+06) (-2.22045e-08 0 -9.3812e+06) (-2.22045e-08 0 -9.3812e+06)
4600          (-4.44089e-08 -2.22045e-08 -9.3812e+06) (-4.44089e-08 -2.22045e-08 -9.3812e+06) (-4.44089e-08 -2.22045e-08 -9.3812e+06) (-4.44089e-08 -2.22045e-08 -9.3812e+06) (-4.44089e-08 -2.22045e-08 -9.3812e+06) (-4.44089e-08 -2.22045e-08 -9.3812e+06) (-4.44089e-08 -2.22045e-08 -9.3812e+06) (-4.44089e-08 -2.22045e-08 -9.3812e+06) (-4.44089e-08 -2.22045e-08 -9.3812e+06) (-4.44089e-08 -2.22045e-08 -9.3812e+06) (-4.44089e-08 -2.22045e-08 -9.3812e+06)
4650          (-2.22045e-08 -2.22045e-08 -9.3812e+06) (-2.22045e-08 -2.22045e-08 -9.3812e+06) (-2.22045e-08 -2.22045e-08 -9.3812e+06) (-2.22045e-08 -2.22045e-08 -9.3812e+06) (-2.22045e-08 -2.22045e-08 -9.3812e+06) (-2.22045e-08 -2.22045e-08 -9.3812e+06) (-2.22045e-08 -2.22045e-08 -9.3812e+06) (-2.22045e-08 -2.22045e-08 -9.3812e+06) (-2.22045e-08 -2.22045e-08 -9.3812e+06) (-2.22045e-08 -2.22045e-08 -9.3812e+06) (-2.22045e-08 -2.22045e-08 -9.3812e+06)
4700          (0 -2.22045e-08 -9.3812e+06) (0 -2.22045e-08 -9.3812e+06) (0 -2.22045e-08 -9.3812e+06) (0 -2.22045e-08 -9.3812e+06) (0 -2.22045e-08 -9.3812e+06) (0 -2.22045e-08 -9.3812e+06) (0 -2.22045e-08 -9.3812e+06) (0 -2.22045e-08 -9.3812e+06) (0 -2.22045e-08 -9.3812e+06) (0 -2.22045e-08 -9.3812e+06) (0 -2.22045e-08 -9.3812e+06)
4750          (0 0 -9.3812e+06) (0 0 -9.3812e+06) (0 0 -9.3812e+06) (0 0 -9.3812e+06) (0 0 -9.3812e+06) (0 0 -9.3812e+06) (0 0 -9.3812e+06) (0 0 -9.3812e+06) (0 0 -9.3812e+06) (0 0 -9.3812e+06) (0 0 -9.3812e+06)
4800          (0 -2.22045e-08 -9.3812e+06) (0 -2.22045e-08 -9.3812e+06) (0 -2.22045e-08 -9.3812e+06) (0 -2.22045e-08 -9.3812e+06) (0 -2.22045e-08 -9.3812e+06) (0 -2.22045e-08 -9.3812e+06) (0 -2.22045e-08 -9.3812e+06) (0 -2.22045e-08 -9.3812e+06) (0 -2.22045e-08 -9.3812e+06) (0 -2.22045e-08 -9.3812e+06) (0 -2.22045e-08 -9.3812e+06)
4850          (0 0 -9.3812e+06) (0 0 -9.3812e+06) (0 0 -9.3812e+06) (0 0 -9.3812e+06) (0 0 -9.3812e+06) (0 0 -9.3812e+06) (0 0 -9.3812e+06) (0 0 -9.3812e+06) (0 0 -9.3812e+06) (0 0 -9.3812e+06) (0 0 -9.3812e+06)
4900          (0 -2.22045e-08 -9.3812e+06) (0 -2.22045e-08 -9.3812e+06) (0 -2.22045e-08 -9.3812e+06) (0 -2.22045e-08 -9.3812e+06) (0 -2.22045e-08 -9.3812e+06) (0 -2.22045e-08 -9.3812e+06) (0 -2.22045e-08 -9.3812e+06) (0 -2.22045e-08 -9.3812e+06) (0 -2.22045e-08 -9.3812e+06) (0 -2.22045e-08 -9.3812e+06) (0 -2.22045e-08 -9.3812e+06)
4950          (0 0 -9.3812e+06) (0 0 -9.3812e+06) (0 0 -9.3812e+06) (0 0 -9.3812e+06) (0 0 -9.3812e+06) (0 0 -9.3812e+06) (0 0 -9.3812e+06) (0 0 -9.3812e+06) (0 0 -9.3812e+06) (0 0 -9.3812e+06) (0 0 -9.3812e+06)
5000          (-2.22045e-08 0 -9.3812e+06) (-2.22045e-08 0 -9.3812e+06) (-2.22045e-08 0 -9.3812e+06) (-2.22045e-08 0 -9.3812e+06) (-2.22045e-08 0 -9.3812e+06) (-2.22045e-08 0 -9.3812e+06) (-2.22045e-08 0 -9.3812e+06) (-2.22045e-08 0 -9.3812e+06) (-2.22045e-08 0 -9.3812e+06) (-2.22045e-08 0 -9.3812e+06) (-2.22045e-08 0 -9.3812e+06)
