# Probe 0 (0.0015 0.0015 0)
# Probe 1 (0.0015 0.0015 0.002)
# Probe 2 (0.0015 0.0015 0.004)
# Probe 3 (0.0015 0.0015 0.006)
# Probe 4 (0.0015 0.0015 0.008)
# Probe 5 (0.0015 0.0015 0.01)
# Probe 6 (0.0015 0.0015 0.012)
# Probe 7 (0.0015 0.0015 0.014)
# Probe 8 (0.0015 0.0015 0.016)
# Probe 9 (0.0015 0.0015 0.018)
# Probe 10 (0.0015 0.0015 0.02)
# Time        0             1             2             3             4             5             6             7             8             9             10           
50            (6.12991e-06 6.12992e-06 6254.1) (6.12991e-06 6.12992e-06 6254.1) (6.12991e-06 6.12992e-06 6254.1) (6.12991e-06 6.12992e-06 6254.1) (6.12991e-06 6.12992e-06 6254.1) (6.12991e-06 6.12992e-06 6254.1) (6.12991e-06 6.12992e-06 6254.1) (6.12991e-06 6.12992e-06 6254.1) (6.12991e-06 6.12992e-06 6254.1) (6.12991e-06 6.12992e-06 6254.1) (6.12991e-06 6.12992e-06 6254.1)
100           (1.37887e-06 1.37887e-06 6254.1) (1.37887e-06 1.37887e-06 6254.1) (1.37887e-06 1.37887e-06 6254.1) (1.37887e-06 1.37887e-06 6254.1) (1.37887e-06 1.37887e-06 6254.1) (1.37887e-06 1.37887e-06 6254.1) (1.37887e-06 1.37887e-06 6254.1) (1.37887e-06 1.37887e-06 6254.1) (1.37887e-06 1.37887e-06 6254.1) (1.37887e-06 1.37887e-06 6254.1) (1.37887e-06 1.37887e-06 6254.1)
150           (3.64661e-07 3.64661e-07 6254.1) (3.64661e-07 3.64661e-07 6254.1) (3.64661e-07 3.64661e-07 6254.1) (3.64661e-07 3.64661e-07 6254.1) (3.64661e-07 3.64661e-07 6254.1) (3.64661e-07 3.64661e-07 6254.1) (3.64661e-07 3.64661e-07 6254.1) (3.64661e-07 3.64661e-07 6254.1) (3.64661e-07 3.64661e-07 6254.1) (3.64661e-07 3.64661e-07 6254.1) (3.64661e-07 3.64661e-07 6254.1)
200           (1.0005e-07 1.0005e-07 6254.1) (1.0005e-07 1.0005e-07 6254.1) (1.0005e-07 1.0005e-07 6254.1) (1.0005e-07 1.0005e-07 6254.1) (1.0005e-07 1.0005e-07 6254.1) (1.0005e-07 1.0005e-07 6254.1) (1.0005e-07 1.0005e-07 6254.1) (1.0005e-07 1.0005e-07 6254.1) (1.0005e-07 1.0005e-07 6254.1) (1.0005e-07 1.0005e-07 6254.1) (1.0005e-07 1.0005e-07 6254.1)
250           (2.82218e-08 2.82218e-08 6254.1) (2.82218e-08 2.82218e-08 6254.1) (2.82218e-08 2.82218e-08 6254.1) (2.82218e-08 2.82218e-08 6254.1) (2.82218e-08 2.82218e-08 6254.1) (2.82218e-08 2.82218e-08 6254.1) (2.82218e-08 2.82218e-08 6254.1) (2.82218e-08 2.82218e-08 6254.1) (2.82218e-08 2.82218e-08 6254.1) (2.82218e-08 2.82218e-08 6254.1) (2.82218e-08 2.82218e-08 6254.1)
300           (8.13152e-09 8.13152e-09 6254.1) (8.13152e-09 8.13152e-09 6254.1) (8.13152e-09 8.13152e-09 6254.1) (8.13152e-09 8.13152e-09 6254.1) (8.13152e-09 8.13152e-09 6254.1) (8.13152e-09 8.13152e-09 6254.1) (8.13152e-09 8.13152e-09 6254.1) (8.13152e-09 8.13152e-09 6254.1) (8.13152e-09 8.13152e-09 6254.1) (8.13152e-09 8.13152e-09 6254.1) (8.13152e-09 8.13152e-09 6254.1)
350           (2.36356e-09 2.36356e-09 6254.1) (2.36356e-09 2.36356e-09 6254.1) (2.36356e-09 2.36356e-09 6254.1) (2.36356e-09 2.36356e-09 6254.1) (2.36356e-09 2.36356e-09 6254.1) (2.36356e-09 2.36356e-09 6254.1) (2.36356e-09 2.36356e-09 6254.1) (2.36356e-09 2.36356e-09 6254.1) (2.36356e-09 2.36356e-09 6254.1) (2.36356e-09 2.36356e-09 6254.1) (2.36356e-09 2.36356e-09 6254.1)
400           (6.93889e-10 7.04731e-10 6254.1) (6.93889e-10 7.04731e-10 6254.1) (6.93889e-10 7.04731e-10 6254.1) (6.93889e-10 7.04731e-10 6254.1) (6.93889e-10 7.04731e-10 6254.1) (6.93889e-10 7.04731e-10 6254.1) (6.93889e-10 7.04731e-10 6254.1) (6.93889e-10 7.04731e-10 6254.1) (6.93889e-10 7.04731e-10 6254.1) (6.93889e-10 7.04731e-10 6254.1) (6.93889e-10 7.04731e-10 6254.1)
450           (2.1684e-10 1.95156e-10 6254.1) (2.1684e-10 1.95156e-10 6254.1) (2.1684e-10 1.95156e-10 6254.1) (2.1684e-10 1.95156e-10 6254.1) (2.1684e-10 1.95156e-10 6254.1) (2.1684e-10 1.95156e-10 6254.1) (2.1684e-10 1.95156e-10 6254.1) (2.1684e-10 1.95156e-10 6254.1) (2.1684e-10 1.95156e-10 6254.1) (2.1684e-10 1.95156e-10 6254.1) (2.1684e-10 1.95156e-10 6254.1)
500           (5.42101e-11 5.42101e-11 6254.1) (5.42101e-11 5.42101e-11 6254.1) (5.42101e-11 5.42101e-11 6254.1) (5.42101e-11 5.42101e-11 6254.1) (5.42101e-11 5.42101e-11 6254.1) (5.42101e-11 5.42101e-11 6254.1) (5.42101e-11 5.42101e-11 6254.1) (5.42101e-11 5.42101e-11 6254.1) (5.42101e-11 5.42101e-11 6254.1) (5.42101e-11 5.42101e-11 6254.1) (5.42101e-11 5.42101e-11 6254.1)
550           (1.0842e-11 1.0842e-11 6254.1) (1.0842e-11 1.0842e-11 6254.1) (1.0842e-11 1.0842e-11 6254.1) (1.0842e-11 1.0842e-11 6254.1) (1.0842e-11 1.0842e-11 6254.1) (1.0842e-11 1.0842e-11 6254.1) (1.0842e-11 1.0842e-11 6254.1) (1.0842e-11 1.0842e-11 6254.1) (1.0842e-11 1.0842e-11 6254.1) (1.0842e-11 1.0842e-11 6254.1) (1.0842e-11 1.0842e-11 6254.1)
600           (0 0 6254.1)  (0 0 6254.1)  (0 0 6254.1)  (0 0 6254.1)  (0 0 6254.1)  (0 0 6254.1)  (0 0 6254.1)  (0 0 6254.1)  (0 0 6254.1)  (0 0 6254.1)  (0 0 6254.1) 
650           (0 0 6254.1)  (0 0 6254.1)  (0 0 6254.1)  (0 0 6254.1)  (0 0 6254.1)  (0 0 6254.1)  (0 0 6254.1)  (0 0 6254.1)  (0 0 6254.1)  (0 0 6254.1)  (0 0 6254.1) 
700           (0 0 6254.1)  (0 0 6254.1)  (0 0 6254.1)  (0 0 6254.1)  (0 0 6254.1)  (0 0 6254.1)  (0 0 6254.1)  (0 0 6254.1)  (0 0 6254.1)  (0 0 6254.1)  (0 0 6254.1) 
750           (1.0842e-11 0 6254.1) (1.0842e-11 0 6254.1) (1.0842e-11 0 6254.1) (1.0842e-11 0 6254.1) (1.0842e-11 0 6254.1) (1.0842e-11 0 6254.1) (1.0842e-11 0 6254.1) (1.0842e-11 0 6254.1) (1.0842e-11 0 6254.1) (1.0842e-11 0 6254.1) (1.0842e-11 0 6254.1)
800           (2.1684e-11 2.1684e-11 6254.1) (2.1684e-11 2.1684e-11 6254.1) (2.1684e-11 2.1684e-11 6254.1) (2.1684e-11 2.1684e-11 6254.1) (2.1684e-11 2.1684e-11 6254.1) (2.1684e-11 2.1684e-11 6254.1) (2.1684e-11 2.1684e-11 6254.1) (2.1684e-11 2.1684e-11 6254.1) (2.1684e-11 2.1684e-11 6254.1) (2.1684e-11 2.1684e-11 6254.1) (2.1684e-11 2.1684e-11 6254.1)
850           (2.1684e-11 2.1684e-11 6254.1) (2.1684e-11 2.1684e-11 6254.1) (2.1684e-11 2.1684e-11 6254.1) (2.1684e-11 2.1684e-11 6254.1) (2.1684e-11 2.1684e-11 6254.1) (2.1684e-11 2.1684e-11 6254.1) (2.1684e-11 2.1684e-11 6254.1) (2.1684e-11 2.1684e-11 6254.1) (2.1684e-11 2.1684e-11 6254.1) (2.1684e-11 2.1684e-11 6254.1) (2.1684e-11 2.1684e-11 6254.1)
900           (1.0842e-11 1.0842e-11 6254.1) (1.0842e-11 1.0842e-11 6254.1) (1.0842e-11 1.0842e-11 6254.1) (1.0842e-11 1.0842e-11 6254.1) (1.0842e-11 1.0842e-11 6254.1) (1.0842e-11 1.0842e-11 6254.1) (1.0842e-11 1.0842e-11 6254.1) (1.0842e-11 1.0842e-11 6254.1) (1.0842e-11 1.0842e-11 6254.1) (1.0842e-11 1.0842e-11 6254.1) (1.0842e-11 1.0842e-11 6254.1)
950           (0 1.0842e-11 6254.1) (0 1.0842e-11 6254.1) (0 1.0842e-11 6254.1) (0 1.0842e-11 6254.1) (0 1.0842e-11 6254.1) (0 1.0842e-11 6254.1) (0 1.0842e-11 6254.1) (0 1.0842e-11 6254.1) (0 1.0842e-11 6254.1) (0 1.0842e-11 6254.1) (0 1.0842e-11 6254.1)
1000          (2.1684e-11 2.1684e-11 6254.1) (2.1684e-11 2.1684e-11 6254.1) (2.1684e-11 2.1684e-11 6254.1) (2.1684e-11 2.1684e-11 6254.1) (2.1684e-11 2.1684e-11 6254.1) (2.1684e-11 2.1684e-11 6254.1) (2.1684e-11 2.1684e-11 6254.1) (2.1684e-11 2.1684e-11 6254.1) (2.1684e-11 2.1684e-11 6254.1) (2.1684e-11 2.1684e-11 6254.1) (2.1684e-11 2.1684e-11 6254.1)
1050          (0 0 6254.1)  (0 0 6254.1)  (0 0 6254.1)  (0 0 6254.1)  (0 0 6254.1)  (0 0 6254.1)  (0 0 6254.1)  (0 0 6254.1)  (0 0 6254.1)  (0 0 6254.1)  (0 0 6254.1) 
1100          (1.0842e-11 1.0842e-11 6254.1) (1.0842e-11 1.0842e-11 6254.1) (1.0842e-11 1.0842e-11 6254.1) (1.0842e-11 1.0842e-11 6254.1) (1.0842e-11 1.0842e-11 6254.1) (1.0842e-11 1.0842e-11 6254.1) (1.0842e-11 1.0842e-11 6254.1) (1.0842e-11 1.0842e-11 6254.1) (1.0842e-11 1.0842e-11 6254.1) (1.0842e-11 1.0842e-11 6254.1) (1.0842e-11 1.0842e-11 6254.1)
1150          (1.0842e-11 1.0842e-11 6254.1) (1.0842e-11 1.0842e-11 6254.1) (1.0842e-11 1.0842e-11 6254.1) (1.0842e-11 1.0842e-11 6254.1) (1.0842e-11 1.0842e-11 6254.1) (1.0842e-11 1.0842e-11 6254.1) (1.0842e-11 1.0842e-11 6254.1) (1.0842e-11 1.0842e-11 6254.1) (1.0842e-11 1.0842e-11 6254.1) (1.0842e-11 1.0842e-11 6254.1) (1.0842e-11 1.0842e-11 6254.1)
1200          (0 0 6254.1)  (0 0 6254.1)  (0 0 6254.1)  (0 0 6254.1)  (0 0 6254.1)  (0 0 6254.1)  (0 0 6254.1)  (0 0 6254.1)  (0 0 6254.1)  (0 0 6254.1)  (0 0 6254.1) 
1250          (0 2.1684e-11 6254.1) (0 2.1684e-11 6254.1) (0 2.1684e-11 6254.1) (0 2.1684e-11 6254.1) (0 2.1684e-11 6254.1) (0 2.1684e-11 6254.1) (0 2.1684e-11 6254.1) (0 2.1684e-11 6254.1) (0 2.1684e-11 6254.1) (0 2.1684e-11 6254.1) (0 2.1684e-11 6254.1)
1300          (1.0842e-11 0 6254.1) (1.0842e-11 0 6254.1) (1.0842e-11 0 6254.1) (1.0842e-11 0 6254.1) (1.0842e-11 0 6254.1) (1.0842e-11 0 6254.1) (1.0842e-11 0 6254.1) (1.0842e-11 0 6254.1) (1.0842e-11 0 6254.1) (1.0842e-11 0 6254.1) (1.0842e-11 0 6254.1)
1350          (1.0842e-11 1.0842e-11 6254.1) (1.0842e-11 1.0842e-11 6254.1) (1.0842e-11 1.0842e-11 6254.1) (1.0842e-11 1.0842e-11 6254.1) (1.0842e-11 1.0842e-11 6254.1) (1.0842e-11 1.0842e-11 6254.1) (1.0842e-11 1.0842e-11 6254.1) (1.0842e-11 1.0842e-11 6254.1) (1.0842e-11 1.0842e-11 6254.1) (1.0842e-11 1.0842e-11 6254.1) (1.0842e-11 1.0842e-11 6254.1)
1400          (0 0 6254.1)  (0 0 6254.1)  (0 0 6254.1)  (0 0 6254.1)  (0 0 6254.1)  (0 0 6254.1)  (0 0 6254.1)  (0 0 6254.1)  (0 0 6254.1)  (0 0 6254.1)  (0 0 6254.1) 
1450          (1.0842e-11 1.0842e-11 6254.1) (1.0842e-11 1.0842e-11 6254.1) (1.0842e-11 1.0842e-11 6254.1) (1.0842e-11 1.0842e-11 6254.1) (1.0842e-11 1.0842e-11 6254.1) (1.0842e-11 1.0842e-11 6254.1) (1.0842e-11 1.0842e-11 6254.1) (1.0842e-11 1.0842e-11 6254.1) (1.0842e-11 1.0842e-11 6254.1) (1.0842e-11 1.0842e-11 6254.1) (1.0842e-11 1.0842e-11 6254.1)
1500          (1.0842e-11 1.0842e-11 6254.1) (1.0842e-11 1.0842e-11 6254.1) (1.0842e-11 1.0842e-11 6254.1) (1.0842e-11 1.0842e-11 6254.1) (1.0842e-11 1.0842e-11 6254.1) (1.0842e-11 1.0842e-11 6254.1) (1.0842e-11 1.0842e-11 6254.1) (1.0842e-11 1.0842e-11 6254.1) (1.0842e-11 1.0842e-11 6254.1) (1.0842e-11 1.0842e-11 6254.1) (1.0842e-11 1.0842e-11 6254.1)
1550          (1.0842e-11 1.0842e-11 6254.1) (1.0842e-11 1.0842e-11 6254.1) (1.0842e-11 1.0842e-11 6254.1) (1.0842e-11 1.0842e-11 6254.1) (1.0842e-11 1.0842e-11 6254.1) (1.0842e-11 1.0842e-11 6254.1) (1.0842e-11 1.0842e-11 6254.1) (1.0842e-11 1.0842e-11 6254.1) (1.0842e-11 1.0842e-11 6254.1) (1.0842e-11 1.0842e-11 6254.1) (1.0842e-11 1.0842e-11 6254.1)
1600          (1.0842e-11 1.0842e-11 6254.1) (1.0842e-11 1.0842e-11 6254.1) (1.0842e-11 1.0842e-11 6254.1) (1.0842e-11 1.0842e-11 6254.1) (1.0842e-11 1.0842e-11 6254.1) (1.0842e-11 1.0842e-11 6254.1) (1.0842e-11 1.0842e-11 6254.1) (1.0842e-11 1.0842e-11 6254.1) (1.0842e-11 1.0842e-11 6254.1) (1.0842e-11 1.0842e-11 6254.1) (1.0842e-11 1.0842e-11 6254.1)
1650          (2.1684e-11 0 6254.1) (2.1684e-11 0 6254.1) (2.1684e-11 0 6254.1) (2.1684e-11 0 6254.1) (2.1684e-11 0 6254.1) (2.1684e-11 0 6254.1) (2.1684e-11 0 6254.1) (2.1684e-11 0 6254.1) (2.1684e-11 0 6254.1) (2.1684e-11 0 6254.1) (2.1684e-11 0 6254.1)
1700          (0 1.0842e-11 6254.1) (0 1.0842e-11 6254.1) (0 1.0842e-11 6254.1) (0 1.0842e-11 6254.1) (0 1.0842e-11 6254.1) (0 1.0842e-11 6254.1) (0 1.0842e-11 6254.1) (0 1.0842e-11 6254.1) (0 1.0842e-11 6254.1) (0 1.0842e-11 6254.1) (0 1.0842e-11 6254.1)
1750          (1.0842e-11 1.0842e-11 6254.1) (1.0842e-11 1.0842e-11 6254.1) (1.0842e-11 1.0842e-11 6254.1) (1.0842e-11 1.0842e-11 6254.1) (1.0842e-11 1.0842e-11 6254.1) (1.0842e-11 1.0842e-11 6254.1) (1.0842e-11 1.0842e-11 6254.1) (1.0842e-11 1.0842e-11 6254.1) (1.0842e-11 1.0842e-11 6254.1) (1.0842e-11 1.0842e-11 6254.1) (1.0842e-11 1.0842e-11 6254.1)
1800          (0 1.0842e-11 6254.1) (0 1.0842e-11 6254.1) (0 1.0842e-11 6254.1) (0 1.0842e-11 6254.1) (0 1.0842e-11 6254.1) (0 1.0842e-11 6254.1) (0 1.0842e-11 6254.1) (0 1.0842e-11 6254.1) (0 1.0842e-11 6254.1) (0 1.0842e-11 6254.1) (0 1.0842e-11 6254.1)
1850          (1.0842e-11 0 6254.1) (1.0842e-11 0 6254.1) (1.0842e-11 0 6254.1) (1.0842e-11 0 6254.1) (1.0842e-11 0 6254.1) (1.0842e-11 0 6254.1) (1.0842e-11 0 6254.1) (1.0842e-11 0 6254.1) (1.0842e-11 0 6254.1) (1.0842e-11 0 6254.1) (1.0842e-11 0 6254.1)
1900          (0 2.1684e-11 6254.1) (0 2.1684e-11 6254.1) (0 2.1684e-11 6254.1) (0 2.1684e-11 6254.1) (0 2.1684e-11 6254.1) (0 2.1684e-11 6254.1) (0 2.1684e-11 6254.1) (0 2.1684e-11 6254.1) (0 2.1684e-11 6254.1) (0 2.1684e-11 6254.1) (0 2.1684e-11 6254.1)
1950          (0 1.0842e-11 6254.1) (0 1.0842e-11 6254.1) (0 1.0842e-11 6254.1) (0 1.0842e-11 6254.1) (0 1.0842e-11 6254.1) (0 1.0842e-11 6254.1) (0 1.0842e-11 6254.1) (0 1.0842e-11 6254.1) (0 1.0842e-11 6254.1) (0 1.0842e-11 6254.1) (0 1.0842e-11 6254.1)
2000          (1.0842e-11 1.0842e-11 6254.1) (1.0842e-11 1.0842e-11 6254.1) (1.0842e-11 1.0842e-11 6254.1) (1.0842e-11 1.0842e-11 6254.1) (1.0842e-11 1.0842e-11 6254.1) (1.0842e-11 1.0842e-11 6254.1) (1.0842e-11 1.0842e-11 6254.1) (1.0842e-11 1.0842e-11 6254.1) (1.0842e-11 1.0842e-11 6254.1) (1.0842e-11 1.0842e-11 6254.1) (1.0842e-11 1.0842e-11 6254.1)
2050          (1.0842e-11 1.0842e-11 6254.1) (1.0842e-11 1.0842e-11 6254.1) (1.0842e-11 1.0842e-11 6254.1) (1.0842e-11 1.0842e-11 6254.1) (1.0842e-11 1.0842e-11 6254.1) (1.0842e-11 1.0842e-11 6254.1) (1.0842e-11 1.0842e-11 6254.1) (1.0842e-11 1.0842e-11 6254.1) (1.0842e-11 1.0842e-11 6254.1) (1.0842e-11 1.0842e-11 6254.1) (1.0842e-11 1.0842e-11 6254.1)
2100          (0 1.0842e-11 6254.1) (0 1.0842e-11 6254.1) (0 1.0842e-11 6254.1) (0 1.0842e-11 6254.1) (0 1.0842e-11 6254.1) (0 1.0842e-11 6254.1) (0 1.0842e-11 6254.1) (0 1.0842e-11 6254.1) (0 1.0842e-11 6254.1) (0 1.0842e-11 6254.1) (0 1.0842e-11 6254.1)
2150          (1.0842e-11 1.0842e-11 6254.1) (1.0842e-11 1.0842e-11 6254.1) (1.0842e-11 1.0842e-11 6254.1) (1.0842e-11 1.0842e-11 6254.1) (1.0842e-11 1.0842e-11 6254.1) (1.0842e-11 1.0842e-11 6254.1) (1.0842e-11 1.0842e-11 6254.1) (1.0842e-11 1.0842e-11 6254.1) (1.0842e-11 1.0842e-11 6254.1) (1.0842e-11 1.0842e-11 6254.1) (1.0842e-11 1.0842e-11 6254.1)
2200          (1.0842e-11 1.0842e-11 6254.1) (1.0842e-11 1.0842e-11 6254.1) (1.0842e-11 1.0842e-11 6254.1) (1.0842e-11 1.0842e-11 6254.1) (1.0842e-11 1.0842e-11 6254.1) (1.0842e-11 1.0842e-11 6254.1) (1.0842e-11 1.0842e-11 6254.1) (1.0842e-11 1.0842e-11 6254.1) (1.0842e-11 1.0842e-11 6254.1) (1.0842e-11 1.0842e-11 6254.1) (1.0842e-11 1.0842e-11 6254.1)
2250          (0 2.1684e-11 6254.1) (0 2.1684e-11 6254.1) (0 2.1684e-11 6254.1) (0 2.1684e-11 6254.1) (0 2.1684e-11 6254.1) (0 2.1684e-11 6254.1) (0 2.1684e-11 6254.1) (0 2.1684e-11 6254.1) (0 2.1684e-11 6254.1) (0 2.1684e-11 6254.1) (0 2.1684e-11 6254.1)
2300          (1.0842e-11 1.0842e-11 6254.1) (1.0842e-11 1.0842e-11 6254.1) (1.0842e-11 1.0842e-11 6254.1) (1.0842e-11 1.0842e-11 6254.1) (1.0842e-11 1.0842e-11 6254.1) (1.0842e-11 1.0842e-11 6254.1) (1.0842e-11 1.0842e-11 6254.1) (1.0842e-11 1.0842e-11 6254.1) (1.0842e-11 1.0842e-11 6254.1) (1.0842e-11 1.0842e-11 6254.1) (1.0842e-11 1.0842e-11 6254.1)
2350          (0 0 6254.1)  (0 0 6254.1)  (0 0 6254.1)  (0 0 6254.1)  (0 0 6254.1)  (0 0 6254.1)  (0 0 6254.1)  (0 0 6254.1)  (0 0 6254.1)  (0 0 6254.1)  (0 0 6254.1) 
2400          (0 1.0842e-11 6254.1) (0 1.0842e-11 6254.1) (0 1.0842e-11 6254.1) (0 1.0842e-11 6254.1) (0 1.0842e-11 6254.1) (0 1.0842e-11 6254.1) (0 1.0842e-11 6254.1) (0 1.0842e-11 6254.1) (0 1.0842e-11 6254.1) (0 1.0842e-11 6254.1) (0 1.0842e-11 6254.1)
2450          (0 0 6254.1)  (0 0 6254.1)  (0 0 6254.1)  (0 0 6254.1)  (0 0 6254.1)  (0 0 6254.1)  (0 0 6254.1)  (0 0 6254.1)  (0 0 6254.1)  (0 0 6254.1)  (0 0 6254.1) 
2500          (1.0842e-11 1.0842e-11 6254.1) (1.0842e-11 1.0842e-11 6254.1) (1.0842e-11 1.0842e-11 6254.1) (1.0842e-11 1.0842e-11 6254.1) (1.0842e-11 1.0842e-11 6254.1) (1.0842e-11 1.0842e-11 6254.1) (1.0842e-11 1.0842e-11 6254.1) (1.0842e-11 1.0842e-11 6254.1) (1.0842e-11 1.0842e-11 6254.1) (1.0842e-11 1.0842e-11 6254.1) (1.0842e-11 1.0842e-11 6254.1)
2550          (2.1684e-11 2.1684e-11 6254.1) (2.1684e-11 2.1684e-11 6254.1) (2.1684e-11 2.1684e-11 6254.1) (2.1684e-11 2.1684e-11 6254.1) (2.1684e-11 2.1684e-11 6254.1) (2.1684e-11 2.1684e-11 6254.1) (2.1684e-11 2.1684e-11 6254.1) (2.1684e-11 2.1684e-11 6254.1) (2.1684e-11 2.1684e-11 6254.1) (2.1684e-11 2.1684e-11 6254.1) (2.1684e-11 2.1684e-11 6254.1)
2600          (1.0842e-11 0 6254.1) (1.0842e-11 0 6254.1) (1.0842e-11 0 6254.1) (1.0842e-11 0 6254.1) (1.0842e-11 0 6254.1) (1.0842e-11 0 6254.1) (1.0842e-11 0 6254.1) (1.0842e-11 0 6254.1) (1.0842e-11 0 6254.1) (1.0842e-11 0 6254.1) (1.0842e-11 0 6254.1)
2650          (0 1.0842e-11 6254.1) (0 1.0842e-11 6254.1) (0 1.0842e-11 6254.1) (0 1.0842e-11 6254.1) (0 1.0842e-11 6254.1) (0 1.0842e-11 6254.1) (0 1.0842e-11 6254.1) (0 1.0842e-11 6254.1) (0 1.0842e-11 6254.1) (0 1.0842e-11 6254.1) (0 1.0842e-11 6254.1)
2700          (1.0842e-11 1.0842e-11 6254.1) (1.0842e-11 1.0842e-11 6254.1) (1.0842e-11 1.0842e-11 6254.1) (1.0842e-11 1.0842e-11 6254.1) (1.0842e-11 1.0842e-11 6254.1) (1.0842e-11 1.0842e-11 6254.1) (1.0842e-11 1.0842e-11 6254.1) (1.0842e-11 1.0842e-11 6254.1) (1.0842e-11 1.0842e-11 6254.1) (1.0842e-11 1.0842e-11 6254.1) (1.0842e-11 1.0842e-11 6254.1)
2750          (0 1.0842e-11 6254.1) (0 1.0842e-11 6254.1) (0 1.0842e-11 6254.1) (0 1.0842e-11 6254.1) (0 1.0842e-11 6254.1) (0 1.0842e-11 6254.1) (0 1.0842e-11 6254.1) (0 1.0842e-11 6254.1) (0 1.0842e-11 6254.1) (0 1.0842e-11 6254.1) (0 1.0842e-11 6254.1)
2800          (0 1.0842e-11 6254.1) (0 1.0842e-11 6254.1) (0 1.0842e-11 6254.1) (0 1.0842e-11 6254.1) (0 1.0842e-11 6254.1) (0 1.0842e-11 6254.1) (0 1.0842e-11 6254.1) (0 1.0842e-11 6254.1) (0 1.0842e-11 6254.1) (0 1.0842e-11 6254.1) (0 1.0842e-11 6254.1)
2850          (0 0 6254.1)  (0 0 6254.1)  (0 0 6254.1)  (0 0 6254.1)  (0 0 6254.1)  (0 0 6254.1)  (0 0 6254.1)  (0 0 6254.1)  (0 0 6254.1)  (0 0 6254.1)  (0 0 6254.1) 
2900          (1.0842e-11 1.0842e-11 6254.1) (1.0842e-11 1.0842e-11 6254.1) (1.0842e-11 1.0842e-11 6254.1) (1.0842e-11 1.0842e-11 6254.1) (1.0842e-11 1.0842e-11 6254.1) (1.0842e-11 1.0842e-11 6254.1) (1.0842e-11 1.0842e-11 6254.1) (1.0842e-11 1.0842e-11 6254.1) (1.0842e-11 1.0842e-11 6254.1) (1.0842e-11 1.0842e-11 6254.1) (1.0842e-11 1.0842e-11 6254.1)
2950          (1.0842e-11 1.0842e-11 6254.1) (1.0842e-11 1.0842e-11 6254.1) (1.0842e-11 1.0842e-11 6254.1) (1.0842e-11 1.0842e-11 6254.1) (1.0842e-11 1.0842e-11 6254.1) (1.0842e-11 1.0842e-11 6254.1) (1.0842e-11 1.0842e-11 6254.1) (1.0842e-11 1.0842e-11 6254.1) (1.0842e-11 1.0842e-11 6254.1) (1.0842e-11 1.0842e-11 6254.1) (1.0842e-11 1.0842e-11 6254.1)
3000          (0 2.1684e-11 6254.1) (0 2.1684e-11 6254.1) (0 2.1684e-11 6254.1) (0 2.1684e-11 6254.1) (0 2.1684e-11 6254.1) (0 2.1684e-11 6254.1) (0 2.1684e-11 6254.1) (0 2.1684e-11 6254.1) (0 2.1684e-11 6254.1) (0 2.1684e-11 6254.1) (0 2.1684e-11 6254.1)
3050          (2.1684e-11 2.1684e-11 6254.1) (2.1684e-11 2.1684e-11 6254.1) (2.1684e-11 2.1684e-11 6254.1) (2.1684e-11 2.1684e-11 6254.1) (2.1684e-11 2.1684e-11 6254.1) (2.1684e-11 2.1684e-11 6254.1) (2.1684e-11 2.1684e-11 6254.1) (2.1684e-11 2.1684e-11 6254.1) (2.1684e-11 2.1684e-11 6254.1) (2.1684e-11 2.1684e-11 6254.1) (2.1684e-11 2.1684e-11 6254.1)
3100          (0 0 6254.1)  (0 0 6254.1)  (0 0 6254.1)  (0 0 6254.1)  (0 0 6254.1)  (0 0 6254.1)  (0 0 6254.1)  (0 0 6254.1)  (0 0 6254.1)  (0 0 6254.1)  (0 0 6254.1) 
3150          (1.0842e-11 1.0842e-11 6254.1) (1.0842e-11 1.0842e-11 6254.1) (1.0842e-11 1.0842e-11 6254.1) (1.0842e-11 1.0842e-11 6254.1) (1.0842e-11 1.0842e-11 6254.1) (1.0842e-11 1.0842e-11 6254.1) (1.0842e-11 1.0842e-11 6254.1) (1.0842e-11 1.0842e-11 6254.1) (1.0842e-11 1.0842e-11 6254.1) (1.0842e-11 1.0842e-11 6254.1) (1.0842e-11 1.0842e-11 6254.1)
3200          (1.0842e-11 1.0842e-11 6254.1) (1.0842e-11 1.0842e-11 6254.1) (1.0842e-11 1.0842e-11 6254.1) (1.0842e-11 1.0842e-11 6254.1) (1.0842e-11 1.0842e-11 6254.1) (1.0842e-11 1.0842e-11 6254.1) (1.0842e-11 1.0842e-11 6254.1) (1.0842e-11 1.0842e-11 6254.1) (1.0842e-11 1.0842e-11 6254.1) (1.0842e-11 1.0842e-11 6254.1) (1.0842e-11 1.0842e-11 6254.1)
3250          (1.0842e-11 0 6254.1) (1.0842e-11 0 6254.1) (1.0842e-11 0 6254.1) (1.0842e-11 0 6254.1) (1.0842e-11 0 6254.1) (1.0842e-11 0 6254.1) (1.0842e-11 0 6254.1) (1.0842e-11 0 6254.1) (1.0842e-11 0 6254.1) (1.0842e-11 0 6254.1) (1.0842e-11 0 6254.1)
3300          (0 1.0842e-11 6254.1) (0 1.0842e-11 6254.1) (0 1.0842e-11 6254.1) (0 1.0842e-11 6254.1) (0 1.0842e-11 6254.1) (0 1.0842e-11 6254.1) (0 1.0842e-11 6254.1) (0 1.0842e-11 6254.1) (0 1.0842e-11 6254.1) (0 1.0842e-11 6254.1) (0 1.0842e-11 6254.1)
3350          (1.0842e-11 1.0842e-11 6254.1) (1.0842e-11 1.0842e-11 6254.1) (1.0842e-11 1.0842e-11 6254.1) (1.0842e-11 1.0842e-11 6254.1) (1.0842e-11 1.0842e-11 6254.1) (1.0842e-11 1.0842e-11 6254.1) (1.0842e-11 1.0842e-11 6254.1) (1.0842e-11 1.0842e-11 6254.1) (1.0842e-11 1.0842e-11 6254.1) (1.0842e-11 1.0842e-11 6254.1) (1.0842e-11 1.0842e-11 6254.1)
3400          (0 1.0842e-11 6254.1) (0 1.0842e-11 6254.1) (0 1.0842e-11 6254.1) (0 1.0842e-11 6254.1) (0 1.0842e-11 6254.1) (0 1.0842e-11 6254.1) (0 1.0842e-11 6254.1) (0 1.0842e-11 6254.1) (0 1.0842e-11 6254.1) (0 1.0842e-11 6254.1) (0 1.0842e-11 6254.1)
3450          (0 0 6254.1)  (0 0 6254.1)  (0 0 6254.1)  (0 0 6254.1)  (0 0 6254.1)  (0 0 6254.1)  (0 0 6254.1)  (0 0 6254.1)  (0 0 6254.1)  (0 0 6254.1)  (0 0 6254.1) 
3500          (0 0 6254.1)  (0 0 6254.1)  (0 0 6254.1)  (0 0 6254.1)  (0 0 6254.1)  (0 0 6254.1)  (0 0 6254.1)  (0 0 6254.1)  (0 0 6254.1)  (0 0 6254.1)  (0 0 6254.1) 
3550          (1.0842e-11 1.0842e-11 6254.1) (1.0842e-11 1.0842e-11 6254.1) (1.0842e-11 1.0842e-11 6254.1) (1.0842e-11 1.0842e-11 6254.1) (1.0842e-11 1.0842e-11 6254.1) (1.0842e-11 1.0842e-11 6254.1) (1.0842e-11 1.0842e-11 6254.1) (1.0842e-11 1.0842e-11 6254.1) (1.0842e-11 1.0842e-11 6254.1) (1.0842e-11 1.0842e-11 6254.1) (1.0842e-11 1.0842e-11 6254.1)
3600          (0 1.0842e-11 6254.1) (0 1.0842e-11 6254.1) (0 1.0842e-11 6254.1) (0 1.0842e-11 6254.1) (0 1.0842e-11 6254.1) (0 1.0842e-11 6254.1) (0 1.0842e-11 6254.1) (0 1.0842e-11 6254.1) (0 1.0842e-11 6254.1) (0 1.0842e-11 6254.1) (0 1.0842e-11 6254.1)
3650          (1.0842e-11 1.0842e-11 6254.1) (1.0842e-11 1.0842e-11 6254.1) (1.0842e-11 1.0842e-11 6254.1) (1.0842e-11 1.0842e-11 6254.1) (1.0842e-11 1.0842e-11 6254.1) (1.0842e-11 1.0842e-11 6254.1) (1.0842e-11 1.0842e-11 6254.1) (1.0842e-11 1.0842e-11 6254.1) (1.0842e-11 1.0842e-11 6254.1) (1.0842e-11 1.0842e-11 6254.1) (1.0842e-11 1.0842e-11 6254.1)
3700          (1.0842e-11 1.0842e-11 6254.1) (1.0842e-11 1.0842e-11 6254.1) (1.0842e-11 1.0842e-11 6254.1) (1.0842e-11 1.0842e-11 6254.1) (1.0842e-11 1.0842e-11 6254.1) (1.0842e-11 1.0842e-11 6254.1) (1.0842e-11 1.0842e-11 6254.1) (1.0842e-11 1.0842e-11 6254.1) (1.0842e-11 1.0842e-11 6254.1) (1.0842e-11 1.0842e-11 6254.1) (1.0842e-11 1.0842e-11 6254.1)
3750          (1.0842e-11 1.0842e-11 6254.1) (1.0842e-11 1.0842e-11 6254.1) (1.0842e-11 1.0842e-11 6254.1) (1.0842e-11 1.0842e-11 6254.1) (1.0842e-11 1.0842e-11 6254.1) (1.0842e-11 1.0842e-11 6254.1) (1.0842e-11 1.0842e-11 6254.1) (1.0842e-11 1.0842e-11 6254.1) (1.0842e-11 1.0842e-11 6254.1) (1.0842e-11 1.0842e-11 6254.1) (1.0842e-11 1.0842e-11 6254.1)
3800          (0 0 6254.1)  (0 0 6254.1)  (0 0 6254.1)  (0 0 6254.1)  (0 0 6254.1)  (0 0 6254.1)  (0 0 6254.1)  (0 0 6254.1)  (0 0 6254.1)  (0 0 6254.1)  (0 0 6254.1) 
3850          (1.0842e-11 1.0842e-11 6254.1) (1.0842e-11 1.0842e-11 6254.1) (1.0842e-11 1.0842e-11 6254.1) (1.0842e-11 1.0842e-11 6254.1) (1.0842e-11 1.0842e-11 6254.1) (1.0842e-11 1.0842e-11 6254.1) (1.0842e-11 1.0842e-11 6254.1) (1.0842e-11 1.0842e-11 6254.1) (1.0842e-11 1.0842e-11 6254.1) (1.0842e-11 1.0842e-11 6254.1) (1.0842e-11 1.0842e-11 6254.1)
3900          (0 2.1684e-11 6254.1) (0 2.1684e-11 6254.1) (0 2.1684e-11 6254.1) (0 2.1684e-11 6254.1) (0 2.1684e-11 6254.1) (0 2.1684e-11 6254.1) (0 2.1684e-11 6254.1) (0 2.1684e-11 6254.1) (0 2.1684e-11 6254.1) (0 2.1684e-11 6254.1) (0 2.1684e-11 6254.1)
3950          (1.0842e-11 1.0842e-11 6254.1) (1.0842e-11 1.0842e-11 6254.1) (1.0842e-11 1.0842e-11 6254.1) (1.0842e-11 1.0842e-11 6254.1) (1.0842e-11 1.0842e-11 6254.1) (1.0842e-11 1.0842e-11 6254.1) (1.0842e-11 1.0842e-11 6254.1) (1.0842e-11 1.0842e-11 6254.1) (1.0842e-11 1.0842e-11 6254.1) (1.0842e-11 1.0842e-11 6254.1) (1.0842e-11 1.0842e-11 6254.1)
4000          (1.0842e-11 1.0842e-11 6254.1) (1.0842e-11 1.0842e-11 6254.1) (1.0842e-11 1.0842e-11 6254.1) (1.0842e-11 1.0842e-11 6254.1) (1.0842e-11 1.0842e-11 6254.1) (1.0842e-11 1.0842e-11 6254.1) (1.0842e-11 1.0842e-11 6254.1) (1.0842e-11 1.0842e-11 6254.1) (1.0842e-11 1.0842e-11 6254.1) (1.0842e-11 1.0842e-11 6254.1) (1.0842e-11 1.0842e-11 6254.1)
4050          (0 1.0842e-11 6254.1) (0 1.0842e-11 6254.1) (0 1.0842e-11 6254.1) (0 1.0842e-11 6254.1) (0 1.0842e-11 6254.1) (0 1.0842e-11 6254.1) (0 1.0842e-11 6254.1) (0 1.0842e-11 6254.1) (0 1.0842e-11 6254.1) (0 1.0842e-11 6254.1) (0 1.0842e-11 6254.1)
4100          (0 2.1684e-11 6254.1) (0 2.1684e-11 6254.1) (0 2.1684e-11 6254.1) (0 2.1684e-11 6254.1) (0 2.1684e-11 6254.1) (0 2.1684e-11 6254.1) (0 2.1684e-11 6254.1) (0 2.1684e-11 6254.1) (0 2.1684e-11 6254.1) (0 2.1684e-11 6254.1) (0 2.1684e-11 6254.1)
4150          (1.0842e-11 0 6254.1) (1.0842e-11 0 6254.1) (1.0842e-11 0 6254.1) (1.0842e-11 0 6254.1) (1.0842e-11 0 6254.1) (1.0842e-11 0 6254.1) (1.0842e-11 0 6254.1) (1.0842e-11 0 6254.1) (1.0842e-11 0 6254.1) (1.0842e-11 0 6254.1) (1.0842e-11 0 6254.1)
4200          (0 0 6254.1)  (0 0 6254.1)  (0 0 6254.1)  (0 0 6254.1)  (0 0 6254.1)  (0 0 6254.1)  (0 0 6254.1)  (0 0 6254.1)  (0 0 6254.1)  (0 0 6254.1)  (0 0 6254.1) 
4250          (1.0842e-11 1.0842e-11 6254.1) (1.0842e-11 1.0842e-11 6254.1) (1.0842e-11 1.0842e-11 6254.1) (1.0842e-11 1.0842e-11 6254.1) (1.0842e-11 1.0842e-11 6254.1) (1.0842e-11 1.0842e-11 6254.1) (1.0842e-11 1.0842e-11 6254.1) (1.0842e-11 1.0842e-11 6254.1) (1.0842e-11 1.0842e-11 6254.1) (1.0842e-11 1.0842e-11 6254.1) (1.0842e-11 1.0842e-11 6254.1)
4300          (1.0842e-11 1.0842e-11 6254.1) (1.0842e-11 1.0842e-11 6254.1) (1.0842e-11 1.0842e-11 6254.1) (1.0842e-11 1.0842e-11 6254.1) (1.0842e-11 1.0842e-11 6254.1) (1.0842e-11 1.0842e-11 6254.1) (1.0842e-11 1.0842e-11 6254.1) (1.0842e-11 1.0842e-11 6254.1) (1.0842e-11 1.0842e-11 6254.1) (1.0842e-11 1.0842e-11 6254.1) (1.0842e-11 1.0842e-11 6254.1)
4350          (1.0842e-11 1.0842e-11 6254.1) (1.0842e-11 1.0842e-11 6254.1) (1.0842e-11 1.0842e-11 6254.1) (1.0842e-11 1.0842e-11 6254.1) (1.0842e-11 1.0842e-11 6254.1) (1.0842e-11 1.0842e-11 6254.1) (1.0842e-11 1.0842e-11 6254.1) (1.0842e-11 1.0842e-11 6254.1) (1.0842e-11 1.0842e-11 6254.1) (1.0842e-11 1.0842e-11 6254.1) (1.0842e-11 1.0842e-11 6254.1)
4400          (0 1.0842e-11 6254.1) (0 1.0842e-11 6254.1) (0 1.0842e-11 6254.1) (0 1.0842e-11 6254.1) (0 1.0842e-11 6254.1) (0 1.0842e-11 6254.1) (0 1.0842e-11 6254.1) (0 1.0842e-11 6254.1) (0 1.0842e-11 6254.1) (0 1.0842e-11 6254.1) (0 1.0842e-11 6254.1)
4450          (0 0 6254.1)  (0 0 6254.1)  (0 0 6254.1)  (0 0 6254.1)  (0 0 6254.1)  (0 0 6254.1)  (0 0 6254.1)  (0 0 6254.1)  (0 0 6254.1)  (0 0 6254.1)  (0 0 6254.1) 
4500          (1.0842e-11 0 6254.1) (1.0842e-11 0 6254.1) (1.0842e-11 0 6254.1) (1.0842e-11 0 6254.1) (1.0842e-11 0 6254.1) (1.0842e-11 0 6254.1) (1.0842e-11 0 6254.1) (1.0842e-11 0 6254.1) (1.0842e-11 0 6254.1) (1.0842e-11 0 6254.1) (1.0842e-11 0 6254.1)
4550          (1.0842e-11 0 6254.1) (1.0842e-11 0 6254.1) (1.0842e-11 0 6254.1) (1.0842e-11 0 6254.1) (1.0842e-11 0 6254.1) (1.0842e-11 0 6254.1) (1.0842e-11 0 6254.1) (1.0842e-11 0 6254.1) (1.0842e-11 0 6254.1) (1.0842e-11 0 6254.1) (1.0842e-11 0 6254.1)
4600          (1.0842e-11 1.0842e-11 6254.1) (1.0842e-11 1.0842e-11 6254.1) (1.0842e-11 1.0842e-11 6254.1) (1.0842e-11 1.0842e-11 6254.1) (1.0842e-11 1.0842e-11 6254.1) (1.0842e-11 1.0842e-11 6254.1) (1.0842e-11 1.0842e-11 6254.1) (1.0842e-11 1.0842e-11 6254.1) (1.0842e-11 1.0842e-11 6254.1) (1.0842e-11 1.0842e-11 6254.1) (1.0842e-11 1.0842e-11 6254.1)
4650          (2.1684e-11 2.1684e-11 6254.1) (2.1684e-11 2.1684e-11 6254.1) (2.1684e-11 2.1684e-11 6254.1) (2.1684e-11 2.1684e-11 6254.1) (2.1684e-11 2.1684e-11 6254.1) (2.1684e-11 2.1684e-11 6254.1) (2.1684e-11 2.1684e-11 6254.1) (2.1684e-11 2.1684e-11 6254.1) (2.1684e-11 2.1684e-11 6254.1) (2.1684e-11 2.1684e-11 6254.1) (2.1684e-11 2.1684e-11 6254.1)
4700          (0 1.0842e-11 6254.1) (0 1.0842e-11 6254.1) (0 1.0842e-11 6254.1) (0 1.0842e-11 6254.1) (0 1.0842e-11 6254.1) (0 1.0842e-11 6254.1) (0 1.0842e-11 6254.1) (0 1.0842e-11 6254.1) (0 1.0842e-11 6254.1) (0 1.0842e-11 6254.1) (0 1.0842e-11 6254.1)
4750          (1.0842e-11 1.0842e-11 6254.1) (1.0842e-11 1.0842e-11 6254.1) (1.0842e-11 1.0842e-11 6254.1) (1.0842e-11 1.0842e-11 6254.1) (1.0842e-11 1.0842e-11 6254.1) (1.0842e-11 1.0842e-11 6254.1) (1.0842e-11 1.0842e-11 6254.1) (1.0842e-11 1.0842e-11 6254.1) (1.0842e-11 1.0842e-11 6254.1) (1.0842e-11 1.0842e-11 6254.1) (1.0842e-11 1.0842e-11 6254.1)
4800          (0 1.0842e-11 6254.1) (0 1.0842e-11 6254.1) (0 1.0842e-11 6254.1) (0 1.0842e-11 6254.1) (0 1.0842e-11 6254.1) (0 1.0842e-11 6254.1) (0 1.0842e-11 6254.1) (0 1.0842e-11 6254.1) (0 1.0842e-11 6254.1) (0 1.0842e-11 6254.1) (0 1.0842e-11 6254.1)
4850          (2.1684e-11 0 6254.1) (2.1684e-11 0 6254.1) (2.1684e-11 0 6254.1) (2.1684e-11 0 6254.1) (2.1684e-11 0 6254.1) (2.1684e-11 0 6254.1) (2.1684e-11 0 6254.1) (2.1684e-11 0 6254.1) (2.1684e-11 0 6254.1) (2.1684e-11 0 6254.1) (2.1684e-11 0 6254.1)
4900          (0 1.0842e-11 6254.1) (0 1.0842e-11 6254.1) (0 1.0842e-11 6254.1) (0 1.0842e-11 6254.1) (0 1.0842e-11 6254.1) (0 1.0842e-11 6254.1) (0 1.0842e-11 6254.1) (0 1.0842e-11 6254.1) (0 1.0842e-11 6254.1) (0 1.0842e-11 6254.1) (0 1.0842e-11 6254.1)
4950          (1.0842e-11 1.0842e-11 6254.1) (1.0842e-11 1.0842e-11 6254.1) (1.0842e-11 1.0842e-11 6254.1) (1.0842e-11 1.0842e-11 6254.1) (1.0842e-11 1.0842e-11 6254.1) (1.0842e-11 1.0842e-11 6254.1) (1.0842e-11 1.0842e-11 6254.1) (1.0842e-11 1.0842e-11 6254.1) (1.0842e-11 1.0842e-11 6254.1) (1.0842e-11 1.0842e-11 6254.1) (1.0842e-11 1.0842e-11 6254.1)
5000          (0 0 6254.1)  (0 0 6254.1)  (0 0 6254.1)  (0 0 6254.1)  (0 0 6254.1)  (0 0 6254.1)  (0 0 6254.1)  (0 0 6254.1)  (0 0 6254.1)  (0 0 6254.1)  (0 0 6254.1) 
