# Probe 0 (0.0015 0.0015 0)
# Probe 1 (0.0015 0.0015 0.002)
# Probe 2 (0.0015 0.0015 0.004)
# Probe 3 (0.0015 0.0015 0.006)
# Probe 4 (0.0015 0.0015 0.008)
# Probe 5 (0.0015 0.0015 0.01)
# Probe 6 (0.0015 0.0015 0.012)
# Probe 7 (0.0015 0.0015 0.014)
# Probe 8 (0.0015 0.0015 0.016)
# Probe 9 (0.0015 0.0015 0.018)
# Probe 10 (0.0015 0.0015 0.02)
# Time        0             1             2             3             4             5             6             7             8             9             10           
50            (-4.16901e-14 2.03161e-13 1.22195e-10) (-4.16901e-14 2.03161e-13 1.22195e-10) (-4.16901e-14 2.03161e-13 1.22195e-10) (-4.16901e-14 2.03161e-13 1.22195e-10) (-4.16901e-14 2.03161e-13 1.22195e-10) (-4.16901e-14 2.03161e-13 1.22195e-10) (-4.16901e-14 2.03161e-13 1.22195e-10) (-4.16901e-14 2.03161e-13 1.22195e-10) (-4.16901e-14 2.03161e-13 1.22195e-10) (-4.16901e-14 2.03161e-13 1.22195e-10) (-4.16901e-14 2.03161e-13 1.22195e-10)
100           (1.56703e-11 7.38968e-13 1.61668e-10) (1.56703e-11 7.38968e-13 1.61668e-10) (1.56703e-11 7.38968e-13 1.61668e-10) (1.56703e-11 7.38968e-13 1.61668e-10) (1.56703e-11 7.38968e-13 1.61668e-10) (1.56703e-11 7.38968e-13 1.61668e-10) (1.56703e-11 7.38968e-13 1.61668e-10) (1.56703e-11 7.38968e-13 1.61668e-10) (1.56703e-11 7.38968e-13 1.61668e-10) (1.56703e-11 7.38968e-13 1.61668e-10) (1.56703e-11 7.38968e-13 1.61668e-10)
150           (1.32891e-13 1.63648e-11 2.21401e-11) (1.32891e-13 1.63648e-11 2.21401e-11) (1.32891e-13 1.63648e-11 2.21401e-11) (1.32891e-13 1.63648e-11 2.21401e-11) (1.32891e-13 1.63648e-11 2.21401e-11) (1.32891e-13 1.63648e-11 2.21401e-11) (1.32891e-13 1.63648e-11 2.21401e-11) (1.32891e-13 1.63648e-11 2.21401e-11) (1.32891e-13 1.63648e-11 2.21401e-11) (1.32891e-13 1.63648e-11 2.21401e-11) (1.32891e-13 1.63648e-11 2.21401e-11)
200           (1.62213e-12 1.5033e-11 1.01389e-10) (1.62213e-12 1.5033e-11 1.01389e-10) (1.62213e-12 1.5033e-11 1.01389e-10) (1.62213e-12 1.5033e-11 1.01389e-10) (1.62213e-12 1.5033e-11 1.01389e-10) (1.62213e-12 1.5033e-11 1.01389e-10) (1.62213e-12 1.5033e-11 1.01389e-10) (1.62213e-12 1.5033e-11 1.01389e-10) (1.62213e-12 1.5033e-11 1.01389e-10) (1.62213e-12 1.5033e-11 1.01389e-10) (1.62213e-12 1.5033e-11 1.01389e-10)
250           (-7.66699e-12 9.4424e-14 1.06123e-11) (-7.66699e-12 9.4424e-14 1.06123e-11) (-7.66699e-12 9.4424e-14 1.06123e-11) (-7.66699e-12 9.4424e-14 1.06123e-11) (-7.66699e-12 9.4424e-14 1.06123e-11) (-7.66699e-12 9.4424e-14 1.06123e-11) (-7.66699e-12 9.4424e-14 1.06123e-11) (-7.66699e-12 9.4424e-14 1.06123e-11) (-7.66699e-12 9.4424e-14 1.06123e-11) (-7.66699e-12 9.4424e-14 1.06123e-11) (-7.66699e-12 9.4424e-14 1.06123e-11)
300           (-5.75562e-12 -8.16645e-14 -6.76696e-11) (-5.75562e-12 -8.16645e-14 -6.76696e-11) (-5.75562e-12 -8.16645e-14 -6.76696e-11) (-5.75562e-12 -8.16645e-14 -6.76696e-11) (-5.75562e-12 -8.16645e-14 -6.76696e-11) (-5.75562e-12 -8.16645e-14 -6.76696e-11) (-5.75562e-12 -8.16645e-14 -6.76696e-11) (-5.75562e-12 -8.16645e-14 -6.76696e-11) (-5.75562e-12 -8.16645e-14 -6.76696e-11) (-5.75562e-12 -8.16645e-14 -6.76696e-11) (-5.75562e-12 -8.16645e-14 -6.76696e-11)
350           (-1.24681e-14 1.56894e-11 3.80254e-11) (-1.24681e-14 1.56894e-11 3.80254e-11) (-1.24681e-14 1.56894e-11 3.80254e-11) (-1.24681e-14 1.56894e-11 3.80254e-11) (-1.24681e-14 1.56894e-11 3.80254e-11) (-1.24681e-14 1.56894e-11 3.80254e-11) (-1.24681e-14 1.56894e-11 3.80254e-11) (-1.24681e-14 1.56894e-11 3.80254e-11) (-1.24681e-14 1.56894e-11 3.80254e-11) (-1.24681e-14 1.56894e-11 3.80254e-11) (-1.24681e-14 1.56894e-11 3.80254e-11)
400           (1.2395e-13 -5.91627e-12 -4.52343e-11) (1.2395e-13 -5.91627e-12 -4.52343e-11) (1.2395e-13 -5.91627e-12 -4.52343e-11) (1.2395e-13 -5.91627e-12 -4.52343e-11) (1.2395e-13 -5.91627e-12 -4.52343e-11) (1.2395e-13 -5.91627e-12 -4.52343e-11) (1.2395e-13 -5.91627e-12 -4.52343e-11) (1.2395e-13 -5.91627e-12 -4.52343e-11) (1.2395e-13 -5.91627e-12 -4.52343e-11) (1.2395e-13 -5.91627e-12 -4.52343e-11) (1.2395e-13 -5.91627e-12 -4.52343e-11)
450           (-6.95029e-15 -3.91382e-14 1.56891e-10) (-6.95029e-15 -3.91382e-14 1.56891e-10) (-6.95029e-15 -3.91382e-14 1.56891e-10) (-6.95029e-15 -3.91382e-14 1.56891e-10) (-6.95029e-15 -3.91382e-14 1.56891e-10) (-6.95029e-15 -3.91382e-14 1.56891e-10) (-6.95029e-15 -3.91382e-14 1.56891e-10) (-6.95029e-15 -3.91382e-14 1.56891e-10) (-6.95029e-15 -3.91382e-14 1.56891e-10) (-6.95029e-15 -3.91382e-14 1.56891e-10) (-6.95029e-15 -3.91382e-14 1.56891e-10)
500           (-1.48033e-11 1.66745e-12 8.81175e-11) (-1.48033e-11 1.66745e-12 8.81175e-11) (-1.48033e-11 1.66745e-12 8.81175e-11) (-1.48033e-11 1.66745e-12 8.81175e-11) (-1.48033e-11 1.66745e-12 8.81175e-11) (-1.48033e-11 1.66745e-12 8.81175e-11) (-1.48033e-11 1.66745e-12 8.81175e-11) (-1.48033e-11 1.66745e-12 8.81175e-11) (-1.48033e-11 1.66745e-12 8.81175e-11) (-1.48033e-11 1.66745e-12 8.81175e-11) (-1.48033e-11 1.66745e-12 8.81175e-11)
550           (-6.28962e-14 -2.65523e-13 6.07089e-11) (-6.28962e-14 -2.65523e-13 6.07089e-11) (-6.28962e-14 -2.65523e-13 6.07089e-11) (-6.28962e-14 -2.65523e-13 6.07089e-11) (-6.28962e-14 -2.65523e-13 6.07089e-11) (-6.28962e-14 -2.65523e-13 6.07089e-11) (-6.28962e-14 -2.65523e-13 6.07089e-11) (-6.28962e-14 -2.65523e-13 6.07089e-11) (-6.28962e-14 -2.65523e-13 6.07089e-11) (-6.28962e-14 -2.65523e-13 6.07089e-11) (-6.28962e-14 -2.65523e-13 6.07089e-11)
600           (-1.06146e-14 -8.81217e-12 -8.72551e-11) (-1.06146e-14 -8.81217e-12 -8.72551e-11) (-1.06146e-14 -8.81217e-12 -8.72551e-11) (-1.06146e-14 -8.81217e-12 -8.72551e-11) (-1.06146e-14 -8.81217e-12 -8.72551e-11) (-1.06146e-14 -8.81217e-12 -8.72551e-11) (-1.06146e-14 -8.81217e-12 -8.72551e-11) (-1.06146e-14 -8.81217e-12 -8.72551e-11) (-1.06146e-14 -8.81217e-12 -8.72551e-11) (-1.06146e-14 -8.81217e-12 -8.72551e-11) (-1.06146e-14 -8.81217e-12 -8.72551e-11)
650           (-1.3608e-12 -1.57446e-13 1.0893e-10) (-1.3608e-12 -1.57446e-13 1.0893e-10) (-1.3608e-12 -1.57446e-13 1.0893e-10) (-1.3608e-12 -1.57446e-13 1.0893e-10) (-1.3608e-12 -1.57446e-13 1.0893e-10) (-1.3608e-12 -1.57446e-13 1.0893e-10) (-1.3608e-12 -1.57446e-13 1.0893e-10) (-1.3608e-12 -1.57446e-13 1.0893e-10) (-1.3608e-12 -1.57446e-13 1.0893e-10) (-1.3608e-12 -1.57446e-13 1.0893e-10) (-1.3608e-12 -1.57446e-13 1.0893e-10)
700           (5.34394e-14 -1.3405e-12 1.31036e-10) (5.34394e-14 -1.3405e-12 1.31036e-10) (5.34394e-14 -1.3405e-12 1.31036e-10) (5.34394e-14 -1.3405e-12 1.31036e-10) (5.34394e-14 -1.3405e-12 1.31036e-10) (5.34394e-14 -1.3405e-12 1.31036e-10) (5.34394e-14 -1.3405e-12 1.31036e-10) (5.34394e-14 -1.3405e-12 1.31036e-10) (5.34394e-14 -1.3405e-12 1.31036e-10) (5.34394e-14 -1.3405e-12 1.31036e-10) (5.34394e-14 -1.3405e-12 1.31036e-10)
750           (2.99257e-11 1.85378e-13 9.38575e-11) (2.99257e-11 1.85378e-13 9.38575e-11) (2.99257e-11 1.85378e-13 9.38575e-11) (2.99257e-11 1.85378e-13 9.38575e-11) (2.99257e-11 1.85378e-13 9.38575e-11) (2.99257e-11 1.85378e-13 9.38575e-11) (2.99257e-11 1.85378e-13 9.38575e-11) (2.99257e-11 1.85378e-13 9.38575e-11) (2.99257e-11 1.85378e-13 9.38575e-11) (2.99257e-11 1.85378e-13 9.38575e-11) (2.99257e-11 1.85378e-13 9.38575e-11)
800           (9.05463e-12 -5.96422e-12 -1.06779e-10) (9.05463e-12 -5.96422e-12 -1.06779e-10) (9.05463e-12 -5.96422e-12 -1.06779e-10) (9.05463e-12 -5.96422e-12 -1.06779e-10) (9.05463e-12 -5.96422e-12 -1.06779e-10) (9.05463e-12 -5.96422e-12 -1.06779e-10) (9.05463e-12 -5.96422e-12 -1.06779e-10) (9.05463e-12 -5.96422e-12 -1.06779e-10) (9.05463e-12 -5.96422e-12 -1.06779e-10) (9.05463e-12 -5.96422e-12 -1.06779e-10) (9.05463e-12 -5.96422e-12 -1.06779e-10)
850           (1.49968e-11 -6.67554e-14 7.05922e-11) (1.49968e-11 -6.67554e-14 7.05922e-11) (1.49968e-11 -6.67554e-14 7.05922e-11) (1.49968e-11 -6.67554e-14 7.05922e-11) (1.49968e-11 -6.67554e-14 7.05922e-11) (1.49968e-11 -6.67554e-14 7.05922e-11) (1.49968e-11 -6.67554e-14 7.05922e-11) (1.49968e-11 -6.67554e-14 7.05922e-11) (1.49968e-11 -6.67554e-14 7.05922e-11) (1.49968e-11 -6.67554e-14 7.05922e-11) (1.49968e-11 -6.67554e-14 7.05922e-11)
900           (-7.14513e-12 -7.64951e-12 -1.6937e-11) (-7.14513e-12 -7.64951e-12 -1.6937e-11) (-7.14513e-12 -7.64951e-12 -1.6937e-11) (-7.14513e-12 -7.64951e-12 -1.6937e-11) (-7.14513e-12 -7.64951e-12 -1.6937e-11) (-7.14513e-12 -7.64951e-12 -1.6937e-11) (-7.14513e-12 -7.64951e-12 -1.6937e-11) (-7.14513e-12 -7.64951e-12 -1.6937e-11) (-7.14513e-12 -7.64951e-12 -1.6937e-11) (-7.14513e-12 -7.64951e-12 -1.6937e-11) (-7.14513e-12 -7.64951e-12 -1.6937e-11)
950           (1.52234e-12 1.50462e-12 1.15689e-10) (1.52234e-12 1.50462e-12 1.15689e-10) (1.52234e-12 1.50462e-12 1.15689e-10) (1.52234e-12 1.50462e-12 1.15689e-10) (1.52234e-12 1.50462e-12 1.15689e-10) (1.52234e-12 1.50462e-12 1.15689e-10) (1.52234e-12 1.50462e-12 1.15689e-10) (1.52234e-12 1.50462e-12 1.15689e-10) (1.52234e-12 1.50462e-12 1.15689e-10) (1.52234e-12 1.50462e-12 1.15689e-10) (1.52234e-12 1.50462e-12 1.15689e-10)
1000          (1.50579e-11 -1.355e-11 1.29871e-11) (1.50579e-11 -1.355e-11 1.29871e-11) (1.50579e-11 -1.355e-11 1.29871e-11) (1.50579e-11 -1.355e-11 1.29871e-11) (1.50579e-11 -1.355e-11 1.29871e-11) (1.50579e-11 -1.355e-11 1.29871e-11) (1.50579e-11 -1.355e-11 1.29871e-11) (1.50579e-11 -1.355e-11 1.29871e-11) (1.50579e-11 -1.355e-11 1.29871e-11) (1.50579e-11 -1.355e-11 1.29871e-11) (1.50579e-11 -1.355e-11 1.29871e-11)
1050          (1.43356e-11 1.48894e-11 -3.99556e-11) (1.43356e-11 1.48894e-11 -3.99556e-11) (1.43356e-11 1.48894e-11 -3.99556e-11) (1.43356e-11 1.48894e-11 -3.99556e-11) (1.43356e-11 1.48894e-11 -3.99556e-11) (1.43356e-11 1.48894e-11 -3.99556e-11) (1.43356e-11 1.48894e-11 -3.99556e-11) (1.43356e-11 1.48894e-11 -3.99556e-11) (1.43356e-11 1.48894e-11 -3.99556e-11) (1.43356e-11 1.48894e-11 -3.99556e-11) (1.43356e-11 1.48894e-11 -3.99556e-11)
1100          (-1.6571e-13 -6.67046e-15 1.17643e-11) (-1.6571e-13 -6.67046e-15 1.17643e-11) (-1.6571e-13 -6.67046e-15 1.17643e-11) (-1.6571e-13 -6.67046e-15 1.17643e-11) (-1.6571e-13 -6.67046e-15 1.17643e-11) (-1.6571e-13 -6.67046e-15 1.17643e-11) (-1.6571e-13 -6.67046e-15 1.17643e-11) (-1.6571e-13 -6.67046e-15 1.17643e-11) (-1.6571e-13 -6.67046e-15 1.17643e-11) (-1.6571e-13 -6.67046e-15 1.17643e-11) (-1.6571e-13 -6.67046e-15 1.17643e-11)
1150          (1.50166e-12 -1.39827e-12 1.56997e-10) (1.50166e-12 -1.39827e-12 1.56997e-10) (1.50166e-12 -1.39827e-12 1.56997e-10) (1.50166e-12 -1.39827e-12 1.56997e-10) (1.50166e-12 -1.39827e-12 1.56997e-10) (1.50166e-12 -1.39827e-12 1.56997e-10) (1.50166e-12 -1.39827e-12 1.56997e-10) (1.50166e-12 -1.39827e-12 1.56997e-10) (1.50166e-12 -1.39827e-12 1.56997e-10) (1.50166e-12 -1.39827e-12 1.56997e-10) (1.50166e-12 -1.39827e-12 1.56997e-10)
1200          (1.56609e-11 -5.54966e-13 1.98448e-10) (1.56609e-11 -5.54966e-13 1.98448e-10) (1.56609e-11 -5.54966e-13 1.98448e-10) (1.56609e-11 -5.54966e-13 1.98448e-10) (1.56609e-11 -5.54966e-13 1.98448e-10) (1.56609e-11 -5.54966e-13 1.98448e-10) (1.56609e-11 -5.54966e-13 1.98448e-10) (1.56609e-11 -5.54966e-13 1.98448e-10) (1.56609e-11 -5.54966e-13 1.98448e-10) (1.56609e-11 -5.54966e-13 1.98448e-10) (1.56609e-11 -5.54966e-13 1.98448e-10)
1250          (-1.50658e-11 -1.65425e-11 1.27024e-10) (-1.50658e-11 -1.65425e-11 1.27024e-10) (-1.50658e-11 -1.65425e-11 1.27024e-10) (-1.50658e-11 -1.65425e-11 1.27024e-10) (-1.50658e-11 -1.65425e-11 1.27024e-10) (-1.50658e-11 -1.65425e-11 1.27024e-10) (-1.50658e-11 -1.65425e-11 1.27024e-10) (-1.50658e-11 -1.65425e-11 1.27024e-10) (-1.50658e-11 -1.65425e-11 1.27024e-10) (-1.50658e-11 -1.65425e-11 1.27024e-10) (-1.50658e-11 -1.65425e-11 1.27024e-10)
1300          (1.37448e-11 1.50189e-11 4.24903e-11) (1.37448e-11 1.50189e-11 4.24903e-11) (1.37448e-11 1.50189e-11 4.24903e-11) (1.37448e-11 1.50189e-11 4.24903e-11) (1.37448e-11 1.50189e-11 4.24903e-11) (1.37448e-11 1.50189e-11 4.24903e-11) (1.37448e-11 1.50189e-11 4.24903e-11) (1.37448e-11 1.50189e-11 4.24903e-11) (1.37448e-11 1.50189e-11 4.24903e-11) (1.37448e-11 1.50189e-11 4.24903e-11) (1.37448e-11 1.50189e-11 4.24903e-11)
1350          (-1.47872e-11 7.34957e-13 1.70067e-11) (-1.47872e-11 7.34957e-13 1.70067e-11) (-1.47872e-11 7.34957e-13 1.70067e-11) (-1.47872e-11 7.34957e-13 1.70067e-11) (-1.47872e-11 7.34957e-13 1.70067e-11) (-1.47872e-11 7.34957e-13 1.70067e-11) (-1.47872e-11 7.34957e-13 1.70067e-11) (-1.47872e-11 7.34957e-13 1.70067e-11) (-1.47872e-11 7.34957e-13 1.70067e-11) (-1.47872e-11 7.34957e-13 1.70067e-11) (-1.47872e-11 7.34957e-13 1.70067e-11)
1400          (4.17853e-14 2.27105e-13 2.01515e-10) (4.17853e-14 2.27105e-13 2.01515e-10) (4.17853e-14 2.27105e-13 2.01515e-10) (4.17853e-14 2.27105e-13 2.01515e-10) (4.17853e-14 2.27105e-13 2.01515e-10) (4.17853e-14 2.27105e-13 2.01515e-10) (4.17853e-14 2.27105e-13 2.01515e-10) (4.17853e-14 2.27105e-13 2.01515e-10) (4.17853e-14 2.27105e-13 2.01515e-10) (4.17853e-14 2.27105e-13 2.01515e-10) (4.17853e-14 2.27105e-13 2.01515e-10)
1450          (1.05349e-13 -1.53899e-14 7.21616e-11) (1.05349e-13 -1.53899e-14 7.21616e-11) (1.05349e-13 -1.53899e-14 7.21616e-11) (1.05349e-13 -1.53899e-14 7.21616e-11) (1.05349e-13 -1.53899e-14 7.21616e-11) (1.05349e-13 -1.53899e-14 7.21616e-11) (1.05349e-13 -1.53899e-14 7.21616e-11) (1.05349e-13 -1.53899e-14 7.21616e-11) (1.05349e-13 -1.53899e-14 7.21616e-11) (1.05349e-13 -1.53899e-14 7.21616e-11) (1.05349e-13 -1.53899e-14 7.21616e-11)
1500          (-2.23121e-11 1.49473e-11 -1.38152e-11) (-2.23121e-11 1.49473e-11 -1.38152e-11) (-2.23121e-11 1.49473e-11 -1.38152e-11) (-2.23121e-11 1.49473e-11 -1.38152e-11) (-2.23121e-11 1.49473e-11 -1.38152e-11) (-2.23121e-11 1.49473e-11 -1.38152e-11) (-2.23121e-11 1.49473e-11 -1.38152e-11) (-2.23121e-11 1.49473e-11 -1.38152e-11) (-2.23121e-11 1.49473e-11 -1.38152e-11) (-2.23121e-11 1.49473e-11 -1.38152e-11) (-2.23121e-11 1.49473e-11 -1.38152e-11)
1550          (1.50726e-11 5.39009e-14 1.9805e-10) (1.50726e-11 5.39009e-14 1.9805e-10) (1.50726e-11 5.39009e-14 1.9805e-10) (1.50726e-11 5.39009e-14 1.9805e-10) (1.50726e-11 5.39009e-14 1.9805e-10) (1.50726e-11 5.39009e-14 1.9805e-10) (1.50726e-11 5.39009e-14 1.9805e-10) (1.50726e-11 5.39009e-14 1.9805e-10) (1.50726e-11 5.39009e-14 1.9805e-10) (1.50726e-11 5.39009e-14 1.9805e-10) (1.50726e-11 5.39009e-14 1.9805e-10)
1600          (-1.88455e-13 -2.4156e-13 6.49433e-11) (-1.88455e-13 -2.4156e-13 6.49433e-11) (-1.88455e-13 -2.4156e-13 6.49433e-11) (-1.88455e-13 -2.4156e-13 6.49433e-11) (-1.88455e-13 -2.4156e-13 6.49433e-11) (-1.88455e-13 -2.4156e-13 6.49433e-11) (-1.88455e-13 -2.4156e-13 6.49433e-11) (-1.88455e-13 -2.4156e-13 6.49433e-11) (-1.88455e-13 -2.4156e-13 6.49433e-11) (-1.88455e-13 -2.4156e-13 6.49433e-11) (-1.88455e-13 -2.4156e-13 6.49433e-11)
1650          (-1.23579e-12 8.27533e-14 1.74975e-10) (-1.23579e-12 8.27533e-14 1.74975e-10) (-1.23579e-12 8.27533e-14 1.74975e-10) (-1.23579e-12 8.27533e-14 1.74975e-10) (-1.23579e-12 8.27533e-14 1.74975e-10) (-1.23579e-12 8.27533e-14 1.74975e-10) (-1.23579e-12 8.27533e-14 1.74975e-10) (-1.23579e-12 8.27533e-14 1.74975e-10) (-1.23579e-12 8.27533e-14 1.74975e-10) (-1.23579e-12 8.27533e-14 1.74975e-10) (-1.23579e-12 8.27533e-14 1.74975e-10)
1700          (1.392e-12 -1.35723e-11 1.02558e-10) (1.392e-12 -1.35723e-11 1.02558e-10) (1.392e-12 -1.35723e-11 1.02558e-10) (1.392e-12 -1.35723e-11 1.02558e-10) (1.392e-12 -1.35723e-11 1.02558e-10) (1.392e-12 -1.35723e-11 1.02558e-10) (1.392e-12 -1.35723e-11 1.02558e-10) (1.392e-12 -1.35723e-11 1.02558e-10) (1.392e-12 -1.35723e-11 1.02558e-10) (1.392e-12 -1.35723e-11 1.02558e-10) (1.392e-12 -1.35723e-11 1.02558e-10)
1750          (1.65555e-11 1.63045e-11 1.26845e-10) (1.65555e-11 1.63045e-11 1.26845e-10) (1.65555e-11 1.63045e-11 1.26845e-10) (1.65555e-11 1.63045e-11 1.26845e-10) (1.65555e-11 1.63045e-11 1.26845e-10) (1.65555e-11 1.63045e-11 1.26845e-10) (1.65555e-11 1.63045e-11 1.26845e-10) (1.65555e-11 1.63045e-11 1.26845e-10) (1.65555e-11 1.63045e-11 1.26845e-10) (1.65555e-11 1.63045e-11 1.26845e-10) (1.65555e-11 1.63045e-11 1.26845e-10)
1800          (1.96776e-13 -1.52328e-12 1.18268e-10) (1.96776e-13 -1.52328e-12 1.18268e-10) (1.96776e-13 -1.52328e-12 1.18268e-10) (1.96776e-13 -1.52328e-12 1.18268e-10) (1.96776e-13 -1.52328e-12 1.18268e-10) (1.96776e-13 -1.52328e-12 1.18268e-10) (1.96776e-13 -1.52328e-12 1.18268e-10) (1.96776e-13 -1.52328e-12 1.18268e-10) (1.96776e-13 -1.52328e-12 1.18268e-10) (1.96776e-13 -1.52328e-12 1.18268e-10) (1.96776e-13 -1.52328e-12 1.18268e-10)
1850          (1.23448e-13 -4.87585e-14 -1.19722e-10) (1.23448e-13 -4.87585e-14 -1.19722e-10) (1.23448e-13 -4.87585e-14 -1.19722e-10) (1.23448e-13 -4.87585e-14 -1.19722e-10) (1.23448e-13 -4.87585e-14 -1.19722e-10) (1.23448e-13 -4.87585e-14 -1.19722e-10) (1.23448e-13 -4.87585e-14 -1.19722e-10) (1.23448e-13 -4.87585e-14 -1.19722e-10) (1.23448e-13 -4.87585e-14 -1.19722e-10) (1.23448e-13 -4.87585e-14 -1.19722e-10) (1.23448e-13 -4.87585e-14 -1.19722e-10)
1900          (2.04285e-13 -2.18293e-14 1.03939e-10) (2.04285e-13 -2.18293e-14 1.03939e-10) (2.04285e-13 -2.18293e-14 1.03939e-10) (2.04285e-13 -2.18293e-14 1.03939e-10) (2.04285e-13 -2.18293e-14 1.03939e-10) (2.04285e-13 -2.18293e-14 1.03939e-10) (2.04285e-13 -2.18293e-14 1.03939e-10) (2.04285e-13 -2.18293e-14 1.03939e-10) (2.04285e-13 -2.18293e-14 1.03939e-10) (2.04285e-13 -2.18293e-14 1.03939e-10) (2.04285e-13 -2.18293e-14 1.03939e-10)
1950          (1.66747e-13 1.34882e-11 2.10558e-10) (1.66747e-13 1.34882e-11 2.10558e-10) (1.66747e-13 1.34882e-11 2.10558e-10) (1.66747e-13 1.34882e-11 2.10558e-10) (1.66747e-13 1.34882e-11 2.10558e-10) (1.66747e-13 1.34882e-11 2.10558e-10) (1.66747e-13 1.34882e-11 2.10558e-10) (1.66747e-13 1.34882e-11 2.10558e-10) (1.66747e-13 1.34882e-11 2.10558e-10) (1.66747e-13 1.34882e-11 2.10558e-10) (1.66747e-13 1.34882e-11 2.10558e-10)
2000          (1.42475e-13 1.48565e-11 7.0702e-11) (1.42475e-13 1.48565e-11 7.0702e-11) (1.42475e-13 1.48565e-11 7.0702e-11) (1.42475e-13 1.48565e-11 7.0702e-11) (1.42475e-13 1.48565e-11 7.0702e-11) (1.42475e-13 1.48565e-11 7.0702e-11) (1.42475e-13 1.48565e-11 7.0702e-11) (1.42475e-13 1.48565e-11 7.0702e-11) (1.42475e-13 1.48565e-11 7.0702e-11) (1.42475e-13 1.48565e-11 7.0702e-11) (1.42475e-13 1.48565e-11 7.0702e-11)
2050          (1.15587e-13 1.34309e-11 1.03589e-10) (1.15587e-13 1.34309e-11 1.03589e-10) (1.15587e-13 1.34309e-11 1.03589e-10) (1.15587e-13 1.34309e-11 1.03589e-10) (1.15587e-13 1.34309e-11 1.03589e-10) (1.15587e-13 1.34309e-11 1.03589e-10) (1.15587e-13 1.34309e-11 1.03589e-10) (1.15587e-13 1.34309e-11 1.03589e-10) (1.15587e-13 1.34309e-11 1.03589e-10) (1.15587e-13 1.34309e-11 1.03589e-10) (1.15587e-13 1.34309e-11 1.03589e-10)
2100          (9.05472e-14 -2.58568e-13 6.86064e-11) (9.05472e-14 -2.58568e-13 6.86064e-11) (9.05472e-14 -2.58568e-13 6.86064e-11) (9.05472e-14 -2.58568e-13 6.86064e-11) (9.05472e-14 -2.58568e-13 6.86064e-11) (9.05472e-14 -2.58568e-13 6.86064e-11) (9.05472e-14 -2.58568e-13 6.86064e-11) (9.05472e-14 -2.58568e-13 6.86064e-11) (9.05472e-14 -2.58568e-13 6.86064e-11) (9.05472e-14 -2.58568e-13 6.86064e-11) (9.05472e-14 -2.58568e-13 6.86064e-11)
2150          (-8.92587e-12 1.36219e-11 -4.49343e-11) (-8.92587e-12 1.36219e-11 -4.49343e-11) (-8.92587e-12 1.36219e-11 -4.49343e-11) (-8.92587e-12 1.36219e-11 -4.49343e-11) (-8.92587e-12 1.36219e-11 -4.49343e-11) (-8.92587e-12 1.36219e-11 -4.49343e-11) (-8.92587e-12 1.36219e-11 -4.49343e-11) (-8.92587e-12 1.36219e-11 -4.49343e-11) (-8.92587e-12 1.36219e-11 -4.49343e-11) (-8.92587e-12 1.36219e-11 -4.49343e-11) (-8.92587e-12 1.36219e-11 -4.49343e-11)
2200          (-3.60596e-14 -1.20946e-13 -7.47873e-11) (-3.60596e-14 -1.20946e-13 -7.47873e-11) (-3.60596e-14 -1.20946e-13 -7.47873e-11) (-3.60596e-14 -1.20946e-13 -7.47873e-11) (-3.60596e-14 -1.20946e-13 -7.47873e-11) (-3.60596e-14 -1.20946e-13 -7.47873e-11) (-3.60596e-14 -1.20946e-13 -7.47873e-11) (-3.60596e-14 -1.20946e-13 -7.47873e-11) (-3.60596e-14 -1.20946e-13 -7.47873e-11) (-3.60596e-14 -1.20946e-13 -7.47873e-11) (-3.60596e-14 -1.20946e-13 -7.47873e-11)
2250          (8.51307e-14 -1.26158e-12 -2.76027e-11) (8.51307e-14 -1.26158e-12 -2.76027e-11) (8.51307e-14 -1.26158e-12 -2.76027e-11) (8.51307e-14 -1.26158e-12 -2.76027e-11) (8.51307e-14 -1.26158e-12 -2.76027e-11) (8.51307e-14 -1.26158e-12 -2.76027e-11) (8.51307e-14 -1.26158e-12 -2.76027e-11) (8.51307e-14 -1.26158e-12 -2.76027e-11) (8.51307e-14 -1.26158e-12 -2.76027e-11) (8.51307e-14 -1.26158e-12 -2.76027e-11) (8.51307e-14 -1.26158e-12 -2.76027e-11)
2300          (-6.91472e-13 -8.47607e-13 -3.73234e-12) (-6.91472e-13 -8.47607e-13 -3.73234e-12) (-6.91472e-13 -8.47607e-13 -3.73234e-12) (-6.91472e-13 -8.47607e-13 -3.73234e-12) (-6.91472e-13 -8.47607e-13 -3.73234e-12) (-6.91472e-13 -8.47607e-13 -3.73234e-12) (-6.91472e-13 -8.47607e-13 -3.73234e-12) (-6.91472e-13 -8.47607e-13 -3.73234e-12) (-6.91472e-13 -8.47607e-13 -3.73234e-12) (-6.91472e-13 -8.47607e-13 -3.73234e-12) (-6.91472e-13 -8.47607e-13 -3.73234e-12)
2350          (-1.48381e-12 -1.3124e-12 9.87483e-11) (-1.48381e-12 -1.3124e-12 9.87483e-11) (-1.48381e-12 -1.3124e-12 9.87483e-11) (-1.48381e-12 -1.3124e-12 9.87483e-11) (-1.48381e-12 -1.3124e-12 9.87483e-11) (-1.48381e-12 -1.3124e-12 9.87483e-11) (-1.48381e-12 -1.3124e-12 9.87483e-11) (-1.48381e-12 -1.3124e-12 9.87483e-11) (-1.48381e-12 -1.3124e-12 9.87483e-11) (-1.48381e-12 -1.3124e-12 9.87483e-11) (-1.48381e-12 -1.3124e-12 9.87483e-11)
2400          (-1.59121e-12 1.34371e-12 -1.12782e-11) (-1.59121e-12 1.34371e-12 -1.12782e-11) (-1.59121e-12 1.34371e-12 -1.12782e-11) (-1.59121e-12 1.34371e-12 -1.12782e-11) (-1.59121e-12 1.34371e-12 -1.12782e-11) (-1.59121e-12 1.34371e-12 -1.12782e-11) (-1.59121e-12 1.34371e-12 -1.12782e-11) (-1.59121e-12 1.34371e-12 -1.12782e-11) (-1.59121e-12 1.34371e-12 -1.12782e-11) (-1.59121e-12 1.34371e-12 -1.12782e-11) (-1.59121e-12 1.34371e-12 -1.12782e-11)
2450          (1.86594e-14 1.41164e-12 1.52415e-11) (1.86594e-14 1.41164e-12 1.52415e-11) (1.86594e-14 1.41164e-12 1.52415e-11) (1.86594e-14 1.41164e-12 1.52415e-11) (1.86594e-14 1.41164e-12 1.52415e-11) (1.86594e-14 1.41164e-12 1.52415e-11) (1.86594e-14 1.41164e-12 1.52415e-11) (1.86594e-14 1.41164e-12 1.52415e-11) (1.86594e-14 1.41164e-12 1.52415e-11) (1.86594e-14 1.41164e-12 1.52415e-11) (1.86594e-14 1.41164e-12 1.52415e-11)
2500          (4.45143e-14 -1.2873e-12 1.33075e-10) (4.45143e-14 -1.2873e-12 1.33075e-10) (4.45143e-14 -1.2873e-12 1.33075e-10) (4.45143e-14 -1.2873e-12 1.33075e-10) (4.45143e-14 -1.2873e-12 1.33075e-10) (4.45143e-14 -1.2873e-12 1.33075e-10) (4.45143e-14 -1.2873e-12 1.33075e-10) (4.45143e-14 -1.2873e-12 1.33075e-10) (4.45143e-14 -1.2873e-12 1.33075e-10) (4.45143e-14 -1.2873e-12 1.33075e-10) (4.45143e-14 -1.2873e-12 1.33075e-10)
2550          (1.48623e-11 -1.04629e-13 1.27425e-10) (1.48623e-11 -1.04629e-13 1.27425e-10) (1.48623e-11 -1.04629e-13 1.27425e-10) (1.48623e-11 -1.04629e-13 1.27425e-10) (1.48623e-11 -1.04629e-13 1.27425e-10) (1.48623e-11 -1.04629e-13 1.27425e-10) (1.48623e-11 -1.04629e-13 1.27425e-10) (1.48623e-11 -1.04629e-13 1.27425e-10) (1.48623e-11 -1.04629e-13 1.27425e-10) (1.48623e-11 -1.04629e-13 1.27425e-10) (1.48623e-11 -1.04629e-13 1.27425e-10)
2600          (1.47993e-12 -1.34049e-11 5.99567e-11) (1.47993e-12 -1.34049e-11 5.99567e-11) (1.47993e-12 -1.34049e-11 5.99567e-11) (1.47993e-12 -1.34049e-11 5.99567e-11) (1.47993e-12 -1.34049e-11 5.99567e-11) (1.47993e-12 -1.34049e-11 5.99567e-11) (1.47993e-12 -1.34049e-11 5.99567e-11) (1.47993e-12 -1.34049e-11 5.99567e-11) (1.47993e-12 -1.34049e-11 5.99567e-11) (1.47993e-12 -1.34049e-11 5.99567e-11) (1.47993e-12 -1.34049e-11 5.99567e-11)
2650          (1.33091e-11 -2.36469e-13 -7.17107e-12) (1.33091e-11 -2.36469e-13 -7.17107e-12) (1.33091e-11 -2.36469e-13 -7.17107e-12) (1.33091e-11 -2.36469e-13 -7.17107e-12) (1.33091e-11 -2.36469e-13 -7.17107e-12) (1.33091e-11 -2.36469e-13 -7.17107e-12) (1.33091e-11 -2.36469e-13 -7.17107e-12) (1.33091e-11 -2.36469e-13 -7.17107e-12) (1.33091e-11 -2.36469e-13 -7.17107e-12) (1.33091e-11 -2.36469e-13 -7.17107e-12) (1.33091e-11 -2.36469e-13 -7.17107e-12)
2700          (6.04879e-12 9.85572e-14 -6.65372e-12) (6.04879e-12 9.85572e-14 -6.65372e-12) (6.04879e-12 9.85572e-14 -6.65372e-12) (6.04879e-12 9.85572e-14 -6.65372e-12) (6.04879e-12 9.85572e-14 -6.65372e-12) (6.04879e-12 9.85572e-14 -6.65372e-12) (6.04879e-12 9.85572e-14 -6.65372e-12) (6.04879e-12 9.85572e-14 -6.65372e-12) (6.04879e-12 9.85572e-14 -6.65372e-12) (6.04879e-12 9.85572e-14 -6.65372e-12) (6.04879e-12 9.85572e-14 -6.65372e-12)
2750          (-1.49528e-11 5.22258e-14 7.82398e-11) (-1.49528e-11 5.22258e-14 7.82398e-11) (-1.49528e-11 5.22258e-14 7.82398e-11) (-1.49528e-11 5.22258e-14 7.82398e-11) (-1.49528e-11 5.22258e-14 7.82398e-11) (-1.49528e-11 5.22258e-14 7.82398e-11) (-1.49528e-11 5.22258e-14 7.82398e-11) (-1.49528e-11 5.22258e-14 7.82398e-11) (-1.49528e-11 5.22258e-14 7.82398e-11) (-1.49528e-11 5.22258e-14 7.82398e-11) (-1.49528e-11 5.22258e-14 7.82398e-11)
2800          (1.50244e-11 1.51354e-12 7.87538e-11) (1.50244e-11 1.51354e-12 7.87538e-11) (1.50244e-11 1.51354e-12 7.87538e-11) (1.50244e-11 1.51354e-12 7.87538e-11) (1.50244e-11 1.51354e-12 7.87538e-11) (1.50244e-11 1.51354e-12 7.87538e-11) (1.50244e-11 1.51354e-12 7.87538e-11) (1.50244e-11 1.51354e-12 7.87538e-11) (1.50244e-11 1.51354e-12 7.87538e-11) (1.50244e-11 1.51354e-12 7.87538e-11) (1.50244e-11 1.51354e-12 7.87538e-11)
2850          (3.58289e-13 -1.244e-13 8.11793e-11) (3.58289e-13 -1.244e-13 8.11793e-11) (3.58289e-13 -1.244e-13 8.11793e-11) (3.58289e-13 -1.244e-13 8.11793e-11) (3.58289e-13 -1.244e-13 8.11793e-11) (3.58289e-13 -1.244e-13 8.11793e-11) (3.58289e-13 -1.244e-13 8.11793e-11) (3.58289e-13 -1.244e-13 8.11793e-11) (3.58289e-13 -1.244e-13 8.11793e-11) (3.58289e-13 -1.244e-13 8.11793e-11) (3.58289e-13 -1.244e-13 8.11793e-11)
2900          (1.44171e-13 1.50771e-11 6.86733e-11) (1.44171e-13 1.50771e-11 6.86733e-11) (1.44171e-13 1.50771e-11 6.86733e-11) (1.44171e-13 1.50771e-11 6.86733e-11) (1.44171e-13 1.50771e-11 6.86733e-11) (1.44171e-13 1.50771e-11 6.86733e-11) (1.44171e-13 1.50771e-11 6.86733e-11) (1.44171e-13 1.50771e-11 6.86733e-11) (1.44171e-13 1.50771e-11 6.86733e-11) (1.44171e-13 1.50771e-11 6.86733e-11) (1.44171e-13 1.50771e-11 6.86733e-11)
2950          (1.45346e-12 1.80145e-12 2.18111e-11) (1.45346e-12 1.80145e-12 2.18111e-11) (1.45346e-12 1.80145e-12 2.18111e-11) (1.45346e-12 1.80145e-12 2.18111e-11) (1.45346e-12 1.80145e-12 2.18111e-11) (1.45346e-12 1.80145e-12 2.18111e-11) (1.45346e-12 1.80145e-12 2.18111e-11) (1.45346e-12 1.80145e-12 2.18111e-11) (1.45346e-12 1.80145e-12 2.18111e-11) (1.45346e-12 1.80145e-12 2.18111e-11) (1.45346e-12 1.80145e-12 2.18111e-11)
3000          (-1.11589e-13 -1.49234e-11 5.89319e-11) (-1.11589e-13 -1.49234e-11 5.89319e-11) (-1.11589e-13 -1.49234e-11 5.89319e-11) (-1.11589e-13 -1.49234e-11 5.89319e-11) (-1.11589e-13 -1.49234e-11 5.89319e-11) (-1.11589e-13 -1.49234e-11 5.89319e-11) (-1.11589e-13 -1.49234e-11 5.89319e-11) (-1.11589e-13 -1.49234e-11 5.89319e-11) (-1.11589e-13 -1.49234e-11 5.89319e-11) (-1.11589e-13 -1.49234e-11 5.89319e-11) (-1.11589e-13 -1.49234e-11 5.89319e-11)
3050          (3.57222e-14 -9.00839e-12 1.4641e-12) (3.57222e-14 -9.00839e-12 1.4641e-12) (3.57222e-14 -9.00839e-12 1.4641e-12) (3.57222e-14 -9.00839e-12 1.4641e-12) (3.57222e-14 -9.00839e-12 1.4641e-12) (3.57222e-14 -9.00839e-12 1.4641e-12) (3.57222e-14 -9.00839e-12 1.4641e-12) (3.57222e-14 -9.00839e-12 1.4641e-12) (3.57222e-14 -9.00839e-12 1.4641e-12) (3.57222e-14 -9.00839e-12 1.4641e-12) (3.57222e-14 -9.00839e-12 1.4641e-12)
3100          (-1.3653e-11 -1.47931e-12 7.97987e-11) (-1.3653e-11 -1.47931e-12 7.97987e-11) (-1.3653e-11 -1.47931e-12 7.97987e-11) (-1.3653e-11 -1.47931e-12 7.97987e-11) (-1.3653e-11 -1.47931e-12 7.97987e-11) (-1.3653e-11 -1.47931e-12 7.97987e-11) (-1.3653e-11 -1.47931e-12 7.97987e-11) (-1.3653e-11 -1.47931e-12 7.97987e-11) (-1.3653e-11 -1.47931e-12 7.97987e-11) (-1.3653e-11 -1.47931e-12 7.97987e-11) (-1.3653e-11 -1.47931e-12 7.97987e-11)
3150          (1.51418e-13 -2.4335e-13 1.36924e-10) (1.51418e-13 -2.4335e-13 1.36924e-10) (1.51418e-13 -2.4335e-13 1.36924e-10) (1.51418e-13 -2.4335e-13 1.36924e-10) (1.51418e-13 -2.4335e-13 1.36924e-10) (1.51418e-13 -2.4335e-13 1.36924e-10) (1.51418e-13 -2.4335e-13 1.36924e-10) (1.51418e-13 -2.4335e-13 1.36924e-10) (1.51418e-13 -2.4335e-13 1.36924e-10) (1.51418e-13 -2.4335e-13 1.36924e-10) (1.51418e-13 -2.4335e-13 1.36924e-10)
3200          (-2.41075e-13 -3.14762e-11 7.41402e-11) (-2.41075e-13 -3.14762e-11 7.41402e-11) (-2.41075e-13 -3.14762e-11 7.41402e-11) (-2.41075e-13 -3.14762e-11 7.41402e-11) (-2.41075e-13 -3.14762e-11 7.41402e-11) (-2.41075e-13 -3.14762e-11 7.41402e-11) (-2.41075e-13 -3.14762e-11 7.41402e-11) (-2.41075e-13 -3.14762e-11 7.41402e-11) (-2.41075e-13 -3.14762e-11 7.41402e-11) (-2.41075e-13 -3.14762e-11 7.41402e-11) (-2.41075e-13 -3.14762e-11 7.41402e-11)
3250          (-1.50766e-11 -1.63959e-11 -4.70734e-12) (-1.50766e-11 -1.63959e-11 -4.70734e-12) (-1.50766e-11 -1.63959e-11 -4.70734e-12) (-1.50766e-11 -1.63959e-11 -4.70734e-12) (-1.50766e-11 -1.63959e-11 -4.70734e-12) (-1.50766e-11 -1.63959e-11 -4.70734e-12) (-1.50766e-11 -1.63959e-11 -4.70734e-12) (-1.50766e-11 -1.63959e-11 -4.70734e-12) (-1.50766e-11 -1.63959e-11 -4.70734e-12) (-1.50766e-11 -1.63959e-11 -4.70734e-12) (-1.50766e-11 -1.63959e-11 -4.70734e-12)
3300          (-1.45399e-12 -1.44808e-12 9.83344e-11) (-1.45399e-12 -1.44808e-12 9.83344e-11) (-1.45399e-12 -1.44808e-12 9.83344e-11) (-1.45399e-12 -1.44808e-12 9.83344e-11) (-1.45399e-12 -1.44808e-12 9.83344e-11) (-1.45399e-12 -1.44808e-12 9.83344e-11) (-1.45399e-12 -1.44808e-12 9.83344e-11) (-1.45399e-12 -1.44808e-12 9.83344e-11) (-1.45399e-12 -1.44808e-12 9.83344e-11) (-1.45399e-12 -1.44808e-12 9.83344e-11) (-1.45399e-12 -1.44808e-12 9.83344e-11)
3350          (1.01433e-13 -1.94149e-12 1.53266e-10) (1.01433e-13 -1.94149e-12 1.53266e-10) (1.01433e-13 -1.94149e-12 1.53266e-10) (1.01433e-13 -1.94149e-12 1.53266e-10) (1.01433e-13 -1.94149e-12 1.53266e-10) (1.01433e-13 -1.94149e-12 1.53266e-10) (1.01433e-13 -1.94149e-12 1.53266e-10) (1.01433e-13 -1.94149e-12 1.53266e-10) (1.01433e-13 -1.94149e-12 1.53266e-10) (1.01433e-13 -1.94149e-12 1.53266e-10) (1.01433e-13 -1.94149e-12 1.53266e-10)
3400          (1.50428e-11 7.65076e-14 2.97497e-11) (1.50428e-11 7.65076e-14 2.97497e-11) (1.50428e-11 7.65076e-14 2.97497e-11) (1.50428e-11 7.65076e-14 2.97497e-11) (1.50428e-11 7.65076e-14 2.97497e-11) (1.50428e-11 7.65076e-14 2.97497e-11) (1.50428e-11 7.65076e-14 2.97497e-11) (1.50428e-11 7.65076e-14 2.97497e-11) (1.50428e-11 7.65076e-14 2.97497e-11) (1.50428e-11 7.65076e-14 2.97497e-11) (1.50428e-11 7.65076e-14 2.97497e-11)
3450          (1.49302e-11 1.50969e-11 8.74241e-11) (1.49302e-11 1.50969e-11 8.74241e-11) (1.49302e-11 1.50969e-11 8.74241e-11) (1.49302e-11 1.50969e-11 8.74241e-11) (1.49302e-11 1.50969e-11 8.74241e-11) (1.49302e-11 1.50969e-11 8.74241e-11) (1.49302e-11 1.50969e-11 8.74241e-11) (1.49302e-11 1.50969e-11 8.74241e-11) (1.49302e-11 1.50969e-11 8.74241e-11) (1.49302e-11 1.50969e-11 8.74241e-11) (1.49302e-11 1.50969e-11 8.74241e-11)
3500          (-8.34438e-12 1.49366e-11 -3.77405e-11) (-8.34438e-12 1.49366e-11 -3.77405e-11) (-8.34438e-12 1.49366e-11 -3.77405e-11) (-8.34438e-12 1.49366e-11 -3.77405e-11) (-8.34438e-12 1.49366e-11 -3.77405e-11) (-8.34438e-12 1.49366e-11 -3.77405e-11) (-8.34438e-12 1.49366e-11 -3.77405e-11) (-8.34438e-12 1.49366e-11 -3.77405e-11) (-8.34438e-12 1.49366e-11 -3.77405e-11) (-8.34438e-12 1.49366e-11 -3.77405e-11) (-8.34438e-12 1.49366e-11 -3.77405e-11)
3550          (-9.7729e-13 8.1251e-13 3.62565e-11) (-9.7729e-13 8.1251e-13 3.62565e-11) (-9.7729e-13 8.1251e-13 3.62565e-11) (-9.7729e-13 8.1251e-13 3.62565e-11) (-9.7729e-13 8.1251e-13 3.62565e-11) (-9.7729e-13 8.1251e-13 3.62565e-11) (-9.7729e-13 8.1251e-13 3.62565e-11) (-9.7729e-13 8.1251e-13 3.62565e-11) (-9.7729e-13 8.1251e-13 3.62565e-11) (-9.7729e-13 8.1251e-13 3.62565e-11) (-9.7729e-13 8.1251e-13 3.62565e-11)
3600          (-1.63409e-11 -2.56266e-13 9.03851e-11) (-1.63409e-11 -2.56266e-13 9.03851e-11) (-1.63409e-11 -2.56266e-13 9.03851e-11) (-1.63409e-11 -2.56266e-13 9.03851e-11) (-1.63409e-11 -2.56266e-13 9.03851e-11) (-1.63409e-11 -2.56266e-13 9.03851e-11) (-1.63409e-11 -2.56266e-13 9.03851e-11) (-1.63409e-11 -2.56266e-13 9.03851e-11) (-1.63409e-11 -2.56266e-13 9.03851e-11) (-1.63409e-11 -2.56266e-13 9.03851e-11) (-1.63409e-11 -2.56266e-13 9.03851e-11)
3650          (2.70848e-13 1.48996e-12 1.0172e-10) (2.70848e-13 1.48996e-12 1.0172e-10) (2.70848e-13 1.48996e-12 1.0172e-10) (2.70848e-13 1.48996e-12 1.0172e-10) (2.70848e-13 1.48996e-12 1.0172e-10) (2.70848e-13 1.48996e-12 1.0172e-10) (2.70848e-13 1.48996e-12 1.0172e-10) (2.70848e-13 1.48996e-12 1.0172e-10) (2.70848e-13 1.48996e-12 1.0172e-10) (2.70848e-13 1.48996e-12 1.0172e-10) (2.70848e-13 1.48996e-12 1.0172e-10)
3700          (-9.36904e-15 -1.2221e-12 4.87296e-11) (-9.36904e-15 -1.2221e-12 4.87296e-11) (-9.36904e-15 -1.2221e-12 4.87296e-11) (-9.36904e-15 -1.2221e-12 4.87296e-11) (-9.36904e-15 -1.2221e-12 4.87296e-11) (-9.36904e-15 -1.2221e-12 4.87296e-11) (-9.36904e-15 -1.2221e-12 4.87296e-11) (-9.36904e-15 -1.2221e-12 4.87296e-11) (-9.36904e-15 -1.2221e-12 4.87296e-11) (-9.36904e-15 -1.2221e-12 4.87296e-11) (-9.36904e-15 -1.2221e-12 4.87296e-11)
3750          (1.42202e-12 1.80663e-11 1.74958e-11) (1.42202e-12 1.80663e-11 1.74958e-11) (1.42202e-12 1.80663e-11 1.74958e-11) (1.42202e-12 1.80663e-11 1.74958e-11) (1.42202e-12 1.80663e-11 1.74958e-11) (1.42202e-12 1.80663e-11 1.74958e-11) (1.42202e-12 1.80663e-11 1.74958e-11) (1.42202e-12 1.80663e-11 1.74958e-11) (1.42202e-12 1.80663e-11 1.74958e-11) (1.42202e-12 1.80663e-11 1.74958e-11) (1.42202e-12 1.80663e-11 1.74958e-11)
3800          (1.05201e-13 6.90551e-14 8.83756e-11) (1.05201e-13 6.90551e-14 8.83756e-11) (1.05201e-13 6.90551e-14 8.83756e-11) (1.05201e-13 6.90551e-14 8.83756e-11) (1.05201e-13 6.90551e-14 8.83756e-11) (1.05201e-13 6.90551e-14 8.83756e-11) (1.05201e-13 6.90551e-14 8.83756e-11) (1.05201e-13 6.90551e-14 8.83756e-11) (1.05201e-13 6.90551e-14 8.83756e-11) (1.05201e-13 6.90551e-14 8.83756e-11) (1.05201e-13 6.90551e-14 8.83756e-11)
3850          (1.55918e-12 1.5134e-11 4.71092e-11) (1.55918e-12 1.5134e-11 4.71092e-11) (1.55918e-12 1.5134e-11 4.71092e-11) (1.55918e-12 1.5134e-11 4.71092e-11) (1.55918e-12 1.5134e-11 4.71092e-11) (1.55918e-12 1.5134e-11 4.71092e-11) (1.55918e-12 1.5134e-11 4.71092e-11) (1.55918e-12 1.5134e-11 4.71092e-11) (1.55918e-12 1.5134e-11 4.71092e-11) (1.55918e-12 1.5134e-11 4.71092e-11) (1.55918e-12 1.5134e-11 4.71092e-11)
3900          (-1.29383e-13 -3.45703e-14 6.49937e-11) (-1.29383e-13 -3.45703e-14 6.49937e-11) (-1.29383e-13 -3.45703e-14 6.49937e-11) (-1.29383e-13 -3.45703e-14 6.49937e-11) (-1.29383e-13 -3.45703e-14 6.49937e-11) (-1.29383e-13 -3.45703e-14 6.49937e-11) (-1.29383e-13 -3.45703e-14 6.49937e-11) (-1.29383e-13 -3.45703e-14 6.49937e-11) (-1.29383e-13 -3.45703e-14 6.49937e-11) (-1.29383e-13 -3.45703e-14 6.49937e-11) (-1.29383e-13 -3.45703e-14 6.49937e-11)
3950          (-7.44056e-12 9.78552e-14 -6.72021e-11) (-7.44056e-12 9.78552e-14 -6.72021e-11) (-7.44056e-12 9.78552e-14 -6.72021e-11) (-7.44056e-12 9.78552e-14 -6.72021e-11) (-7.44056e-12 9.78552e-14 -6.72021e-11) (-7.44056e-12 9.78552e-14 -6.72021e-11) (-7.44056e-12 9.78552e-14 -6.72021e-11) (-7.44056e-12 9.78552e-14 -6.72021e-11) (-7.44056e-12 9.78552e-14 -6.72021e-11) (-7.44056e-12 9.78552e-14 -6.72021e-11) (-7.44056e-12 9.78552e-14 -6.72021e-11)
4000          (1.1235e-13 -1.48017e-11 1.29761e-10) (1.1235e-13 -1.48017e-11 1.29761e-10) (1.1235e-13 -1.48017e-11 1.29761e-10) (1.1235e-13 -1.48017e-11 1.29761e-10) (1.1235e-13 -1.48017e-11 1.29761e-10) (1.1235e-13 -1.48017e-11 1.29761e-10) (1.1235e-13 -1.48017e-11 1.29761e-10) (1.1235e-13 -1.48017e-11 1.29761e-10) (1.1235e-13 -1.48017e-11 1.29761e-10) (1.1235e-13 -1.48017e-11 1.29761e-10) (1.1235e-13 -1.48017e-11 1.29761e-10)
4050          (1.30281e-12 -4.63894e-14 3.8389e-11) (1.30281e-12 -4.63894e-14 3.8389e-11) (1.30281e-12 -4.63894e-14 3.8389e-11) (1.30281e-12 -4.63894e-14 3.8389e-11) (1.30281e-12 -4.63894e-14 3.8389e-11) (1.30281e-12 -4.63894e-14 3.8389e-11) (1.30281e-12 -4.63894e-14 3.8389e-11) (1.30281e-12 -4.63894e-14 3.8389e-11) (1.30281e-12 -4.63894e-14 3.8389e-11) (1.30281e-12 -4.63894e-14 3.8389e-11) (1.30281e-12 -4.63894e-14 3.8389e-11)
4100          (1.52449e-11 -6.3079e-13 8.87737e-11) (1.52449e-11 -6.3079e-13 8.87737e-11) (1.52449e-11 -6.3079e-13 8.87737e-11) (1.52449e-11 -6.3079e-13 8.87737e-11) (1.52449e-11 -6.3079e-13 8.87737e-11) (1.52449e-11 -6.3079e-13 8.87737e-11) (1.52449e-11 -6.3079e-13 8.87737e-11) (1.52449e-11 -6.3079e-13 8.87737e-11) (1.52449e-11 -6.3079e-13 8.87737e-11) (1.52449e-11 -6.3079e-13 8.87737e-11) (1.52449e-11 -6.3079e-13 8.87737e-11)
4150          (1.78021e-11 1.48537e-11 -3.90479e-11) (1.78021e-11 1.48537e-11 -3.90479e-11) (1.78021e-11 1.48537e-11 -3.90479e-11) (1.78021e-11 1.48537e-11 -3.90479e-11) (1.78021e-11 1.48537e-11 -3.90479e-11) (1.78021e-11 1.48537e-11 -3.90479e-11) (1.78021e-11 1.48537e-11 -3.90479e-11) (1.78021e-11 1.48537e-11 -3.90479e-11) (1.78021e-11 1.48537e-11 -3.90479e-11) (1.78021e-11 1.48537e-11 -3.90479e-11) (1.78021e-11 1.48537e-11 -3.90479e-11)
4200          (1.64163e-12 -2.01354e-13 4.28591e-11) (1.64163e-12 -2.01354e-13 4.28591e-11) (1.64163e-12 -2.01354e-13 4.28591e-11) (1.64163e-12 -2.01354e-13 4.28591e-11) (1.64163e-12 -2.01354e-13 4.28591e-11) (1.64163e-12 -2.01354e-13 4.28591e-11) (1.64163e-12 -2.01354e-13 4.28591e-11) (1.64163e-12 -2.01354e-13 4.28591e-11) (1.64163e-12 -2.01354e-13 4.28591e-11) (1.64163e-12 -2.01354e-13 4.28591e-11) (1.64163e-12 -2.01354e-13 4.28591e-11)
4250          (7.49009e-12 -1.33562e-13 -2.74568e-11) (7.49009e-12 -1.33562e-13 -2.74568e-11) (7.49009e-12 -1.33562e-13 -2.74568e-11) (7.49009e-12 -1.33562e-13 -2.74568e-11) (7.49009e-12 -1.33562e-13 -2.74568e-11) (7.49009e-12 -1.33562e-13 -2.74568e-11) (7.49009e-12 -1.33562e-13 -2.74568e-11) (7.49009e-12 -1.33562e-13 -2.74568e-11) (7.49009e-12 -1.33562e-13 -2.74568e-11) (7.49009e-12 -1.33562e-13 -2.74568e-11) (7.49009e-12 -1.33562e-13 -2.74568e-11)
4300          (1.56e-13 1.63997e-11 9.85366e-11) (1.56e-13 1.63997e-11 9.85366e-11) (1.56e-13 1.63997e-11 9.85366e-11) (1.56e-13 1.63997e-11 9.85366e-11) (1.56e-13 1.63997e-11 9.85366e-11) (1.56e-13 1.63997e-11 9.85366e-11) (1.56e-13 1.63997e-11 9.85366e-11) (1.56e-13 1.63997e-11 9.85366e-11) (1.56e-13 1.63997e-11 9.85366e-11) (1.56e-13 1.63997e-11 9.85366e-11) (1.56e-13 1.63997e-11 9.85366e-11)
4350          (-5.16447e-14 1.47527e-11 1.49644e-10) (-5.16447e-14 1.47527e-11 1.49644e-10) (-5.16447e-14 1.47527e-11 1.49644e-10) (-5.16447e-14 1.47527e-11 1.49644e-10) (-5.16447e-14 1.47527e-11 1.49644e-10) (-5.16447e-14 1.47527e-11 1.49644e-10) (-5.16447e-14 1.47527e-11 1.49644e-10) (-5.16447e-14 1.47527e-11 1.49644e-10) (-5.16447e-14 1.47527e-11 1.49644e-10) (-5.16447e-14 1.47527e-11 1.49644e-10) (-5.16447e-14 1.47527e-11 1.49644e-10)
4400          (-1.63115e-11 1.17843e-13 1.14296e-10) (-1.63115e-11 1.17843e-13 1.14296e-10) (-1.63115e-11 1.17843e-13 1.14296e-10) (-1.63115e-11 1.17843e-13 1.14296e-10) (-1.63115e-11 1.17843e-13 1.14296e-10) (-1.63115e-11 1.17843e-13 1.14296e-10) (-1.63115e-11 1.17843e-13 1.14296e-10) (-1.63115e-11 1.17843e-13 1.14296e-10) (-1.63115e-11 1.17843e-13 1.14296e-10) (-1.63115e-11 1.17843e-13 1.14296e-10) (-1.63115e-11 1.17843e-13 1.14296e-10)
4450          (4.19822e-15 1.49739e-11 1.12615e-10) (4.19822e-15 1.49739e-11 1.12615e-10) (4.19822e-15 1.49739e-11 1.12615e-10) (4.19822e-15 1.49739e-11 1.12615e-10) (4.19822e-15 1.49739e-11 1.12615e-10) (4.19822e-15 1.49739e-11 1.12615e-10) (4.19822e-15 1.49739e-11 1.12615e-10) (4.19822e-15 1.49739e-11 1.12615e-10) (4.19822e-15 1.49739e-11 1.12615e-10) (4.19822e-15 1.49739e-11 1.12615e-10) (4.19822e-15 1.49739e-11 1.12615e-10)
4500          (1.714e-12 -1.5658e-11 1.44724e-11) (1.714e-12 -1.5658e-11 1.44724e-11) (1.714e-12 -1.5658e-11 1.44724e-11) (1.714e-12 -1.5658e-11 1.44724e-11) (1.714e-12 -1.5658e-11 1.44724e-11) (1.714e-12 -1.5658e-11 1.44724e-11) (1.714e-12 -1.5658e-11 1.44724e-11) (1.714e-12 -1.5658e-11 1.44724e-11) (1.714e-12 -1.5658e-11 1.44724e-11) (1.714e-12 -1.5658e-11 1.44724e-11) (1.714e-12 -1.5658e-11 1.44724e-11)
4550          (-1.49869e-11 -1.63127e-11 9.30829e-11) (-1.49869e-11 -1.63127e-11 9.30829e-11) (-1.49869e-11 -1.63127e-11 9.30829e-11) (-1.49869e-11 -1.63127e-11 9.30829e-11) (-1.49869e-11 -1.63127e-11 9.30829e-11) (-1.49869e-11 -1.63127e-11 9.30829e-11) (-1.49869e-11 -1.63127e-11 9.30829e-11) (-1.49869e-11 -1.63127e-11 9.30829e-11) (-1.49869e-11 -1.63127e-11 9.30829e-11) (-1.49869e-11 -1.63127e-11 9.30829e-11) (-1.49869e-11 -1.63127e-11 9.30829e-11)
4600          (-1.47592e-12 1.92966e-13 7.95071e-12) (-1.47592e-12 1.92966e-13 7.95071e-12) (-1.47592e-12 1.92966e-13 7.95071e-12) (-1.47592e-12 1.92966e-13 7.95071e-12) (-1.47592e-12 1.92966e-13 7.95071e-12) (-1.47592e-12 1.92966e-13 7.95071e-12) (-1.47592e-12 1.92966e-13 7.95071e-12) (-1.47592e-12 1.92966e-13 7.95071e-12) (-1.47592e-12 1.92966e-13 7.95071e-12) (-1.47592e-12 1.92966e-13 7.95071e-12) (-1.47592e-12 1.92966e-13 7.95071e-12)
4650          (-2.56207e-13 1.5094e-11 1.4076e-10) (-2.56207e-13 1.5094e-11 1.4076e-10) (-2.56207e-13 1.5094e-11 1.4076e-10) (-2.56207e-13 1.5094e-11 1.4076e-10) (-2.56207e-13 1.5094e-11 1.4076e-10) (-2.56207e-13 1.5094e-11 1.4076e-10) (-2.56207e-13 1.5094e-11 1.4076e-10) (-2.56207e-13 1.5094e-11 1.4076e-10) (-2.56207e-13 1.5094e-11 1.4076e-10) (-2.56207e-13 1.5094e-11 1.4076e-10) (-2.56207e-13 1.5094e-11 1.4076e-10)
4700          (8.38628e-12 6.0028e-12 -2.71763e-11) (8.38628e-12 6.0028e-12 -2.71763e-11) (8.38628e-12 6.0028e-12 -2.71763e-11) (8.38628e-12 6.0028e-12 -2.71763e-11) (8.38628e-12 6.0028e-12 -2.71763e-11) (8.38628e-12 6.0028e-12 -2.71763e-11) (8.38628e-12 6.0028e-12 -2.71763e-11) (8.38628e-12 6.0028e-12 -2.71763e-11) (8.38628e-12 6.0028e-12 -2.71763e-11) (8.38628e-12 6.0028e-12 -2.71763e-11) (8.38628e-12 6.0028e-12 -2.71763e-11)
4750          (-1.04808e-13 1.09541e-13 8.58649e-11) (-1.04808e-13 1.09541e-13 8.58649e-11) (-1.04808e-13 1.09541e-13 8.58649e-11) (-1.04808e-13 1.09541e-13 8.58649e-11) (-1.04808e-13 1.09541e-13 8.58649e-11) (-1.04808e-13 1.09541e-13 8.58649e-11) (-1.04808e-13 1.09541e-13 8.58649e-11) (-1.04808e-13 1.09541e-13 8.58649e-11) (-1.04808e-13 1.09541e-13 8.58649e-11) (-1.04808e-13 1.09541e-13 8.58649e-11) (-1.04808e-13 1.09541e-13 8.58649e-11)
4800          (-6.74206e-12 7.39257e-12 -3.91606e-11) (-6.74206e-12 7.39257e-12 -3.91606e-11) (-6.74206e-12 7.39257e-12 -3.91606e-11) (-6.74206e-12 7.39257e-12 -3.91606e-11) (-6.74206e-12 7.39257e-12 -3.91606e-11) (-6.74206e-12 7.39257e-12 -3.91606e-11) (-6.74206e-12 7.39257e-12 -3.91606e-11) (-6.74206e-12 7.39257e-12 -3.91606e-11) (-6.74206e-12 7.39257e-12 -3.91606e-11) (-6.74206e-12 7.39257e-12 -3.91606e-11) (-6.74206e-12 7.39257e-12 -3.91606e-11)
4850          (1.49456e-12 -2.66113e-13 1.45416e-10) (1.49456e-12 -2.66113e-13 1.45416e-10) (1.49456e-12 -2.66113e-13 1.45416e-10) (1.49456e-12 -2.66113e-13 1.45416e-10) (1.49456e-12 -2.66113e-13 1.45416e-10) (1.49456e-12 -2.66113e-13 1.45416e-10) (1.49456e-12 -2.66113e-13 1.45416e-10) (1.49456e-12 -2.66113e-13 1.45416e-10) (1.49456e-12 -2.66113e-13 1.45416e-10) (1.49456e-12 -2.66113e-13 1.45416e-10) (1.49456e-12 -2.66113e-13 1.45416e-10)
4900          (9.47794e-13 -1.2919e-13 1.52147e-10) (9.47794e-13 -1.2919e-13 1.52147e-10) (9.47794e-13 -1.2919e-13 1.52147e-10) (9.47794e-13 -1.2919e-13 1.52147e-10) (9.47794e-13 -1.2919e-13 1.52147e-10) (9.47794e-13 -1.2919e-13 1.52147e-10) (9.47794e-13 -1.2919e-13 1.52147e-10) (9.47794e-13 -1.2919e-13 1.52147e-10) (9.47794e-13 -1.2919e-13 1.52147e-10) (9.47794e-13 -1.2919e-13 1.52147e-10) (9.47794e-13 -1.2919e-13 1.52147e-10)
4950          (-1.43224e-11 2.17176e-14 2.23712e-10) (-1.43224e-11 2.17176e-14 2.23712e-10) (-1.43224e-11 2.17176e-14 2.23712e-10) (-1.43224e-11 2.17176e-14 2.23712e-10) (-1.43224e-11 2.17176e-14 2.23712e-10) (-1.43224e-11 2.17176e-14 2.23712e-10) (-1.43224e-11 2.17176e-14 2.23712e-10) (-1.43224e-11 2.17176e-14 2.23712e-10) (-1.43224e-11 2.17176e-14 2.23712e-10) (-1.43224e-11 2.17176e-14 2.23712e-10) (-1.43224e-11 2.17176e-14 2.23712e-10)
5000          (-1.29685e-12 7.75786e-15 7.1258e-11) (-1.29685e-12 7.75786e-15 7.1258e-11) (-1.29685e-12 7.75786e-15 7.1258e-11) (-1.29685e-12 7.75786e-15 7.1258e-11) (-1.29685e-12 7.75786e-15 7.1258e-11) (-1.29685e-12 7.75786e-15 7.1258e-11) (-1.29685e-12 7.75786e-15 7.1258e-11) (-1.29685e-12 7.75786e-15 7.1258e-11) (-1.29685e-12 7.75786e-15 7.1258e-11) (-1.29685e-12 7.75786e-15 7.1258e-11) (-1.29685e-12 7.75786e-15 7.1258e-11)
