0 	0.207655 	15643.7 	15643.7 	0.0543754 	1000 	0.476401
0.100889 	0.211624 	15597 	15597 	0.0542132 	1000 	0.476401
0.201778 	0.212286 	15550.2 	15550.2 	0.0540506 	1000 	0.476401
0.302667 	0.212732 	15503.3 	15503.3 	0.0538875 	1000 	0.476401
0.403556 	0.213067 	15456.3 	15456.3 	0.0537242 	1000 	0.476401
0.504444 	0.213529 	15409.2 	15409.2 	0.0535605 	1000 	0.476401
0.605333 	0.214166 	15362 	15362 	0.0533964 	1000 	0.476401
0.706222 	0.214944 	15314.7 	15314.7 	0.0532318 	1000 	0.476401
0.807111 	0.215653 	15267.2 	15267.2 	0.0530666 	1000 	0.476401
0.908 	0.216261 	15219.5 	15219.5 	0.0529009 	1000 	0.476401
1.00889 	0.216983 	15171.7 	15171.7 	0.0527347 	1000 	0.476401
1.10978 	0.217717 	15123.7 	15123.7 	0.0525679 	1000 	0.476401
1.21067 	0.218461 	15075.5 	15075.5 	0.0524006 	1000 	0.476401
1.31156 	0.219193 	15027.2 	15027.2 	0.0522327 	1000 	0.476401
1.41244 	0.219789 	14978.8 	14978.8 	0.0520642 	1000 	0.476401
1.51333 	0.220505 	14930.2 	14930.2 	0.0518953 	1000 	0.476401
1.61422 	0.221307 	14881.4 	14881.4 	0.0517258 	1000 	0.476401
1.71511 	0.221932 	14832.5 	14832.5 	0.0515558 	1000 	0.476401
1.816 	0.222648 	14783.4 	14783.4 	0.0513852 	1000 	0.476401
1.91689 	0.223579 	14734.2 	14734.2 	0.051214 	1000 	0.476401
2.01778 	0.22472 	14684.7 	14684.7 	0.0510421 	1000 	0.476401
2.11867 	0.226067 	14634.9 	14634.9 	0.0508691 	1000 	0.476401
2.21956 	0.227148 	14584.9 	14584.9 	0.0506952 	1000 	0.476401
2.32044 	0.227716 	14534.7 	14534.7 	0.0505206 	1000 	0.476401
2.42133 	0.227989 	14484.4 	14484.4 	0.0503458 	1000 	0.476401
2.52222 	0.228149 	14434 	14434 	0.0501708 	1000 	0.476401
2.62311 	0.228563 	14383.6 	14383.6 	0.0499956 	1000 	0.476401
2.724 	0.229444 	14333.1 	14333.1 	0.0498199 	1000 	0.476401
2.82489 	0.230554 	14282.3 	14282.3 	0.0496435 	1000 	0.476401
2.92578 	0.231938 	14231.3 	14231.3 	0.049466 	1000 	0.476401
3.02667 	0.233335 	14179.9 	14179.9 	0.0492875 	1000 	0.476401
3.12756 	0.234258 	14128.3 	14128.3 	0.0491081 	1000 	0.476401
3.22844 	0.234882 	14076.5 	14076.5 	0.0489281 	1000 	0.476401
3.32933 	0.235427 	14024.6 	14024.6 	0.0487476 	1000 	0.476401
3.43022 	0.236173 	13972.5 	13972.5 	0.0485667 	1000 	0.476401
3.53111 	0.237406 	13920.3 	13920.3 	0.0483851 	1000 	0.476401
3.632 	0.238752 	13867.7 	13867.7 	0.0482024 	1000 	0.476401
3.73289 	0.239878 	13814.9 	13814.9 	0.0480187 	1000 	0.476401
3.83378 	0.240728 	13761.8 	13761.8 	0.0478343 	1000 	0.476401
3.93467 	0.241268 	13708.6 	13708.6 	0.0476494 	1000 	0.476401
4.03556 	0.24187 	13655.3 	13655.3 	0.047464 	1000 	0.476401
4.13644 	0.242694 	13601.8 	13601.8 	0.0472781 	1000 	0.476401
4.23733 	0.24375 	13548.1 	13548.1 	0.0470915 	1000 	0.476401
4.33822 	0.24511 	13494.2 	13494.2 	0.046904 	1000 	0.476401
4.43911 	0.246569 	13439.9 	13439.9 	0.0467153 	1000 	0.476401
4.54 	0.247869 	13385.3 	13385.3 	0.0465256 	1000 	0.476401
4.64089 	0.248869 	13330.5 	13330.5 	0.046335 	1000 	0.476401
4.74178 	0.249705 	13275.5 	13275.5 	0.0461437 	1000 	0.476401
4.84267 	0.2507 	13220.2 	13220.2 	0.0459517 	1000 	0.476401
4.94356 	0.251804 	13164.8 	13164.8 	0.0457589 	1000 	0.476401
5.04444 	0.252985 	13109 	13109 	0.0455653 	1000 	0.476401
5.14533 	0.254255 	13053 	13053 	0.0453707 	1000 	0.476401
5.24622 	0.255455 	12996.8 	12996.8 	0.0451751 	1000 	0.476401
5.34711 	0.256729 	12940.2 	12940.2 	0.0449786 	1000 	0.476401
5.448 	0.258072 	12883.4 	12883.4 	0.0447811 	1000 	0.476401
5.54889 	0.259507 	12826.3 	12826.3 	0.0445825 	1000 	0.476401
5.64978 	0.261124 	12768.8 	12768.8 	0.0443828 	1000 	0.476401
5.75067 	0.262757 	12711 	12711 	0.0441818 	1000 	0.476401
5.85156 	0.264202 	12652.8 	12652.8 	0.0439795 	1000 	0.476401
5.95244 	0.265354 	12594.4 	12594.4 	0.0437763 	1000 	0.476401
6.05333 	0.26613 	12535.7 	12535.7 	0.0435724 	1000 	0.476401
6.15422 	0.266779 	12476.9 	12476.9 	0.0433679 	1000 	0.476401
6.25511 	0.267689 	12417.9 	12417.9 	0.0431629 	1000 	0.476401
6.356 	0.268695 	12358.7 	12358.7 	0.0429571 	1000 	0.476401
6.45689 	0.269843 	12299.2 	12299.2 	0.0427505 	1000 	0.476401
6.55778 	0.271231 	12239.5 	12239.5 	0.0425429 	1000 	0.476401
6.65867 	0.272703 	12179.5 	12179.5 	0.0423342 	1000 	0.476401
6.75956 	0.274233 	12119.1 	12119.1 	0.0421244 	1000 	0.476401
6.86044 	0.275574 	12058.4 	12058.4 	0.0419134 	1000 	0.476401
6.96133 	0.276649 	11997.4 	11997.4 	0.0417015 	1000 	0.476401
7.06222 	0.277686 	11936.2 	11936.2 	0.0414888 	1000 	0.476401
7.16311 	0.278647 	11874.8 	11874.8 	0.0412754 	1000 	0.476401
7.264 	0.279673 	11813.2 	11813.2 	0.0410612 	1000 	0.476401
7.36489 	0.280882 	11751.3 	11751.3 	0.0408461 	1000 	0.476401
7.46578 	0.282057 	11689.2 	11689.2 	0.0406301 	1000 	0.476401
7.56667 	0.2835 	11626.8 	11626.8 	0.0404132 	1000 	0.476401
7.66756 	0.285267 	11564 	11564 	0.040195 	1000 	0.476401
7.76844 	0.287076 	11500.8 	11500.8 	0.0399754 	1000 	0.476401
7.86933 	0.288927 	11437.3 	11437.3 	0.0397544 	1000 	0.476401
7.97022 	0.290731 	11373.3 	11373.3 	0.039532 	1000 	0.476401
8.07111 	0.292672 	11308.9 	11308.9 	0.0393082 	1000 	0.476401
8.172 	0.294888 	11244 	11244 	0.0390828 	1000 	0.476401
8.27289 	0.297014 	11178.7 	11178.7 	0.0388557 	1000 	0.476401
8.37378 	0.298969 	11112.9 	11112.9 	0.038627 	1000 	0.476401
8.47467 	0.300749 	11046.7 	11046.7 	0.0383969 	1000 	0.476401
8.57556 	0.302325 	10980.1 	10980.1 	0.0381655 	1000 	0.476401
8.67644 	0.304011 	10913.2 	10913.2 	0.0379329 	1000 	0.476401
8.77733 	0.305842 	10845.9 	10845.9 	0.0376989 	1000 	0.476401
8.87822 	0.307732 	10778.2 	10778.2 	0.0374635 	1000 	0.476401
8.97911 	0.309912 	10710 	10710 	0.0372266 	1000 	0.476401
9.08 	0.312262 	10641.3 	10641.3 	0.0369878 	1000 	0.476401
9.18089 	0.314585 	10572.1 	10572.1 	0.0367473 	1000 	0.476401
9.28178 	0.316665 	10502.4 	10502.4 	0.0365051 	1000 	0.476401
9.38267 	0.318166 	10432.4 	10432.4 	0.0362615 	1000 	0.476401
9.48356 	0.319509 	10362 	10362 	0.0360169 	1000 	0.476401
9.58444 	0.321155 	10291.3 	10291.3 	0.0357711 	1000 	0.476401
9.68533 	0.323016 	10220.2 	10220.2 	0.0355239 	1000 	0.476401
9.78622 	0.325125 	10148.6 	10148.6 	0.0352753 	1000 	0.476401
9.88711 	0.327346 	10076.6 	10076.6 	0.035025 	1000 	0.476401
9.988 	0.324541 	10004.1 	10004.1 	0.0347728 	1000 	0.476401
