0 	21.1846 	72731.4 	72731.4 	0.253041 	999.347 	0.476401
0.00189899 	21.396 	72378.6 	72378.6 	0.251825 	999.301 	0.476401
0.00379798 	21.4753 	72026.6 	72026.6 	0.250614 	999.247 	0.476401
0.00569697 	21.5859 	71672.4 	71672.4 	0.24939 	999.212 	0.476401
0.00759596 	21.6917 	71316.5 	71316.5 	0.248167 	999.15 	0.476401
0.00949495 	21.8008 	70958.9 	70958.9 	0.246929 	999.126 	0.476401
0.0113939 	21.911 	70599.5 	70599.5 	0.245695 	999.059 	0.476401
0.0132929 	22.0233 	70238.3 	70238.3 	0.244441 	999.043 	0.476401
0.0151919 	22.137 	69875.2 	69875.2 	0.243195 	998.972 	0.476401
0.0170909 	22.2529 	69510.3 	69510.3 	0.241926 	998.965 	0.476401
0.0189899 	22.3702 	69143.4 	69143.4 	0.240667 	998.891 	0.476401
0.0208889 	22.4901 	68774.5 	68774.5 	0.239384 	998.888 	0.476401
0.0227879 	22.6114 	68403.6 	68403.6 	0.238108 	998.823 	0.476401
0.0246869 	22.7352 	68030.7 	68030.7 	0.236812 	998.812 	0.476401
0.0265859 	22.8607 	67655.7 	67655.7 	0.235519 	998.759 	0.476401
0.0284848 	22.9886 	67278.7 	67278.7 	0.23421 	998.742 	0.476401
0.0303838 	23.1185 	66899.5 	66899.5 	0.2329 	998.701 	0.476401
0.0322828 	23.2508 	66518.3 	66518.3 	0.231577 	998.679 	0.476401
0.0341818 	23.3854 	66134.8 	66134.8 	0.230249 	998.647 	0.476401
0.0360808 	23.5223 	65749.1 	65749.1 	0.228912 	998.624 	0.476401
0.0379798 	23.6618 	65361.1 	65361.1 	0.227566 	998.599 	0.476401
0.0398788 	23.8038 	64970.8 	64970.8 	0.226212 	998.575 	0.476401
0.0417778 	23.9483 	64578.1 	64578.1 	0.224849 	998.558 	0.476401
0.0436768 	24.0957 	64183.1 	64183.1 	0.223479 	998.532 	0.476401
0.0455758 	24.2458 	63785.6 	63785.6 	0.222096 	998.525 	0.476401
0.0474747 	24.3987 	63385.6 	63385.6 	0.22071 	998.495 	0.476401
0.0493737 	24.5549 	62983.1 	62983.1 	0.219307 	998.498 	0.476401
0.0512727 	24.7135 	62578 	62578 	0.217903 	998.466 	0.476401
0.0531717 	24.8762 	62170.3 	62170.3 	0.216481 	998.475 	0.476401
0.0550707 	25.0409 	61759.9 	61759.9 	0.215058 	998.447 	0.476401
0.0569697 	25.2105 	61346.7 	61346.7 	0.213617 	998.454 	0.476401
0.0588687 	25.3822 	60930.6 	60930.6 	0.212171 	998.438 	0.476401
0.0607677 	25.559 	60511.6 	60511.6 	0.210712 	998.438 	0.476401
0.0626667 	25.7383 	60089.7 	60089.7 	0.209243 	998.434 	0.476401
0.0645657 	25.9224 	59664.8 	59664.8 	0.207763 	998.435 	0.476401
0.0664646 	26.1098 	59236.8 	59236.8 	0.206272 	998.435 	0.476401
0.0683636 	26.3019 	58805.7 	58805.7 	0.204769 	998.443 	0.476401
0.0702626 	26.4979 	58371.5 	58371.5 	0.203258 	998.44 	0.476401
0.0721616 	26.6987 	57934 	57934 	0.201731 	998.454 	0.476401
0.0740606 	26.9039 	57493.1 	57493.1 	0.200196 	998.453 	0.476401
0.0759596 	27.114 	57048.9 	57048.9 	0.198647 	998.462 	0.476401
0.0778586 	27.3292 	56601.1 	56601.1 	0.197084 	998.476 	0.476401
0.0797576 	27.5495 	56149.8 	56149.8 	0.195512 	998.481 	0.476401
0.0816566 	27.7755 	55694.8 	55694.8 	0.193922 	998.504 	0.476401
0.0835556 	28.0067 	55236.1 	55236.1 	0.192324 	998.507 	0.476401
0.0854545 	28.2444 	54773.5 	54773.5 	0.190707 	998.537 	0.476401
0.0873535 	28.4876 	54307 	54307 	0.189082 	998.54 	0.476401
0.0892525 	28.738 	53836.4 	53836.4 	0.187436 	998.578 	0.476401
0.0911515 	28.994 	53361.6 	53361.6 	0.18578 	998.595 	0.476401
0.0930505 	29.2577 	52882.5 	52882.5 	0.184112 	998.593 	0.476401
0.0949495 	29.5288 	52399 	52399 	0.182418 	998.648 	0.476401
0.0968485 	29.8074 	51910.8 	51910.8 	0.180719 	998.641 	0.476401
0.0987475 	30.0949 	51418 	51418 	0.178993 	998.694 	0.476401
0.100646 	30.3897 	50920.4 	50920.4 	0.17726 	998.696 	0.476401
0.102545 	30.6945 	50417.8 	50417.8 	0.175502 	998.742 	0.476401
0.104444 	31.0077 	49910.2 	49910.2 	0.173732 	998.755 	0.476401
0.106343 	31.3314 	49397.3 	49397.3 	0.17194 	998.795 	0.476401
0.108242 	31.6649 	48879 	48879 	0.17013 	998.823 	0.476401
0.110141 	32.0094 	48355.1 	48355.1 	0.168302 	998.849 	0.476401
0.11204 	32.3653 	47825.5 	47825.5 	0.166453 	998.881 	0.476401
0.113939 	32.7332 	47289.9 	47289.9 	0.164584 	998.911 	0.476401
0.115838 	33.1141 	46748.2 	46748.2 	0.162692 	998.943 	0.476401
0.117737 	33.5085 	46200.1 	46200.1 	0.160779 	998.974 	0.476401
0.119636 	33.9172 	45645.3 	45645.3 	0.158843 	999.006 	0.476401
0.121535 	34.3411 	45083.8 	45083.8 	0.156884 	999.038 	0.476401
0.123434 	34.7813 	44515.1 	44515.1 	0.154899 	999.07 	0.476401
0.125333 	35.2387 	43939.1 	43939.1 	0.152889 	999.102 	0.476401
0.127232 	35.7144 	43355.4 	43355.4 	0.150853 	999.134 	0.476401
0.129131 	36.2099 	42763.7 	42763.7 	0.148789 	999.165 	0.476401
0.13103 	36.7265 	42163.6 	42163.6 	0.146696 	999.195 	0.476401
0.132929 	37.2666 	41554.6 	41554.6 	0.144572 	999.225 	0.476401
0.134828 	37.8316 	40936.3 	40936.3 	0.142416 	999.255 	0.476401
0.136727 	38.4229 	40308.4 	40308.4 	0.140227 	999.283 	0.476401
0.138626 	39.0427 	39670.6 	39670.6 	0.138004 	999.309 	0.476401
0.140525 	39.6934 	39022.3 	39022.3 	0.135744 	999.335 	0.476401
0.142424 	40.3777 	38363 	38363 	0.133447 	999.358 	0.476401
0.144323 	41.0984 	37692.1 	37692.1 	0.131109 	999.38 	0.476401
0.146222 	41.8589 	37009 	37009 	0.12873 	999.399 	0.476401
0.148121 	42.6631 	36313 	36313 	0.126306 	999.417 	0.476401
0.15002 	43.5153 	35603.3 	35603.3 	0.123834 	999.43 	0.476401
0.151919 	44.4205 	34879.2 	34879.2 	0.121313 	999.441 	0.476401
0.153818 	45.3835 	34139.6 	34139.6 	0.118739 	999.448 	0.476401
0.155717 	46.4122 	33383.7 	33383.7 	0.116114 	999.401 	0.476401
0.157616 	47.5164 	32610.3 	32610.3 	0.113418 	999.447 	0.476401
0.159515 	48.7007 	31817.7 	31817.7 	0.110645 	999.581 	0.476401
0.161414 	49.975 	31005 	31005 	0.107855 	999.24 	0.476401
0.163313 	51.3584 	30170.4 	30170.4 	0.104911 	999.605 	0.476401
0.165212 	52.8542 	29312.1 	29312.1 	0.101989 	998.978 	0.476401
0.167111 	54.5095 	28427.8 	28427.8 	0.098831 	999.772 	0.476401
0.16901 	56.2919 	27515.1 	27515.1 	0.0957696 	998.585 	0.476401
0.170909 	58.3274 	26569.2 	26569.2 	0.0923596 	999.839 	0.476401
0.172808 	60.535 	25587.9 	25587.9 	0.0890686 	998.455 	0.476401
0.174707 	63.0871 	24566.9 	24566.9 	0.0854196 	999.559 	0.476401
0.176606 	65.919 	23501.1 	23501.1 	0.0818091 	998.352 	0.476401
0.178505 	69.2448 	22384.1 	22384.1 	0.0778648 	999.077 	0.476401
0.180404 	73.0527 	21207.3 	21207.3 	0.0738401 	998.088 	0.476401
0.182303 	77.6875 	19961.3 	19961.3 	0.0694841 	998.369 	0.476401
0.184202 	83.1062 	18627.7 	18627.7 	0.0648923 	997.536 	0.476401
0.186101 	90.4641 	17198.2 	17198.2 	0.0599383 	997.194 	0.476401
0.188 	98.3838 	15609.2 	15609.2 	0.0544429 	996.39 	0.476401
