0 	21.1993 	228982 	228982 	0.793033 	1000.32 	0.476401
0.00189899 	21.3622 	228075 	228075 	0.789851 	1000.36 	0.476401
0.00379798 	21.433 	227169 	227169 	0.78666 	1000.41 	0.476401
0.00569697 	21.5204 	226258 	226258 	0.783465 	1000.44 	0.476401
0.00759596 	21.607 	225344 	225344 	0.780259 	1000.48 	0.476401
0.00949495 	21.6949 	224426 	224426 	0.777039 	1000.51 	0.476401
0.0113939 	21.7837 	223504 	223504 	0.773808 	1000.55 	0.476401
0.0132929 	21.8737 	222578 	222578 	0.770563 	1000.58 	0.476401
0.0151919 	21.9648 	221647 	221647 	0.767306 	1000.61 	0.476401
0.0170909 	22.0571 	220713 	220713 	0.764035 	1000.64 	0.476401
0.0189899 	22.1506 	219775 	219775 	0.760752 	1000.67 	0.476401
0.0208889 	22.2455 	218832 	218832 	0.757454 	1000.7 	0.476401
0.0227879 	22.3416 	217885 	217885 	0.754142 	1000.73 	0.476401
0.0246869 	22.4389 	216934 	216934 	0.750817 	1000.76 	0.476401
0.0265859 	22.5374 	215979 	215979 	0.747494 	1000.77 	0.476401
0.0284848 	22.6375 	215019 	215019 	0.744128 	1000.81 	0.476401
0.0303838 	22.7389 	214055 	214055 	0.740759 	1000.84 	0.476401
0.0322828 	22.8416 	213086 	213086 	0.737382 	1000.86 	0.476401
0.0341818 	22.9457 	212113 	212113 	0.733981 	1000.88 	0.476401
0.0360808 	23.0514 	211135 	211135 	0.730561 	1000.92 	0.476401
0.0379798 	23.1587 	210152 	210152 	0.727129 	1000.95 	0.476401
0.0398788 	23.2673 	209165 	209165 	0.723685 	1000.97 	0.476401
0.0417778 	23.3775 	208173 	208173 	0.720224 	1000.99 	0.476401
0.0436768 	23.4894 	207176 	207176 	0.716748 	1001.02 	0.476401
0.0455758 	23.6029 	206173 	206173 	0.713255 	1001.04 	0.476401
0.0474747 	23.718 	205166 	205166 	0.709745 	1001.06 	0.476401
0.0493737 	23.8349 	204154 	204154 	0.706218 	1001.08 	0.476401
0.0512727 	23.9535 	203137 	203137 	0.702675 	1001.11 	0.476401
0.0531717 	24.0739 	202114 	202114 	0.699114 	1001.13 	0.476401
0.0550707 	24.1961 	201086 	201086 	0.695535 	1001.15 	0.476401
0.0569697 	24.3203 	200053 	200053 	0.691938 	1001.17 	0.476401
0.0588687 	24.4465 	199014 	199014 	0.688322 	1001.19 	0.476401
0.0607677 	24.5748 	197969 	197969 	0.684699 	1001.19 	0.476401
0.0626667 	24.7051 	196919 	196919 	0.681036 	1001.22 	0.476401
0.0645657 	24.8376 	195863 	195863 	0.677371 	1001.23 	0.476401
0.0664646 	24.9722 	194801 	194801 	0.673673 	1001.26 	0.476401
0.0683636 	25.1091 	193733 	193733 	0.669965 	1001.27 	0.476401
0.0702626 	25.2483 	192659 	192659 	0.66623 	1001.29 	0.476401
0.0721616 	25.3899 	191579 	191579 	0.662473 	1001.31 	0.476401
0.0740606 	25.5338 	190493 	190493 	0.658704 	1001.32 	0.476401
0.0759596 	25.6802 	189400 	189400 	0.654909 	1001.33 	0.476401
0.0778586 	25.8292 	188301 	188301 	0.651092 	1001.35 	0.476401
0.0797576 	25.9809 	187195 	187195 	0.647256 	1001.36 	0.476401
0.0816566 	26.1353 	186083 	186083 	0.643392 	1001.38 	0.476401
0.0835556 	26.2925 	184963 	184963 	0.639512 	1001.39 	0.476401
0.0854545 	26.4526 	183837 	183837 	0.635601 	1001.41 	0.476401
0.0873535 	26.6157 	182703 	182703 	0.631671 	1001.42 	0.476401
0.0892525 	26.7818 	181563 	181563 	0.627718 	1001.43 	0.476401
0.0911515 	26.9511 	180415 	180415 	0.623743 	1001.43 	0.476401
0.0930505 	27.1238 	179259 	179259 	0.619734 	1001.45 	0.476401
0.0949495 	27.2998 	178096 	178096 	0.615708 	1001.45 	0.476401
0.0968485 	27.4796 	176925 	176925 	0.611647 	1001.47 	0.476401
0.0987475 	27.6626 	175745 	175745 	0.607567 	1001.47 	0.476401
0.100646 	27.8498 	174558 	174558 	0.603452 	1001.48 	0.476401
0.102545 	28.0406 	173362 	173362 	0.599313 	1001.49 	0.476401
0.104444 	28.2356 	172158 	172158 	0.595145 	1001.5 	0.476401
0.106343 	28.4348 	170945 	170945 	0.590949 	1001.5 	0.476401
0.108242 	28.6381 	169723 	169723 	0.586725 	1001.5 	0.476401
0.110141 	28.846 	168492 	168492 	0.582467 	1001.51 	0.476401
0.11204 	29.0584 	167252 	167252 	0.57818 	1001.51 	0.476401
0.113939 	29.2756 	166003 	166003 	0.573861 	1001.52 	0.476401
0.115838 	29.4979 	164743 	164743 	0.569508 	1001.52 	0.476401
0.117737 	29.7253 	163474 	163474 	0.565124 	1001.52 	0.476401
0.119636 	29.9582 	162195 	162195 	0.560703 	1001.53 	0.476401
0.121535 	30.1965 	160905 	160905 	0.55625 	1001.52 	0.476401
0.123434 	30.441 	159605 	159605 	0.551759 	1001.53 	0.476401
0.125333 	30.691 	158293 	158293 	0.547234 	1001.53 	0.476401
0.127232 	30.9478 	156971 	156971 	0.542667 	1001.53 	0.476401
0.129131 	31.2106 	155637 	155637 	0.538066 	1001.52 	0.476401
0.13103 	31.481 	154291 	154291 	0.533421 	1001.53 	0.476401
0.132929 	31.7581 	152932 	152932 	0.528738 	1001.52 	0.476401
0.134828 	32.0436 	151561 	151561 	0.524008 	1001.52 	0.476401
0.136727 	32.3365 	150177 	150177 	0.519238 	1001.51 	0.476401
0.138626 	32.6381 	148779 	148779 	0.514421 	1001.51 	0.476401
0.140525 	32.9478 	147368 	147368 	0.509561 	1001.5 	0.476401
0.142424 	33.267 	145943 	145943 	0.504653 	1001.5 	0.476401
0.144323 	33.5956 	144504 	144504 	0.499695 	1001.49 	0.476401
0.146222 	33.9342 	143049 	143049 	0.494688 	1001.48 	0.476401
0.148121 	34.2834 	141579 	141579 	0.489628 	1001.47 	0.476401
0.15002 	34.6437 	140093 	140093 	0.484515 	1001.46 	0.476401
0.151919 	35.0157 	138590 	138590 	0.479347 	1001.45 	0.476401
0.153818 	35.4 	137071 	137071 	0.474122 	1001.44 	0.476401
0.155717 	35.7974 	135533 	135533 	0.468837 	1001.43 	0.476401
0.157616 	36.2087 	133977 	133977 	0.46349 	1001.41 	0.476401
0.159515 	36.6346 	132403 	132403 	0.45808 	1001.4 	0.476401
0.161414 	37.076 	130808 	130808 	0.452604 	1001.38 	0.476401
0.163313 	37.5339 	129193 	129193 	0.447059 	1001.36 	0.476401
0.165212 	38.0094 	127556 	127556 	0.441443 	1001.34 	0.476401
0.167111 	38.5037 	125897 	125897 	0.435752 	1001.32 	0.476401
0.16901 	39.0181 	124214 	124214 	0.429983 	1001.3 	0.476401
0.170909 	39.5552 	122506 	122506 	0.424128 	1001.27 	0.476401
0.172808 	40.1155 	120772 	120772 	0.418188 	1001.24 	0.476401
0.174707 	40.7008 	119011 	119011 	0.412158 	1001.21 	0.476401
0.176606 	41.3128 	117222 	117222 	0.406034 	1001.18 	0.476401
0.178505 	41.9546 	115403 	115403 	0.399812 	1001.15 	0.476401
0.180404 	42.6251 	113552 	113552 	0.393485 	1001.11 	0.476401
0.182303 	43.339 	111669 	111669 	0.387049 	1001.06 	0.476401
0.184202 	44.0586 	109748 	109748 	0.380493 	1001.02 	0.476401
0.186101 	44.921 	107796 	107796 	0.373827 	1000.97 	0.476401
0.188 	45.5138 	105789 	105789 	0.366989 	1000.9 	0.476401
