0 	0.0206782 	1188.84 	1188.84 	0.00413224 	1000 	0.476401
0.0503838 	0.0206485 	1186.57 	1186.57 	0.00412436 	1000 	0.476401
0.100768 	0.0205869 	1184.31 	1184.31 	0.00411651 	1000 	0.476401
0.151152 	0.0205306 	1182.06 	1182.06 	0.00410868 	1000 	0.476401
0.201535 	0.0204667 	1179.81 	1179.81 	0.00410087 	1000 	0.476401
0.251919 	0.0204399 	1177.57 	1177.57 	0.00409309 	1000 	0.476401
0.302303 	0.0203889 	1175.34 	1175.34 	0.00408531 	1000 	0.476401
0.352687 	0.0203555 	1173.1 	1173.1 	0.00407755 	1000 	0.476401
0.403071 	0.0202676 	1170.88 	1170.88 	0.00406982 	1000 	0.476401
0.453455 	0.0201882 	1168.66 	1168.66 	0.00406212 	1000 	0.476401
0.503838 	0.0200906 	1166.46 	1166.46 	0.00405445 	1000 	0.476401
0.554222 	0.0200233 	1164.26 	1164.26 	0.00404681 	1000 	0.476401
0.604606 	0.0199301 	1162.07 	1162.07 	0.0040392 	1000 	0.476401
0.65499 	0.0198313 	1159.89 	1159.89 	0.00403163 	1000 	0.476401
0.705374 	0.0197354 	1157.72 	1157.72 	0.00402409 	1000 	0.476401
0.755758 	0.0196858 	1155.56 	1155.56 	0.00401659 	1000 	0.476401
0.806141 	0.0196611 	1153.41 	1153.41 	0.0040091 	1000 	0.476401
0.856525 	0.0195926 	1151.26 	1151.26 	0.00400162 	1000 	0.476401
0.906909 	0.0194949 	1149.12 	1149.12 	0.00399418 	1000 	0.476401
0.957293 	0.0194182 	1146.99 	1146.99 	0.00398677 	1000 	0.476401
1.00768 	0.019313 	1144.86 	1144.86 	0.0039794 	1000 	0.476401
1.05806 	0.0192373 	1142.75 	1142.75 	0.00397206 	1000 	0.476401
1.10844 	0.0191685 	1140.65 	1140.65 	0.00396475 	1000 	0.476401
1.15883 	0.0191095 	1138.55 	1138.55 	0.00395746 	1000 	0.476401
1.20921 	0.019031 	1136.46 	1136.46 	0.00395019 	1000 	0.476401
1.2596 	0.0189602 	1134.38 	1134.38 	0.00394296 	1000 	0.476401
1.30998 	0.0188614 	1132.31 	1132.31 	0.00393576 	1000 	0.476401
1.36036 	0.0187815 	1130.25 	1130.25 	0.00392859 	1000 	0.476401
1.41075 	0.018694 	1128.2 	1128.2 	0.00392146 	1000 	0.476401
1.46113 	0.018608 	1126.15 	1126.15 	0.00391436 	1000 	0.476401
1.51152 	0.0185213 	1124.12 	1124.12 	0.00390729 	1000 	0.476401
1.5619 	0.018447 	1122.09 	1122.09 	0.00390025 	1000 	0.476401
1.61228 	0.0183721 	1120.08 	1120.08 	0.00389324 	1000 	0.476401
1.66267 	0.0182945 	1118.07 	1118.07 	0.00388625 	1000 	0.476401
1.71305 	0.0182117 	1116.07 	1116.07 	0.0038793 	1000 	0.476401
1.76343 	0.0181219 	1114.08 	1114.08 	0.00387239 	1000 	0.476401
1.81382 	0.0180322 	1112.1 	1112.1 	0.0038655 	1000 	0.476401
1.8642 	0.0179575 	1110.13 	1110.13 	0.00385865 	1000 	0.476401
1.91459 	0.0178728 	1108.16 	1108.16 	0.00385182 	1000 	0.476401
1.96497 	0.0177998 	1106.21 	1106.21 	0.00384503 	1000 	0.476401
2.01535 	0.0177295 	1104.26 	1104.26 	0.00383827 	1000 	0.476401
2.06574 	0.0176572 	1102.33 	1102.33 	0.00383153 	1000 	0.476401
2.11612 	0.017553 	1100.4 	1100.4 	0.00382482 	1000 	0.476401
2.16651 	0.0175053 	1098.48 	1098.48 	0.00381815 	1000 	0.476401
2.21689 	0.0174175 	1096.56 	1096.56 	0.0038115 	1000 	0.476401
2.26727 	0.0173376 	1094.66 	1094.66 	0.00380488 	1000 	0.476401
2.31766 	0.0172665 	1092.76 	1092.76 	0.00379829 	1000 	0.476401
2.36804 	0.0171954 	1090.88 	1090.88 	0.00379173 	1000 	0.476401
2.41842 	0.0171307 	1089 	1089 	0.00378519 	1000 	0.476401
2.46881 	0.0170672 	1087.12 	1087.12 	0.00377868 	1000 	0.476401
2.51919 	0.0169951 	1085.26 	1085.26 	0.00377219 	1000 	0.476401
2.56958 	0.0169123 	1083.4 	1083.4 	0.00376574 	1000 	0.476401
2.61996 	0.0168455 	1081.55 	1081.55 	0.00375931 	1000 	0.476401
2.67034 	0.0167721 	1079.71 	1079.71 	0.00375291 	1000 	0.476401
2.72073 	0.0167065 	1077.87 	1077.87 	0.00374653 	1000.01 	0.476401
2.77111 	0.0166459 	1076.05 	1076.05 	0.00374018 	1000.01 	0.476401
2.82149 	0.0165953 	1074.23 	1074.23 	0.00373385 	1000.01 	0.476401
2.87188 	0.0165268 	1072.41 	1072.41 	0.00372754 	1000.01 	0.476401
2.92226 	0.0164604 	1070.61 	1070.61 	0.00372126 	1000.01 	0.476401
2.97265 	0.0164163 	1068.81 	1068.81 	0.003715 	1000.01 	0.476401
3.02303 	0.0163404 	1067.01 	1067.01 	0.00370876 	1000.01 	0.476401
3.07341 	0.0162833 	1065.22 	1065.22 	0.00370255 	1000.01 	0.476401
3.1238 	0.0162304 	1063.44 	1063.44 	0.00369635 	1000.01 	0.476401
3.17418 	0.0161693 	1061.67 	1061.67 	0.00369018 	1000.01 	0.476401
3.22457 	0.0161134 	1059.9 	1059.9 	0.00368403 	1000.01 	0.476401
3.27495 	0.0160748 	1058.14 	1058.14 	0.0036779 	1000.01 	0.476401
3.32533 	0.0160172 	1056.38 	1056.38 	0.00367179 	1000.01 	0.476401
3.37572 	0.0159796 	1054.63 	1054.63 	0.00366569 	1000.01 	0.476401
3.4261 	0.0159311 	1052.88 	1052.88 	0.00365962 	1000.01 	0.476401
3.47648 	0.0158764 	1051.14 	1051.14 	0.00365356 	1000.01 	0.476401
3.52687 	0.0158316 	1049.4 	1049.4 	0.00364752 	1000.01 	0.476401
3.57725 	0.0157895 	1047.67 	1047.67 	0.0036415 	1000.02 	0.476401
3.62764 	0.0157497 	1045.94 	1045.94 	0.00363549 	1000.02 	0.476401
3.67802 	0.0157138 	1044.22 	1044.22 	0.00362949 	1000.02 	0.476401
3.7284 	0.0156765 	1042.5 	1042.5 	0.00362351 	1000.02 	0.476401
3.77879 	0.0156442 	1040.78 	1040.78 	0.00361755 	1000.02 	0.476401
3.82917 	0.0156132 	1039.07 	1039.07 	0.00361159 	1000.02 	0.476401
3.87956 	0.0155786 	1037.36 	1037.36 	0.00360565 	1000.02 	0.476401
3.92994 	0.0155457 	1035.65 	1035.65 	0.00359972 	1000.02 	0.476401
3.98032 	0.0155195 	1033.95 	1033.95 	0.0035938 	1000.02 	0.476401
4.03071 	0.0155068 	1032.25 	1032.25 	0.00358789 	1000.02 	0.476401
4.08109 	0.0154771 	1030.56 	1030.56 	0.00358199 	1000.02 	0.476401
4.13147 	0.0154546 	1028.86 	1028.86 	0.0035761 	1000.02 	0.476401
4.18186 	0.0154353 	1027.17 	1027.17 	0.00357022 	1000.03 	0.476401
4.23224 	0.0154164 	1025.48 	1025.48 	0.00356434 	1000.03 	0.476401
4.28263 	0.0154026 	1023.79 	1023.79 	0.00355847 	1000.03 	0.476401
4.33301 	0.0153967 	1022.1 	1022.1 	0.0035526 	1000.03 	0.476401
4.38339 	0.0153818 	1020.42 	1020.42 	0.00354674 	1000.03 	0.476401
4.43378 	0.0153779 	1018.73 	1018.73 	0.00354088 	1000.03 	0.476401
4.48416 	0.0153759 	1017.05 	1017.05 	0.00353502 	1000.03 	0.476401
4.53455 	0.0153698 	1015.36 	1015.36 	0.00352916 	1000.03 	0.476401
4.58493 	0.0153729 	1013.68 	1013.68 	0.00352331 	1000.03 	0.476401
4.63531 	0.01538 	1012 	1012 	0.00351745 	1000.03 	0.476401
4.6857 	0.0153851 	1010.31 	1010.31 	0.00351159 	1000.03 	0.476401
4.73608 	0.015397 	1008.63 	1008.63 	0.00350573 	1000.03 	0.476401
4.78646 	0.0153979 	1006.94 	1006.94 	0.00349987 	1000.03 	0.476401
4.83685 	0.0154162 	1005.25 	1005.25 	0.003494 	1000.04 	0.476401
4.88723 	0.0154289 	1003.56 	1003.56 	0.00348813 	1000.04 	0.476401
4.93762 	0.0154568 	1001.87 	1001.87 	0.00348225 	1000.04 	0.476401
4.988 	0.0154359 	1000.18 	1000.18 	0.00347636 	1000.04 	0.476401
