0 	21.2406 	222639 	222639 	0.773331 	1000.66 	0.476401
0.00189899 	21.3137 	221765 	221765 	0.770232 	1000.74 	0.476401
0.00379798 	21.3885 	220889 	220889 	0.767096 	1000.86 	0.476401
0.00569697 	21.4791 	220009 	220009 	0.763995 	1000.92 	0.476401
0.00759596 	21.5653 	219126 	219126 	0.760817 	1001.06 	0.476401
0.00949495 	21.6558 	218239 	218239 	0.757726 	1001.08 	0.476401
0.0113939 	21.7451 	217348 	217348 	0.754488 	1001.27 	0.476401
0.0132929 	21.839 	216454 	216454 	0.751395 	1001.25 	0.476401
0.0151919 	21.9304 	215555 	215555 	0.748107 	1001.48 	0.476401
0.0170909 	22.0262 	214653 	214653 	0.745009 	1001.43 	0.476401
0.0189899 	22.1202 	213747 	213747 	0.741674 	1001.69 	0.476401
0.0208889 	22.2187 	212837 	212837 	0.738553 	1001.64 	0.476401
0.0227879 	22.3157 	211923 	211923 	0.735206 	1001.88 	0.476401
0.0246869 	22.4161 	211005 	211005 	0.73203 	1001.87 	0.476401
0.0265859 	22.5166 	210083 	210083 	0.728682 	1002.07 	0.476401
0.0284848 	22.6188 	209156 	209156 	0.725451 	1002.09 	0.476401
0.0303838 	22.7221 	208226 	208226 	0.722098 	1002.27 	0.476401
0.0322828 	22.8271 	207291 	207291 	0.718813 	1002.32 	0.476401
0.0341818 	22.9335 	206351 	206351 	0.715454 	1002.47 	0.476401
0.0360808 	23.0413 	205408 	205408 	0.712117 	1002.56 	0.476401
0.0379798 	23.1509 	204459 	204459 	0.708749 	1002.67 	0.476401
0.0398788 	23.2618 	203507 	203507 	0.705359 	1002.8 	0.476401
0.0417778 	23.3743 	202550 	202550 	0.70198 	1002.88 	0.476401
0.0436768 	23.4886 	201588 	201588 	0.698539 	1003.04 	0.476401
0.0455758 	23.6043 	200621 	200621 	0.695147 	1003.1 	0.476401
0.0474747 	23.7221 	199650 	199650 	0.691655 	1003.28 	0.476401
0.0493737 	23.8411 	198673 	198673 	0.688248 	1003.32 	0.476401
0.0512727 	23.9627 	197692 	197692 	0.684705 	1003.53 	0.476401
0.0531717 	24.085 	196706 	196706 	0.68128 	1003.54 	0.476401
0.0550707 	24.2106 	195715 	195715 	0.677687 	1003.78 	0.476401
0.0569697 	24.3365 	194718 	194718 	0.67424 	1003.77 	0.476401
0.0588687 	24.4663 	193716 	193716 	0.670609 	1004.01 	0.476401
0.0607677 	24.5964 	192709 	192709 	0.667112 	1004.03 	0.476401
0.0626667 	24.7307 	191696 	191696 	0.663463 	1004.25 	0.476401
0.0645657 	24.8657 	190678 	190678 	0.659844 	1004.39 	0.476401
0.0664646 	25.0015 	189654 	189654 	0.656285 	1004.41 	0.476401
0.0683636 	25.1437 	188625 	188625 	0.652601 	1004.6 	0.476401
0.0702626 	25.2824 	187590 	187590 	0.648967 	1004.68 	0.476401
0.0721616 	25.4284 	186549 	186549 	0.645264 	1004.84 	0.476401
0.0740606 	25.5759 	185501 	185501 	0.641571 	1004.95 	0.476401
0.0759596 	25.7231 	184448 	184448 	0.637847 	1005.08 	0.476401
0.0778586 	25.8765 	183389 	183389 	0.634094 	1005.22 	0.476401
0.0797576 	26.0315 	182323 	182323 	0.630347 	1005.32 	0.476401
0.0816566 	26.1868 	181251 	181251 	0.626534 	1005.49 	0.476401
0.0835556 	26.3484 	180173 	180173 	0.62276 	1005.57 	0.476401
0.0854545 	26.5126 	179088 	179088 	0.618887 	1005.76 	0.476401
0.0873535 	26.6745 	177996 	177996 	0.615084 	1005.81 	0.476401
0.0892525 	26.8496 	176897 	176897 	0.61115 	1006.04 	0.476401
0.0911515 	27.0163 	175791 	175791 	0.607315 	1006.06 	0.476401
0.0930505 	27.1968 	174678 	174678 	0.603318 	1006.31 	0.476401
0.0949495 	27.3736 	173558 	173558 	0.599373 	1006.44 	0.476401
0.0968485 	27.5565 	172430 	172430 	0.595468 	1006.46 	0.476401
0.0987475 	27.7426 	171294 	171294 	0.591407 	1006.69 	0.476401
0.100646 	27.9318 	170150 	170150 	0.587439 	1006.73 	0.476401
0.102545 	28.129 	168999 	168999 	0.583337 	1006.95 	0.476401
0.104444 	28.3228 	167840 	167840 	0.579301 	1007.01 	0.476401
0.106343 	28.528 	166672 	166672 	0.575163 	1007.2 	0.476401
0.108242 	28.7342 	165497 	165497 	0.571054 	1007.29 	0.476401
0.110141 	28.9435 	164312 	164312 	0.566878 	1007.45 	0.476401
0.11204 	29.1609 	163119 	163119 	0.562694 	1007.56 	0.476401
0.113939 	29.381 	161917 	161917 	0.558475 	1007.69 	0.476401
0.115838 	29.6049 	160705 	160705 	0.554216 	1007.84 	0.476401
0.117737 	29.8371 	159484 	159484 	0.549951 	1007.94 	0.476401
0.119636 	30.0726 	158254 	158254 	0.545615 	1008.12 	0.476401
0.121535 	30.3122 	157014 	157014 	0.5413 	1008.19 	0.476401
0.123434 	30.5629 	155764 	155764 	0.536884 	1008.39 	0.476401
0.125333 	30.8117 	154504 	154504 	0.532516 	1008.43 	0.476401
0.127232 	31.076 	153233 	153233 	0.528017 	1008.66 	0.476401
0.129131 	31.3369 	151951 	151951 	0.523592 	1008.68 	0.476401
0.13103 	31.6151 	150658 	150658 	0.519009 	1008.93 	0.476401
0.132929 	31.8899 	149354 	149354 	0.514515 	1008.93 	0.476401
0.134828 	32.1825 	148037 	148037 	0.509858 	1009.17 	0.476401
0.136727 	32.4739 	146709 	146709 	0.50527 	1009.19 	0.476401
0.138626 	32.7817 	145368 	145368 	0.500551 	1009.4 	0.476401
0.140525 	33.0915 	144014 	144014 	0.495821 	1009.54 	0.476401
0.142424 	33.4139 	142648 	142648 	0.491098 	1009.58 	0.476401
0.144323 	33.7431 	141268 	141268 	0.486268 	1009.74 	0.476401
0.146222 	34.083 	139874 	139874 	0.48143 	1009.83 	0.476401
0.148121 	34.4356 	138466 	138466 	0.47652 	1009.97 	0.476401
0.15002 	34.7952 	137044 	137044 	0.471574 	1010.07 	0.476401
0.151919 	35.1683 	135606 	135606 	0.466577 	1010.18 	0.476401
0.153818 	35.555 	134153 	134153 	0.461518 	1010.31 	0.476401
0.155717 	35.9504 	132684 	132684 	0.456427 	1010.4 	0.476401
0.157616 	36.3628 	131198 	131198 	0.451249 	1010.54 	0.476401
0.159515 	36.7887 	129694 	129694 	0.446054 	1010.6 	0.476401
0.161414 	37.2274 	128173 	128173 	0.440752 	1010.76 	0.476401
0.163313 	37.6849 	126634 	126634 	0.435444 	1010.8 	0.476401
0.165212 	38.1585 	125075 	125075 	0.43001 	1010.98 	0.476401
0.167111 	38.6476 	123497 	123497 	0.424579 	1010.99 	0.476401
0.16901 	39.1614 	121898 	121898 	0.419005 	1011.18 	0.476401
0.170909 	39.6907 	120276 	120276 	0.413425 	1011.19 	0.476401
0.172808 	40.2468 	118632 	118632 	0.407717 	1011.33 	0.476401
0.174707 	40.8252 	116965 	116965 	0.401927 	1011.49 	0.476401
0.176606 	41.428 	115273 	115273 	0.396142 	1011.42 	0.476401
0.178505 	42.057 	113555 	113555 	0.390119 	1011.74 	0.476401
0.180404 	42.7206 	111812 	111812 	0.384209 	1011.52 	0.476401
0.182303 	43.3981 	110040 	110040 	0.378023 	1011.79 	0.476401
0.184202 	44.1413 	108239 	108239 	0.371865 	1011.71 	0.476401
0.186101 	44.8493 	106408 	106408 	0.365522 	1011.87 	0.476401
0.188 	45.5079 	104549 	104549 	0.359124 	1011.9 	0.476401
