0 	2.1037 	15936.6 	15936.6 	0.0553936 	999.998 	0.476401
0.0099798 	2.10871 	15888 	15888 	0.0552246 	999.998 	0.476401
0.0199596 	2.11521 	15839.2 	15839.2 	0.055055 	999.998 	0.476401
0.0299394 	2.12176 	15790.3 	15790.3 	0.054885 	999.998 	0.476401
0.0399192 	2.12837 	15741.2 	15741.2 	0.0547144 	999.998 	0.476401
0.049899 	2.13504 	15691.9 	15691.9 	0.0545432 	999.998 	0.476401
0.0598788 	2.14178 	15642.6 	15642.6 	0.0543716 	999.998 	0.476401
0.0698586 	2.14858 	15593 	15593 	0.0541993 	999.998 	0.476401
0.0798384 	2.15544 	15543.3 	15543.3 	0.0540266 	999.998 	0.476401
0.0898182 	2.16238 	15493.4 	15493.4 	0.0538533 	999.998 	0.476401
0.099798 	2.16938 	15443.4 	15443.4 	0.0536794 	999.998 	0.476401
0.109778 	2.17644 	15393.2 	15393.2 	0.053505 	999.998 	0.476401
0.119758 	2.18358 	15342.9 	15342.9 	0.0533299 	999.998 	0.476401
0.129737 	2.19079 	15292.4 	15292.4 	0.0531544 	999.998 	0.476401
0.139717 	2.19807 	15241.7 	15241.7 	0.0529782 	999.998 	0.476401
0.149697 	2.20542 	15190.8 	15190.8 	0.0528014 	999.998 	0.476401
0.159677 	2.21285 	15139.8 	15139.8 	0.0526241 	999.998 	0.476401
0.169657 	2.22035 	15088.6 	15088.6 	0.0524461 	999.998 	0.476401
0.179636 	2.22793 	15037.2 	15037.2 	0.0522676 	999.998 	0.476401
0.189616 	2.23559 	14985.7 	14985.7 	0.0520884 	999.998 	0.476401
0.199596 	2.24333 	14934 	14934 	0.0519086 	999.998 	0.476401
0.209576 	2.25115 	14882.1 	14882.1 	0.0517282 	999.998 	0.476401
0.219556 	2.25905 	14830 	14830 	0.0515472 	999.998 	0.476401
0.229535 	2.26704 	14777.7 	14777.7 	0.0513655 	999.998 	0.476401
0.239515 	2.27511 	14725.3 	14725.3 	0.0511832 	999.998 	0.476401
0.249495 	2.28326 	14672.6 	14672.6 	0.0510002 	999.998 	0.476401
0.259475 	2.29151 	14619.8 	14619.8 	0.0508166 	999.998 	0.476401
0.269455 	2.29985 	14566.8 	14566.8 	0.0506323 	999.998 	0.476401
0.279434 	2.30828 	14513.6 	14513.6 	0.0504474 	999.998 	0.476401
0.289414 	2.3168 	14460.2 	14460.2 	0.0502617 	999.998 	0.476401
0.299394 	2.32542 	14406.5 	14406.5 	0.0500754 	999.998 	0.476401
0.309374 	2.33413 	14352.7 	14352.7 	0.0498883 	999.998 	0.476401
0.319354 	2.34294 	14298.7 	14298.7 	0.0497006 	999.998 	0.476401
0.329333 	2.35185 	14244.5 	14244.5 	0.0495122 	999.998 	0.476401
0.339313 	2.36087 	14190.1 	14190.1 	0.049323 	999.998 	0.476401
0.349293 	2.36999 	14135.5 	14135.5 	0.0491331 	999.998 	0.476401
0.359273 	2.37922 	14080.6 	14080.6 	0.0489425 	999.998 	0.476401
0.369253 	2.38855 	14025.6 	14025.6 	0.0487511 	999.998 	0.476401
0.379232 	2.398 	13970.3 	13970.3 	0.048559 	999.998 	0.476401
0.389212 	2.40755 	13914.8 	13914.8 	0.0483661 	999.998 	0.476401
0.399192 	2.41723 	13859.1 	13859.1 	0.0481724 	999.998 	0.476401
0.409172 	2.42703 	13803.1 	13803.1 	0.047978 	999.998 	0.476401
0.419152 	2.43694 	13747 	13747 	0.0477827 	999.998 	0.476401
0.429131 	2.44697 	13690.6 	13690.6 	0.0475867 	999.998 	0.476401
0.439111 	2.45713 	13633.9 	13633.9 	0.0473898 	999.998 	0.476401
0.449091 	2.46742 	13577.1 	13577.1 	0.0471922 	999.998 	0.476401
0.459071 	2.47784 	13520 	13520 	0.0469937 	999.998 	0.476401
0.469051 	2.48839 	13462.6 	13462.6 	0.0467943 	999.998 	0.476401
0.47903 	2.49908 	13405 	13405 	0.0465941 	999.998 	0.476401
0.48901 	2.5099 	13347.2 	13347.2 	0.0463931 	999.998 	0.476401
0.49899 	2.52087 	13289.1 	13289.1 	0.0461911 	999.998 	0.476401
0.50897 	2.53198 	13230.7 	13230.7 	0.0459883 	999.998 	0.476401
0.518949 	2.54324 	13172.1 	13172.1 	0.0457846 	999.998 	0.476401
0.528929 	2.55466 	13113.2 	13113.2 	0.04558 	999.998 	0.476401
0.538909 	2.56623 	13054.1 	13054.1 	0.0453744 	999.998 	0.476401
0.548889 	2.57795 	12994.7 	12994.7 	0.0451679 	999.998 	0.476401
0.558869 	2.58983 	12935 	12935 	0.0449605 	999.999 	0.476401
0.568848 	2.60189 	12875.1 	12875.1 	0.0447521 	999.999 	0.476401
0.578828 	2.61411 	12814.8 	12814.8 	0.0445427 	999.999 	0.476401
0.588808 	2.62651 	12754.3 	12754.3 	0.0443324 	999.999 	0.476401
0.598788 	2.63909 	12693.5 	12693.5 	0.044121 	999.999 	0.476401
0.608768 	2.65185 	12632.4 	12632.4 	0.0439086 	999.999 	0.476401
0.618747 	2.66479 	12571 	12571 	0.0436952 	999.999 	0.476401
0.628727 	2.67793 	12509.3 	12509.3 	0.0434807 	999.999 	0.476401
0.638707 	2.69126 	12447.3 	12447.3 	0.0432652 	999.999 	0.476401
0.648687 	2.70479 	12385 	12385 	0.0430486 	999.999 	0.476401
0.658667 	2.71854 	12322.4 	12322.4 	0.0428309 	999.999 	0.476401
0.668646 	2.73249 	12259.4 	12259.4 	0.0426121 	1000 	0.476401
0.678626 	2.74666 	12196.1 	12196.1 	0.0423922 	1000 	0.476401
0.688606 	2.76104 	12132.5 	12132.5 	0.0421711 	1000 	0.476401
0.698586 	2.77566 	12068.6 	12068.6 	0.0419489 	1000 	0.476401
0.708566 	2.79052 	12004.3 	12004.3 	0.0417254 	1000 	0.476401
0.718545 	2.80561 	11939.7 	11939.7 	0.0415008 	1000 	0.476401
0.728525 	2.82096 	11874.7 	11874.7 	0.0412749 	1000 	0.476401
0.738505 	2.83655 	11809.4 	11809.4 	0.0410479 	1000 	0.476401
0.748485 	2.85241 	11743.7 	11743.7 	0.0408195 	1000 	0.476401
0.758465 	2.86853 	11677.6 	11677.6 	0.0405899 	1000 	0.476401
0.768444 	2.88494 	11611.2 	11611.2 	0.0403589 	1000 	0.476401
0.778424 	2.90163 	11544.4 	11544.4 	0.0401266 	1000 	0.476401
0.788404 	2.91861 	11477.2 	11477.2 	0.039893 	1000 	0.476401
0.798384 	2.9359 	11409.5 	11409.5 	0.039658 	1000 	0.476401
0.808364 	2.95349 	11341.5 	11341.5 	0.0394216 	1000 	0.476401
0.818343 	2.9714 	11273.1 	11273.1 	0.0391838 	1000 	0.476401
0.828323 	2.98964 	11204.3 	11204.3 	0.0389445 	1000 	0.476401
0.838303 	3.00822 	11135 	11135 	0.0387037 	1000 	0.476401
0.848283 	3.02716 	11065.3 	11065.3 	0.0384615 	1000 	0.476401
0.858263 	3.04646 	10995.2 	10995.2 	0.0382177 	1000 	0.476401
0.868242 	3.06613 	10924.6 	10924.6 	0.0379723 	1000 	0.476401
0.878222 	3.08618 	10853.5 	10853.5 	0.0377254 	1000 	0.476401
0.888202 	3.10663 	10782 	10782 	0.0374768 	1000 	0.476401
0.898182 	3.1275 	10710 	10710 	0.0372265 	1000 	0.476401
0.908162 	3.14879 	10637.6 	10637.6 	0.0369746 	1000 	0.476401
0.918141 	3.17053 	10564.6 	10564.6 	0.036721 	1000 	0.476401
0.928121 	3.19272 	10491.1 	10491.1 	0.0364655 	1000 	0.476401
0.938101 	3.21538 	10417.1 	10417.1 	0.0362083 	1000 	0.476401
0.948081 	3.23853 	10342.6 	10342.6 	0.0359493 	1000 	0.476401
0.958061 	3.26219 	10267.5 	10267.5 	0.0356883 	1000.01 	0.476401
0.96804 	3.28637 	10191.9 	10191.9 	0.0354255 	1000.01 	0.476401
0.97802 	3.31111 	10115.7 	10115.7 	0.0351606 	1000.01 	0.476401
0.988 	3.33651 	10038.9 	10038.9 	0.0348938 	1000.01 	0.476401
