0 	0.20998 	15594.6 	15594.6 	0.0542049 	1000 	0.476401
0.100889 	0.210621 	15548.2 	15548.2 	0.0540435 	1000 	0.476401
0.201778 	0.211268 	15501.6 	15501.6 	0.0538816 	1000 	0.476401
0.302667 	0.211922 	15454.9 	15454.9 	0.0537193 	1000 	0.476401
0.403556 	0.212585 	15408.1 	15408.1 	0.0535564 	1000 	0.476401
0.504444 	0.213251 	15361.1 	15361.1 	0.0533931 	1000 	0.476401
0.605333 	0.21392 	15313.9 	15313.9 	0.0532292 	1000 	0.476401
0.706222 	0.214593 	15266.6 	15266.6 	0.0530648 	1000 	0.476401
0.807111 	0.215272 	15219.2 	15219.2 	0.0528999 	1000 	0.476401
0.908 	0.215958 	15171.6 	15171.6 	0.0527344 	1000 	0.476401
1.00889 	0.216646 	15123.8 	15123.8 	0.0525685 	1000 	0.476401
1.10978 	0.217337 	15075.9 	15075.9 	0.052402 	1000 	0.476401
1.21067 	0.218037 	15027.9 	15027.9 	0.052235 	1000 	0.476401
1.31156 	0.218742 	14979.7 	14979.7 	0.0520674 	1000 	0.476401
1.41244 	0.219451 	14931.3 	14931.3 	0.0518993 	1000 	0.476401
1.51333 	0.220169 	14882.8 	14882.8 	0.0517306 	1000 	0.476401
1.61422 	0.220892 	14834.1 	14834.1 	0.0515614 	1000 	0.476401
1.71511 	0.221618 	14785.3 	14785.3 	0.0513917 	1000 	0.476401
1.816 	0.222366 	14736.3 	14736.3 	0.0512213 	1000 	0.476401
1.91689 	0.223136 	14687.1 	14687.1 	0.0510504 	1000 	0.476401
2.01778 	0.223905 	14637.8 	14637.8 	0.0508789 	1000 	0.476401
2.11867 	0.22467 	14588.2 	14588.2 	0.0507068 	1000 	0.476401
2.21956 	0.225438 	14538.6 	14538.6 	0.0505341 	1000 	0.476401
2.32044 	0.226213 	14488.7 	14488.7 	0.0503609 	1000 	0.476401
2.42133 	0.226997 	14438.7 	14438.7 	0.050187 	1000 	0.476401
2.52222 	0.227793 	14388.5 	14388.5 	0.0500125 	1000 	0.476401
2.62311 	0.228596 	14338.1 	14338.1 	0.0498374 	1000 	0.476401
2.724 	0.229406 	14287.6 	14287.6 	0.0496617 	1000 	0.476401
2.82489 	0.230225 	14236.8 	14236.8 	0.0494854 	1000 	0.476401
2.92578 	0.231051 	14185.9 	14185.9 	0.0493084 	1000 	0.476401
3.02667 	0.231885 	14134.8 	14134.8 	0.0491308 	1000 	0.476401
3.12756 	0.232729 	14083.6 	14083.6 	0.0489526 	1000 	0.476401
3.22844 	0.233577 	14032.1 	14032.1 	0.0487737 	1000 	0.476401
3.32933 	0.234429 	13980.4 	13980.4 	0.0485941 	1000 	0.476401
3.43022 	0.235293 	13928.6 	13928.6 	0.0484139 	1000 	0.476401
3.53111 	0.236168 	13876.6 	13876.6 	0.0482331 	1000 	0.476401
3.632 	0.237051 	13824.3 	13824.3 	0.0480515 	1000 	0.476401
3.73289 	0.237945 	13771.9 	13771.9 	0.0478693 	1000 	0.476401
3.83378 	0.238848 	13719.3 	13719.3 	0.0476864 	1000 	0.476401
3.93467 	0.239756 	13666.4 	13666.4 	0.0475028 	1000 	0.476401
4.03556 	0.240672 	13613.4 	13613.4 	0.0473184 	1000 	0.476401
4.13644 	0.241599 	13560.2 	13560.2 	0.0471334 	1000 	0.476401
4.23733 	0.24254 	13506.8 	13506.8 	0.0469477 	1000 	0.476401
4.33822 	0.243494 	13453.1 	13453.1 	0.0467612 	1000 	0.476401
4.43911 	0.244456 	13399.3 	13399.3 	0.046574 	1000 	0.476401
4.54 	0.245433 	13345.2 	13345.2 	0.0463861 	1000 	0.476401
4.64089 	0.246422 	13290.9 	13290.9 	0.0461974 	1000 	0.476401
4.74178 	0.24742 	13236.4 	13236.4 	0.0460079 	1000 	0.476401
4.84267 	0.248434 	13181.7 	13181.7 	0.0458177 	1000 	0.476401
4.94356 	0.24946 	13126.7 	13126.7 	0.0456267 	1000 	0.476401
5.04444 	0.2505 	13071.5 	13071.5 	0.0454349 	1000 	0.476401
5.14533 	0.251552 	13016.1 	13016.1 	0.0452423 	1000 	0.476401
5.24622 	0.252614 	12960.5 	12960.5 	0.0450489 	1000 	0.476401
5.34711 	0.253692 	12904.6 	12904.6 	0.0448546 	1000 	0.476401
5.448 	0.254788 	12848.5 	12848.5 	0.0446596 	1000 	0.476401
5.54889 	0.255898 	12792.1 	12792.1 	0.0444636 	1000 	0.476401
5.64978 	0.257024 	12735.5 	12735.5 	0.0442669 	1000 	0.476401
5.75067 	0.258174 	12678.6 	12678.6 	0.0440692 	1000 	0.476401
5.85156 	0.259341 	12621.5 	12621.5 	0.0438707 	1000 	0.476401
5.95244 	0.26051 	12564.1 	12564.1 	0.0436712 	1000 	0.476401
6.05333 	0.261677 	12506.5 	12506.5 	0.0434709 	1000 	0.476401
6.15422 	0.262871 	12448.6 	12448.6 	0.0432697 	1000 	0.476401
6.25511 	0.264092 	12390.4 	12390.4 	0.0430675 	1000 	0.476401
6.356 	0.265325 	12332 	12332 	0.0428644 	1000 	0.476401
6.45689 	0.266579 	12273.3 	12273.3 	0.0426603 	1000 	0.476401
6.55778 	0.267859 	12214.3 	12214.3 	0.0424553 	1000 	0.476401
6.65867 	0.269159 	12155 	12155 	0.0422493 	1000 	0.476401
6.75956 	0.270476 	12095.5 	12095.5 	0.0420423 	1000 	0.476401
6.86044 	0.271816 	12035.6 	12035.6 	0.0418342 	1000 	0.476401
6.96133 	0.273177 	11975.5 	11975.5 	0.0416252 	1000 	0.476401
7.06222 	0.274556 	11915 	11915 	0.041415 	1000 	0.476401
7.16311 	0.275964 	11854.3 	11854.3 	0.0412038 	1000 	0.476401
7.264 	0.277394 	11793.2 	11793.2 	0.0409915 	1000 	0.476401
7.36489 	0.278841 	11731.8 	11731.8 	0.0407781 	1000 	0.476401
7.46578 	0.280316 	11670.1 	11670.1 	0.0405636 	1000 	0.476401
7.56667 	0.281812 	11608 	11608 	0.040348 	1000 	0.476401
7.66756 	0.283331 	11545.7 	11545.7 	0.0401312 	1000 	0.476401
7.76844 	0.284873 	11482.9 	11482.9 	0.0399132 	1000 	0.476401
7.86933 	0.286441 	11419.9 	11419.9 	0.039694 	1000 	0.476401
7.97022 	0.288038 	11356.5 	11356.5 	0.0394736 	1000 	0.476401
8.07111 	0.289664 	11292.7 	11292.7 	0.039252 	1000 	0.476401
8.172 	0.291322 	11228.6 	11228.6 	0.0390291 	1000 	0.476401
8.27289 	0.293008 	11164.1 	11164.1 	0.0388049 	1000 	0.476401
8.37378 	0.294718 	11099.2 	11099.2 	0.0385795 	1000 	0.476401
8.47467 	0.296461 	11034 	11034 	0.0383527 	1000 	0.476401
8.57556 	0.298242 	10968.3 	10968.3 	0.0381245 	1000 	0.476401
8.67644 	0.300058 	10902.3 	10902.3 	0.037895 	1000 	0.476401
8.77733 	0.301911 	10835.9 	10835.9 	0.0376641 	1000 	0.476401
8.87822 	0.303807 	10769 	10769 	0.0374317 	1000 	0.476401
8.97911 	0.305738 	10701.7 	10701.7 	0.0371978 	1000 	0.476401
9.08 	0.307706 	10634 	10634 	0.0369625 	1000 	0.476401
9.18089 	0.309719 	10565.9 	10565.9 	0.0367256 	1000 	0.476401
9.28178 	0.311777 	10497.3 	10497.3 	0.0364872 	1000 	0.476401
9.38267 	0.313883 	10428.2 	10428.2 	0.0362472 	1000 	0.476401
9.48356 	0.316042 	10358.7 	10358.7 	0.0360055 	1000 	0.476401
9.58444 	0.318249 	10288.7 	10288.7 	0.0357622 	1000 	0.476401
9.68533 	0.320509 	10218.2 	10218.2 	0.0355171 	1000 	0.476401
9.78622 	0.32283 	10147.2 	10147.2 	0.0352703 	1000 	0.476401
9.88711 	0.325207 	10075.7 	10075.7 	0.0350217 	1000 	0.476401
9.988 	0.327568 	10003.6 	10003.6 	0.0347713 	1000 	0.476401
