# Probe 0 (0.0015 0.0015 0)
# Probe 1 (0.0015 0.0015 0.002)
# Probe 2 (0.0015 0.0015 0.004)
# Probe 3 (0.0015 0.0015 0.006)
# Probe 4 (0.0015 0.0015 0.008)
# Probe 5 (0.0015 0.0015 0.01)
# Probe 6 (0.0015 0.0015 0.012)
# Probe 7 (0.0015 0.0015 0.014)
# Probe 8 (0.0015 0.0015 0.016)
# Probe 9 (0.0015 0.0015 0.018)
# Probe 10 (0.0015 0.0015 0.02)
# Time        0             1             2             3             4             5             6             7             8             9             10           
50            63683.1       63683.1       63683.1       63683.1       63683.1       63683.1       63683.1       63683.1       63683.1       63683.1       63683.1      
100           102973        102973        102973        102973        102973        102973        102973        102973        102973        102973        102973       
150           116000        116000        116000        116000        116000        116000        116000        116000        116000        116000        116000       
200           119703        119703        119703        119703        119703        119703        119703        119703        119703        119703        119703       
250           120661        120661        120661        120661        120661        120661        120661        120661        120661        120661        120661       
300           120907        120907        120907        120907        120907        120907        120907        120907        120907        120907        120907       
350           120972        120972        120972        120972        120972        120972        120972        120972        120972        120972        120972       
400           120989        120989        120989        120989        120989        120989        120989        120989        120989        120989        120989       
450           120994        120994        120994        120994        120994        120994        120994        120994        120994        120994        120994       
500           120995        120995        120995        120995        120995        120995        120995        120995        120995        120995        120995       
550           120996        120996        120996        120996        120996        120996        120996        120996        120996        120996        120996       
600           120996        120996        120996        120996        120996        120996        120996        120996        120996        120996        120996       
650           120996        120996        120996        120996        120996        120996        120996        120996        120996        120996        120996       
700           120996        120996        120996        120996        120996        120996        120996        120996        120996        120996        120996       
750           120996        120996        120996        120996        120996        120996        120996        120996        120996        120996        120996       
800           120996        120996        120996        120996        120996        120996        120996        120996        120996        120996        120996       
850           120996        120996        120996        120996        120996        120996        120996        120996        120996        120996        120996       
900           120996        120996        120996        120996        120996        120996        120996        120996        120996        120996        120996       
950           120996        120996        120996        120996        120996        120996        120996        120996        120996        120996        120996       
1000          120996        120996        120996        120996        120996        120996        120996        120996        120996        120996        120996       
1050          120996        120996        120996        120996        120996        120996        120996        120996        120996        120996        120996       
1100          120996        120996        120996        120996        120996        120996        120996        120996        120996        120996        120996       
1150          120996        120996        120996        120996        120996        120996        120996        120996        120996        120996        120996       
1200          120996        120996        120996        120996        120996        120996        120996        120996        120996        120996        120996       
1250          120996        120996        120996        120996        120996        120996        120996        120996        120996        120996        120996       
1300          120996        120996        120996        120996        120996        120996        120996        120996        120996        120996        120996       
1350          120996        120996        120996        120996        120996        120996        120996        120996        120996        120996        120996       
1400          120996        120996        120996        120996        120996        120996        120996        120996        120996        120996        120996       
1450          120996        120996        120996        120996        120996        120996        120996        120996        120996        120996        120996       
1500          120996        120996        120996        120996        120996        120996        120996        120996        120996        120996        120996       
1550          120996        120996        120996        120996        120996        120996        120996        120996        120996        120996        120996       
1600          120996        120996        120996        120996        120996        120996        120996        120996        120996        120996        120996       
1650          120996        120996        120996        120996        120996        120996        120996        120996        120996        120996        120996       
1700          120996        120996        120996        120996        120996        120996        120996        120996        120996        120996        120996       
1750          120996        120996        120996        120996        120996        120996        120996        120996        120996        120996        120996       
1800          120996        120996        120996        120996        120996        120996        120996        120996        120996        120996        120996       
1850          120996        120996        120996        120996        120996        120996        120996        120996        120996        120996        120996       
1900          120996        120996        120996        120996        120996        120996        120996        120996        120996        120996        120996       
1950          120996        120996        120996        120996        120996        120996        120996        120996        120996        120996        120996       
2000          120996        120996        120996        120996        120996        120996        120996        120996        120996        120996        120996       
2050          120996        120996        120996        120996        120996        120996        120996        120996        120996        120996        120996       
2100          120996        120996        120996        120996        120996        120996        120996        120996        120996        120996        120996       
2150          120996        120996        120996        120996        120996        120996        120996        120996        120996        120996        120996       
2200          120996        120996        120996        120996        120996        120996        120996        120996        120996        120996        120996       
2250          120996        120996        120996        120996        120996        120996        120996        120996        120996        120996        120996       
2300          120996        120996        120996        120996        120996        120996        120996        120996        120996        120996        120996       
2350          120996        120996        120996        120996        120996        120996        120996        120996        120996        120996        120996       
2400          120996        120996        120996        120996        120996        120996        120996        120996        120996        120996        120996       
2450          120996        120996        120996        120996        120996        120996        120996        120996        120996        120996        120996       
2500          120996        120996        120996        120996        120996        120996        120996        120996        120996        120996        120996       
2550          120996        120996        120996        120996        120996        120996        120996        120996        120996        120996        120996       
2600          120996        120996        120996        120996        120996        120996        120996        120996        120996        120996        120996       
2650          120996        120996        120996        120996        120996        120996        120996        120996        120996        120996        120996       
2700          120996        120996        120996        120996        120996        120996        120996        120996        120996        120996        120996       
2750          120996        120996        120996        120996        120996        120996        120996        120996        120996        120996        120996       
2800          120996        120996        120996        120996        120996        120996        120996        120996        120996        120996        120996       
2850          120996        120996        120996        120996        120996        120996        120996        120996        120996        120996        120996       
2900          120996        120996        120996        120996        120996        120996        120996        120996        120996        120996        120996       
2950          120996        120996        120996        120996        120996        120996        120996        120996        120996        120996        120996       
3000          120996        120996        120996        120996        120996        120996        120996        120996        120996        120996        120996       
3050          120996        120996        120996        120996        120996        120996        120996        120996        120996        120996        120996       
3100          120996        120996        120996        120996        120996        120996        120996        120996        120996        120996        120996       
3150          120996        120996        120996        120996        120996        120996        120996        120996        120996        120996        120996       
3200          120996        120996        120996        120996        120996        120996        120996        120996        120996        120996        120996       
3250          120996        120996        120996        120996        120996        120996        120996        120996        120996        120996        120996       
3300          120996        120996        120996        120996        120996        120996        120996        120996        120996        120996        120996       
3350          120996        120996        120996        120996        120996        120996        120996        120996        120996        120996        120996       
3400          120996        120996        120996        120996        120996        120996        120996        120996        120996        120996        120996       
3450          120996        120996        120996        120996        120996        120996        120996        120996        120996        120996        120996       
3500          120996        120996        120996        120996        120996        120996        120996        120996        120996        120996        120996       
3550          120996        120996        120996        120996        120996        120996        120996        120996        120996        120996        120996       
3600          120996        120996        120996        120996        120996        120996        120996        120996        120996        120996        120996       
3650          120996        120996        120996        120996        120996        120996        120996        120996        120996        120996        120996       
3700          120996        120996        120996        120996        120996        120996        120996        120996        120996        120996        120996       
3750          120996        120996        120996        120996        120996        120996        120996        120996        120996        120996        120996       
3800          120996        120996        120996        120996        120996        120996        120996        120996        120996        120996        120996       
3850          120996        120996        120996        120996        120996        120996        120996        120996        120996        120996        120996       
3900          120996        120996        120996        120996        120996        120996        120996        120996        120996        120996        120996       
3950          120996        120996        120996        120996        120996        120996        120996        120996        120996        120996        120996       
4000          120996        120996        120996        120996        120996        120996        120996        120996        120996        120996        120996       
4050          120996        120996        120996        120996        120996        120996        120996        120996        120996        120996        120996       
4100          120996        120996        120996        120996        120996        120996        120996        120996        120996        120996        120996       
4150          120996        120996        120996        120996        120996        120996        120996        120996        120996        120996        120996       
4200          120996        120996        120996        120996        120996        120996        120996        120996        120996        120996        120996       
4250          120996        120996        120996        120996        120996        120996        120996        120996        120996        120996        120996       
4300          120996        120996        120996        120996        120996        120996        120996        120996        120996        120996        120996       
4350          120996        120996        120996        120996        120996        120996        120996        120996        120996        120996        120996       
4400          120996        120996        120996        120996        120996        120996        120996        120996        120996        120996        120996       
4450          120996        120996        120996        120996        120996        120996        120996        120996        120996        120996        120996       
4500          120996        120996        120996        120996        120996        120996        120996        120996        120996        120996        120996       
4550          120996        120996        120996        120996        120996        120996        120996        120996        120996        120996        120996       
4600          120996        120996        120996        120996        120996        120996        120996        120996        120996        120996        120996       
4650          120996        120996        120996        120996        120996        120996        120996        120996        120996        120996        120996       
4700          120996        120996        120996        120996        120996        120996        120996        120996        120996        120996        120996       
4750          120996        120996        120996        120996        120996        120996        120996        120996        120996        120996        120996       
4800          120996        120996        120996        120996        120996        120996        120996        120996        120996        120996        120996       
4850          120996        120996        120996        120996        120996        120996        120996        120996        120996        120996        120996       
4900          120996        120996        120996        120996        120996        120996        120996        120996        120996        120996        120996       
4950          120996        120996        120996        120996        120996        120996        120996        120996        120996        120996        120996       
5000          120996        120996        120996        120996        120996        120996        120996        120996        120996        120996        120996       
