# Probe 0 (0.0015 0.0015 0)
# Probe 1 (0.0015 0.0015 0.002)
# Probe 2 (0.0015 0.0015 0.004)
# Probe 3 (0.0015 0.0015 0.006)
# Probe 4 (0.0015 0.0015 0.008)
# Probe 5 (0.0015 0.0015 0.01)
# Probe 6 (0.0015 0.0015 0.012)
# Probe 7 (0.0015 0.0015 0.014)
# Probe 8 (0.0015 0.0015 0.016)
# Probe 9 (0.0015 0.0015 0.018)
# Probe 10 (0.0015 0.0015 0.02)
# Time        0             1             2             3             4             5             6             7             8             9             10           
50            0.000666413   0.000666413   0.000666413   0.000666413   0.000666413   0.000666413   0.000666413   0.000666413   0.000666413   0.000666413   0.000666413  
100           0.000666413   0.000666413   0.000666413   0.000666413   0.000666413   0.000666413   0.000666413   0.000666413   0.000666413   0.000666413   0.000666413  
150           0.000666413   0.000666413   0.000666413   0.000666413   0.000666413   0.000666413   0.000666413   0.000666413   0.000666413   0.000666413   0.000666413  
200           0.000666413   0.000666413   0.000666413   0.000666413   0.000666413   0.000666413   0.000666413   0.000666413   0.000666413   0.000666413   0.000666413  
250           0.000666413   0.000666413   0.000666413   0.000666413   0.000666413   0.000666413   0.000666413   0.000666413   0.000666413   0.000666413   0.000666413  
300           0.000666413   0.000666413   0.000666413   0.000666413   0.000666413   0.000666413   0.000666413   0.000666413   0.000666413   0.000666413   0.000666413  
350           0.000666413   0.000666413   0.000666413   0.000666413   0.000666413   0.000666413   0.000666413   0.000666413   0.000666413   0.000666413   0.000666413  
400           0.000666413   0.000666413   0.000666413   0.000666413   0.000666413   0.000666413   0.000666413   0.000666413   0.000666413   0.000666413   0.000666413  
450           0.000666413   0.000666413   0.000666413   0.000666413   0.000666413   0.000666413   0.000666413   0.000666413   0.000666413   0.000666413   0.000666413  
500           0.000666413   0.000666413   0.000666413   0.000666413   0.000666413   0.000666413   0.000666413   0.000666413   0.000666413   0.000666413   0.000666413  
550           0.000666413   0.000666413   0.000666413   0.000666413   0.000666413   0.000666413   0.000666413   0.000666413   0.000666413   0.000666413   0.000666413  
600           0.000666413   0.000666413   0.000666413   0.000666413   0.000666413   0.000666413   0.000666413   0.000666413   0.000666413   0.000666413   0.000666413  
650           0.000666413   0.000666413   0.000666413   0.000666413   0.000666413   0.000666413   0.000666413   0.000666413   0.000666413   0.000666413   0.000666413  
700           0.000666413   0.000666413   0.000666413   0.000666413   0.000666413   0.000666413   0.000666413   0.000666413   0.000666413   0.000666413   0.000666413  
750           0.000666413   0.000666413   0.000666413   0.000666413   0.000666413   0.000666413   0.000666413   0.000666413   0.000666413   0.000666413   0.000666413  
800           0.000666413   0.000666413   0.000666413   0.000666413   0.000666413   0.000666413   0.000666413   0.000666413   0.000666413   0.000666413   0.000666413  
850           0.000666413   0.000666413   0.000666413   0.000666413   0.000666413   0.000666413   0.000666413   0.000666413   0.000666413   0.000666413   0.000666413  
900           0.000666413   0.000666413   0.000666413   0.000666413   0.000666413   0.000666413   0.000666413   0.000666413   0.000666413   0.000666413   0.000666413  
950           0.000666413   0.000666413   0.000666413   0.000666413   0.000666413   0.000666413   0.000666413   0.000666413   0.000666413   0.000666413   0.000666413  
1000          0.000666413   0.000666413   0.000666413   0.000666413   0.000666413   0.000666413   0.000666413   0.000666413   0.000666413   0.000666413   0.000666413  
1050          0.000666413   0.000666413   0.000666413   0.000666413   0.000666413   0.000666413   0.000666413   0.000666413   0.000666413   0.000666413   0.000666413  
1100          0.000666413   0.000666413   0.000666413   0.000666413   0.000666413   0.000666413   0.000666413   0.000666413   0.000666413   0.000666413   0.000666413  
1150          0.000666413   0.000666413   0.000666413   0.000666413   0.000666413   0.000666413   0.000666413   0.000666413   0.000666413   0.000666413   0.000666413  
1200          0.000666413   0.000666413   0.000666413   0.000666413   0.000666413   0.000666413   0.000666413   0.000666413   0.000666413   0.000666413   0.000666413  
1250          0.000666413   0.000666413   0.000666413   0.000666413   0.000666413   0.000666413   0.000666413   0.000666413   0.000666413   0.000666413   0.000666413  
1300          0.000666413   0.000666413   0.000666413   0.000666413   0.000666413   0.000666413   0.000666413   0.000666413   0.000666413   0.000666413   0.000666413  
1350          0.000666413   0.000666413   0.000666413   0.000666413   0.000666413   0.000666413   0.000666413   0.000666413   0.000666413   0.000666413   0.000666413  
1400          0.000666413   0.000666413   0.000666413   0.000666413   0.000666413   0.000666413   0.000666413   0.000666413   0.000666413   0.000666413   0.000666413  
1450          0.000666413   0.000666413   0.000666413   0.000666413   0.000666413   0.000666413   0.000666413   0.000666413   0.000666413   0.000666413   0.000666413  
1500          0.000666413   0.000666413   0.000666413   0.000666413   0.000666413   0.000666413   0.000666413   0.000666413   0.000666413   0.000666413   0.000666413  
1550          0.000666413   0.000666413   0.000666413   0.000666413   0.000666413   0.000666413   0.000666413   0.000666413   0.000666413   0.000666413   0.000666413  
1600          0.000666413   0.000666413   0.000666413   0.000666413   0.000666413   0.000666413   0.000666413   0.000666413   0.000666413   0.000666413   0.000666413  
1650          0.000666413   0.000666413   0.000666413   0.000666413   0.000666413   0.000666413   0.000666413   0.000666413   0.000666413   0.000666413   0.000666413  
1700          0.000666413   0.000666413   0.000666413   0.000666413   0.000666413   0.000666413   0.000666413   0.000666413   0.000666413   0.000666413   0.000666413  
1750          0.000666413   0.000666413   0.000666413   0.000666413   0.000666413   0.000666413   0.000666413   0.000666413   0.000666413   0.000666413   0.000666413  
1800          0.000666413   0.000666413   0.000666413   0.000666413   0.000666413   0.000666413   0.000666413   0.000666413   0.000666413   0.000666413   0.000666413  
1850          0.000666413   0.000666413   0.000666413   0.000666413   0.000666413   0.000666413   0.000666413   0.000666413   0.000666413   0.000666413   0.000666413  
1900          0.000666413   0.000666413   0.000666413   0.000666413   0.000666413   0.000666413   0.000666413   0.000666413   0.000666413   0.000666413   0.000666413  
1950          0.000666413   0.000666413   0.000666413   0.000666413   0.000666413   0.000666413   0.000666413   0.000666413   0.000666413   0.000666413   0.000666413  
2000          0.000666413   0.000666413   0.000666413   0.000666413   0.000666413   0.000666413   0.000666413   0.000666413   0.000666413   0.000666413   0.000666413  
2050          0.000666413   0.000666413   0.000666413   0.000666413   0.000666413   0.000666413   0.000666413   0.000666413   0.000666413   0.000666413   0.000666413  
2100          0.000666413   0.000666413   0.000666413   0.000666413   0.000666413   0.000666413   0.000666413   0.000666413   0.000666413   0.000666413   0.000666413  
2150          0.000666413   0.000666413   0.000666413   0.000666413   0.000666413   0.000666413   0.000666413   0.000666413   0.000666413   0.000666413   0.000666413  
2200          0.000666413   0.000666413   0.000666413   0.000666413   0.000666413   0.000666413   0.000666413   0.000666413   0.000666413   0.000666413   0.000666413  
2250          0.000666413   0.000666413   0.000666413   0.000666413   0.000666413   0.000666413   0.000666413   0.000666413   0.000666413   0.000666413   0.000666413  
2300          0.000666413   0.000666413   0.000666413   0.000666413   0.000666413   0.000666413   0.000666413   0.000666413   0.000666413   0.000666413   0.000666413  
2350          0.000666413   0.000666413   0.000666413   0.000666413   0.000666413   0.000666413   0.000666413   0.000666413   0.000666413   0.000666413   0.000666413  
2400          0.000666413   0.000666413   0.000666413   0.000666413   0.000666413   0.000666413   0.000666413   0.000666413   0.000666413   0.000666413   0.000666413  
2450          0.000666413   0.000666413   0.000666413   0.000666413   0.000666413   0.000666413   0.000666413   0.000666413   0.000666413   0.000666413   0.000666413  
2500          0.000666413   0.000666413   0.000666413   0.000666413   0.000666413   0.000666413   0.000666413   0.000666413   0.000666413   0.000666413   0.000666413  
2550          0.000666413   0.000666413   0.000666413   0.000666413   0.000666413   0.000666413   0.000666413   0.000666413   0.000666413   0.000666413   0.000666413  
2600          0.000666413   0.000666413   0.000666413   0.000666413   0.000666413   0.000666413   0.000666413   0.000666413   0.000666413   0.000666413   0.000666413  
2650          0.000666413   0.000666413   0.000666413   0.000666413   0.000666413   0.000666413   0.000666413   0.000666413   0.000666413   0.000666413   0.000666413  
2700          0.000666413   0.000666413   0.000666413   0.000666413   0.000666413   0.000666413   0.000666413   0.000666413   0.000666413   0.000666413   0.000666413  
2750          0.000666413   0.000666413   0.000666413   0.000666413   0.000666413   0.000666413   0.000666413   0.000666413   0.000666413   0.000666413   0.000666413  
2800          0.000666413   0.000666413   0.000666413   0.000666413   0.000666413   0.000666413   0.000666413   0.000666413   0.000666413   0.000666413   0.000666413  
2850          0.000666413   0.000666413   0.000666413   0.000666413   0.000666413   0.000666413   0.000666413   0.000666413   0.000666413   0.000666413   0.000666413  
2900          0.000666413   0.000666413   0.000666413   0.000666413   0.000666413   0.000666413   0.000666413   0.000666413   0.000666413   0.000666413   0.000666413  
2950          0.000666413   0.000666413   0.000666413   0.000666413   0.000666413   0.000666413   0.000666413   0.000666413   0.000666413   0.000666413   0.000666413  
3000          0.000666413   0.000666413   0.000666413   0.000666413   0.000666413   0.000666413   0.000666413   0.000666413   0.000666413   0.000666413   0.000666413  
3050          0.000666413   0.000666413   0.000666413   0.000666413   0.000666413   0.000666413   0.000666413   0.000666413   0.000666413   0.000666413   0.000666413  
3100          0.000666413   0.000666413   0.000666413   0.000666413   0.000666413   0.000666413   0.000666413   0.000666413   0.000666413   0.000666413   0.000666413  
3150          0.000666413   0.000666413   0.000666413   0.000666413   0.000666413   0.000666413   0.000666413   0.000666413   0.000666413   0.000666413   0.000666413  
3200          0.000666413   0.000666413   0.000666413   0.000666413   0.000666413   0.000666413   0.000666413   0.000666413   0.000666413   0.000666413   0.000666413  
3250          0.000666413   0.000666413   0.000666413   0.000666413   0.000666413   0.000666413   0.000666413   0.000666413   0.000666413   0.000666413   0.000666413  
3300          0.000666413   0.000666413   0.000666413   0.000666413   0.000666413   0.000666413   0.000666413   0.000666413   0.000666413   0.000666413   0.000666413  
3350          0.000666413   0.000666413   0.000666413   0.000666413   0.000666413   0.000666413   0.000666413   0.000666413   0.000666413   0.000666413   0.000666413  
3400          0.000666413   0.000666413   0.000666413   0.000666413   0.000666413   0.000666413   0.000666413   0.000666413   0.000666413   0.000666413   0.000666413  
3450          0.000666413   0.000666413   0.000666413   0.000666413   0.000666413   0.000666413   0.000666413   0.000666413   0.000666413   0.000666413   0.000666413  
3500          0.000666413   0.000666413   0.000666413   0.000666413   0.000666413   0.000666413   0.000666413   0.000666413   0.000666413   0.000666413   0.000666413  
3550          0.000666413   0.000666413   0.000666413   0.000666413   0.000666413   0.000666413   0.000666413   0.000666413   0.000666413   0.000666413   0.000666413  
3600          0.000666413   0.000666413   0.000666413   0.000666413   0.000666413   0.000666413   0.000666413   0.000666413   0.000666413   0.000666413   0.000666413  
3650          0.000666413   0.000666413   0.000666413   0.000666413   0.000666413   0.000666413   0.000666413   0.000666413   0.000666413   0.000666413   0.000666413  
3700          0.000666413   0.000666413   0.000666413   0.000666413   0.000666413   0.000666413   0.000666413   0.000666413   0.000666413   0.000666413   0.000666413  
3750          0.000666413   0.000666413   0.000666413   0.000666413   0.000666413   0.000666413   0.000666413   0.000666413   0.000666413   0.000666413   0.000666413  
3800          0.000666413   0.000666413   0.000666413   0.000666413   0.000666413   0.000666413   0.000666413   0.000666413   0.000666413   0.000666413   0.000666413  
3850          0.000666413   0.000666413   0.000666413   0.000666413   0.000666413   0.000666413   0.000666413   0.000666413   0.000666413   0.000666413   0.000666413  
3900          0.000666413   0.000666413   0.000666413   0.000666413   0.000666413   0.000666413   0.000666413   0.000666413   0.000666413   0.000666413   0.000666413  
3950          0.000666413   0.000666413   0.000666413   0.000666413   0.000666413   0.000666413   0.000666413   0.000666413   0.000666413   0.000666413   0.000666413  
4000          0.000666413   0.000666413   0.000666413   0.000666413   0.000666413   0.000666413   0.000666413   0.000666413   0.000666413   0.000666413   0.000666413  
4050          0.000666413   0.000666413   0.000666413   0.000666413   0.000666413   0.000666413   0.000666413   0.000666413   0.000666413   0.000666413   0.000666413  
4100          0.000666413   0.000666413   0.000666413   0.000666413   0.000666413   0.000666413   0.000666413   0.000666413   0.000666413   0.000666413   0.000666413  
4150          0.000666413   0.000666413   0.000666413   0.000666413   0.000666413   0.000666413   0.000666413   0.000666413   0.000666413   0.000666413   0.000666413  
4200          0.000666413   0.000666413   0.000666413   0.000666413   0.000666413   0.000666413   0.000666413   0.000666413   0.000666413   0.000666413   0.000666413  
4250          0.000666413   0.000666413   0.000666413   0.000666413   0.000666413   0.000666413   0.000666413   0.000666413   0.000666413   0.000666413   0.000666413  
4300          0.000666413   0.000666413   0.000666413   0.000666413   0.000666413   0.000666413   0.000666413   0.000666413   0.000666413   0.000666413   0.000666413  
4350          0.000666413   0.000666413   0.000666413   0.000666413   0.000666413   0.000666413   0.000666413   0.000666413   0.000666413   0.000666413   0.000666413  
4400          0.000666413   0.000666413   0.000666413   0.000666413   0.000666413   0.000666413   0.000666413   0.000666413   0.000666413   0.000666413   0.000666413  
4450          0.000666413   0.000666413   0.000666413   0.000666413   0.000666413   0.000666413   0.000666413   0.000666413   0.000666413   0.000666413   0.000666413  
4500          0.000666413   0.000666413   0.000666413   0.000666413   0.000666413   0.000666413   0.000666413   0.000666413   0.000666413   0.000666413   0.000666413  
4550          0.000666413   0.000666413   0.000666413   0.000666413   0.000666413   0.000666413   0.000666413   0.000666413   0.000666413   0.000666413   0.000666413  
4600          0.000666413   0.000666413   0.000666413   0.000666413   0.000666413   0.000666413   0.000666413   0.000666413   0.000666413   0.000666413   0.000666413  
4650          0.000666413   0.000666413   0.000666413   0.000666413   0.000666413   0.000666413   0.000666413   0.000666413   0.000666413   0.000666413   0.000666413  
4700          0.000666413   0.000666413   0.000666413   0.000666413   0.000666413   0.000666413   0.000666413   0.000666413   0.000666413   0.000666413   0.000666413  
4750          0.000666413   0.000666413   0.000666413   0.000666413   0.000666413   0.000666413   0.000666413   0.000666413   0.000666413   0.000666413   0.000666413  
4800          0.000666413   0.000666413   0.000666413   0.000666413   0.000666413   0.000666413   0.000666413   0.000666413   0.000666413   0.000666413   0.000666413  
4850          0.000666413   0.000666413   0.000666413   0.000666413   0.000666413   0.000666413   0.000666413   0.000666413   0.000666413   0.000666413   0.000666413  
4900          0.000666413   0.000666413   0.000666413   0.000666413   0.000666413   0.000666413   0.000666413   0.000666413   0.000666413   0.000666413   0.000666413  
4950          0.000666413   0.000666413   0.000666413   0.000666413   0.000666413   0.000666413   0.000666413   0.000666413   0.000666413   0.000666413   0.000666413  
5000          0.000666413   0.000666413   0.000666413   0.000666413   0.000666413   0.000666413   0.000666413   0.000666413   0.000666413   0.000666413   0.000666413  
