# Probe 0 (0.0015 0.0015 0)
# Probe 1 (0.0015 0.0015 0.002)
# Probe 2 (0.0015 0.0015 0.004)
# Probe 3 (0.0015 0.0015 0.006)
# Probe 4 (0.0015 0.0015 0.008)
# Probe 5 (0.0015 0.0015 0.01)
# Probe 6 (0.0015 0.0015 0.012)
# Probe 7 (0.0015 0.0015 0.014)
# Probe 8 (0.0015 0.0015 0.016)
# Probe 9 (0.0015 0.0015 0.018)
# Probe 10 (0.0015 0.0015 0.02)
# Time        0             1             2             3             4             5             6             7             8             9             10           
50            (-294.771 49.3889 6252.03) (-294.771 49.3889 6252.03) (-294.771 49.3889 6252.03) (-294.771 49.3889 6252.03) (-294.771 49.3889 6252.03) (-294.771 49.3889 6252.03) (-294.771 49.3889 6252.03) (-294.771 49.3889 6252.03) (-294.771 49.3889 6252.03) (-294.771 49.3889 6252.03) (-294.771 49.3889 6252.03)
100           (-524.491 127.024 6252.03) (-524.491 127.024 6252.03) (-524.491 127.024 6252.03) (-524.491 127.024 6252.03) (-524.491 127.024 6252.03) (-524.491 127.024 6252.03) (-524.491 127.024 6252.03) (-524.491 127.024 6252.03) (-524.491 127.024 6252.03) (-524.491 127.024 6252.03) (-524.491 127.024 6252.03)
150           (-602.812 131.028 6252.03) (-602.812 131.028 6252.03) (-602.812 131.028 6252.03) (-602.812 131.028 6252.03) (-602.812 131.028 6252.03) (-602.812 131.028 6252.03) (-602.812 131.028 6252.03) (-602.812 131.028 6252.03) (-602.812 131.028 6252.03) (-602.812 131.028 6252.03) (-602.812 131.028 6252.03)
200           (-623.022 135.361 6252.03) (-623.022 135.361 6252.03) (-623.022 135.361 6252.03) (-623.022 135.361 6252.03) (-623.022 135.361 6252.03) (-623.022 135.361 6252.03) (-623.022 135.361 6252.03) (-623.022 135.361 6252.03) (-623.022 135.361 6252.03) (-623.022 135.361 6252.03) (-623.022 135.361 6252.03)
250           (-627.339 137.85 6252.03) (-627.339 137.85 6252.03) (-627.339 137.85 6252.03) (-627.339 137.85 6252.03) (-627.339 137.85 6252.03) (-627.339 137.85 6252.03) (-627.339 137.85 6252.03) (-627.339 137.85 6252.03) (-627.339 137.85 6252.03) (-627.339 137.85 6252.03) (-627.339 137.85 6252.03)
300           (-628.23 138.702 6252.03) (-628.23 138.702 6252.03) (-628.23 138.702 6252.03) (-628.23 138.702 6252.03) (-628.23 138.702 6252.03) (-628.23 138.702 6252.03) (-628.23 138.702 6252.03) (-628.23 138.702 6252.03) (-628.23 138.702 6252.03) (-628.23 138.702 6252.03) (-628.23 138.702 6252.03)
350           (-628.406 138.959 6252.03) (-628.406 138.959 6252.03) (-628.406 138.959 6252.03) (-628.406 138.959 6252.03) (-628.406 138.959 6252.03) (-628.406 138.959 6252.03) (-628.406 138.959 6252.03) (-628.406 138.959 6252.03) (-628.406 138.959 6252.03) (-628.406 138.959 6252.03) (-628.406 138.959 6252.03)
400           (-628.438 139.034 6252.03) (-628.438 139.034 6252.03) (-628.438 139.034 6252.03) (-628.438 139.034 6252.03) (-628.438 139.034 6252.03) (-628.438 139.034 6252.03) (-628.438 139.034 6252.03) (-628.438 139.034 6252.03) (-628.438 139.034 6252.03) (-628.438 139.034 6252.03) (-628.438 139.034 6252.03)
450           (-628.444 139.06 6252.03) (-628.444 139.06 6252.03) (-628.444 139.06 6252.03) (-628.444 139.06 6252.03) (-628.444 139.06 6252.03) (-628.444 139.06 6252.03) (-628.444 139.06 6252.03) (-628.444 139.06 6252.03) (-628.444 139.06 6252.03) (-628.444 139.06 6252.03) (-628.444 139.06 6252.03)
500           (-628.445 139.067 6252.03) (-628.445 139.067 6252.03) (-628.445 139.067 6252.03) (-628.445 139.067 6252.03) (-628.445 139.067 6252.03) (-628.445 139.067 6252.03) (-628.445 139.067 6252.03) (-628.445 139.067 6252.03) (-628.445 139.067 6252.03) (-628.445 139.067 6252.03) (-628.445 139.067 6252.03)
550           (-628.444 139.072 6252.03) (-628.444 139.072 6252.03) (-628.444 139.072 6252.03) (-628.444 139.072 6252.03) (-628.444 139.072 6252.03) (-628.444 139.072 6252.03) (-628.444 139.072 6252.03) (-628.444 139.072 6252.03) (-628.444 139.072 6252.03) (-628.444 139.072 6252.03) (-628.444 139.072 6252.03)
600           (-628.446 139.071 6252.03) (-628.446 139.071 6252.03) (-628.446 139.071 6252.03) (-628.446 139.071 6252.03) (-628.446 139.071 6252.03) (-628.446 139.071 6252.03) (-628.446 139.071 6252.03) (-628.446 139.071 6252.03) (-628.446 139.071 6252.03) (-628.446 139.071 6252.03) (-628.446 139.071 6252.03)
650           (-628.446 139.071 6252.03) (-628.446 139.071 6252.03) (-628.446 139.071 6252.03) (-628.446 139.071 6252.03) (-628.446 139.071 6252.03) (-628.446 139.071 6252.03) (-628.446 139.071 6252.03) (-628.446 139.071 6252.03) (-628.446 139.071 6252.03) (-628.446 139.071 6252.03) (-628.446 139.071 6252.03)
700           (-628.446 139.071 6252.03) (-628.446 139.071 6252.03) (-628.446 139.071 6252.03) (-628.446 139.071 6252.03) (-628.446 139.071 6252.03) (-628.446 139.071 6252.03) (-628.446 139.071 6252.03) (-628.446 139.071 6252.03) (-628.446 139.071 6252.03) (-628.446 139.071 6252.03) (-628.446 139.071 6252.03)
750           (-628.446 139.071 6252.03) (-628.446 139.071 6252.03) (-628.446 139.071 6252.03) (-628.446 139.071 6252.03) (-628.446 139.071 6252.03) (-628.446 139.071 6252.03) (-628.446 139.071 6252.03) (-628.446 139.071 6252.03) (-628.446 139.071 6252.03) (-628.446 139.071 6252.03) (-628.446 139.071 6252.03)
800           (-628.446 139.071 6252.03) (-628.446 139.071 6252.03) (-628.446 139.071 6252.03) (-628.446 139.071 6252.03) (-628.446 139.071 6252.03) (-628.446 139.071 6252.03) (-628.446 139.071 6252.03) (-628.446 139.071 6252.03) (-628.446 139.071 6252.03) (-628.446 139.071 6252.03) (-628.446 139.071 6252.03)
850           (-628.446 139.071 6252.03) (-628.446 139.071 6252.03) (-628.446 139.071 6252.03) (-628.446 139.071 6252.03) (-628.446 139.071 6252.03) (-628.446 139.071 6252.03) (-628.446 139.071 6252.03) (-628.446 139.071 6252.03) (-628.446 139.071 6252.03) (-628.446 139.071 6252.03) (-628.446 139.071 6252.03)
900           (-628.446 139.071 6252.03) (-628.446 139.071 6252.03) (-628.446 139.071 6252.03) (-628.446 139.071 6252.03) (-628.446 139.071 6252.03) (-628.446 139.071 6252.03) (-628.446 139.071 6252.03) (-628.446 139.071 6252.03) (-628.446 139.071 6252.03) (-628.446 139.071 6252.03) (-628.446 139.071 6252.03)
950           (-628.446 139.071 6252.03) (-628.446 139.071 6252.03) (-628.446 139.071 6252.03) (-628.446 139.071 6252.03) (-628.446 139.071 6252.03) (-628.446 139.071 6252.03) (-628.446 139.071 6252.03) (-628.446 139.071 6252.03) (-628.446 139.071 6252.03) (-628.446 139.071 6252.03) (-628.446 139.071 6252.03)
1000          (-628.446 139.071 6252.03) (-628.446 139.071 6252.03) (-628.446 139.071 6252.03) (-628.446 139.071 6252.03) (-628.446 139.071 6252.03) (-628.446 139.071 6252.03) (-628.446 139.071 6252.03) (-628.446 139.071 6252.03) (-628.446 139.071 6252.03) (-628.446 139.071 6252.03) (-628.446 139.071 6252.03)
1050          (-628.446 139.071 6252.03) (-628.446 139.071 6252.03) (-628.446 139.071 6252.03) (-628.446 139.071 6252.03) (-628.446 139.071 6252.03) (-628.446 139.071 6252.03) (-628.446 139.071 6252.03) (-628.446 139.071 6252.03) (-628.446 139.071 6252.03) (-628.446 139.071 6252.03) (-628.446 139.071 6252.03)
1100          (-628.446 139.071 6252.03) (-628.446 139.071 6252.03) (-628.446 139.071 6252.03) (-628.446 139.071 6252.03) (-628.446 139.071 6252.03) (-628.446 139.071 6252.03) (-628.446 139.071 6252.03) (-628.446 139.071 6252.03) (-628.446 139.071 6252.03) (-628.446 139.071 6252.03) (-628.446 139.071 6252.03)
1150          (-628.446 139.071 6252.03) (-628.446 139.071 6252.03) (-628.446 139.071 6252.03) (-628.446 139.071 6252.03) (-628.446 139.071 6252.03) (-628.446 139.071 6252.03) (-628.446 139.071 6252.03) (-628.446 139.071 6252.03) (-628.446 139.071 6252.03) (-628.446 139.071 6252.03) (-628.446 139.071 6252.03)
1200          (-628.446 139.071 6252.03) (-628.446 139.071 6252.03) (-628.446 139.071 6252.03) (-628.446 139.071 6252.03) (-628.446 139.071 6252.03) (-628.446 139.071 6252.03) (-628.446 139.071 6252.03) (-628.446 139.071 6252.03) (-628.446 139.071 6252.03) (-628.446 139.071 6252.03) (-628.446 139.071 6252.03)
1250          (-628.446 139.071 6252.03) (-628.446 139.071 6252.03) (-628.446 139.071 6252.03) (-628.446 139.071 6252.03) (-628.446 139.071 6252.03) (-628.446 139.071 6252.03) (-628.446 139.071 6252.03) (-628.446 139.071 6252.03) (-628.446 139.071 6252.03) (-628.446 139.071 6252.03) (-628.446 139.071 6252.03)
1300          (-628.446 139.071 6252.03) (-628.446 139.071 6252.03) (-628.446 139.071 6252.03) (-628.446 139.071 6252.03) (-628.446 139.071 6252.03) (-628.446 139.071 6252.03) (-628.446 139.071 6252.03) (-628.446 139.071 6252.03) (-628.446 139.071 6252.03) (-628.446 139.071 6252.03) (-628.446 139.071 6252.03)
1350          (-628.446 139.071 6252.03) (-628.446 139.071 6252.03) (-628.446 139.071 6252.03) (-628.446 139.071 6252.03) (-628.446 139.071 6252.03) (-628.446 139.071 6252.03) (-628.446 139.071 6252.03) (-628.446 139.071 6252.03) (-628.446 139.071 6252.03) (-628.446 139.071 6252.03) (-628.446 139.071 6252.03)
1400          (-628.446 139.071 6252.03) (-628.446 139.071 6252.03) (-628.446 139.071 6252.03) (-628.446 139.071 6252.03) (-628.446 139.071 6252.03) (-628.446 139.071 6252.03) (-628.446 139.071 6252.03) (-628.446 139.071 6252.03) (-628.446 139.071 6252.03) (-628.446 139.071 6252.03) (-628.446 139.071 6252.03)
1450          (-628.446 139.071 6252.03) (-628.446 139.071 6252.03) (-628.446 139.071 6252.03) (-628.446 139.071 6252.03) (-628.446 139.071 6252.03) (-628.446 139.071 6252.03) (-628.446 139.071 6252.03) (-628.446 139.071 6252.03) (-628.446 139.071 6252.03) (-628.446 139.071 6252.03) (-628.446 139.071 6252.03)
1500          (-628.446 139.071 6252.03) (-628.446 139.071 6252.03) (-628.446 139.071 6252.03) (-628.446 139.071 6252.03) (-628.446 139.071 6252.03) (-628.446 139.071 6252.03) (-628.446 139.071 6252.03) (-628.446 139.071 6252.03) (-628.446 139.071 6252.03) (-628.446 139.071 6252.03) (-628.446 139.071 6252.03)
1550          (-628.446 139.071 6252.03) (-628.446 139.071 6252.03) (-628.446 139.071 6252.03) (-628.446 139.071 6252.03) (-628.446 139.071 6252.03) (-628.446 139.071 6252.03) (-628.446 139.071 6252.03) (-628.446 139.071 6252.03) (-628.446 139.071 6252.03) (-628.446 139.071 6252.03) (-628.446 139.071 6252.03)
1600          (-628.446 139.071 6252.03) (-628.446 139.071 6252.03) (-628.446 139.071 6252.03) (-628.446 139.071 6252.03) (-628.446 139.071 6252.03) (-628.446 139.071 6252.03) (-628.446 139.071 6252.03) (-628.446 139.071 6252.03) (-628.446 139.071 6252.03) (-628.446 139.071 6252.03) (-628.446 139.071 6252.03)
1650          (-628.446 139.071 6252.03) (-628.446 139.071 6252.03) (-628.446 139.071 6252.03) (-628.446 139.071 6252.03) (-628.446 139.071 6252.03) (-628.446 139.071 6252.03) (-628.446 139.071 6252.03) (-628.446 139.071 6252.03) (-628.446 139.071 6252.03) (-628.446 139.071 6252.03) (-628.446 139.071 6252.03)
1700          (-628.446 139.071 6252.03) (-628.446 139.071 6252.03) (-628.446 139.071 6252.03) (-628.446 139.071 6252.03) (-628.446 139.071 6252.03) (-628.446 139.071 6252.03) (-628.446 139.071 6252.03) (-628.446 139.071 6252.03) (-628.446 139.071 6252.03) (-628.446 139.071 6252.03) (-628.446 139.071 6252.03)
1750          (-628.446 139.071 6252.03) (-628.446 139.071 6252.03) (-628.446 139.071 6252.03) (-628.446 139.071 6252.03) (-628.446 139.071 6252.03) (-628.446 139.071 6252.03) (-628.446 139.071 6252.03) (-628.446 139.071 6252.03) (-628.446 139.071 6252.03) (-628.446 139.071 6252.03) (-628.446 139.071 6252.03)
1800          (-628.446 139.071 6252.03) (-628.446 139.071 6252.03) (-628.446 139.071 6252.03) (-628.446 139.071 6252.03) (-628.446 139.071 6252.03) (-628.446 139.071 6252.03) (-628.446 139.071 6252.03) (-628.446 139.071 6252.03) (-628.446 139.071 6252.03) (-628.446 139.071 6252.03) (-628.446 139.071 6252.03)
1850          (-628.446 139.071 6252.03) (-628.446 139.071 6252.03) (-628.446 139.071 6252.03) (-628.446 139.071 6252.03) (-628.446 139.071 6252.03) (-628.446 139.071 6252.03) (-628.446 139.071 6252.03) (-628.446 139.071 6252.03) (-628.446 139.071 6252.03) (-628.446 139.071 6252.03) (-628.446 139.071 6252.03)
1900          (-628.446 139.071 6252.03) (-628.446 139.071 6252.03) (-628.446 139.071 6252.03) (-628.446 139.071 6252.03) (-628.446 139.071 6252.03) (-628.446 139.071 6252.03) (-628.446 139.071 6252.03) (-628.446 139.071 6252.03) (-628.446 139.071 6252.03) (-628.446 139.071 6252.03) (-628.446 139.071 6252.03)
1950          (-628.446 139.071 6252.03) (-628.446 139.071 6252.03) (-628.446 139.071 6252.03) (-628.446 139.071 6252.03) (-628.446 139.071 6252.03) (-628.446 139.071 6252.03) (-628.446 139.071 6252.03) (-628.446 139.071 6252.03) (-628.446 139.071 6252.03) (-628.446 139.071 6252.03) (-628.446 139.071 6252.03)
2000          (-628.446 139.071 6252.03) (-628.446 139.071 6252.03) (-628.446 139.071 6252.03) (-628.446 139.071 6252.03) (-628.446 139.071 6252.03) (-628.446 139.071 6252.03) (-628.446 139.071 6252.03) (-628.446 139.071 6252.03) (-628.446 139.071 6252.03) (-628.446 139.071 6252.03) (-628.446 139.071 6252.03)
2050          (-628.446 139.071 6252.03) (-628.446 139.071 6252.03) (-628.446 139.071 6252.03) (-628.446 139.071 6252.03) (-628.446 139.071 6252.03) (-628.446 139.071 6252.03) (-628.446 139.071 6252.03) (-628.446 139.071 6252.03) (-628.446 139.071 6252.03) (-628.446 139.071 6252.03) (-628.446 139.071 6252.03)
2100          (-628.446 139.071 6252.03) (-628.446 139.071 6252.03) (-628.446 139.071 6252.03) (-628.446 139.071 6252.03) (-628.446 139.071 6252.03) (-628.446 139.071 6252.03) (-628.446 139.071 6252.03) (-628.446 139.071 6252.03) (-628.446 139.071 6252.03) (-628.446 139.071 6252.03) (-628.446 139.071 6252.03)
2150          (-628.446 139.071 6252.03) (-628.446 139.071 6252.03) (-628.446 139.071 6252.03) (-628.446 139.071 6252.03) (-628.446 139.071 6252.03) (-628.446 139.071 6252.03) (-628.446 139.071 6252.03) (-628.446 139.071 6252.03) (-628.446 139.071 6252.03) (-628.446 139.071 6252.03) (-628.446 139.071 6252.03)
2200          (-628.446 139.071 6252.03) (-628.446 139.071 6252.03) (-628.446 139.071 6252.03) (-628.446 139.071 6252.03) (-628.446 139.071 6252.03) (-628.446 139.071 6252.03) (-628.446 139.071 6252.03) (-628.446 139.071 6252.03) (-628.446 139.071 6252.03) (-628.446 139.071 6252.03) (-628.446 139.071 6252.03)
2250          (-628.446 139.071 6252.03) (-628.446 139.071 6252.03) (-628.446 139.071 6252.03) (-628.446 139.071 6252.03) (-628.446 139.071 6252.03) (-628.446 139.071 6252.03) (-628.446 139.071 6252.03) (-628.446 139.071 6252.03) (-628.446 139.071 6252.03) (-628.446 139.071 6252.03) (-628.446 139.071 6252.03)
2300          (-628.446 139.071 6252.03) (-628.446 139.071 6252.03) (-628.446 139.071 6252.03) (-628.446 139.071 6252.03) (-628.446 139.071 6252.03) (-628.446 139.071 6252.03) (-628.446 139.071 6252.03) (-628.446 139.071 6252.03) (-628.446 139.071 6252.03) (-628.446 139.071 6252.03) (-628.446 139.071 6252.03)
2350          (-628.446 139.071 6252.03) (-628.446 139.071 6252.03) (-628.446 139.071 6252.03) (-628.446 139.071 6252.03) (-628.446 139.071 6252.03) (-628.446 139.071 6252.03) (-628.446 139.071 6252.03) (-628.446 139.071 6252.03) (-628.446 139.071 6252.03) (-628.446 139.071 6252.03) (-628.446 139.071 6252.03)
2400          (-628.446 139.071 6252.03) (-628.446 139.071 6252.03) (-628.446 139.071 6252.03) (-628.446 139.071 6252.03) (-628.446 139.071 6252.03) (-628.446 139.071 6252.03) (-628.446 139.071 6252.03) (-628.446 139.071 6252.03) (-628.446 139.071 6252.03) (-628.446 139.071 6252.03) (-628.446 139.071 6252.03)
2450          (-628.446 139.071 6252.03) (-628.446 139.071 6252.03) (-628.446 139.071 6252.03) (-628.446 139.071 6252.03) (-628.446 139.071 6252.03) (-628.446 139.071 6252.03) (-628.446 139.071 6252.03) (-628.446 139.071 6252.03) (-628.446 139.071 6252.03) (-628.446 139.071 6252.03) (-628.446 139.071 6252.03)
2500          (-628.446 139.071 6252.03) (-628.446 139.071 6252.03) (-628.446 139.071 6252.03) (-628.446 139.071 6252.03) (-628.446 139.071 6252.03) (-628.446 139.071 6252.03) (-628.446 139.071 6252.03) (-628.446 139.071 6252.03) (-628.446 139.071 6252.03) (-628.446 139.071 6252.03) (-628.446 139.071 6252.03)
2550          (-628.446 139.071 6252.03) (-628.446 139.071 6252.03) (-628.446 139.071 6252.03) (-628.446 139.071 6252.03) (-628.446 139.071 6252.03) (-628.446 139.071 6252.03) (-628.446 139.071 6252.03) (-628.446 139.071 6252.03) (-628.446 139.071 6252.03) (-628.446 139.071 6252.03) (-628.446 139.071 6252.03)
2600          (-628.446 139.071 6252.03) (-628.446 139.071 6252.03) (-628.446 139.071 6252.03) (-628.446 139.071 6252.03) (-628.446 139.071 6252.03) (-628.446 139.071 6252.03) (-628.446 139.071 6252.03) (-628.446 139.071 6252.03) (-628.446 139.071 6252.03) (-628.446 139.071 6252.03) (-628.446 139.071 6252.03)
2650          (-628.446 139.071 6252.03) (-628.446 139.071 6252.03) (-628.446 139.071 6252.03) (-628.446 139.071 6252.03) (-628.446 139.071 6252.03) (-628.446 139.071 6252.03) (-628.446 139.071 6252.03) (-628.446 139.071 6252.03) (-628.446 139.071 6252.03) (-628.446 139.071 6252.03) (-628.446 139.071 6252.03)
2700          (-628.446 139.071 6252.03) (-628.446 139.071 6252.03) (-628.446 139.071 6252.03) (-628.446 139.071 6252.03) (-628.446 139.071 6252.03) (-628.446 139.071 6252.03) (-628.446 139.071 6252.03) (-628.446 139.071 6252.03) (-628.446 139.071 6252.03) (-628.446 139.071 6252.03) (-628.446 139.071 6252.03)
2750          (-628.446 139.071 6252.03) (-628.446 139.071 6252.03) (-628.446 139.071 6252.03) (-628.446 139.071 6252.03) (-628.446 139.071 6252.03) (-628.446 139.071 6252.03) (-628.446 139.071 6252.03) (-628.446 139.071 6252.03) (-628.446 139.071 6252.03) (-628.446 139.071 6252.03) (-628.446 139.071 6252.03)
2800          (-628.446 139.071 6252.03) (-628.446 139.071 6252.03) (-628.446 139.071 6252.03) (-628.446 139.071 6252.03) (-628.446 139.071 6252.03) (-628.446 139.071 6252.03) (-628.446 139.071 6252.03) (-628.446 139.071 6252.03) (-628.446 139.071 6252.03) (-628.446 139.071 6252.03) (-628.446 139.071 6252.03)
2850          (-628.446 139.071 6252.03) (-628.446 139.071 6252.03) (-628.446 139.071 6252.03) (-628.446 139.071 6252.03) (-628.446 139.071 6252.03) (-628.446 139.071 6252.03) (-628.446 139.071 6252.03) (-628.446 139.071 6252.03) (-628.446 139.071 6252.03) (-628.446 139.071 6252.03) (-628.446 139.071 6252.03)
2900          (-628.446 139.071 6252.03) (-628.446 139.071 6252.03) (-628.446 139.071 6252.03) (-628.446 139.071 6252.03) (-628.446 139.071 6252.03) (-628.446 139.071 6252.03) (-628.446 139.071 6252.03) (-628.446 139.071 6252.03) (-628.446 139.071 6252.03) (-628.446 139.071 6252.03) (-628.446 139.071 6252.03)
2950          (-628.446 139.071 6252.03) (-628.446 139.071 6252.03) (-628.446 139.071 6252.03) (-628.446 139.071 6252.03) (-628.446 139.071 6252.03) (-628.446 139.071 6252.03) (-628.446 139.071 6252.03) (-628.446 139.071 6252.03) (-628.446 139.071 6252.03) (-628.446 139.071 6252.03) (-628.446 139.071 6252.03)
3000          (-628.446 139.071 6252.03) (-628.446 139.071 6252.03) (-628.446 139.071 6252.03) (-628.446 139.071 6252.03) (-628.446 139.071 6252.03) (-628.446 139.071 6252.03) (-628.446 139.071 6252.03) (-628.446 139.071 6252.03) (-628.446 139.071 6252.03) (-628.446 139.071 6252.03) (-628.446 139.071 6252.03)
3050          (-628.446 139.071 6252.03) (-628.446 139.071 6252.03) (-628.446 139.071 6252.03) (-628.446 139.071 6252.03) (-628.446 139.071 6252.03) (-628.446 139.071 6252.03) (-628.446 139.071 6252.03) (-628.446 139.071 6252.03) (-628.446 139.071 6252.03) (-628.446 139.071 6252.03) (-628.446 139.071 6252.03)
3100          (-628.446 139.071 6252.03) (-628.446 139.071 6252.03) (-628.446 139.071 6252.03) (-628.446 139.071 6252.03) (-628.446 139.071 6252.03) (-628.446 139.071 6252.03) (-628.446 139.071 6252.03) (-628.446 139.071 6252.03) (-628.446 139.071 6252.03) (-628.446 139.071 6252.03) (-628.446 139.071 6252.03)
3150          (-628.446 139.071 6252.03) (-628.446 139.071 6252.03) (-628.446 139.071 6252.03) (-628.446 139.071 6252.03) (-628.446 139.071 6252.03) (-628.446 139.071 6252.03) (-628.446 139.071 6252.03) (-628.446 139.071 6252.03) (-628.446 139.071 6252.03) (-628.446 139.071 6252.03) (-628.446 139.071 6252.03)
3200          (-628.446 139.071 6252.03) (-628.446 139.071 6252.03) (-628.446 139.071 6252.03) (-628.446 139.071 6252.03) (-628.446 139.071 6252.03) (-628.446 139.071 6252.03) (-628.446 139.071 6252.03) (-628.446 139.071 6252.03) (-628.446 139.071 6252.03) (-628.446 139.071 6252.03) (-628.446 139.071 6252.03)
3250          (-628.446 139.071 6252.03) (-628.446 139.071 6252.03) (-628.446 139.071 6252.03) (-628.446 139.071 6252.03) (-628.446 139.071 6252.03) (-628.446 139.071 6252.03) (-628.446 139.071 6252.03) (-628.446 139.071 6252.03) (-628.446 139.071 6252.03) (-628.446 139.071 6252.03) (-628.446 139.071 6252.03)
3300          (-628.446 139.071 6252.03) (-628.446 139.071 6252.03) (-628.446 139.071 6252.03) (-628.446 139.071 6252.03) (-628.446 139.071 6252.03) (-628.446 139.071 6252.03) (-628.446 139.071 6252.03) (-628.446 139.071 6252.03) (-628.446 139.071 6252.03) (-628.446 139.071 6252.03) (-628.446 139.071 6252.03)
3350          (-628.446 139.071 6252.03) (-628.446 139.071 6252.03) (-628.446 139.071 6252.03) (-628.446 139.071 6252.03) (-628.446 139.071 6252.03) (-628.446 139.071 6252.03) (-628.446 139.071 6252.03) (-628.446 139.071 6252.03) (-628.446 139.071 6252.03) (-628.446 139.071 6252.03) (-628.446 139.071 6252.03)
3400          (-628.446 139.071 6252.03) (-628.446 139.071 6252.03) (-628.446 139.071 6252.03) (-628.446 139.071 6252.03) (-628.446 139.071 6252.03) (-628.446 139.071 6252.03) (-628.446 139.071 6252.03) (-628.446 139.071 6252.03) (-628.446 139.071 6252.03) (-628.446 139.071 6252.03) (-628.446 139.071 6252.03)
3450          (-628.446 139.071 6252.03) (-628.446 139.071 6252.03) (-628.446 139.071 6252.03) (-628.446 139.071 6252.03) (-628.446 139.071 6252.03) (-628.446 139.071 6252.03) (-628.446 139.071 6252.03) (-628.446 139.071 6252.03) (-628.446 139.071 6252.03) (-628.446 139.071 6252.03) (-628.446 139.071 6252.03)
3500          (-628.446 139.071 6252.03) (-628.446 139.071 6252.03) (-628.446 139.071 6252.03) (-628.446 139.071 6252.03) (-628.446 139.071 6252.03) (-628.446 139.071 6252.03) (-628.446 139.071 6252.03) (-628.446 139.071 6252.03) (-628.446 139.071 6252.03) (-628.446 139.071 6252.03) (-628.446 139.071 6252.03)
3550          (-628.446 139.071 6252.03) (-628.446 139.071 6252.03) (-628.446 139.071 6252.03) (-628.446 139.071 6252.03) (-628.446 139.071 6252.03) (-628.446 139.071 6252.03) (-628.446 139.071 6252.03) (-628.446 139.071 6252.03) (-628.446 139.071 6252.03) (-628.446 139.071 6252.03) (-628.446 139.071 6252.03)
3600          (-628.446 139.071 6252.03) (-628.446 139.071 6252.03) (-628.446 139.071 6252.03) (-628.446 139.071 6252.03) (-628.446 139.071 6252.03) (-628.446 139.071 6252.03) (-628.446 139.071 6252.03) (-628.446 139.071 6252.03) (-628.446 139.071 6252.03) (-628.446 139.071 6252.03) (-628.446 139.071 6252.03)
3650          (-628.446 139.071 6252.03) (-628.446 139.071 6252.03) (-628.446 139.071 6252.03) (-628.446 139.071 6252.03) (-628.446 139.071 6252.03) (-628.446 139.071 6252.03) (-628.446 139.071 6252.03) (-628.446 139.071 6252.03) (-628.446 139.071 6252.03) (-628.446 139.071 6252.03) (-628.446 139.071 6252.03)
3700          (-628.446 139.071 6252.03) (-628.446 139.071 6252.03) (-628.446 139.071 6252.03) (-628.446 139.071 6252.03) (-628.446 139.071 6252.03) (-628.446 139.071 6252.03) (-628.446 139.071 6252.03) (-628.446 139.071 6252.03) (-628.446 139.071 6252.03) (-628.446 139.071 6252.03) (-628.446 139.071 6252.03)
3750          (-628.446 139.071 6252.03) (-628.446 139.071 6252.03) (-628.446 139.071 6252.03) (-628.446 139.071 6252.03) (-628.446 139.071 6252.03) (-628.446 139.071 6252.03) (-628.446 139.071 6252.03) (-628.446 139.071 6252.03) (-628.446 139.071 6252.03) (-628.446 139.071 6252.03) (-628.446 139.071 6252.03)
3800          (-628.446 139.071 6252.03) (-628.446 139.071 6252.03) (-628.446 139.071 6252.03) (-628.446 139.071 6252.03) (-628.446 139.071 6252.03) (-628.446 139.071 6252.03) (-628.446 139.071 6252.03) (-628.446 139.071 6252.03) (-628.446 139.071 6252.03) (-628.446 139.071 6252.03) (-628.446 139.071 6252.03)
3850          (-628.446 139.071 6252.03) (-628.446 139.071 6252.03) (-628.446 139.071 6252.03) (-628.446 139.071 6252.03) (-628.446 139.071 6252.03) (-628.446 139.071 6252.03) (-628.446 139.071 6252.03) (-628.446 139.071 6252.03) (-628.446 139.071 6252.03) (-628.446 139.071 6252.03) (-628.446 139.071 6252.03)
3900          (-628.446 139.071 6252.03) (-628.446 139.071 6252.03) (-628.446 139.071 6252.03) (-628.446 139.071 6252.03) (-628.446 139.071 6252.03) (-628.446 139.071 6252.03) (-628.446 139.071 6252.03) (-628.446 139.071 6252.03) (-628.446 139.071 6252.03) (-628.446 139.071 6252.03) (-628.446 139.071 6252.03)
3950          (-628.446 139.071 6252.03) (-628.446 139.071 6252.03) (-628.446 139.071 6252.03) (-628.446 139.071 6252.03) (-628.446 139.071 6252.03) (-628.446 139.071 6252.03) (-628.446 139.071 6252.03) (-628.446 139.071 6252.03) (-628.446 139.071 6252.03) (-628.446 139.071 6252.03) (-628.446 139.071 6252.03)
4000          (-628.446 139.071 6252.03) (-628.446 139.071 6252.03) (-628.446 139.071 6252.03) (-628.446 139.071 6252.03) (-628.446 139.071 6252.03) (-628.446 139.071 6252.03) (-628.446 139.071 6252.03) (-628.446 139.071 6252.03) (-628.446 139.071 6252.03) (-628.446 139.071 6252.03) (-628.446 139.071 6252.03)
4050          (-628.446 139.071 6252.03) (-628.446 139.071 6252.03) (-628.446 139.071 6252.03) (-628.446 139.071 6252.03) (-628.446 139.071 6252.03) (-628.446 139.071 6252.03) (-628.446 139.071 6252.03) (-628.446 139.071 6252.03) (-628.446 139.071 6252.03) (-628.446 139.071 6252.03) (-628.446 139.071 6252.03)
4100          (-628.446 139.071 6252.03) (-628.446 139.071 6252.03) (-628.446 139.071 6252.03) (-628.446 139.071 6252.03) (-628.446 139.071 6252.03) (-628.446 139.071 6252.03) (-628.446 139.071 6252.03) (-628.446 139.071 6252.03) (-628.446 139.071 6252.03) (-628.446 139.071 6252.03) (-628.446 139.071 6252.03)
4150          (-628.446 139.071 6252.03) (-628.446 139.071 6252.03) (-628.446 139.071 6252.03) (-628.446 139.071 6252.03) (-628.446 139.071 6252.03) (-628.446 139.071 6252.03) (-628.446 139.071 6252.03) (-628.446 139.071 6252.03) (-628.446 139.071 6252.03) (-628.446 139.071 6252.03) (-628.446 139.071 6252.03)
4200          (-628.446 139.071 6252.03) (-628.446 139.071 6252.03) (-628.446 139.071 6252.03) (-628.446 139.071 6252.03) (-628.446 139.071 6252.03) (-628.446 139.071 6252.03) (-628.446 139.071 6252.03) (-628.446 139.071 6252.03) (-628.446 139.071 6252.03) (-628.446 139.071 6252.03) (-628.446 139.071 6252.03)
4250          (-628.446 139.071 6252.03) (-628.446 139.071 6252.03) (-628.446 139.071 6252.03) (-628.446 139.071 6252.03) (-628.446 139.071 6252.03) (-628.446 139.071 6252.03) (-628.446 139.071 6252.03) (-628.446 139.071 6252.03) (-628.446 139.071 6252.03) (-628.446 139.071 6252.03) (-628.446 139.071 6252.03)
4300          (-628.446 139.071 6252.03) (-628.446 139.071 6252.03) (-628.446 139.071 6252.03) (-628.446 139.071 6252.03) (-628.446 139.071 6252.03) (-628.446 139.071 6252.03) (-628.446 139.071 6252.03) (-628.446 139.071 6252.03) (-628.446 139.071 6252.03) (-628.446 139.071 6252.03) (-628.446 139.071 6252.03)
4350          (-628.446 139.071 6252.03) (-628.446 139.071 6252.03) (-628.446 139.071 6252.03) (-628.446 139.071 6252.03) (-628.446 139.071 6252.03) (-628.446 139.071 6252.03) (-628.446 139.071 6252.03) (-628.446 139.071 6252.03) (-628.446 139.071 6252.03) (-628.446 139.071 6252.03) (-628.446 139.071 6252.03)
4400          (-628.446 139.071 6252.03) (-628.446 139.071 6252.03) (-628.446 139.071 6252.03) (-628.446 139.071 6252.03) (-628.446 139.071 6252.03) (-628.446 139.071 6252.03) (-628.446 139.071 6252.03) (-628.446 139.071 6252.03) (-628.446 139.071 6252.03) (-628.446 139.071 6252.03) (-628.446 139.071 6252.03)
4450          (-628.446 139.071 6252.03) (-628.446 139.071 6252.03) (-628.446 139.071 6252.03) (-628.446 139.071 6252.03) (-628.446 139.071 6252.03) (-628.446 139.071 6252.03) (-628.446 139.071 6252.03) (-628.446 139.071 6252.03) (-628.446 139.071 6252.03) (-628.446 139.071 6252.03) (-628.446 139.071 6252.03)
4500          (-628.446 139.071 6252.03) (-628.446 139.071 6252.03) (-628.446 139.071 6252.03) (-628.446 139.071 6252.03) (-628.446 139.071 6252.03) (-628.446 139.071 6252.03) (-628.446 139.071 6252.03) (-628.446 139.071 6252.03) (-628.446 139.071 6252.03) (-628.446 139.071 6252.03) (-628.446 139.071 6252.03)
4550          (-628.446 139.071 6252.03) (-628.446 139.071 6252.03) (-628.446 139.071 6252.03) (-628.446 139.071 6252.03) (-628.446 139.071 6252.03) (-628.446 139.071 6252.03) (-628.446 139.071 6252.03) (-628.446 139.071 6252.03) (-628.446 139.071 6252.03) (-628.446 139.071 6252.03) (-628.446 139.071 6252.03)
4600          (-628.446 139.071 6252.03) (-628.446 139.071 6252.03) (-628.446 139.071 6252.03) (-628.446 139.071 6252.03) (-628.446 139.071 6252.03) (-628.446 139.071 6252.03) (-628.446 139.071 6252.03) (-628.446 139.071 6252.03) (-628.446 139.071 6252.03) (-628.446 139.071 6252.03) (-628.446 139.071 6252.03)
4650          (-628.446 139.071 6252.03) (-628.446 139.071 6252.03) (-628.446 139.071 6252.03) (-628.446 139.071 6252.03) (-628.446 139.071 6252.03) (-628.446 139.071 6252.03) (-628.446 139.071 6252.03) (-628.446 139.071 6252.03) (-628.446 139.071 6252.03) (-628.446 139.071 6252.03) (-628.446 139.071 6252.03)
4700          (-628.446 139.071 6252.03) (-628.446 139.071 6252.03) (-628.446 139.071 6252.03) (-628.446 139.071 6252.03) (-628.446 139.071 6252.03) (-628.446 139.071 6252.03) (-628.446 139.071 6252.03) (-628.446 139.071 6252.03) (-628.446 139.071 6252.03) (-628.446 139.071 6252.03) (-628.446 139.071 6252.03)
4750          (-628.446 139.071 6252.03) (-628.446 139.071 6252.03) (-628.446 139.071 6252.03) (-628.446 139.071 6252.03) (-628.446 139.071 6252.03) (-628.446 139.071 6252.03) (-628.446 139.071 6252.03) (-628.446 139.071 6252.03) (-628.446 139.071 6252.03) (-628.446 139.071 6252.03) (-628.446 139.071 6252.03)
4800          (-628.446 139.071 6252.03) (-628.446 139.071 6252.03) (-628.446 139.071 6252.03) (-628.446 139.071 6252.03) (-628.446 139.071 6252.03) (-628.446 139.071 6252.03) (-628.446 139.071 6252.03) (-628.446 139.071 6252.03) (-628.446 139.071 6252.03) (-628.446 139.071 6252.03) (-628.446 139.071 6252.03)
4850          (-628.446 139.071 6252.03) (-628.446 139.071 6252.03) (-628.446 139.071 6252.03) (-628.446 139.071 6252.03) (-628.446 139.071 6252.03) (-628.446 139.071 6252.03) (-628.446 139.071 6252.03) (-628.446 139.071 6252.03) (-628.446 139.071 6252.03) (-628.446 139.071 6252.03) (-628.446 139.071 6252.03)
4900          (-628.446 139.071 6252.03) (-628.446 139.071 6252.03) (-628.446 139.071 6252.03) (-628.446 139.071 6252.03) (-628.446 139.071 6252.03) (-628.446 139.071 6252.03) (-628.446 139.071 6252.03) (-628.446 139.071 6252.03) (-628.446 139.071 6252.03) (-628.446 139.071 6252.03) (-628.446 139.071 6252.03)
4950          (-628.446 139.071 6252.03) (-628.446 139.071 6252.03) (-628.446 139.071 6252.03) (-628.446 139.071 6252.03) (-628.446 139.071 6252.03) (-628.446 139.071 6252.03) (-628.446 139.071 6252.03) (-628.446 139.071 6252.03) (-628.446 139.071 6252.03) (-628.446 139.071 6252.03) (-628.446 139.071 6252.03)
5000          (-628.446 139.071 6252.03) (-628.446 139.071 6252.03) (-628.446 139.071 6252.03) (-628.446 139.071 6252.03) (-628.446 139.071 6252.03) (-628.446 139.071 6252.03) (-628.446 139.071 6252.03) (-628.446 139.071 6252.03) (-628.446 139.071 6252.03) (-628.446 139.071 6252.03) (-628.446 139.071 6252.03)
