# Probe 0 (0 0 0)
# Time        0            
14            1000         
28            904.737      
42            850.417      
56            808.849      
70            775.774      
84            748.611      
98            725.782      
112           706.256      
126           689.324      
140           674.476      
154           661.334      
168           649.613      
182           639.091      
196           629.591      
210           620.973      
224           613.121      
238           605.939      
252           599.35       
266           593.285      
280           587.689      
294           582.512      
308           577.713      
322           573.255      
336           569.107      
350           565.24       
364           561.631      
378           558.256      
392           555.098      
406           552.138      
420           549.362      
434           546.754      
448           544.304      
462           541.998      
476           539.827      
490           537.781      
504           535.852      
518           534.032      
532           532.313      
546           530.69       
560           529.155      
574           527.704      
588           526.331      
602           525.031      
616           523.801      
630           522.635      
644           521.529      
658           520.482      
672           519.488      
686           518.545      
700           517.651      
714           516.802      
728           515.995      
742           515.23       
756           514.502      
770           513.811      
784           513.154      
798           512.53       
812           511.936      
826           511.372      
840           510.835      
854           510.324      
868           509.838      
882           509.375      
896           508.935      
910           508.516      
924           508.118      
938           507.738      
952           507.377      
966           507.032      
980           506.705      
994           506.392      
1008          506.095      
1022          505.812      
1036          505.542      
1050          505.285      
1064          505.04       
1078          504.806      
1092          504.584      
1106          504.371      
1120          504.169      
1134          503.977      
1148          503.793      
1162          503.618      
1176          503.451      
1190          503.292      
1204          503.14       
1218          502.995      
1232          502.857      
1246          502.726      
1260          502.6        
1274          502.481      
1288          502.367      
1302          502.258      
1316          502.154      
1330          502.055      
1344          501.961      
1358          501.871      
1372          501.785      
1386          501.703      
1400          501.625      
1414          501.55       
1428          501.479      
1442          501.411      
1456          501.347      
1470          501.285      
1484          501.226      
1498          501.17       
1512          501.116      
1526          501.065      
1540          501.016      
1554          500.97       
1568          500.926      
1582          500.883      
1596          500.843      
1610          500.804      
1624          500.767      
1638          500.732      
1652          500.699      
1666          500.667      
1680          500.636      
1694          500.607      
1708          500.579      
1722          500.553      
1736          500.528      
1750          500.504      
1764          500.481      
1778          500.459      
1792          500.438      
1806          500.418      
1820          500.399      
1834          500.38       
1848          500.363      
1862          500.346      
1876          500.331      
1890          500.315      
1904          500.301      
1918          500.287      
1932          500.274      
1946          500.262      
1960          500.25       
1974          500.238      
1988          500.227      
2002          500.217      
2016          500.207      
2030          500.198      
2044          500.189      
2058          500.18       
2072          500.172      
2086          500.164      
2100          500.156      
2114          500.149      
2128          500.142      
2142          500.136      
2156          500.13       
2170          500.124      
2184          500.118      
2198          500.113      
2212          500.108      
2226          500.103      
2240          500.098      
2254          500.094      
2268          500.089      
2282          500.085      
2296          500.081      
2310          500.078      
2324          500.074      
2338          500.071      
2352          500.067      
