# Probe 0 (0 0 0)
# Time        0            
14            1000         
28            904.737      
42            846.925      
56            803.908      
70            770.104      
84            742.576      
98            719.583      
112           700.012      
126           683.105      
140           668.328      
154           655.286      
168           643.685      
182           633.293      
196           623.931      
210           615.455      
224           607.747      
238           600.71       
252           594.264      
266           588.342      
280           582.886      
294           577.847      
308           573.183      
322           568.858      
336           564.839      
350           561.099      
364           557.614      
378           554.36       
392           551.319      
406           548.474      
420           545.809      
434           543.311      
448           540.966      
462           538.763      
476           536.692      
490           534.744      
504           532.91       
518           531.182      
532           529.553      
546           528.017      
560           526.567      
574           525.198      
588           523.905      
602           522.683      
616           521.528      
630           520.435      
644           519.401      
658           518.422      
672           517.496      
686           516.618      
700           515.787      
714           514.999      
728           514.253      
742           513.545      
756           512.873      
770           512.237      
784           511.632      
798           511.059      
812           510.515      
826           509.999      
840           509.508      
854           509.043      
868           508.6        
882           508.18       
896           507.781      
910           507.402      
924           507.042      
938           506.7        
952           506.374      
966           506.065      
980           505.771      
994           505.492      
1008          505.226      
1022          504.973      
1036          504.733      
1050          504.505      
1064          504.287      
1078          504.081      
1092          503.884      
1106          503.697      
1120          503.519      
1134          503.35       
1148          503.189      
1162          503.035      
1176          502.89       
1190          502.751      
1204          502.619      
1218          502.493      
1232          502.374      
1246          502.26       
1260          502.152      
1274          502.049      
1288          501.95       
1302          501.857      
1316          501.768      
1330          501.684      
1344          501.603      
1358          501.526      
1372          501.453      
1386          501.384      
1400          501.318      
1414          501.255      
1428          501.195      
1442          501.138      
1456          501.083      
1470          501.032      
1484          500.982      
1498          500.936      
1512          500.891      
1526          500.848      
1540          500.808      
1554          500.769      
1568          500.733      
1582          500.698      
1596          500.664      
1610          500.633      
1624          500.603      
1638          500.574      
1652          500.546      
1666          500.52       
1680          500.496      
1694          500.472      
1708          500.449      
1722          500.428      
1736          500.408      
1750          500.388      
1764          500.37       
1778          500.352      
1792          500.335      
1806          500.319      
1820          500.304      
1834          500.29       
1848          500.276      
1862          500.263      
1876          500.25       
1890          500.238      
1904          500.227      
1918          500.216      
1932          500.206      
1946          500.196      
1960          500.187      
1974          500.178      
1988          500.169      
2002          500.161      
2016          500.154      
2030          500.146      
2044          500.139      
2058          500.133      
2072          500.126      
2086          500.12       
2100          500.115      
2114          500.109      
2128          500.104      
2142          500.099      
2156          500.094      
2170          500.09       
2184          500.086      
2198          500.081      
2212          500.078      
2226          500.074      
2240          500.07       
2254          500.067      
2268          500.064      
2282          500.061      
2296          500.058      
2310          500.055      
2324          500.053      
2338          500.05       
2352          500.048      
