# Probe 0 (0 0 0)
# Time        0            
14            1000         
28            904.737      
42            847.253      
56            804.372      
70            770.635      
84            743.139      
98            720.16       
112           700.591      
126           683.681      
140           668.896      
154           655.845      
168           644.231      
182           633.827      
196           624.452      
210           615.962      
224           608.24       
238           601.189      
252           594.73       
266           588.794      
280           583.325      
294           578.273      
308           573.597      
322           569.259      
336           565.228      
350           561.476      
364           557.979      
378           554.714      
392           551.663      
406           548.807      
420           546.132      
434           543.623      
448           541.268      
462           539.056      
476           536.976      
490           535.018      
504           533.175      
518           531.439      
532           529.802      
546           528.257      
560           526.8        
574           525.423      
588           524.123      
602           522.894      
616           521.732      
630           520.632      
644           519.592      
658           518.607      
672           517.674      
686           516.791      
700           515.954      
714           515.16       
728           514.408      
742           513.695      
756           513.018      
770           512.377      
784           511.768      
798           511.19       
812           510.641      
826           510.12       
840           509.626      
854           509.156      
868           508.71       
882           508.286      
896           507.883      
910           507.501      
924           507.137      
938           506.791      
952           506.463      
966           506.15       
980           505.853      
994           505.571      
1008          505.302      
1022          505.047      
1036          504.804      
1050          504.573      
1064          504.353      
1078          504.144      
1092          503.945      
1106          503.756      
1120          503.576      
1134          503.404      
1148          503.241      
1162          503.086      
1176          502.938      
1190          502.798      
1204          502.664      
1218          502.537      
1232          502.415      
1246          502.3        
1260          502.19       
1274          502.086      
1288          501.986      
1302          501.892      
1316          501.801      
1330          501.715      
1344          501.634      
1358          501.556      
1372          501.482      
1386          501.411      
1400          501.344      
1414          501.28       
1428          501.219      
1442          501.161      
1456          501.106      
1470          501.053      
1484          501.003      
1498          500.955      
1512          500.91       
1526          500.867      
1540          500.826      
1554          500.786      
1568          500.749      
1582          500.713      
1596          500.679      
1610          500.647      
1624          500.616      
1638          500.587      
1652          500.559      
1666          500.533      
1680          500.507      
1694          500.483      
1708          500.46       
1722          500.439      
1736          500.418      
1750          500.398      
1764          500.379      
1778          500.361      
1792          500.344      
1806          500.328      
1820          500.312      
1834          500.297      
1848          500.283      
1862          500.27       
1876          500.257      
1890          500.245      
1904          500.233      
1918          500.222      
1932          500.211      
1946          500.201      
1960          500.192      
1974          500.183      
1988          500.174      
2002          500.166      
2016          500.158      
2030          500.15       
2044          500.143      
2058          500.137      
2072          500.13       
2086          500.124      
2100          500.118      
2114          500.112      
2128          500.107      
2142          500.102      
2156          500.097      
2170          500.093      
2184          500.088      
2198          500.084      
2212          500.08       
2226          500.076      
2240          500.073      
2254          500.069      
2268          500.066      
2282          500.063      
2296          500.06       
2310          500.057      
2324          500.054      
2338          500.052      
2352          500.049      
