# Probe 0 (0.0015 0.0015 0)
# Probe 1 (0.0015 0.0015 0.002)
# Probe 2 (0.0015 0.0015 0.004)
# Probe 3 (0.0015 0.0015 0.006)
# Probe 4 (0.0015 0.0015 0.008)
# Probe 5 (0.0015 0.0015 0.01)
# Probe 6 (0.0015 0.0015 0.012)
# Probe 7 (0.0015 0.0015 0.014)
# Probe 8 (0.0015 0.0015 0.016)
# Probe 9 (0.0015 0.0015 0.018)
# Probe 10 (0.0015 0.0015 0.02)
# Time        0             1             2             3             4             5             6             7             8             9             10           
50            (0.000792417 0.000792417 6253.78) (0.000792417 0.000792417 6253.78) (0.000792417 0.000792417 6253.78) (0.000792417 0.000792417 6253.78) (0.000792417 0.000792417 6253.78) (0.000792417 0.000792417 6253.78) (0.000792417 0.000792417 6253.78) (0.000792417 0.000792417 6253.78) (0.000792417 0.000792417 6253.78) (0.000792417 0.000792417 6253.78) (0.000792417 0.000792417 6253.78)
100           (1.11245e-05 1.11245e-05 6253.78) (1.11245e-05 1.11245e-05 6253.78) (1.11245e-05 1.11245e-05 6253.78) (1.11245e-05 1.11245e-05 6253.78) (1.11245e-05 1.11245e-05 6253.78) (1.11245e-05 1.11245e-05 6253.78) (1.11245e-05 1.11245e-05 6253.78) (1.11245e-05 1.11245e-05 6253.78) (1.11245e-05 1.11245e-05 6253.78) (1.11245e-05 1.11245e-05 6253.78) (1.11245e-05 1.11245e-05 6253.78)
150           (-6.18516e-07 -6.18516e-07 6253.78) (-6.18516e-07 -6.18516e-07 6253.78) (-6.18516e-07 -6.18516e-07 6253.78) (-6.18516e-07 -6.18516e-07 6253.78) (-6.18516e-07 -6.18516e-07 6253.78) (-6.18516e-07 -6.18516e-07 6253.78) (-6.18516e-07 -6.18516e-07 6253.78) (-6.18516e-07 -6.18516e-07 6253.78) (-6.18516e-07 -6.18516e-07 6253.78) (-6.18516e-07 -6.18516e-07 6253.78) (-6.18516e-07 -6.18516e-07 6253.78)
200           (-1.74719e-07 -1.74719e-07 6253.78) (-1.74719e-07 -1.74719e-07 6253.78) (-1.74719e-07 -1.74719e-07 6253.78) (-1.74719e-07 -1.74719e-07 6253.78) (-1.74719e-07 -1.74719e-07 6253.78) (-1.74719e-07 -1.74719e-07 6253.78) (-1.74719e-07 -1.74719e-07 6253.78) (-1.74719e-07 -1.74719e-07 6253.78) (-1.74719e-07 -1.74719e-07 6253.78) (-1.74719e-07 -1.74719e-07 6253.78) (-1.74719e-07 -1.74719e-07 6253.78)
250           (-3.1225e-08 -3.12359e-08 6253.78) (-3.1225e-08 -3.12359e-08 6253.78) (-3.1225e-08 -3.12359e-08 6253.78) (-3.1225e-08 -3.12359e-08 6253.78) (-3.1225e-08 -3.12359e-08 6253.78) (-3.1225e-08 -3.12359e-08 6253.78) (-3.1225e-08 -3.12359e-08 6253.78) (-3.1225e-08 -3.12359e-08 6253.78) (-3.1225e-08 -3.12359e-08 6253.78) (-3.1225e-08 -3.12359e-08 6253.78) (-3.1225e-08 -3.12359e-08 6253.78)
300           (-5.22585e-09 -5.2367e-09 6253.78) (-5.22585e-09 -5.2367e-09 6253.78) (-5.22585e-09 -5.2367e-09 6253.78) (-5.22585e-09 -5.2367e-09 6253.78) (-5.22585e-09 -5.2367e-09 6253.78) (-5.22585e-09 -5.2367e-09 6253.78) (-5.22585e-09 -5.2367e-09 6253.78) (-5.22585e-09 -5.2367e-09 6253.78) (-5.22585e-09 -5.2367e-09 6253.78) (-5.22585e-09 -5.2367e-09 6253.78) (-5.22585e-09 -5.2367e-09 6253.78)
350           (-8.5652e-10 -8.5652e-10 6253.78) (-8.5652e-10 -8.5652e-10 6253.78) (-8.5652e-10 -8.5652e-10 6253.78) (-8.5652e-10 -8.5652e-10 6253.78) (-8.5652e-10 -8.5652e-10 6253.78) (-8.5652e-10 -8.5652e-10 6253.78) (-8.5652e-10 -8.5652e-10 6253.78) (-8.5652e-10 -8.5652e-10 6253.78) (-8.5652e-10 -8.5652e-10 6253.78) (-8.5652e-10 -8.5652e-10 6253.78) (-8.5652e-10 -8.5652e-10 6253.78)
400           (-1.40946e-10 -1.40946e-10 6253.78) (-1.40946e-10 -1.40946e-10 6253.78) (-1.40946e-10 -1.40946e-10 6253.78) (-1.40946e-10 -1.40946e-10 6253.78) (-1.40946e-10 -1.40946e-10 6253.78) (-1.40946e-10 -1.40946e-10 6253.78) (-1.40946e-10 -1.40946e-10 6253.78) (-1.40946e-10 -1.40946e-10 6253.78) (-1.40946e-10 -1.40946e-10 6253.78) (-1.40946e-10 -1.40946e-10 6253.78) (-1.40946e-10 -1.40946e-10 6253.78)
450           (-2.1684e-11 -4.33681e-11 6253.78) (-2.1684e-11 -4.33681e-11 6253.78) (-2.1684e-11 -4.33681e-11 6253.78) (-2.1684e-11 -4.33681e-11 6253.78) (-2.1684e-11 -4.33681e-11 6253.78) (-2.1684e-11 -4.33681e-11 6253.78) (-2.1684e-11 -4.33681e-11 6253.78) (-2.1684e-11 -4.33681e-11 6253.78) (-2.1684e-11 -4.33681e-11 6253.78) (-2.1684e-11 -4.33681e-11 6253.78) (-2.1684e-11 -4.33681e-11 6253.78)
500           (-1.0842e-11 -1.0842e-11 6253.78) (-1.0842e-11 -1.0842e-11 6253.78) (-1.0842e-11 -1.0842e-11 6253.78) (-1.0842e-11 -1.0842e-11 6253.78) (-1.0842e-11 -1.0842e-11 6253.78) (-1.0842e-11 -1.0842e-11 6253.78) (-1.0842e-11 -1.0842e-11 6253.78) (-1.0842e-11 -1.0842e-11 6253.78) (-1.0842e-11 -1.0842e-11 6253.78) (-1.0842e-11 -1.0842e-11 6253.78) (-1.0842e-11 -1.0842e-11 6253.78)
550           (2.1684e-11 0 6253.78) (2.1684e-11 0 6253.78) (2.1684e-11 0 6253.78) (2.1684e-11 0 6253.78) (2.1684e-11 0 6253.78) (2.1684e-11 0 6253.78) (2.1684e-11 0 6253.78) (2.1684e-11 0 6253.78) (2.1684e-11 0 6253.78) (2.1684e-11 0 6253.78) (2.1684e-11 0 6253.78)
600           (1.0842e-11 0 6253.78) (1.0842e-11 0 6253.78) (1.0842e-11 0 6253.78) (1.0842e-11 0 6253.78) (1.0842e-11 0 6253.78) (1.0842e-11 0 6253.78) (1.0842e-11 0 6253.78) (1.0842e-11 0 6253.78) (1.0842e-11 0 6253.78) (1.0842e-11 0 6253.78) (1.0842e-11 0 6253.78)
650           (1.0842e-11 1.0842e-11 6253.78) (1.0842e-11 1.0842e-11 6253.78) (1.0842e-11 1.0842e-11 6253.78) (1.0842e-11 1.0842e-11 6253.78) (1.0842e-11 1.0842e-11 6253.78) (1.0842e-11 1.0842e-11 6253.78) (1.0842e-11 1.0842e-11 6253.78) (1.0842e-11 1.0842e-11 6253.78) (1.0842e-11 1.0842e-11 6253.78) (1.0842e-11 1.0842e-11 6253.78) (1.0842e-11 1.0842e-11 6253.78)
700           (1.0842e-11 0 6253.78) (1.0842e-11 0 6253.78) (1.0842e-11 0 6253.78) (1.0842e-11 0 6253.78) (1.0842e-11 0 6253.78) (1.0842e-11 0 6253.78) (1.0842e-11 0 6253.78) (1.0842e-11 0 6253.78) (1.0842e-11 0 6253.78) (1.0842e-11 0 6253.78) (1.0842e-11 0 6253.78)
750           (1.0842e-11 1.0842e-11 6253.78) (1.0842e-11 1.0842e-11 6253.78) (1.0842e-11 1.0842e-11 6253.78) (1.0842e-11 1.0842e-11 6253.78) (1.0842e-11 1.0842e-11 6253.78) (1.0842e-11 1.0842e-11 6253.78) (1.0842e-11 1.0842e-11 6253.78) (1.0842e-11 1.0842e-11 6253.78) (1.0842e-11 1.0842e-11 6253.78) (1.0842e-11 1.0842e-11 6253.78) (1.0842e-11 1.0842e-11 6253.78)
800           (0 0 6253.78) (0 0 6253.78) (0 0 6253.78) (0 0 6253.78) (0 0 6253.78) (0 0 6253.78) (0 0 6253.78) (0 0 6253.78) (0 0 6253.78) (0 0 6253.78) (0 0 6253.78)
850           (0 0 6253.78) (0 0 6253.78) (0 0 6253.78) (0 0 6253.78) (0 0 6253.78) (0 0 6253.78) (0 0 6253.78) (0 0 6253.78) (0 0 6253.78) (0 0 6253.78) (0 0 6253.78)
900           (0 0 6253.78) (0 0 6253.78) (0 0 6253.78) (0 0 6253.78) (0 0 6253.78) (0 0 6253.78) (0 0 6253.78) (0 0 6253.78) (0 0 6253.78) (0 0 6253.78) (0 0 6253.78)
950           (0 0 6253.78) (0 0 6253.78) (0 0 6253.78) (0 0 6253.78) (0 0 6253.78) (0 0 6253.78) (0 0 6253.78) (0 0 6253.78) (0 0 6253.78) (0 0 6253.78) (0 0 6253.78)
1000          (0 0 6253.78) (0 0 6253.78) (0 0 6253.78) (0 0 6253.78) (0 0 6253.78) (0 0 6253.78) (0 0 6253.78) (0 0 6253.78) (0 0 6253.78) (0 0 6253.78) (0 0 6253.78)
1050          (0 0 6253.78) (0 0 6253.78) (0 0 6253.78) (0 0 6253.78) (0 0 6253.78) (0 0 6253.78) (0 0 6253.78) (0 0 6253.78) (0 0 6253.78) (0 0 6253.78) (0 0 6253.78)
1100          (0 0 6253.78) (0 0 6253.78) (0 0 6253.78) (0 0 6253.78) (0 0 6253.78) (0 0 6253.78) (0 0 6253.78) (0 0 6253.78) (0 0 6253.78) (0 0 6253.78) (0 0 6253.78)
1150          (0 0 6253.78) (0 0 6253.78) (0 0 6253.78) (0 0 6253.78) (0 0 6253.78) (0 0 6253.78) (0 0 6253.78) (0 0 6253.78) (0 0 6253.78) (0 0 6253.78) (0 0 6253.78)
1200          (0 0 6253.78) (0 0 6253.78) (0 0 6253.78) (0 0 6253.78) (0 0 6253.78) (0 0 6253.78) (0 0 6253.78) (0 0 6253.78) (0 0 6253.78) (0 0 6253.78) (0 0 6253.78)
1250          (0 0 6253.78) (0 0 6253.78) (0 0 6253.78) (0 0 6253.78) (0 0 6253.78) (0 0 6253.78) (0 0 6253.78) (0 0 6253.78) (0 0 6253.78) (0 0 6253.78) (0 0 6253.78)
1300          (0 0 6253.78) (0 0 6253.78) (0 0 6253.78) (0 0 6253.78) (0 0 6253.78) (0 0 6253.78) (0 0 6253.78) (0 0 6253.78) (0 0 6253.78) (0 0 6253.78) (0 0 6253.78)
1350          (0 0 6253.78) (0 0 6253.78) (0 0 6253.78) (0 0 6253.78) (0 0 6253.78) (0 0 6253.78) (0 0 6253.78) (0 0 6253.78) (0 0 6253.78) (0 0 6253.78) (0 0 6253.78)
1400          (0 0 6253.78) (0 0 6253.78) (0 0 6253.78) (0 0 6253.78) (0 0 6253.78) (0 0 6253.78) (0 0 6253.78) (0 0 6253.78) (0 0 6253.78) (0 0 6253.78) (0 0 6253.78)
1450          (0 0 6253.78) (0 0 6253.78) (0 0 6253.78) (0 0 6253.78) (0 0 6253.78) (0 0 6253.78) (0 0 6253.78) (0 0 6253.78) (0 0 6253.78) (0 0 6253.78) (0 0 6253.78)
1500          (0 0 6253.78) (0 0 6253.78) (0 0 6253.78) (0 0 6253.78) (0 0 6253.78) (0 0 6253.78) (0 0 6253.78) (0 0 6253.78) (0 0 6253.78) (0 0 6253.78) (0 0 6253.78)
1550          (0 0 6253.78) (0 0 6253.78) (0 0 6253.78) (0 0 6253.78) (0 0 6253.78) (0 0 6253.78) (0 0 6253.78) (0 0 6253.78) (0 0 6253.78) (0 0 6253.78) (0 0 6253.78)
1600          (0 0 6253.78) (0 0 6253.78) (0 0 6253.78) (0 0 6253.78) (0 0 6253.78) (0 0 6253.78) (0 0 6253.78) (0 0 6253.78) (0 0 6253.78) (0 0 6253.78) (0 0 6253.78)
1650          (0 0 6253.78) (0 0 6253.78) (0 0 6253.78) (0 0 6253.78) (0 0 6253.78) (0 0 6253.78) (0 0 6253.78) (0 0 6253.78) (0 0 6253.78) (0 0 6253.78) (0 0 6253.78)
1700          (0 0 6253.78) (0 0 6253.78) (0 0 6253.78) (0 0 6253.78) (0 0 6253.78) (0 0 6253.78) (0 0 6253.78) (0 0 6253.78) (0 0 6253.78) (0 0 6253.78) (0 0 6253.78)
1750          (0 0 6253.78) (0 0 6253.78) (0 0 6253.78) (0 0 6253.78) (0 0 6253.78) (0 0 6253.78) (0 0 6253.78) (0 0 6253.78) (0 0 6253.78) (0 0 6253.78) (0 0 6253.78)
1800          (0 0 6253.78) (0 0 6253.78) (0 0 6253.78) (0 0 6253.78) (0 0 6253.78) (0 0 6253.78) (0 0 6253.78) (0 0 6253.78) (0 0 6253.78) (0 0 6253.78) (0 0 6253.78)
1850          (0 0 6253.78) (0 0 6253.78) (0 0 6253.78) (0 0 6253.78) (0 0 6253.78) (0 0 6253.78) (0 0 6253.78) (0 0 6253.78) (0 0 6253.78) (0 0 6253.78) (0 0 6253.78)
1900          (0 0 6253.78) (0 0 6253.78) (0 0 6253.78) (0 0 6253.78) (0 0 6253.78) (0 0 6253.78) (0 0 6253.78) (0 0 6253.78) (0 0 6253.78) (0 0 6253.78) (0 0 6253.78)
1950          (0 0 6253.78) (0 0 6253.78) (0 0 6253.78) (0 0 6253.78) (0 0 6253.78) (0 0 6253.78) (0 0 6253.78) (0 0 6253.78) (0 0 6253.78) (0 0 6253.78) (0 0 6253.78)
2000          (0 0 6253.78) (0 0 6253.78) (0 0 6253.78) (0 0 6253.78) (0 0 6253.78) (0 0 6253.78) (0 0 6253.78) (0 0 6253.78) (0 0 6253.78) (0 0 6253.78) (0 0 6253.78)
2050          (0 0 6253.78) (0 0 6253.78) (0 0 6253.78) (0 0 6253.78) (0 0 6253.78) (0 0 6253.78) (0 0 6253.78) (0 0 6253.78) (0 0 6253.78) (0 0 6253.78) (0 0 6253.78)
2100          (0 0 6253.78) (0 0 6253.78) (0 0 6253.78) (0 0 6253.78) (0 0 6253.78) (0 0 6253.78) (0 0 6253.78) (0 0 6253.78) (0 0 6253.78) (0 0 6253.78) (0 0 6253.78)
2150          (0 0 6253.78) (0 0 6253.78) (0 0 6253.78) (0 0 6253.78) (0 0 6253.78) (0 0 6253.78) (0 0 6253.78) (0 0 6253.78) (0 0 6253.78) (0 0 6253.78) (0 0 6253.78)
2200          (0 0 6253.78) (0 0 6253.78) (0 0 6253.78) (0 0 6253.78) (0 0 6253.78) (0 0 6253.78) (0 0 6253.78) (0 0 6253.78) (0 0 6253.78) (0 0 6253.78) (0 0 6253.78)
2250          (0 0 6253.78) (0 0 6253.78) (0 0 6253.78) (0 0 6253.78) (0 0 6253.78) (0 0 6253.78) (0 0 6253.78) (0 0 6253.78) (0 0 6253.78) (0 0 6253.78) (0 0 6253.78)
2300          (0 0 6253.78) (0 0 6253.78) (0 0 6253.78) (0 0 6253.78) (0 0 6253.78) (0 0 6253.78) (0 0 6253.78) (0 0 6253.78) (0 0 6253.78) (0 0 6253.78) (0 0 6253.78)
2350          (0 0 6253.78) (0 0 6253.78) (0 0 6253.78) (0 0 6253.78) (0 0 6253.78) (0 0 6253.78) (0 0 6253.78) (0 0 6253.78) (0 0 6253.78) (0 0 6253.78) (0 0 6253.78)
2400          (0 0 6253.78) (0 0 6253.78) (0 0 6253.78) (0 0 6253.78) (0 0 6253.78) (0 0 6253.78) (0 0 6253.78) (0 0 6253.78) (0 0 6253.78) (0 0 6253.78) (0 0 6253.78)
2450          (0 0 6253.78) (0 0 6253.78) (0 0 6253.78) (0 0 6253.78) (0 0 6253.78) (0 0 6253.78) (0 0 6253.78) (0 0 6253.78) (0 0 6253.78) (0 0 6253.78) (0 0 6253.78)
2500          (0 0 6253.78) (0 0 6253.78) (0 0 6253.78) (0 0 6253.78) (0 0 6253.78) (0 0 6253.78) (0 0 6253.78) (0 0 6253.78) (0 0 6253.78) (0 0 6253.78) (0 0 6253.78)
2550          (0 0 6253.78) (0 0 6253.78) (0 0 6253.78) (0 0 6253.78) (0 0 6253.78) (0 0 6253.78) (0 0 6253.78) (0 0 6253.78) (0 0 6253.78) (0 0 6253.78) (0 0 6253.78)
2600          (0 0 6253.78) (0 0 6253.78) (0 0 6253.78) (0 0 6253.78) (0 0 6253.78) (0 0 6253.78) (0 0 6253.78) (0 0 6253.78) (0 0 6253.78) (0 0 6253.78) (0 0 6253.78)
2650          (0 0 6253.78) (0 0 6253.78) (0 0 6253.78) (0 0 6253.78) (0 0 6253.78) (0 0 6253.78) (0 0 6253.78) (0 0 6253.78) (0 0 6253.78) (0 0 6253.78) (0 0 6253.78)
2700          (0 0 6253.78) (0 0 6253.78) (0 0 6253.78) (0 0 6253.78) (0 0 6253.78) (0 0 6253.78) (0 0 6253.78) (0 0 6253.78) (0 0 6253.78) (0 0 6253.78) (0 0 6253.78)
2750          (0 0 6253.78) (0 0 6253.78) (0 0 6253.78) (0 0 6253.78) (0 0 6253.78) (0 0 6253.78) (0 0 6253.78) (0 0 6253.78) (0 0 6253.78) (0 0 6253.78) (0 0 6253.78)
2800          (0 0 6253.78) (0 0 6253.78) (0 0 6253.78) (0 0 6253.78) (0 0 6253.78) (0 0 6253.78) (0 0 6253.78) (0 0 6253.78) (0 0 6253.78) (0 0 6253.78) (0 0 6253.78)
2850          (0 0 6253.78) (0 0 6253.78) (0 0 6253.78) (0 0 6253.78) (0 0 6253.78) (0 0 6253.78) (0 0 6253.78) (0 0 6253.78) (0 0 6253.78) (0 0 6253.78) (0 0 6253.78)
2900          (0 0 6253.78) (0 0 6253.78) (0 0 6253.78) (0 0 6253.78) (0 0 6253.78) (0 0 6253.78) (0 0 6253.78) (0 0 6253.78) (0 0 6253.78) (0 0 6253.78) (0 0 6253.78)
2950          (0 0 6253.78) (0 0 6253.78) (0 0 6253.78) (0 0 6253.78) (0 0 6253.78) (0 0 6253.78) (0 0 6253.78) (0 0 6253.78) (0 0 6253.78) (0 0 6253.78) (0 0 6253.78)
3000          (0 0 6253.78) (0 0 6253.78) (0 0 6253.78) (0 0 6253.78) (0 0 6253.78) (0 0 6253.78) (0 0 6253.78) (0 0 6253.78) (0 0 6253.78) (0 0 6253.78) (0 0 6253.78)
3050          (0 0 6253.78) (0 0 6253.78) (0 0 6253.78) (0 0 6253.78) (0 0 6253.78) (0 0 6253.78) (0 0 6253.78) (0 0 6253.78) (0 0 6253.78) (0 0 6253.78) (0 0 6253.78)
3100          (0 0 6253.78) (0 0 6253.78) (0 0 6253.78) (0 0 6253.78) (0 0 6253.78) (0 0 6253.78) (0 0 6253.78) (0 0 6253.78) (0 0 6253.78) (0 0 6253.78) (0 0 6253.78)
3150          (0 0 6253.78) (0 0 6253.78) (0 0 6253.78) (0 0 6253.78) (0 0 6253.78) (0 0 6253.78) (0 0 6253.78) (0 0 6253.78) (0 0 6253.78) (0 0 6253.78) (0 0 6253.78)
3200          (0 0 6253.78) (0 0 6253.78) (0 0 6253.78) (0 0 6253.78) (0 0 6253.78) (0 0 6253.78) (0 0 6253.78) (0 0 6253.78) (0 0 6253.78) (0 0 6253.78) (0 0 6253.78)
3250          (0 0 6253.78) (0 0 6253.78) (0 0 6253.78) (0 0 6253.78) (0 0 6253.78) (0 0 6253.78) (0 0 6253.78) (0 0 6253.78) (0 0 6253.78) (0 0 6253.78) (0 0 6253.78)
3300          (0 0 6253.78) (0 0 6253.78) (0 0 6253.78) (0 0 6253.78) (0 0 6253.78) (0 0 6253.78) (0 0 6253.78) (0 0 6253.78) (0 0 6253.78) (0 0 6253.78) (0 0 6253.78)
3350          (0 0 6253.78) (0 0 6253.78) (0 0 6253.78) (0 0 6253.78) (0 0 6253.78) (0 0 6253.78) (0 0 6253.78) (0 0 6253.78) (0 0 6253.78) (0 0 6253.78) (0 0 6253.78)
3400          (0 0 6253.78) (0 0 6253.78) (0 0 6253.78) (0 0 6253.78) (0 0 6253.78) (0 0 6253.78) (0 0 6253.78) (0 0 6253.78) (0 0 6253.78) (0 0 6253.78) (0 0 6253.78)
3450          (0 0 6253.78) (0 0 6253.78) (0 0 6253.78) (0 0 6253.78) (0 0 6253.78) (0 0 6253.78) (0 0 6253.78) (0 0 6253.78) (0 0 6253.78) (0 0 6253.78) (0 0 6253.78)
3500          (0 0 6253.78) (0 0 6253.78) (0 0 6253.78) (0 0 6253.78) (0 0 6253.78) (0 0 6253.78) (0 0 6253.78) (0 0 6253.78) (0 0 6253.78) (0 0 6253.78) (0 0 6253.78)
3550          (0 0 6253.78) (0 0 6253.78) (0 0 6253.78) (0 0 6253.78) (0 0 6253.78) (0 0 6253.78) (0 0 6253.78) (0 0 6253.78) (0 0 6253.78) (0 0 6253.78) (0 0 6253.78)
3600          (0 0 6253.78) (0 0 6253.78) (0 0 6253.78) (0 0 6253.78) (0 0 6253.78) (0 0 6253.78) (0 0 6253.78) (0 0 6253.78) (0 0 6253.78) (0 0 6253.78) (0 0 6253.78)
3650          (0 0 6253.78) (0 0 6253.78) (0 0 6253.78) (0 0 6253.78) (0 0 6253.78) (0 0 6253.78) (0 0 6253.78) (0 0 6253.78) (0 0 6253.78) (0 0 6253.78) (0 0 6253.78)
3700          (0 0 6253.78) (0 0 6253.78) (0 0 6253.78) (0 0 6253.78) (0 0 6253.78) (0 0 6253.78) (0 0 6253.78) (0 0 6253.78) (0 0 6253.78) (0 0 6253.78) (0 0 6253.78)
3750          (0 0 6253.78) (0 0 6253.78) (0 0 6253.78) (0 0 6253.78) (0 0 6253.78) (0 0 6253.78) (0 0 6253.78) (0 0 6253.78) (0 0 6253.78) (0 0 6253.78) (0 0 6253.78)
3800          (0 0 6253.78) (0 0 6253.78) (0 0 6253.78) (0 0 6253.78) (0 0 6253.78) (0 0 6253.78) (0 0 6253.78) (0 0 6253.78) (0 0 6253.78) (0 0 6253.78) (0 0 6253.78)
3850          (0 0 6253.78) (0 0 6253.78) (0 0 6253.78) (0 0 6253.78) (0 0 6253.78) (0 0 6253.78) (0 0 6253.78) (0 0 6253.78) (0 0 6253.78) (0 0 6253.78) (0 0 6253.78)
3900          (0 0 6253.78) (0 0 6253.78) (0 0 6253.78) (0 0 6253.78) (0 0 6253.78) (0 0 6253.78) (0 0 6253.78) (0 0 6253.78) (0 0 6253.78) (0 0 6253.78) (0 0 6253.78)
3950          (0 0 6253.78) (0 0 6253.78) (0 0 6253.78) (0 0 6253.78) (0 0 6253.78) (0 0 6253.78) (0 0 6253.78) (0 0 6253.78) (0 0 6253.78) (0 0 6253.78) (0 0 6253.78)
4000          (0 0 6253.78) (0 0 6253.78) (0 0 6253.78) (0 0 6253.78) (0 0 6253.78) (0 0 6253.78) (0 0 6253.78) (0 0 6253.78) (0 0 6253.78) (0 0 6253.78) (0 0 6253.78)
4050          (0 0 6253.78) (0 0 6253.78) (0 0 6253.78) (0 0 6253.78) (0 0 6253.78) (0 0 6253.78) (0 0 6253.78) (0 0 6253.78) (0 0 6253.78) (0 0 6253.78) (0 0 6253.78)
4100          (0 0 6253.78) (0 0 6253.78) (0 0 6253.78) (0 0 6253.78) (0 0 6253.78) (0 0 6253.78) (0 0 6253.78) (0 0 6253.78) (0 0 6253.78) (0 0 6253.78) (0 0 6253.78)
4150          (0 0 6253.78) (0 0 6253.78) (0 0 6253.78) (0 0 6253.78) (0 0 6253.78) (0 0 6253.78) (0 0 6253.78) (0 0 6253.78) (0 0 6253.78) (0 0 6253.78) (0 0 6253.78)
4200          (0 0 6253.78) (0 0 6253.78) (0 0 6253.78) (0 0 6253.78) (0 0 6253.78) (0 0 6253.78) (0 0 6253.78) (0 0 6253.78) (0 0 6253.78) (0 0 6253.78) (0 0 6253.78)
4250          (0 0 6253.78) (0 0 6253.78) (0 0 6253.78) (0 0 6253.78) (0 0 6253.78) (0 0 6253.78) (0 0 6253.78) (0 0 6253.78) (0 0 6253.78) (0 0 6253.78) (0 0 6253.78)
4300          (0 0 6253.78) (0 0 6253.78) (0 0 6253.78) (0 0 6253.78) (0 0 6253.78) (0 0 6253.78) (0 0 6253.78) (0 0 6253.78) (0 0 6253.78) (0 0 6253.78) (0 0 6253.78)
4350          (0 0 6253.78) (0 0 6253.78) (0 0 6253.78) (0 0 6253.78) (0 0 6253.78) (0 0 6253.78) (0 0 6253.78) (0 0 6253.78) (0 0 6253.78) (0 0 6253.78) (0 0 6253.78)
4400          (0 0 6253.78) (0 0 6253.78) (0 0 6253.78) (0 0 6253.78) (0 0 6253.78) (0 0 6253.78) (0 0 6253.78) (0 0 6253.78) (0 0 6253.78) (0 0 6253.78) (0 0 6253.78)
4450          (0 0 6253.78) (0 0 6253.78) (0 0 6253.78) (0 0 6253.78) (0 0 6253.78) (0 0 6253.78) (0 0 6253.78) (0 0 6253.78) (0 0 6253.78) (0 0 6253.78) (0 0 6253.78)
4500          (0 0 6253.78) (0 0 6253.78) (0 0 6253.78) (0 0 6253.78) (0 0 6253.78) (0 0 6253.78) (0 0 6253.78) (0 0 6253.78) (0 0 6253.78) (0 0 6253.78) (0 0 6253.78)
4550          (0 0 6253.78) (0 0 6253.78) (0 0 6253.78) (0 0 6253.78) (0 0 6253.78) (0 0 6253.78) (0 0 6253.78) (0 0 6253.78) (0 0 6253.78) (0 0 6253.78) (0 0 6253.78)
4600          (0 0 6253.78) (0 0 6253.78) (0 0 6253.78) (0 0 6253.78) (0 0 6253.78) (0 0 6253.78) (0 0 6253.78) (0 0 6253.78) (0 0 6253.78) (0 0 6253.78) (0 0 6253.78)
4650          (0 0 6253.78) (0 0 6253.78) (0 0 6253.78) (0 0 6253.78) (0 0 6253.78) (0 0 6253.78) (0 0 6253.78) (0 0 6253.78) (0 0 6253.78) (0 0 6253.78) (0 0 6253.78)
4700          (0 0 6253.78) (0 0 6253.78) (0 0 6253.78) (0 0 6253.78) (0 0 6253.78) (0 0 6253.78) (0 0 6253.78) (0 0 6253.78) (0 0 6253.78) (0 0 6253.78) (0 0 6253.78)
4750          (0 0 6253.78) (0 0 6253.78) (0 0 6253.78) (0 0 6253.78) (0 0 6253.78) (0 0 6253.78) (0 0 6253.78) (0 0 6253.78) (0 0 6253.78) (0 0 6253.78) (0 0 6253.78)
4800          (0 0 6253.78) (0 0 6253.78) (0 0 6253.78) (0 0 6253.78) (0 0 6253.78) (0 0 6253.78) (0 0 6253.78) (0 0 6253.78) (0 0 6253.78) (0 0 6253.78) (0 0 6253.78)
4850          (0 0 6253.78) (0 0 6253.78) (0 0 6253.78) (0 0 6253.78) (0 0 6253.78) (0 0 6253.78) (0 0 6253.78) (0 0 6253.78) (0 0 6253.78) (0 0 6253.78) (0 0 6253.78)
4900          (0 0 6253.78) (0 0 6253.78) (0 0 6253.78) (0 0 6253.78) (0 0 6253.78) (0 0 6253.78) (0 0 6253.78) (0 0 6253.78) (0 0 6253.78) (0 0 6253.78) (0 0 6253.78)
4950          (0 0 6253.78) (0 0 6253.78) (0 0 6253.78) (0 0 6253.78) (0 0 6253.78) (0 0 6253.78) (0 0 6253.78) (0 0 6253.78) (0 0 6253.78) (0 0 6253.78) (0 0 6253.78)
5000          (0 0 6253.78) (0 0 6253.78) (0 0 6253.78) (0 0 6253.78) (0 0 6253.78) (0 0 6253.78) (0 0 6253.78) (0 0 6253.78) (0 0 6253.78) (0 0 6253.78) (0 0 6253.78)
