# Probe 0 (0.0015 0.0015 0)
# Probe 1 (0.0015 0.0015 0.002)
# Probe 2 (0.0015 0.0015 0.004)
# Probe 3 (0.0015 0.0015 0.006)
# Probe 4 (0.0015 0.0015 0.008)
# Probe 5 (0.0015 0.0015 0.01)
# Probe 6 (0.0015 0.0015 0.012)
# Probe 7 (0.0015 0.0015 0.014)
# Probe 8 (0.0015 0.0015 0.016)
# Probe 9 (0.0015 0.0015 0.018)
# Probe 10 (0.0015 0.0015 0.02)
# Time        0             1             2             3             4             5             6             7             8             9             10           
50            (198.349 59.8448 33524.4) (1861.74 -108.303 26329) (-48.0573 -450.575 13197.5) (-13.9709 -160.118 4001.06) (45.0519 42.7965 871.478) (-0.533867 2.68888 460.092) (8.65233 -0.972911 81.2566) (2.67958 -9.18343 -39.0474) (1.96019 6.71374 -248.421) (-9.49523 87.3914 -653.269) (-92.0773 9.02446 -1772.16)
100           (-277.051 -47.9006 27462.9) (1595.31 -248.429 27316.4) (6.43873 -406.03 20334.9) (-34.4716 -228.45 7066.1) (83.371 78.9045 1656.3) (-1.78094 4.8919 896.557) (16.8489 -1.39877 195.221) (3.57424 -12.3436 -2.95992) (2.41407 7.48904 -274.278) (-8.18725 86.195 -703.996) (-103.092 -0.493028 -1713.57)
150           (-316.357 -71.4443 22785) (1159.56 -262.105 24374.7) (143.195 62.6537 24586.1) (-75.7822 -218.843 10612.4) (137.179 128.914 2831.38) (-4.22232 8.01747 1576.2) (29.8295 -1.93782 384.543) (4.82311 -16.8944 66.5546) (3.13794 8.32278 -296.596) (-6.97985 84.9091 -757.198) (-113.851 -10.5588 -1647.88)
200           (-299.044 -71.2548 19771.6) (958.862 -241.193 21612.2) (159.236 481.207 25158.7) (-142.702 -87.6829 13340.8) (198.107 180.127 4368.42) (-8.80384 11.5359 2535.38) (48.7489 -2.48824 673.224) (6.49318 -23.1754 182.343) (4.20739 9.16822 -310.686) (-5.96415 83.2761 -806.405) (-121.903 -18.9262 -1578.11)
250           (-278.263 -67.5431 17704.5) (842.878 -221.346 19529.1) (117.524 635.709 24115) (-193.643 81.5584 14562.6) (250.815 212.173 6098.16) (-17.1102 13.6958 3779.1) (74.772 -2.80496 1091.81) (8.65845 -31.6045 361.407) (5.73239 9.98408 -311.2) (-5.23167 81.2234 -846.245) (-126.377 -24.4324 -1506.35)
300           (-259.942 -63.6852 16177.6) (762.505 -205.347 17936.3) (95.0993 671.63 22767.4) (-209.394 187.022 14685.5) (285.108 218.495 7686.48) (-31.2705 10.4566 5234.67) (108.523 -2.3456 1674.17) (11.3818 -42.6878 625.472) (7.87851 10.7393 -291.518) (-4.86424 78.8274 -872.041) (-127.495 -27.2158 -1433.56)
350           (-244.246 -60.1949 14988.4) (702.122 -192.165 16672.7) (85.048 669.922 21497.5) (-210.144 233.802 14334.8) (302.296 212.203 8827.97) (-53.0353 -3.4145 6722.38) (149.065 -0.043792 2449.05) (14.6329 -56.7654 998.918) (10.8277 11.3987 -243.865) (-4.94265 76.2991 -879.412) (-125.808 -27.9692 -1359.7)
400           (-230.866 -57.0883 14026.2) (654.251 -181.068 15638.2) (78.9209 656.117 20370.7) (-206.605 254.137 13841.8) (307.206 205.083 9452.79) (-82.1588 -27.2238 8004.39) (192.833 5.66093 3424.06) (18.1839 -73.7253 1505.25) (14.7613 11.9241 -159.112) (-5.54076 73.8771 -863.741) (-121.851 -27.3748 -1283.92)
450           (-219.237 -54.376 13225.4) (615.048 -171.613 14770.5) (74.2216 638.094 19379.6) (-201.551 262.148 13329.3) (304.387 199.329 9687.28) (-115.381 -49.8361 8916.99) (233.687 15.6451 4564.44) (21.473 -92.8357 2159.71) (19.8496 12.2727 -26.8753) (-6.79318 71.8917 -819.563) (-115.893 -25.838 -1204.39)
500           (-209.087 -51.973 12544.4) (582.042 -163.417 14028.2) (70.352 618.979 18504.6) (-195.936 264.087 12836.1) (297.629 193.583 9692.65) (-147.253 -61.2822 9448.14) (264.624 28.2028 5781.09) (23.4435 -112.276 2960.17) (26.1337 12.3767 163.526) (-8.83356 70.5848 -740.681) (-108.028 -23.5444 -1118.47)
550           (-200.109 -49.8262 11954.7) (553.693 -156.214 13382.3) (67.0456 599.929 17725.3) (-190.191 262.678 12372.8) (289.478 187.567 9579.86) (-172.747 -63.0677 9687.12) (281.163 39.4073 6944.68) (22.554 -129.346 3876.37) (33.4711 12.1276 421.894) (-11.8283 70.1448 -619.887) (-98.1013 -20.4888 -1022.58)
600           (-192.076 -47.8901 11436.1) (528.929 -149.801 12812.1) (64.1552 581.43 17024.7) (-184.523 259.375 11940.6) (281.089 181.514 9408.74) (-190.076 -61.5808 9739.48) (283.953 46.5863 7932.68) (17.2188 -141.048 4844.36) (41.422 11.3443 754.305) (-15.9298 70.6172 -449.466) (-85.7677 -16.5601 -912.252)
650           (-184.811 -46.1286 10973.7) (506.976 -144.027 12302.2) (61.5855 563.671 16389) (-179.026 254.987 11537.6) (272.864 175.634 9209.37) (-200.423 -60.1543 9683.6) (278.076 50.1568 8676.15) (6.91421 -145.254 5775.72) (49.2184 9.75373 1159.81) (-21.2239 71.8363 -222.142) (-70.5464 -11.6004 -782.232)
700           (-178.179 -44.5125 10556.7) (487.267 -138.774 11840.9) (59.2692 546.708 15807.2) (-173.739 249.984 11160.8) (264.923 170.027 8997.11) (-205.883 -59.223 9566.45) (269.057 51.8729 9172.66) (-6.73223 -141.382 6584.73) (55.902 7.03515 1627.76) (-27.6636 73.3644 67.4066) (-51.8953 -5.4545 -626.813)
750           (-172.072 -43.0182 10176.6) (469.376 -133.952 11419.6) (57.1574 530.525 15270.3) (-168.672 244.64 10807.4) (257.292 164.718 8779.94) (-208.145 -58.4709 9413.44) (260.026 52.896 9463.93) (-20.4726 -130.33 7219.46) (60.6458 2.94183 2136.79) (-34.9929 74.4511 420.246) (-29.3242 1.97615 -440.444)
800           (-166.405 -41.6265 9826.99) (452.975 -129.489 11031.2) (55.2131 515.067 14771.3) (-163.815 239.113 10474.4) (249.961 159.691 8561.94) (-208.31 -57.6812 9238.49) (251.887 53.5975 9604.63) (-31.6421 -114.332 7674.19) (63.1584 -2.56134 2656.82) (-42.6965 74.0621 830.522) (-2.55326 10.6725 -218.775)
850           (-161.109 -40.3214 9502.73) (437.809 -125.326 10670.3) (53.4081 500.272 14304.2) (-159.153 233.509 10159.2) (242.912 154.916 8345.6) (-207.106 -56.7995 9050.45) (244.545 54.032 9644.12) (-39.5875 -96.3421 7977.58) (63.8694 -9.23573 3155.54) (-50.0603 71.0697 1284.03) (28.3207 20.4511 40.0356)
900           (-156.132 -39.0911 9199.83) (423.676 -121.42 10332.7) (51.7207 486.104 13864.7) (-154.682 227.922 9859.95) (236.137 150.369 8133.15) (-205.068 -55.85 8856.44) (237.729 54.2229 9621.09) (-45.0884 -78.8607 8171.37) (63.6178 -16.6179 3607.44) (-56.3868 64.6264 1759.79) (62.7242 30.9646 334.184)
950           (-151.437 -37.9283 8915.37) (410.427 -117.74 10015.4) (50.1352 472.568 13449.7) (-150.407 222.446 9575.73) (229.651 146.043 7927) (-202.601 -54.8786 8662.72) (231.294 54.2279 9563.71) (-49.1531 -63.2166 8294.36) (63.0948 -24.1524 4000.12) (-61.2617 54.5458 2234.69) (99.6345 41.7619 657.759)
1000          (-147.004 -36.8297 8647.43) (397.959 -114.268 9716.25) (48.6421 459.706 13057.8) (-146.344 217.177 9306.48) (223.481 141.939 7729.62) (-200.002 -53.9286 8474.64) (225.223 54.1215 9491.21) (-52.4471 -49.7151 8375.69) (62.5928 -31.3536 4334.21) (-64.6775 41.4215 2689.04) (137.743 52.3859 1001.26)
1050          (-142.827 -35.7947 8394.98) (386.213 -110.997 9434.42) (47.2368 447.577 12688.5) (-142.513 212.199 9052.67) (217.662 138.069 7543.19) (-197.47 -53.0337 8296.35) (219.555 53.9708 9415.98) (-55.3023 -38.1385 8434.75) (62.1431 -37.9219 4618.27) (-66.9354 26.3809 3110.15) (175.694 62.4673 1353.06)
1100          (-138.908 -34.8244 8157.64) (375.164 -107.926 9169.6) (45.9184 436.244 12342) (-138.934 207.579 8815) (212.225 134.445 7369.43) (-195.133 -52.216 8130.75) (214.335 53.8236 9345.52) (-57.8703 -28.1348 8483.47) (61.7206 -43.7561 4863.05) (-68.4356 10.6562 3492.54) (212.31 71.7755 1701.3)
1150          (-135.228 -33.9218 7935.56) (364.833 -105.064 8921.95) (44.6613 425.747 12018.9) (-135.645 203.23 8594.17) (207.213 131.155 7209.37) (-193.018 -51.4762 7979.54) (209.657 53.7001 9283.7) (-60.2194 -19.5319 8528.78) (61.3791 -48.8537 5077.84) (-69.5619 -4.6268 3836.12) (246.802 80.2873 2035.66)
1200          (-131.844 -33.0862 7728.89) (355.182 -102.404 8691.77) (43.5219 416.128 11719.7) (-132.604 199.433 8390.58) (202.602 128.048 7063.75) (-191.236 -50.8422 7843.5) (205.39 53.631 9232.77) (-62.3963 -11.8175 8574.02) (61.0242 -53.3659 5269.35) (-70.4321 -19.0825 4142.97) (278.467 87.8508 2348.46)
1250          (-128.735 -32.3198 7537.79) (346.241 -99.9549 8479.23) (42.4734 407.395 11444.7) (-129.84 196.06 8204.49) (198.417 125.21 6932.69) (-189.749 -50.3011 7722.81) (201.602 53.6103 9192.91) (-64.4151 -4.99392 8620.68) (60.7323 -57.3406 5441.8) (-71.2094 -32.2402 4416.35) (307.133 94.5877 2634.87)
1300          (-125.898 -31.6224 7362.42) (338.019 -97.7165 8284.44) (41.5154 399.535 11193.8) (-127.35 193.095 8035.78) (194.651 122.64 6815.8) (-188.538 -49.847 7616.88) (198.272 53.6339 9163.37) (-66.2838 1.04409 8668.79) (60.5103 -60.8469 5597.73) (-71.9439 -43.9763 4659.35) (332.759 100.563 2892.72)
1350          (-123.339 -31.0069 7202.86) (330.509 -95.6985 8107.43) (40.6419 392.518 10966.8) (-125.118 190.501 7884.02) (191.29 120.321 6712.37) (-187.563 -49.4792 7524.46) (195.384 53.6715 9142.74) (-67.976 6.32647 8717.62) (60.367 -63.9408 5738.52) (-72.6712 -54.2472 4874.77) (355.513 105.852 3121.9)
1400          (-121.032 -30.4412 7058.64) (323.722 -93.8709 7947.66) (39.8602 386.291 10762.9) (-123.142 188.265 7748.48) (188.311 118.263 6621.47) (-186.802 -49.1682 7444.76) (192.863 53.7598 9129.42) (-69.5515 11.0244 8766) (60.2668 -66.6615 5865.37) (-73.3463 -63.2534 5064.95) (375.444 110.499 3323.55)
1450          (-119.004 -29.9076 6929.24) (317.593 -92.2179 7804.53) (39.1917 380.872 10581) (-121.397 186.508 7628.2) (185.674 116.38 6542.18) (-186.256 -48.9165 7376.21) (190.609 53.9069 9122) (-71.022 15.2917 8812.88) (60.1598 -69.07 5978.95) (-73.9555 -71.1835 5232.15) (392.752 114.511 3499.73)
1500          (-117.177 -29.4648 6813.82) (312.144 -90.7688 7677.01) (38.568 376.066 10419.8) (-119.872 184.849 7522.21) (183.378 114.781 6473.28) (-185.806 -48.7124 7317.81) (188.76 54.0181 9118.85) (-72.3017 18.8663 8857.62) (60.1467 -71.1544 6080.07) (-74.5601 -77.8796 5378.62) (407.897 118.073 3652.72)
1550          (-115.566 -29.0755 6711.53) (307.307 -89.4892 7564.14) (38.0173 371.879 10277.7) (-118.541 183.437 7429.24) (181.377 113.38 6413.7) (-185.468 -48.5486 7268.08) (187.183 54.1329 9118.83) (-73.4428 21.9725 8899.47) (60.1584 -72.9704 6169.56) (-75.1185 -83.6253 5506.4) (421.014 121.171 3785.06)
1600          (-114.153 -28.7347 6621.4) (303.039 -88.3652 7464.79) (37.5335 368.245 10153) (-117.385 182.235 7348.07) (179.641 112.159 6362.33) (-185.216 -48.417 7225.82) (185.839 54.2466 9120.92) (-74.4536 24.6632 8938) (60.186 -74.5473 6248.33) (-75.6272 -88.5458 5617.49) (432.34 123.855 3899.19)
1650          (-112.919 -28.4376 6542.38) (299.292 -87.3826 7377.77) (37.1106 365.102 10044.2) (-116.383 181.216 7277.46) (178.138 111.098 6318.15) (-185.029 -48.3112 7189.92) (184.696 54.3554 9124.31) (-75.3435 26.9874 8972.99) (60.2231 -75.9127 6317.32) (-76.0855 -92.7537 5713.75) (442.097 126.176 3997.38)
1700          (-111.847 -28.1796 6473.41) (296.018 -86.5269 7301.88) (36.7423 362.39 9949.55) (-115.518 180.35 7216.26) (176.841 110.179 6280.23) (-184.891 -48.2258 7159.45) (183.723 54.4572 9128.41) (-76.1229 28.9902 9004.42) (60.2649 -77.0918 6377.47) (-76.4943 -96.3485 5796.95) (450.486 128.177 4081.7)
1750          (-110.917 -27.9562 6413.45) (293.169 -85.7845 7235.94) (36.4227 360.056 9867.49) (-114.773 179.616 7163.37) (175.725 109.385 6247.73) (-184.79 -48.1567 7133.59) (182.896 54.5507 9132.81) (-76.8022 30.7125 9032.39) (60.308 -78.1079 6429.71) (-76.856 -99.4175 5868.69) (457.687 129.899 4154.01)
1800          (-110.105 -27.741 6361.51) (290.712 -85.1313 7178.85) (36.1247 358.031 9796.52) (-114.157 178.977 7117.77) (174.773 108.732 6219.85) (-184.709 -48.0853 7111.65) (182.204 54.6481 9137.08) (-77.3971 32.2216 9057.17) (60.3584 -78.9602 6474.92) (-77.1911 -102.019 5930.47) (463.875 131.394 4215.93)
1850          (-109.416 -27.6283 6316.62) (288.574 -84.6033 7129.54) (35.8894 356.304 9735.38) (-113.594 178.372 7078.56) (173.957 108.162 6196.02) (-184.626 -48.0419 7092.99) (181.655 54.6986 9141.29) (-77.8835 33.3856 9078.87) (60.4285 -79.7036 6513.96) (-77.484 -104.168 5983.53) (469.206 132.689 4268.92)
1900          (-108.821 -27.4811 6277.91) (286.73 -84.124 7087.04) (35.6866 354.833 9682.77) (-113.121 177.936 7044.84) (173.249 107.651 6175.7) (-184.59 -48.006 7077.17) (181.139 54.7672 9145.27) (-78.3266 34.4818 9097.75) (60.4601 -80.3511 6547.6) (-77.7209 -106.088 6029) (473.721 133.771 4314.23)
1950          (-108.309 -27.3547 6244.6) (285.142 -83.7121 7050.48) (35.5123 353.576 9637.57) (-112.716 177.567 7015.93) (172.644 107.212 6158.36) (-184.564 -47.9767 7063.73) (180.7 54.8276 9148.92) (-78.7082 35.4194 9114.17) (60.4891 -80.9055 6576.52) (-77.9263 -107.724 6067.95) (477.58 134.696 4352.94)
2000          (-107.87 -27.2463 6215.99) (283.777 -83.3586 7019.09) (35.3627 352.5 9598.81) (-112.369 177.254 6991.16) (172.126 106.836 6143.56) (-184.546 -47.9526 7052.32) (180.327 54.8804 9152.22) (-79.0361 36.2207 9128.38) (60.5153 -81.3799 6601.35) (-78.1039 -109.118 6101.28) (480.877 135.487 4385.99)
2050          (-107.494 -27.1536 6191.45) (282.606 -83.0557 6992.17) (35.2346 351.582 9565.6) (-112.073 176.988 6969.97) (171.684 106.515 6130.93) (-184.533 -47.9326 7042.63) (180.01 54.9264 9155.17) (-79.3175 36.905 9140.66) (60.5386 -81.7853 6622.62) (-78.2569 -110.306 6129.78) (483.691 136.162 4414.19)
2100          (-107.172 -27.0742 6170.44) (281.603 -82.7964 6969.12) (35.125 350.798 9537.18) (-111.82 176.763 6951.85) (171.306 106.24 6120.17) (-184.523 -47.9161 7034.4) (179.741 54.9662 9157.77) (-79.5585 37.489 9151.23) (60.5593 -82.1317 6640.84) (-78.3885 -111.318 6154.13) (486.093 136.739 4438.24)
2150          (-106.897 -27.0063 6152.46) (280.745 -82.5747 6949.41) (35.0312 350.129 9512.89) (-111.604 176.571 6936.38) (170.984 106.006 6111) (-184.517 -47.9023 7027.4) (179.512 55.0006 9160.06) (-79.7648 37.9873 9160.32) (60.5775 -82.4274 6656.41) (-78.5015 -112.18 6174.91) (488.141 137.232 4458.75)
2200          (-106.662 -26.9484 6137.08) (280.011 -82.3852 6932.55) (34.9511 349.558 9492.13) (-111.419 176.409 6923.16) (170.709 105.806 6103.18) (-184.512 -47.8908 7021.45) (179.317 55.0303 9162.06) (-79.9413 38.4122 9168.12) (60.5933 -82.6796 6669.72) (-78.5984 -112.914 6192.65) (489.887 137.652 4476.24)
2250          (-106.449 -26.927 6123.95) (279.394 -82.2374 6918.15) (34.8883 349.062 9474.45) (-111.239 176.2 6911.9) (170.473 105.626 6096.53) (-184.486 -47.8953 7016.33) (179.196 55.0221 9163.84) (-80.0621 38.6709 9174.82) (60.6286 -82.8989 6681.08) (-78.6804 -113.455 6207.8) (491.404 138.029 4491.13)
2300          (-106.279 -26.8793 6112.76) (278.859 -82.0967 6905.89) (34.829 348.647 9459.35) (-111.109 176.093 6902.29) (170.274 105.481 6090.85) (-184.487 -47.8848 7012.03) (179.048 55.0487 9165.32) (-80.195 38.9942 9180.53) (60.6372 -83.0815 6690.77) (-78.7511 -114 6220.69) (492.666 138.33 4503.82)
2350          (-106.148 -26.8157 6103.21) (278.39 -81.9641 6895.43) (34.7781 348.342 9446.45) (-111.014 176.091 6894.08) (170.099 105.343 6086.02) (-184.517 -47.8704 7008.37) (178.876 55.1015 9166.57) (-80.3312 39.4256 9185.43) (60.6115 -83.2371 6699.02) (-78.7928 -114.547 6231.69) (493.694 138.565 4514.62)
2400          (-106.021 -26.7849 6095.1) (277.988 -81.8705 6886.55) (34.7468 348.056 9435.48) (-110.916 176.006 6887.14) (169.951 105.244 6081.96) (-184.53 -47.8735 7005.29) (178.747 55.1209 9167.82) (-80.4414 39.6072 9189.54) (60.6164 -83.3879 6706.05) (-78.8417 -114.984 6241) (494.607 138.779 4523.81)
2450          (-105.912 -26.7603 6088.17) (277.663 -81.785 6878.96) (34.707 347.791 9426.13) (-110.834 175.921 6881.22) (169.829 105.161 6078.45) (-184.522 -47.8646 7002.67) (178.671 55.1329 9168.74) (-80.5171 39.7945 9193.11) (60.6289 -83.4941 6712.05) (-78.891 -115.295 6248.96) (495.397 138.972 4531.63)
2500          (-105.825 -26.7452 6082.29) (277.393 -81.711 6872.49) (34.666 347.574 9418.28) (-110.773 175.832 6876.14) (169.735 105.094 6075.47) (-184.505 -47.853 7000.35) (178.628 55.1421 9169.43) (-80.5801 39.9462 9196.09) (60.6453 -83.5734 6717.12) (-78.9393 -115.51 6255.7) (496.081 139.15 4538.27)
2550          (-105.775 -26.7633 6077.32) (277.132 -81.6669 6867.05) (34.6527 347.416 9411.56) (-110.701 175.807 6871.88) (169.637 105.015 6072.94) (-184.51 -47.8525 6998.46) (178.559 55.1454 9170.08) (-80.63 40.0897 9198.63) (60.6503 -83.6567 6721.44) (-78.9632 -115.75 6261.43) (496.637 139.283 4543.91)
2600          (-105.678 -26.6974 6073.15) (276.947 -81.5987 6862.45) (34.6254 347.246 9405.94) (-110.662 175.741 6868.26) (169.57 104.966 6070.87) (-184.518 -47.8551 6996.78) (178.488 55.1621 9170.78) (-80.6945 40.1889 9200.68) (60.6459 -83.7397 6725.07) (-78.9921 -115.997 6266.21) (497.112 139.387 4548.69)
2650          (-105.633 -26.7055 6069.56) (276.777 -81.5592 6858.53) (34.6036 347.09 9401.07) (-110.608 175.709 6865.22) (169.506 104.922 6069) (-184.491 -47.8348 6995.49) (178.47 55.1597 9171.03) (-80.711 40.3002 9202.62) (60.6597 -83.7792 6728.15) (-79.023 -116.116 6270.39) (497.518 139.49 4552.71)
2700          (-105.584 -26.6785 6066.49) (276.633 -81.5154 6855.17) (34.5833 346.986 9396.94) (-110.57 175.686 6862.58) (169.442 104.861 6067.45) (-184.506 -47.8426 6994.31) (178.416 55.164 9171.52) (-80.7493 40.4038 9204.15) (60.6567 -83.8395 6730.81) (-79.0315 -116.277 6273.88) (497.861 139.567 4556.18)
2750          (-105.556 -26.7144 6063.97) (276.509 -81.5041 6852.42) (34.5786 346.865 9393.53) (-110.526 175.613 6860.44) (169.407 104.851 6066.18) (-184.48 -47.8446 6993.35) (178.424 55.1523 9171.87) (-80.7618 40.3504 9205.45) (60.6844 -83.8835 6732.99) (-79.0687 -116.332 6276.78) (498.182 139.649 4559.04)
2800          (-105.519 -26.6553 6061.77) (276.403 -81.4536 6850) (34.5621 346.797 9390.55) (-110.513 175.669 6858.53) (169.359 104.79 6065.08) (-184.514 -47.8447 6992.48) (178.343 55.1747 9172.18) (-80.807 40.5134 9206.54) (60.6579 -83.9247 6734.92) (-79.0595 -116.513 6279.3) (498.386 139.686 4561.54)
2850          (-105.485 -26.6582 6059.95) (276.323 -81.4354 6848.01) (34.5531 346.727 9388.1) (-110.489 175.608 6856.98) (169.326 104.775 6064.16) (-184.503 -47.8448 6991.76) (178.336 55.1697 9172.43) (-80.8306 40.5157 9207.47) (60.6732 -83.9482 6736.49) (-79.0701 -116.563 6281.41) (498.602 139.753 4563.6)
2900          (-105.488 -26.6832 6058.37) (276.218 -81.4325 6846.28) (34.557 346.727 9386) (-110.476 175.638 6855.6) (169.299 104.753 6063.4) (-184.525 -47.8453 6991.14) (178.293 55.1841 9172.71) (-80.8494 40.6609 9208.27) (60.6527 -83.9787 6737.83) (-79.0722 -116.703 6283.2) (498.784 139.778 4565.39)
2950          (-105.442 -26.6447 6057.05) (276.187 -81.3967 6844.82) (34.532 346.613 9384.17) (-110.461 175.578 6854.48) (169.278 104.758 6062.65) (-184.495 -47.834 6990.68) (178.312 55.1854 9172.75) (-80.8587 40.633 9208.99) (60.6763 -83.9915 6738.99) (-79.1025 -116.703 6284.77) (498.938 139.833 4566.9)
3000          (-105.419 -26.6267 6055.89) (276.136 -81.3771 6843.55) (34.5216 346.555 9382.6) (-110.45 175.563 6853.49) (169.258 104.746 6062.08) (-184.496 -47.8334 6990.25) (178.293 55.1909 9172.92) (-80.8764 40.6537 9209.57) (60.6797 -84.0133 6739.99) (-79.1116 -116.766 6286.1) (499.066 139.865 4568.21)
3050          (-105.41 -26.6512 6054.93) (276.083 -81.3791 6842.5) (34.5271 346.536 9381.33) (-110.432 175.537 6852.67) (169.244 104.734 6061.61) (-184.491 -47.8348 6989.86) (178.288 55.1827 9173.08) (-80.8818 40.6561 9210.05) (60.6835 -84.0269 6740.81) (-79.1159 -116.799 6287.19) (499.185 139.892 4569.29)
3100          (-105.4 -26.6394 6054.18) (276.043 -81.366 6841.67) (34.523 346.52 9380.31) (-110.423 175.555 6852.01) (169.227 104.715 6061.24) (-184.501 -47.837 6989.55) (178.265 55.1891 9173.21) (-80.8935 40.7079 9210.42) (60.6746 -84.0458 6741.47) (-79.116 -116.86 6288.05) (499.264 139.905 4570.15)
3150          (-105.393 -26.6284 6053.45) (276.008 -81.3527 6840.87) (34.5134 346.484 9379.32) (-110.42 175.555 6851.38) (169.21 104.699 6060.84) (-184.505 -47.8358 6989.3) (178.25 55.1949 9173.28) (-80.9083 40.7162 9210.8) (60.6811 -84.0585 6742.13) (-79.1263 -116.897 6288.87) (499.346 139.922 4570.98)
3200          (-105.36 -26.6141 6052.87) (276.009 -81.3372 6840.24) (34.4966 346.384 9378.46) (-110.415 175.485 6850.91) (169.213 104.737 6060.51) (-184.468 -47.8158 6989.13) (178.281 55.1909 9173.19) (-80.8989 40.6965 9211.16) (60.6984 -84.0492 6742.59) (-79.1505 -116.87 6289.62) (499.428 139.958 4571.65)
3250          (-105.375 -26.6295 6052.42) (275.951 -81.3448 6839.74) (34.5207 346.498 9377.95) (-110.402 175.565 6850.47) (169.193 104.686 6060.4) (-184.519 -47.8452 6988.8) (178.218 55.1995 9173.56) (-80.9259 40.802 9211.24) (60.6588 -84.088 6743) (-79.1114 -116.986 6290.06) (499.46 139.947 4572.18)
3300          (-105.382 -26.6445 6051.97) (275.924 -81.3449 6839.26) (34.509 346.438 9377.31) (-110.402 175.553 6850.11) (169.185 104.677 6060.09) (-184.51 -47.8299 6988.73) (178.228 55.193 9173.42) (-80.9145 40.8114 9211.59) (60.6714 -84.0712 6743.38) (-79.1263 -116.977 6290.61) (499.514 139.96 4572.66)
3350          (-105.361 -26.639 6051.71) (275.928 -81.3389 6838.96) (34.5095 346.416 9376.96) (-110.393 175.506 6849.89) (169.186 104.691 6059.96) (-184.491 -47.8316 6988.61) (178.246 55.1887 9173.48) (-80.919 40.7495 9211.69) (60.6864 -84.0796 6743.61) (-79.1365 -116.955 6290.93) (499.552 139.981 4572.98)
3400          (-105.356 -26.6327 6051.35) (275.908 -81.3333 6838.57) (34.5076 346.417 9376.48) (-110.393 175.511 6849.57) (169.18 104.691 6059.78) (-184.497 -47.8321 6988.44) (178.232 55.1947 9173.53) (-80.9294 40.7799 9211.84) (60.6795 -84.09 6743.92) (-79.136 -116.993 6291.34) (499.594 139.989 4573.41)
3450          (-105.351 -26.6258 6051.12) (275.898 -81.3281 6838.31) (34.5028 346.404 9376.15) (-110.394 175.508 6849.36) (169.176 104.689 6059.65) (-184.499 -47.8303 6988.33) (178.224 55.1972 9173.54) (-80.9351 40.796 9211.95) (60.679 -84.092 6744.12) (-79.1377 -117.012 6291.63) (499.622 139.996 4573.7)
3500          (-105.351 -26.6278 6051) (275.891 -81.3265 6838.18) (34.5057 346.403 9376) (-110.385 175.52 6849.25) (169.17 104.675 6059.58) (-184.499 -47.8327 6988.28) (178.223 55.1945 9173.55) (-80.9307 40.8046 9211.99) (60.676 -84.0982 6744.23) (-79.1347 -117.017 6291.77) (499.631 139.993 4573.85)
3550          (-105.35 -26.6223 6050.89) (275.883 -81.3238 6838.06) (34.5057 346.405 9375.83) (-110.39 175.524 6849.14) (169.171 104.677 6059.53) (-184.505 -47.8313 6988.21) (178.21 55.2008 9173.57) (-80.9417 40.8268 9212.03) (60.6708 -84.0997 6744.32) (-79.1326 -117.046 6291.9) (499.638 139.994 4574)
3600          (-105.347 -26.625 6050.77) (275.882 -81.3226 6837.93) (34.5014 346.392 9375.68) (-110.384 175.516 6849.04) (169.165 104.673 6059.44) (-184.499 -47.8308 6988.18) (178.22 55.1951 9173.54) (-80.9336 40.8145 9212.09) (60.6768 -84.1011 6744.42) (-79.137 -117.028 6292.05) (499.662 140.001 4574.14)
3650          (-105.345 -26.6219 6050.66) (275.872 -81.3216 6837.81) (34.5052 346.39 9375.52) (-110.385 175.515 6848.94) (169.167 104.676 6059.41) (-184.501 -47.8307 6988.1) (178.21 55.1983 9173.56) (-80.9412 40.8233 9212.1) (60.6723 -84.1053 6744.51) (-79.1343 -117.055 6292.18) (499.669 140.001 4574.3)
3700          (-105.345 -26.6219 6050.66) (275.872 -81.3216 6837.81) (34.5052 346.39 9375.52) (-110.385 175.515 6848.94) (169.167 104.676 6059.41) (-184.501 -47.8307 6988.1) (178.21 55.1983 9173.56) (-80.9412 40.8233 9212.1) (60.6723 -84.1053 6744.51) (-79.1343 -117.055 6292.18) (499.669 140.001 4574.3)
3750          (-105.345 -26.6219 6050.66) (275.872 -81.3216 6837.81) (34.5052 346.39 9375.52) (-110.385 175.515 6848.94) (169.167 104.676 6059.41) (-184.501 -47.8307 6988.1) (178.21 55.1983 9173.56) (-80.9412 40.8233 9212.1) (60.6723 -84.1053 6744.51) (-79.1343 -117.055 6292.18) (499.669 140.001 4574.3)
3800          (-105.345 -26.6219 6050.66) (275.872 -81.3216 6837.81) (34.5052 346.39 9375.52) (-110.385 175.515 6848.94) (169.167 104.676 6059.41) (-184.501 -47.8307 6988.1) (178.21 55.1983 9173.56) (-80.9412 40.8233 9212.1) (60.6723 -84.1053 6744.51) (-79.1343 -117.055 6292.18) (499.669 140.001 4574.3)
3850          (-105.345 -26.6219 6050.66) (275.872 -81.3216 6837.81) (34.5052 346.39 9375.52) (-110.385 175.515 6848.94) (169.167 104.676 6059.41) (-184.501 -47.8307 6988.1) (178.21 55.1983 9173.56) (-80.9412 40.8233 9212.1) (60.6723 -84.1053 6744.51) (-79.1343 -117.055 6292.18) (499.669 140.001 4574.3)
3900          (-105.345 -26.6219 6050.66) (275.872 -81.3216 6837.81) (34.5052 346.39 9375.52) (-110.385 175.515 6848.94) (169.167 104.676 6059.41) (-184.501 -47.8307 6988.1) (178.21 55.1983 9173.56) (-80.9412 40.8233 9212.1) (60.6723 -84.1053 6744.51) (-79.1343 -117.055 6292.18) (499.669 140.001 4574.3)
3950          (-105.345 -26.6219 6050.66) (275.872 -81.3216 6837.81) (34.5052 346.39 9375.52) (-110.385 175.515 6848.94) (169.167 104.676 6059.41) (-184.501 -47.8307 6988.1) (178.21 55.1983 9173.56) (-80.9412 40.8233 9212.1) (60.6723 -84.1053 6744.51) (-79.1343 -117.055 6292.18) (499.669 140.001 4574.3)
4000          (-105.345 -26.6219 6050.66) (275.872 -81.3216 6837.81) (34.5052 346.39 9375.52) (-110.385 175.515 6848.94) (169.167 104.676 6059.41) (-184.501 -47.8307 6988.1) (178.21 55.1983 9173.56) (-80.9412 40.8233 9212.1) (60.6723 -84.1053 6744.51) (-79.1343 -117.055 6292.18) (499.669 140.001 4574.3)
4050          (-105.345 -26.6219 6050.66) (275.872 -81.3216 6837.81) (34.5052 346.39 9375.52) (-110.385 175.515 6848.94) (169.167 104.676 6059.41) (-184.501 -47.8307 6988.1) (178.21 55.1983 9173.56) (-80.9412 40.8233 9212.1) (60.6723 -84.1053 6744.51) (-79.1343 -117.055 6292.18) (499.669 140.001 4574.3)
4100          (-105.345 -26.6219 6050.66) (275.872 -81.3216 6837.81) (34.5052 346.39 9375.52) (-110.385 175.515 6848.94) (169.167 104.676 6059.41) (-184.501 -47.8307 6988.1) (178.21 55.1983 9173.56) (-80.9412 40.8233 9212.1) (60.6723 -84.1053 6744.51) (-79.1343 -117.055 6292.18) (499.669 140.001 4574.3)
4150          (-105.345 -26.6219 6050.66) (275.872 -81.3216 6837.81) (34.5052 346.39 9375.52) (-110.385 175.515 6848.94) (169.167 104.676 6059.41) (-184.501 -47.8307 6988.1) (178.21 55.1983 9173.56) (-80.9412 40.8233 9212.1) (60.6723 -84.1053 6744.51) (-79.1343 -117.055 6292.18) (499.669 140.001 4574.3)
4200          (-105.345 -26.6219 6050.66) (275.872 -81.3216 6837.81) (34.5052 346.39 9375.52) (-110.385 175.515 6848.94) (169.167 104.676 6059.41) (-184.501 -47.8307 6988.1) (178.21 55.1983 9173.56) (-80.9412 40.8233 9212.1) (60.6723 -84.1053 6744.51) (-79.1343 -117.055 6292.18) (499.669 140.001 4574.3)
4250          (-105.345 -26.6219 6050.66) (275.872 -81.3216 6837.81) (34.5052 346.39 9375.52) (-110.385 175.515 6848.94) (169.167 104.676 6059.41) (-184.501 -47.8307 6988.1) (178.21 55.1983 9173.56) (-80.9412 40.8233 9212.1) (60.6723 -84.1053 6744.51) (-79.1343 -117.055 6292.18) (499.669 140.001 4574.3)
4300          (-105.345 -26.6219 6050.66) (275.872 -81.3216 6837.81) (34.5052 346.39 9375.52) (-110.385 175.515 6848.94) (169.167 104.676 6059.41) (-184.501 -47.8307 6988.1) (178.21 55.1983 9173.56) (-80.9412 40.8233 9212.1) (60.6723 -84.1053 6744.51) (-79.1343 -117.055 6292.18) (499.669 140.001 4574.3)
4350          (-105.345 -26.6219 6050.66) (275.872 -81.3216 6837.81) (34.5052 346.39 9375.52) (-110.385 175.515 6848.94) (169.167 104.676 6059.41) (-184.501 -47.8307 6988.1) (178.21 55.1983 9173.56) (-80.9412 40.8233 9212.1) (60.6723 -84.1053 6744.51) (-79.1343 -117.055 6292.18) (499.669 140.001 4574.3)
4400          (-105.345 -26.6219 6050.66) (275.872 -81.3216 6837.81) (34.5052 346.39 9375.52) (-110.385 175.515 6848.94) (169.167 104.676 6059.41) (-184.501 -47.8307 6988.1) (178.21 55.1983 9173.56) (-80.9412 40.8233 9212.1) (60.6723 -84.1053 6744.51) (-79.1343 -117.055 6292.18) (499.669 140.001 4574.3)
4450          (-105.345 -26.6219 6050.66) (275.872 -81.3216 6837.81) (34.5052 346.39 9375.52) (-110.385 175.515 6848.94) (169.167 104.676 6059.41) (-184.501 -47.8307 6988.1) (178.21 55.1983 9173.56) (-80.9412 40.8233 9212.1) (60.6723 -84.1053 6744.51) (-79.1343 -117.055 6292.18) (499.669 140.001 4574.3)
4500          (-105.345 -26.6219 6050.66) (275.872 -81.3216 6837.81) (34.5052 346.39 9375.52) (-110.385 175.515 6848.94) (169.167 104.676 6059.41) (-184.501 -47.8307 6988.1) (178.21 55.1983 9173.56) (-80.9412 40.8233 9212.1) (60.6723 -84.1053 6744.51) (-79.1343 -117.055 6292.18) (499.669 140.001 4574.3)
4550          (-105.345 -26.6219 6050.66) (275.872 -81.3216 6837.81) (34.5052 346.39 9375.52) (-110.385 175.515 6848.94) (169.167 104.676 6059.41) (-184.501 -47.8307 6988.1) (178.21 55.1983 9173.56) (-80.9412 40.8233 9212.1) (60.6723 -84.1053 6744.51) (-79.1343 -117.055 6292.18) (499.669 140.001 4574.3)
4600          (-105.345 -26.6219 6050.66) (275.872 -81.3216 6837.81) (34.5052 346.39 9375.52) (-110.385 175.515 6848.94) (169.167 104.676 6059.41) (-184.501 -47.8307 6988.1) (178.21 55.1983 9173.56) (-80.9412 40.8233 9212.1) (60.6723 -84.1053 6744.51) (-79.1343 -117.055 6292.18) (499.669 140.001 4574.3)
4650          (-105.345 -26.6219 6050.66) (275.872 -81.3216 6837.81) (34.5052 346.39 9375.52) (-110.385 175.515 6848.94) (169.167 104.676 6059.41) (-184.501 -47.8307 6988.1) (178.21 55.1983 9173.56) (-80.9412 40.8233 9212.1) (60.6723 -84.1053 6744.51) (-79.1343 -117.055 6292.18) (499.669 140.001 4574.3)
4700          (-105.345 -26.6219 6050.66) (275.872 -81.3216 6837.81) (34.5052 346.39 9375.52) (-110.385 175.515 6848.94) (169.167 104.676 6059.41) (-184.501 -47.8307 6988.1) (178.21 55.1983 9173.56) (-80.9412 40.8233 9212.1) (60.6723 -84.1053 6744.51) (-79.1343 -117.055 6292.18) (499.669 140.001 4574.3)
4750          (-105.345 -26.6219 6050.66) (275.872 -81.3216 6837.81) (34.5052 346.39 9375.52) (-110.385 175.515 6848.94) (169.167 104.676 6059.41) (-184.501 -47.8307 6988.1) (178.21 55.1983 9173.56) (-80.9412 40.8233 9212.1) (60.6723 -84.1053 6744.51) (-79.1343 -117.055 6292.18) (499.669 140.001 4574.3)
4800          (-105.345 -26.6219 6050.66) (275.872 -81.3216 6837.81) (34.5052 346.39 9375.52) (-110.385 175.515 6848.94) (169.167 104.676 6059.41) (-184.501 -47.8307 6988.1) (178.21 55.1983 9173.56) (-80.9412 40.8233 9212.1) (60.6723 -84.1053 6744.51) (-79.1343 -117.055 6292.18) (499.669 140.001 4574.3)
4850          (-105.345 -26.6219 6050.66) (275.872 -81.3216 6837.81) (34.5052 346.39 9375.52) (-110.385 175.515 6848.94) (169.167 104.676 6059.41) (-184.501 -47.8307 6988.1) (178.21 55.1983 9173.56) (-80.9412 40.8233 9212.1) (60.6723 -84.1053 6744.51) (-79.1343 -117.055 6292.18) (499.669 140.001 4574.3)
4900          (-105.345 -26.6219 6050.66) (275.872 -81.3216 6837.81) (34.5052 346.39 9375.52) (-110.385 175.515 6848.94) (169.167 104.676 6059.41) (-184.501 -47.8307 6988.1) (178.21 55.1983 9173.56) (-80.9412 40.8233 9212.1) (60.6723 -84.1053 6744.51) (-79.1343 -117.055 6292.18) (499.669 140.001 4574.3)
4950          (-105.345 -26.6219 6050.66) (275.872 -81.3216 6837.81) (34.5052 346.39 9375.52) (-110.385 175.515 6848.94) (169.167 104.676 6059.41) (-184.501 -47.8307 6988.1) (178.21 55.1983 9173.56) (-80.9412 40.8233 9212.1) (60.6723 -84.1053 6744.51) (-79.1343 -117.055 6292.18) (499.669 140.001 4574.3)
5000          (-105.345 -26.6219 6050.66) (275.872 -81.3216 6837.81) (34.5052 346.39 9375.52) (-110.385 175.515 6848.94) (169.167 104.676 6059.41) (-184.501 -47.8307 6988.1) (178.21 55.1983 9173.56) (-80.9412 40.8233 9212.1) (60.6723 -84.1053 6744.51) (-79.1343 -117.055 6292.18) (499.669 140.001 4574.3)
