# Probe 0 (0.0015 0.0015 0)
# Probe 1 (0.0015 0.0015 0.002)
# Probe 2 (0.0015 0.0015 0.004)
# Probe 3 (0.0015 0.0015 0.006)
# Probe 4 (0.0015 0.0015 0.008)
# Probe 5 (0.0015 0.0015 0.01)
# Probe 6 (0.0015 0.0015 0.012)
# Probe 7 (0.0015 0.0015 0.014)
# Probe 8 (0.0015 0.0015 0.016)
# Probe 9 (0.0015 0.0015 0.018)
# Probe 10 (0.0015 0.0015 0.02)
# Time        0             1             2             3             4             5             6             7             8             9             10           
50            0.00167622    0.00167622    0.00167622    0.00167622    0.00167622    0.00167622    0.00167622    0.00167622    0.00167622    0.00167622    0.00167622   
100           0.00167622    0.00167622    0.00167622    0.00167622    0.00167622    0.00167622    0.00167622    0.00167622    0.00167622    0.00167622    0.00167622   
150           0.00167622    0.00167622    0.00167622    0.00167622    0.00167622    0.00167622    0.00167622    0.00167622    0.00167622    0.00167622    0.00167622   
200           0.00167622    0.00167622    0.00167622    0.00167622    0.00167622    0.00167622    0.00167622    0.00167622    0.00167622    0.00167622    0.00167622   
250           0.00167622    0.00167622    0.00167622    0.00167622    0.00167622    0.00167622    0.00167622    0.00167622    0.00167622    0.00167622    0.00167622   
300           0.00167622    0.00167622    0.00167622    0.00167622    0.00167622    0.00167622    0.00167622    0.00167622    0.00167622    0.00167622    0.00167622   
350           0.00167622    0.00167622    0.00167622    0.00167622    0.00167622    0.00167622    0.00167622    0.00167622    0.00167622    0.00167622    0.00167622   
400           0.00167622    0.00167622    0.00167622    0.00167622    0.00167622    0.00167622    0.00167622    0.00167622    0.00167622    0.00167622    0.00167622   
450           0.00167622    0.00167622    0.00167622    0.00167622    0.00167622    0.00167622    0.00167622    0.00167622    0.00167622    0.00167622    0.00167622   
500           0.00167622    0.00167622    0.00167622    0.00167622    0.00167622    0.00167622    0.00167622    0.00167622    0.00167622    0.00167622    0.00167622   
550           0.00167622    0.00167622    0.00167622    0.00167622    0.00167622    0.00167622    0.00167622    0.00167622    0.00167622    0.00167622    0.00167622   
600           0.00167622    0.00167622    0.00167622    0.00167622    0.00167622    0.00167622    0.00167622    0.00167622    0.00167622    0.00167622    0.00167622   
650           0.00167622    0.00167622    0.00167622    0.00167622    0.00167622    0.00167622    0.00167622    0.00167622    0.00167622    0.00167622    0.00167622   
700           0.00167622    0.00167622    0.00167622    0.00167622    0.00167622    0.00167622    0.00167622    0.00167622    0.00167622    0.00167622    0.00167622   
750           0.00167622    0.00167622    0.00167622    0.00167622    0.00167622    0.00167622    0.00167622    0.00167622    0.00167622    0.00167622    0.00167622   
800           0.00167622    0.00167622    0.00167622    0.00167622    0.00167622    0.00167622    0.00167622    0.00167622    0.00167622    0.00167622    0.00167622   
850           0.00167622    0.00167622    0.00167622    0.00167622    0.00167622    0.00167622    0.00167622    0.00167622    0.00167622    0.00167622    0.00167622   
900           0.00167622    0.00167622    0.00167622    0.00167622    0.00167622    0.00167622    0.00167622    0.00167622    0.00167622    0.00167622    0.00167622   
950           0.00167622    0.00167622    0.00167622    0.00167622    0.00167622    0.00167622    0.00167622    0.00167622    0.00167622    0.00167622    0.00167622   
1000          0.00167622    0.00167622    0.00167622    0.00167622    0.00167622    0.00167622    0.00167622    0.00167622    0.00167622    0.00167622    0.00167622   
1050          0.00167622    0.00167622    0.00167622    0.00167622    0.00167622    0.00167622    0.00167622    0.00167622    0.00167622    0.00167622    0.00167622   
1100          0.00167622    0.00167622    0.00167622    0.00167622    0.00167622    0.00167622    0.00167622    0.00167622    0.00167622    0.00167622    0.00167622   
1150          0.00167622    0.00167622    0.00167622    0.00167622    0.00167622    0.00167622    0.00167622    0.00167622    0.00167622    0.00167622    0.00167622   
1200          0.00167622    0.00167622    0.00167622    0.00167622    0.00167622    0.00167622    0.00167622    0.00167622    0.00167622    0.00167622    0.00167622   
1250          0.00167622    0.00167622    0.00167622    0.00167622    0.00167622    0.00167622    0.00167622    0.00167622    0.00167622    0.00167622    0.00167622   
1300          0.00167622    0.00167622    0.00167622    0.00167622    0.00167622    0.00167622    0.00167622    0.00167622    0.00167622    0.00167622    0.00167622   
1350          0.00167622    0.00167622    0.00167622    0.00167622    0.00167622    0.00167622    0.00167622    0.00167622    0.00167622    0.00167622    0.00167622   
1400          0.00167622    0.00167622    0.00167622    0.00167622    0.00167622    0.00167622    0.00167622    0.00167622    0.00167622    0.00167622    0.00167622   
1450          0.00167622    0.00167622    0.00167622    0.00167622    0.00167622    0.00167622    0.00167622    0.00167622    0.00167622    0.00167622    0.00167622   
1500          0.00167622    0.00167622    0.00167622    0.00167622    0.00167622    0.00167622    0.00167622    0.00167622    0.00167622    0.00167622    0.00167622   
1550          0.00167622    0.00167622    0.00167622    0.00167622    0.00167622    0.00167622    0.00167622    0.00167622    0.00167622    0.00167622    0.00167622   
1600          0.00167622    0.00167622    0.00167622    0.00167622    0.00167622    0.00167622    0.00167622    0.00167622    0.00167622    0.00167622    0.00167622   
1650          0.00167622    0.00167622    0.00167622    0.00167622    0.00167622    0.00167622    0.00167622    0.00167622    0.00167622    0.00167622    0.00167622   
1700          0.00167622    0.00167622    0.00167622    0.00167622    0.00167622    0.00167622    0.00167622    0.00167622    0.00167622    0.00167622    0.00167622   
1750          0.00167622    0.00167622    0.00167622    0.00167622    0.00167622    0.00167622    0.00167622    0.00167622    0.00167622    0.00167622    0.00167622   
1800          0.00167622    0.00167622    0.00167622    0.00167622    0.00167622    0.00167622    0.00167622    0.00167622    0.00167622    0.00167622    0.00167622   
1850          0.00167622    0.00167622    0.00167622    0.00167622    0.00167622    0.00167622    0.00167622    0.00167622    0.00167622    0.00167622    0.00167622   
1900          0.00167622    0.00167622    0.00167622    0.00167622    0.00167622    0.00167622    0.00167622    0.00167622    0.00167622    0.00167622    0.00167622   
1950          0.00167622    0.00167622    0.00167622    0.00167622    0.00167622    0.00167622    0.00167622    0.00167622    0.00167622    0.00167622    0.00167622   
2000          0.00167622    0.00167622    0.00167622    0.00167622    0.00167622    0.00167622    0.00167622    0.00167622    0.00167622    0.00167622    0.00167622   
2050          0.00167622    0.00167622    0.00167622    0.00167622    0.00167622    0.00167622    0.00167622    0.00167622    0.00167622    0.00167622    0.00167622   
2100          0.00167622    0.00167622    0.00167622    0.00167622    0.00167622    0.00167622    0.00167622    0.00167622    0.00167622    0.00167622    0.00167622   
2150          0.00167622    0.00167622    0.00167622    0.00167622    0.00167622    0.00167622    0.00167622    0.00167622    0.00167622    0.00167622    0.00167622   
2200          0.00167622    0.00167622    0.00167622    0.00167622    0.00167622    0.00167622    0.00167622    0.00167622    0.00167622    0.00167622    0.00167622   
2250          0.00167622    0.00167622    0.00167622    0.00167622    0.00167622    0.00167622    0.00167622    0.00167622    0.00167622    0.00167622    0.00167622   
2300          0.00167622    0.00167622    0.00167622    0.00167622    0.00167622    0.00167622    0.00167622    0.00167622    0.00167622    0.00167622    0.00167622   
2350          0.00167622    0.00167622    0.00167622    0.00167622    0.00167622    0.00167622    0.00167622    0.00167622    0.00167622    0.00167622    0.00167622   
2400          0.00167622    0.00167622    0.00167622    0.00167622    0.00167622    0.00167622    0.00167622    0.00167622    0.00167622    0.00167622    0.00167622   
2450          0.00167622    0.00167622    0.00167622    0.00167622    0.00167622    0.00167622    0.00167622    0.00167622    0.00167622    0.00167622    0.00167622   
2500          0.00167622    0.00167622    0.00167622    0.00167622    0.00167622    0.00167622    0.00167622    0.00167622    0.00167622    0.00167622    0.00167622   
2550          0.00167622    0.00167622    0.00167622    0.00167622    0.00167622    0.00167622    0.00167622    0.00167622    0.00167622    0.00167622    0.00167622   
2600          0.00167622    0.00167622    0.00167622    0.00167622    0.00167622    0.00167622    0.00167622    0.00167622    0.00167622    0.00167622    0.00167622   
2650          0.00167622    0.00167622    0.00167622    0.00167622    0.00167622    0.00167622    0.00167622    0.00167622    0.00167622    0.00167622    0.00167622   
2700          0.00167622    0.00167622    0.00167622    0.00167622    0.00167622    0.00167622    0.00167622    0.00167622    0.00167622    0.00167622    0.00167622   
2750          0.00167622    0.00167622    0.00167622    0.00167622    0.00167622    0.00167622    0.00167622    0.00167622    0.00167622    0.00167622    0.00167622   
2800          0.00167622    0.00167622    0.00167622    0.00167622    0.00167622    0.00167622    0.00167622    0.00167622    0.00167622    0.00167622    0.00167622   
2850          0.00167622    0.00167622    0.00167622    0.00167622    0.00167622    0.00167622    0.00167622    0.00167622    0.00167622    0.00167622    0.00167622   
2900          0.00167622    0.00167622    0.00167622    0.00167622    0.00167622    0.00167622    0.00167622    0.00167622    0.00167622    0.00167622    0.00167622   
2950          0.00167622    0.00167622    0.00167622    0.00167622    0.00167622    0.00167622    0.00167622    0.00167622    0.00167622    0.00167622    0.00167622   
3000          0.00167622    0.00167622    0.00167622    0.00167622    0.00167622    0.00167622    0.00167622    0.00167622    0.00167622    0.00167622    0.00167622   
3050          0.00167622    0.00167622    0.00167622    0.00167622    0.00167622    0.00167622    0.00167622    0.00167622    0.00167622    0.00167622    0.00167622   
3100          0.00167622    0.00167622    0.00167622    0.00167622    0.00167622    0.00167622    0.00167622    0.00167622    0.00167622    0.00167622    0.00167622   
3150          0.00167622    0.00167622    0.00167622    0.00167622    0.00167622    0.00167622    0.00167622    0.00167622    0.00167622    0.00167622    0.00167622   
3200          0.00167622    0.00167622    0.00167622    0.00167622    0.00167622    0.00167622    0.00167622    0.00167622    0.00167622    0.00167622    0.00167622   
3250          0.00167622    0.00167622    0.00167622    0.00167622    0.00167622    0.00167622    0.00167622    0.00167622    0.00167622    0.00167622    0.00167622   
3300          0.00167622    0.00167622    0.00167622    0.00167622    0.00167622    0.00167622    0.00167622    0.00167622    0.00167622    0.00167622    0.00167622   
3350          0.00167622    0.00167622    0.00167622    0.00167622    0.00167622    0.00167622    0.00167622    0.00167622    0.00167622    0.00167622    0.00167622   
3400          0.00167622    0.00167622    0.00167622    0.00167622    0.00167622    0.00167622    0.00167622    0.00167622    0.00167622    0.00167622    0.00167622   
3450          0.00167622    0.00167622    0.00167622    0.00167622    0.00167622    0.00167622    0.00167622    0.00167622    0.00167622    0.00167622    0.00167622   
3500          0.00167622    0.00167622    0.00167622    0.00167622    0.00167622    0.00167622    0.00167622    0.00167622    0.00167622    0.00167622    0.00167622   
3550          0.00167622    0.00167622    0.00167622    0.00167622    0.00167622    0.00167622    0.00167622    0.00167622    0.00167622    0.00167622    0.00167622   
3600          0.00167622    0.00167622    0.00167622    0.00167622    0.00167622    0.00167622    0.00167622    0.00167622    0.00167622    0.00167622    0.00167622   
3650          0.00167622    0.00167622    0.00167622    0.00167622    0.00167622    0.00167622    0.00167622    0.00167622    0.00167622    0.00167622    0.00167622   
3700          0.00167622    0.00167622    0.00167622    0.00167622    0.00167622    0.00167622    0.00167622    0.00167622    0.00167622    0.00167622    0.00167622   
3750          0.00167622    0.00167622    0.00167622    0.00167622    0.00167622    0.00167622    0.00167622    0.00167622    0.00167622    0.00167622    0.00167622   
3800          0.00167622    0.00167622    0.00167622    0.00167622    0.00167622    0.00167622    0.00167622    0.00167622    0.00167622    0.00167622    0.00167622   
3850          0.00167622    0.00167622    0.00167622    0.00167622    0.00167622    0.00167622    0.00167622    0.00167622    0.00167622    0.00167622    0.00167622   
3900          0.00167622    0.00167622    0.00167622    0.00167622    0.00167622    0.00167622    0.00167622    0.00167622    0.00167622    0.00167622    0.00167622   
3950          0.00167622    0.00167622    0.00167622    0.00167622    0.00167622    0.00167622    0.00167622    0.00167622    0.00167622    0.00167622    0.00167622   
4000          0.00167622    0.00167622    0.00167622    0.00167622    0.00167622    0.00167622    0.00167622    0.00167622    0.00167622    0.00167622    0.00167622   
4050          0.00167622    0.00167622    0.00167622    0.00167622    0.00167622    0.00167622    0.00167622    0.00167622    0.00167622    0.00167622    0.00167622   
4100          0.00167622    0.00167622    0.00167622    0.00167622    0.00167622    0.00167622    0.00167622    0.00167622    0.00167622    0.00167622    0.00167622   
4150          0.00167622    0.00167622    0.00167622    0.00167622    0.00167622    0.00167622    0.00167622    0.00167622    0.00167622    0.00167622    0.00167622   
4200          0.00167622    0.00167622    0.00167622    0.00167622    0.00167622    0.00167622    0.00167622    0.00167622    0.00167622    0.00167622    0.00167622   
4250          0.00167622    0.00167622    0.00167622    0.00167622    0.00167622    0.00167622    0.00167622    0.00167622    0.00167622    0.00167622    0.00167622   
4300          0.00167622    0.00167622    0.00167622    0.00167622    0.00167622    0.00167622    0.00167622    0.00167622    0.00167622    0.00167622    0.00167622   
4350          0.00167622    0.00167622    0.00167622    0.00167622    0.00167622    0.00167622    0.00167622    0.00167622    0.00167622    0.00167622    0.00167622   
4400          0.00167622    0.00167622    0.00167622    0.00167622    0.00167622    0.00167622    0.00167622    0.00167622    0.00167622    0.00167622    0.00167622   
4450          0.00167622    0.00167622    0.00167622    0.00167622    0.00167622    0.00167622    0.00167622    0.00167622    0.00167622    0.00167622    0.00167622   
4500          0.00167622    0.00167622    0.00167622    0.00167622    0.00167622    0.00167622    0.00167622    0.00167622    0.00167622    0.00167622    0.00167622   
4550          0.00167622    0.00167622    0.00167622    0.00167622    0.00167622    0.00167622    0.00167622    0.00167622    0.00167622    0.00167622    0.00167622   
4600          0.00167622    0.00167622    0.00167622    0.00167622    0.00167622    0.00167622    0.00167622    0.00167622    0.00167622    0.00167622    0.00167622   
4650          0.00167622    0.00167622    0.00167622    0.00167622    0.00167622    0.00167622    0.00167622    0.00167622    0.00167622    0.00167622    0.00167622   
4700          0.00167622    0.00167622    0.00167622    0.00167622    0.00167622    0.00167622    0.00167622    0.00167622    0.00167622    0.00167622    0.00167622   
4750          0.00167622    0.00167622    0.00167622    0.00167622    0.00167622    0.00167622    0.00167622    0.00167622    0.00167622    0.00167622    0.00167622   
4800          0.00167622    0.00167622    0.00167622    0.00167622    0.00167622    0.00167622    0.00167622    0.00167622    0.00167622    0.00167622    0.00167622   
4850          0.00167622    0.00167622    0.00167622    0.00167622    0.00167622    0.00167622    0.00167622    0.00167622    0.00167622    0.00167622    0.00167622   
4900          0.00167622    0.00167622    0.00167622    0.00167622    0.00167622    0.00167622    0.00167622    0.00167622    0.00167622    0.00167622    0.00167622   
4950          0.00167622    0.00167622    0.00167622    0.00167622    0.00167622    0.00167622    0.00167622    0.00167622    0.00167622    0.00167622    0.00167622   
5000          0.00167622    0.00167622    0.00167622    0.00167622    0.00167622    0.00167622    0.00167622    0.00167622    0.00167622    0.00167622    0.00167622   
