# Probe 0 (0.0015 0.0015 0)
# Probe 1 (0.0015 0.0015 0.002)
# Probe 2 (0.0015 0.0015 0.004)
# Probe 3 (0.0015 0.0015 0.006)
# Probe 4 (0.0015 0.0015 0.008)
# Probe 5 (0.0015 0.0015 0.01)
# Probe 6 (0.0015 0.0015 0.012)
# Probe 7 (0.0015 0.0015 0.014)
# Probe 8 (0.0015 0.0015 0.016)
# Probe 9 (0.0015 0.0015 0.018)
# Probe 10 (0.0015 0.0015 0.02)
# Time        0             1             2             3             4             5             6             7             8             9             10           
50            (-67.5367 -67.5367 -3.12091e+07) (29.6837 29.6837 -1.91472e+07) (-4.17099 -4.17099 -7.89196e+06) (5.54895 5.54895 -3.34524e+06) (4.25692 4.25692 -1.73148e+06) (1.00253 1.00253 -1.21981e+06) (0.225991 0.225991 -1.14977e+06) (-0.292602 -0.292602 -1.39871e+06) (-0.640977 -0.640976 -2.18765e+06) (-3.49398 -3.49398 -4.1105e+06) (-5.35141 -5.35141 -8.01853e+06)
100           (35.5775 35.5775 -2.14145e+07) (10.1354 10.1354 -2.09585e+07) (14.2496 14.2496 -1.20669e+07) (-1.04436 -1.04436 -6.0368e+06) (-1.24082 -1.24082 -3.0652e+06) (2.95555 2.95555 -1.85695e+06) (1.43563 1.43563 -1.54681e+06) (-2.60791 -2.60791 -1.80863e+06) (-3.96106 -3.96106 -2.65814e+06) (-2.07287 -2.07287 -4.23573e+06) (3.17777 3.17777 -6.41493e+06)
150           (69.8986 69.8986 -1.68169e+07) (-8.05465 -8.05465 -1.97279e+07) (-13.953 -13.953 -1.38594e+07) (-6.79058 -6.79058 -8.29621e+06) (-2.30869 -2.30869 -4.63213e+06) (0.197124 0.197124 -2.77664e+06) (1.06967 1.06967 -2.11707e+06) (2.21154 2.21154 -2.23389e+06) (3.13303 3.13303 -2.94995e+06) (4.90452 4.90452 -4.15413e+06) (3.55851 3.55851 -5.52176e+06)
200           (4.91732 4.91732 -1.40596e+07) (-5.13615 -5.13615 -1.83784e+07) (-5.98945 -5.98945 -1.42788e+07) (-2.55383 -2.55383 -9.75652e+06) (-2.22927 -2.22927 -6.07569e+06) (-0.315581 -0.315581 -3.81108e+06) (1.21219 1.21219 -2.79228e+06) (1.3435 1.3435 -2.66665e+06) (0.39671 0.39671 -3.15973e+06) (2.81145 2.81145 -4.03788e+06) (-1.28792 -1.28792 -4.94436e+06)
250           (66.4696 66.4696 -1.21786e+07) (26.9694 26.9694 -1.72604e+07) (-1.44126 -1.44126 -1.41836e+07) (0.864641 0.864641 -1.0572e+07) (-3.92338 -3.92338 -7.2255e+06) (-1.56932 -1.56932 -4.81706e+06) (-2.12276 -2.12276 -3.51049e+06) (-1.80136 -1.80136 -3.11431e+06) (-4.65109 -4.65109 -3.35332e+06) (11.4719 11.4719 -3.94841e+06) (9.75326 9.75326 -4.55211e+06)
300           (27.3517 27.3517 -1.07972e+07) (-22.1849 -22.1849 -1.63585e+07) (-26.1547 -26.1547 -1.39239e+07) (-17.9389 -17.9389 -1.09926e+07) (-10.7676 -10.7676 -8.06722e+06) (-3.07329 -3.07329 -5.70503e+06) (1.72694 1.72694 -4.21556e+06) (4.44324 4.44324 -3.57096e+06) (2.69423 2.69423 -3.55801e+06) (4.57167 4.57167 -3.90392e+06) (6.66047 6.66047 -4.28485e+06)
350           (5.51294 5.51294 -9.73468e+06) (69.198 69.198 -1.56248e+07) (69.9007 69.9007 -1.36241e+07) (52.6198 52.6198 -1.11917e+07) (32.281 32.281 -8.65767e+06) (11.3646 11.3646 -6.44053e+06) (-4.28927 -4.28927 -4.86767e+06) (-11.8386 -11.8386 -4.02384e+06) (-10.1641 -10.1641 -3.78107e+06) (-4.29965 -4.29965 -3.90654e+06) (-4.52648 -4.52648 -4.11053e+06)
400           (45.0178 45.0178 -8.89097e+06) (-72.0458 -72.0458 -1.502e+07) (-73.5231 -73.5231 -1.33288e+07) (-70.8484 -70.8484 -1.12682e+07) (-51.4692 -51.4692 -9.06503e+06) (-28.8479 -28.8479 -7.02718e+06) (-9.99971 -9.99971 -5.44466e+06) (1.01364 1.01364 -4.45853e+06) (8.54935 8.54935 -4.0202e+06) (6.87501 6.87501 -3.95254e+06) (8.57659 8.57659 -4.0092e+06)
450           (13.0501 13.0501 -8.20428e+06) (-63.1173 -63.1173 -1.45148e+07) (-73.0284 -73.0284 -1.30535e+07) (-69.504 -69.504 -1.12758e+07) (-55.771 -55.771 -9.34412e+06) (-34.4166 -34.4166 -7.48593e+06) (-14.4856 -14.4856 -5.94021e+06) (-1.09258 -1.09258 -4.86418e+06) (6.2525 6.2525 -4.26891e+06) (7.16513 7.16513 -4.03593e+06) (4.27627 4.27627 -3.96692e+06)
500           (-39.3216 -39.3216 -7.63501e+06) (32.4906 32.4906 -1.40877e+07) (37.1107 37.1107 -1.28024e+07) (35.4938 35.4938 -1.12445e+07) (31.6972 31.6972 -9.534e+06) (24.1213 24.1213 -7.84127e+06) (14.692 14.692 -6.35771e+06) (5.61965 5.61965 -5.2344e+06) (1.21557 1.21557 -4.52016e+06) (-0.161216 -0.161216 -4.14926e+06) (-3.36619 -3.36619 -3.97313e+06)
550           (-30.7016 -30.7016 -7.15629e+06) (28.1618 28.1618 -1.37223e+07) (30.9918 30.9918 -1.25748e+07) (30.8648 30.8648 -1.11907e+07) (27.9871 27.9871 -9.66079e+06) (22.065 22.065 -8.11495e+06) (14.4821 14.4821 -6.70509e+06) (7.10554 7.10554 -5.56642e+06) (2.98839 2.98839 -4.76767e+06) (0.0735622 0.0735622 -4.28559e+06) (-0.605679 -0.605679 -4.01894e+06)
600           (-25.1852 -25.1852 -6.74836e+06) (22.4179 22.4179 -1.34068e+07) (24.7207 24.7207 -1.23693e+07) (25.0809 25.0809 -1.11247e+07) (23.3123 23.3123 -9.74333e+06) (18.9847 18.9847 -8.32571e+06) (13.2449 13.2449 -6.99261e+06) (7.56388 7.56388 -5.86084e+06) (4.12074 4.12074 -5.00675e+06) (0.288139 0.288139 -4.43836e+06) (1.51121 1.51121 -4.0967e+06)
650           (-20.5258 -20.5258 -6.39684e+06) (17.772 17.772 -1.31318e+07) (19.4466 19.4466 -1.21835e+07) (20.06 20.06 -1.10526e+07) (19.0774 19.0774 -9.79442e+06) (15.9572 15.9572 -8.48807e+06) (11.6384 11.6384 -7.2302e+06) (7.34082 7.34082 -6.12007e+06) (4.63649 4.63649 -5.23422e+06) (0.394497 0.394497 -4.60188e+06) (2.9918 2.9918 -4.19966e+06)
700           (-16.6337 -16.6337 -6.09096e+06) (14.0232 14.0232 -1.28902e+07) (15.0211 15.0211 -1.20151e+07) (15.7568 15.7568 -1.09781e+07) (15.3055 15.3055 -9.82307e+06) (13.0988 13.0988 -8.61325e+06) (9.87676 9.87676 -7.42677e+06) (6.67441 6.67441 -6.34753e+06) (4.69213 4.69213 -5.44826e+06) (0.344385 0.344385 -4.77141e+06) (3.91657 3.91657 -4.32183e+06)
750           (-19.5266 -19.5266 -5.82246e+06) (12.5115 12.5115 -1.26761e+07) (13.0944 13.0944 -1.18623e+07) (14.266 14.266 -1.09035e+07) (14.2224 14.2224 -9.8357e+06) (12.3502 12.3502 -8.7099e+06) (9.52862 9.52862 -7.59002e+06) (6.47468 6.47468 -6.54703e+06) (5.20438 5.20438 -5.64807e+06) (0.395498 0.395498 -4.94306e+06) (5.48354 5.48354 -4.45793e+06)
800           (63.037 63.037 -5.58512e+06) (65.629 65.629 -1.24849e+07) (73.904 73.904 -1.1723e+07) (80.7085 80.7085 -1.08303e+07) (79.2403 79.2403 -9.83688e+06) (69.9176 69.9176 -8.7846e+06) (54.5738 54.5738 -7.72629e+06) (35.7847 35.7847 -6.72231e+06) (20.1374 20.1374 -5.8336e+06) (3.87288 3.87288 -5.11371e+06) (-6.99155 -6.99155 -4.60318e+06)
850           (73.6487 73.6487 -5.37339e+06) (65.0327 65.0327 -1.23139e+07) (70.7319 70.7319 -1.15958e+07) (80.7123 80.7123 -1.07594e+07) (80.0833 80.0833 -9.83008e+06) (72.5608 72.5608 -8.84244e+06) (58.5769 58.5769 -7.84079e+06) (39.9389 39.9389 -6.87688e+06) (22.8328 22.8328 -6.00563e+06) (4.62317 4.62317 -5.28111e+06) (-9.0798 -9.0798 -4.75398e+06)
900           (-35.4808 -35.4808 -5.18326e+06) (3.97644 3.97644 -1.21601e+07) (5.12986 5.12986 -1.14793e+07) (2.52402 2.52402 -1.06915e+07) (1.05309 1.05309 -9.81787e+06) (4.10034 4.10034 -8.88744e+06) (10.3464 10.3464 -7.93784e+06) (10.7842 10.7842 -7.01376e+06) (5.41964 5.41964 -6.16478e+06) (6.71853 6.71853 -5.4433e+06) (18.767 18.767 -4.90715e+06)
950           (-11.9005 -11.9005 -5.01231e+06) (-25.5703 -25.5703 -1.20206e+07) (-31.0151 -31.0151 -1.13722e+07) (-35.5553 -35.5553 -1.06267e+07) (-36.9016 -36.9016 -9.8017e+06) (-35.2126 -35.2126 -8.92221e+06) (-30.8033 -30.8033 -8.02042e+06) (-24.1564 -24.1564 -7.13527e+06) (-15.7753 -15.7753 -6.31149e+06) (-3.24183 -3.24183 -5.59925e+06) (-2.6289 -2.6289 -5.06002e+06)
1000          (0.0640863 0.0640864 -4.85747e+06) (-15.8221 -15.8221 -1.18937e+07) (-16.2241 -16.2241 -1.12738e+07) (-17.5656 -17.5656 -1.05653e+07) (-18.4776 -18.4776 -9.7833e+06) (-18.4936 -18.4936 -8.94936e+06) (-17.3956 -17.3956 -8.09143e+06) (-15.0872 -15.0872 -7.2438e+06) (-11.6426 -11.6426 -6.44694e+06) (-3.48524 -3.48524 -5.74834e+06) (-7.89254 -7.89254 -5.21041e+06)
1050          (9.53177 9.53177 -4.71693e+06) (-9.7114 -9.7114 -1.17777e+07) (-14.9187 -14.9187 -1.11831e+07) (-19.9508 -19.9508 -1.05074e+07) (-22.0868 -22.0868 -9.76357e+06) (-21.6211 -21.6211 -8.97059e+06) (-18.9657 -18.9657 -8.15299e+06) (-14.7043 -14.7043 -7.34124e+06) (-9.59955 -9.59955 -6.57204e+06) (-1.03752 -1.03752 -5.89003e+06) (-8.06826 -8.06826 -5.35666e+06)
1100          (1.77327 1.77327 -4.58853e+06) (-15.8652 -15.8652 -1.16718e+07) (-14.3045 -14.3045 -1.10996e+07) (-13.7311 -13.7311 -1.04528e+07) (-13.7139 -13.7139 -9.74322e+06) (-13.8836 -13.8836 -8.9873e+06) (-13.7279 -13.7279 -8.20686e+06) (-12.6819 -12.6819 -7.42917e+06) (-10.3702 -10.3702 -6.68765e+06) (-3.43236 -3.43236 -6.02399e+06) (-13.0268 -13.0268 -5.49756e+06)
1150          (16.5231 16.5231 -4.47125e+06) (-6.37237 -6.37237 -1.15744e+07) (-11.9931 -11.9931 -1.10223e+07) (-17.7625 -17.7625 -1.04017e+07) (-20.5966 -20.5966 -9.72285e+06) (-20.52 -20.52 -9.00057e+06) (-18.0082 -18.0082 -8.25439e+06) (-13.8178 -13.8178 -7.50888e+06) (-8.86954 -8.86954 -6.79454e+06) (-0.374442 -0.374442 -6.15014e+06) (-10.3919 -10.3919 -5.63225e+06)
1200          (4.22368 4.22368 -4.36344e+06) (-15.235 -15.235 -1.1485e+07) (-13.2657 -13.2657 -1.0951e+07) (-12.0927 -12.0927 -1.03538e+07) (-11.6008 -11.6008 -9.70281e+06) (-11.6459 -11.6459 -9.01124e+06) (-11.6812 -11.6812 -8.29668e+06) (-11.0741 -11.0741 -7.58144e+06) (-9.47093 -9.47093 -6.89341e+06) (-3.50285 -3.50285 -6.26853e+06) (-16.1248 -16.1248 -5.76018e+06)
1250          (19.2699 19.2699 -4.26458e+06) (-4.66936 -4.66936 -1.14026e+07) (-9.9681 -9.9681 -1.08849e+07) (-15.6702 -15.6702 -1.03091e+07) (-18.7641 -18.7641 -9.68341e+06) (-19.0745 -19.0745 -9.01991e+06) (-16.9639 -16.9639 -8.33458e+06) (-13.0813 -13.0813 -7.64772e+06) (-8.31266 -8.31266 -6.9849e+06) (0.0150274 0.0150274 -6.37934e+06) (-11.4396 -11.4396 -5.88105e+06)
1300          (23.2824 23.2824 -4.1733e+06) (7.04164 7.04164 -1.13267e+07) (6.40074 6.40074 -1.0824e+07) (5.16652 5.16652 -1.02674e+07) (3.66452 3.66452 -9.66481e+06) (2.44237 2.44237 -9.02709e+06) (1.4607 1.4607 -8.36877e+06) (0.41195 0.41195 -7.70844e+06) (-0.642411 -0.642411 -7.06955e+06) (-0.127064 -0.127064 -6.48287e+06) (-11.134 -11.134 -5.99473e+06)
1350          (59.5034 59.5034 -4.08939e+06) (49.3194 49.3194 -1.12566e+07) (67.4725 67.4725 -1.07673e+07) (80.1312 80.1312 -1.02286e+07) (87.4678 87.4678 -9.6471e+06) (87.2837 87.2837 -9.03302e+06) (79.0067 79.0067 -8.3997e+06) (63.186 63.186 -7.76413e+06) (40.6001 40.6001 -7.14789e+06) (15.8233 15.8233 -6.57915e+06) (-24.3555 -24.3555 -6.10159e+06)
1400          (-1.84112 -1.84112 -4.0116e+06) (10.7928 10.7928 -1.11918e+07) (15.1507 15.1507 -1.07153e+07) (22.5215 22.5215 -1.01925e+07) (25.8905 25.8905 -9.63045e+06) (27.891 27.891 -9.03821e+06) (27.8068 27.8068 -8.42799e+06) (24.7912 24.7912 -7.81548e+06) (20.362 20.362 -7.2204e+06) (11.8332 11.8332 -6.66907e+06) (0.374562 0.374562 -6.20122e+06)
1450          (-0.489101 -0.489101 -3.94022e+06) (8.12883 8.12883 -1.11322e+07) (17.7031 17.7031 -1.06665e+07) (18.4884 18.4884 -1.01591e+07) (23.6915 23.6915 -9.61479e+06) (25.3336 25.3336 -9.0426e+06) (24.9207 24.9207 -8.4538e+06) (23.4202 23.4202 -7.86265e+06) (17.8983 17.8983 -7.28759e+06) (12.7798 12.7798 -6.75231e+06) (-0.105672 -0.105672 -6.29418e+06)
1500          (1.02047 1.02047 -3.87372e+06) (10.9564 10.9564 -1.10768e+07) (10.0414 10.0414 -1.06225e+07) (22.1953 22.1953 -1.01276e+07) (21.1485 21.1485 -9.60017e+06) (23.6315 23.6315 -9.04657e+06) (24.3979 24.3979 -8.47741e+06) (21.5346 21.5346 -7.90626e+06) (18.4193 18.4193 -7.34959e+06) (11.4678 11.4678 -6.82973e+06) (0.708042 0.708042 -6.38055e+06)
1550          (-31.7551 -31.7551 -3.81315e+06) (-16.6096 -16.6096 -1.10254e+07) (-22.2899 -22.2899 -1.05804e+07) (-21.1548 -21.1548 -1.00991e+07) (-24.0426 -24.0426 -9.58663e+06) (-20.9972 -20.9972 -9.05e+06) (-18.0901 -18.0901 -8.49927e+06) (-13.3826 -13.3826 -7.94652e+06) (-6.45888 -6.45888 -7.40712e+06) (0.723853 0.723853 -6.90154e+06) (11.6783 11.6783 -6.46044e+06)
1600          (28.1546 28.1546 -3.75565e+06) (23.0473 23.0473 -1.0979e+07) (30.7872 30.7872 -1.05427e+07) (38.3662 38.3662 -1.00722e+07) (37.7329 37.7329 -9.57377e+06) (35.9987 35.9987 -9.05322e+06) (32.8334 32.8334 -8.51929e+06) (26.3606 26.3606 -7.98355e+06) (16.9452 16.9452 -7.46017e+06) (3.34407 3.34407 -6.96777e+06) (-8.34108 -8.34108 -6.53512e+06)
1650          (6.31087 6.31087 -3.70474e+06) (22.8109 22.8109 -1.09343e+07) (21.8273 21.8273 -1.05064e+07) (21.3663 21.3663 -1.00479e+07) (23.6855 23.6855 -9.56222e+06) (24.68 24.68 -9.05604e+06) (22.302 22.302 -8.53783e+06) (20.3622 20.3622 -8.0179e+06) (16.0685 16.0685 -7.50929e+06) (0.883794 0.883794 -7.02924e+06) (-2.31135 -2.31135 -6.60395e+06)
1700          (-19.0465 -19.0465 -3.65501e+06) (8.50093 8.50093 -1.08948e+07) (4.03642 4.03642 -1.04745e+07) (5.9639 5.9639 -1.0025e+07) (9.01631 9.01631 -9.55123e+06) (7.52955 7.52955 -9.05876e+06) (0.987295 0.987295 -8.555e+06) (8.32361 8.32361 -8.04963e+06) (7.49236 7.49236 -7.55475e+06) (-21.0879 -21.0879 -7.08599e+06) (10.592 10.592 -6.66764e+06)
1750          (-21.6336 -21.6336 -3.6117e+06) (-21.0547 -21.0547 -1.08568e+07) (-19.3366 -19.3366 -1.04433e+07) (-22.5709 -22.5709 -1.00039e+07) (-24.8672 -24.8672 -9.54134e+06) (-22.4559 -22.4559 -9.06119e+06) (-17.6772 -17.6772 -8.57077e+06) (-17.0555 -17.0555 -8.07892e+06) (-10.7938 -10.7938 -7.5967e+06) (3.69045 3.69045 -7.13863e+06) (4.91006 4.91006 -6.72647e+06)
1800          (35.6974 35.6974 -3.56854e+06) (22.894 22.894 -1.08235e+07) (20.3511 20.3511 -1.04167e+07) (22.1531 22.1531 -9.98425e+06) (22.7635 22.7635 -9.53186e+06) (11.0842 11.0842 -9.06349e+06) (7.24979 7.24979 -8.58537e+06) (25.4012 25.4012 -8.10594e+06) (11.2084 11.2084 -7.63537e+06) (-11.9967 -11.9967 -7.18706e+06) (17.7226 17.7226 -6.78117e+06)
1850          (9.31246 9.31246 -3.53289e+06) (28.0088 28.0088 -1.07899e+07) (27.0142 27.0142 -1.03892e+07) (19.9462 19.9462 -9.96662e+06) (18.0559 18.0559 -9.52361e+06) (17.0719 17.0719 -9.06556e+06) (15.0385 15.0385 -8.59886e+06) (11.3952 11.3952 -8.13093e+06) (8.96886 8.96886 -7.67121e+06) (7.96258 7.96258 -7.23177e+06) (-3.2193 -3.2193 -6.83156e+06)
1900          (28.2452 28.2452 -3.49526e+06) (14.8941 14.8941 -1.07619e+07) (17.7795 17.7795 -1.0367e+07) (22.1245 22.1245 -9.94986e+06) (20.9673 20.9673 -9.51544e+06) (18.6801 18.6801 -9.06755e+06) (16.6701 16.6701 -8.61139e+06) (13.8108 13.8108 -8.15404e+06) (10.0207 10.0207 -7.70422e+06) (5.24704 5.24704 -7.27318e+06) (-3.90669 -3.90669 -6.87788e+06)
1950          (-6.20904 -6.20904 -3.46499e+06) (4.30914 4.30914 -1.07337e+07) (9.95475 9.95475 -1.03433e+07) (9.29146 9.29146 -9.93447e+06) (10.5399 10.5399 -9.5085e+06) (12.5174 12.5174 -9.06942e+06) (12.8074 12.8074 -8.62289e+06) (11.6337 11.6337 -8.17536e+06) (9.33962 9.33962 -7.73473e+06) (6.76847 6.76847 -7.31121e+06) (-0.858472 -0.858472 -6.92091e+06)
2000          (-3.91631 -3.91631 -3.43279e+06) (-5.42019 -5.42019 -1.07092e+07) (-6.50125 -6.50126 -1.03246e+07) (-1.7978 -1.7978 -9.92056e+06) (-1.58446 -1.58446 -9.50158e+06) (-2.31282 -2.31282 -9.07115e+06) (-1.72682 -1.72682 -8.63366e+06) (-0.791138 -0.791138 -8.19508e+06) (0.114118 0.114117 -7.76287e+06) (-0.0529593 -0.0529593 -7.34654e+06) (4.99106 4.99106 -6.96024e+06)
2050          (-3.91761 -3.91761 -3.40702e+06) (-5.11948 -5.11948 -1.06855e+07) (-1.7453 -1.7453 -1.03044e+07) (-0.68471 -0.68471 -9.90721e+06) (-0.0375318 -0.0375319 -9.49563e+06) (1.78646 1.78646 -9.07281e+06) (3.48968 3.48968 -8.64351e+06) (4.6596 4.6596 -8.21331e+06) (5.63478 5.63478 -7.7889e+06) (6.03423 6.03423 -7.379e+06) (0.653691 0.653691 -6.99659e+06)
2100          (-5.94993 -5.94993 -3.37935e+06) (-6.52305 -6.52305 -1.06647e+07) (-7.93922 -7.93922 -1.02885e+07) (-4.38611 -4.38611 -9.89561e+06) (-4.30568 -4.30568 -9.48982e+06) (-4.94822 -4.94822 -9.07426e+06) (-4.33474 -4.33474 -8.65265e+06) (-3.17529 -3.17529 -8.23008e+06) (-1.31171 -1.31171 -7.81279e+06) (-1.98057 -1.98057 -7.40891e+06) (7.62663 7.62663 -7.03031e+06)
2150          (-6.44134 -6.44134 -3.35763e+06) (-6.61968 -6.61968 -1.06444e+07) (-2.02309 -2.02309 -1.02711e+07) (-1.18582 -1.18582 -9.88418e+06) (-0.251552 -0.251552 -9.48479e+06) (1.71218 1.71218 -9.07575e+06) (3.57219 3.57219 -8.66111e+06) (5.17536 5.17536 -8.2456e+06) (6.04581 6.04581 -7.83497e+06) (6.85864 6.85864 -7.43651e+06) (1.78493 1.78493 -7.06118e+06)
2200          (3.79769 3.79769 -3.33383e+06) (-0.075886 -0.075886 -1.06268e+07) (-1.41272 -1.41272 -1.02579e+07) (1.86103 1.86103 -9.87434e+06) (0.885958 0.885958 -9.47984e+06) (-1.11561 -1.11561 -9.07698e+06) (-2.19398 -2.19398 -8.66889e+06) (-3.02627 -3.02627 -8.25988e+06) (-3.27334 -3.27334 -7.85526e+06) (-4.56273 -4.56273 -7.4619e+06) (0.175608 0.175608 -7.08977e+06)
2250          (1.17435 1.17435 -3.31611e+06) (8.93698 8.93698 -1.06091e+07) (9.72312 9.72312 -1.02425e+07) (6.58681 6.58681 -9.86464e+06) (6.01395 6.01395 -9.47567e+06) (5.73865 5.73865 -9.07824e+06) (4.32798 4.32798 -8.67603e+06) (2.3035 2.3035 -8.27304e+06) (0.333777 0.333777 -7.87406e+06) (-0.548332 -0.548332 -7.48525e+06) (-7.76505 -7.76505 -7.11608e+06)
2300          (1.50399 1.50399 -3.29509e+06) (0.149358 0.149358 -1.05945e+07) (-1.39234 -1.39234 -1.02318e+07) (1.28652 1.28652 -9.85631e+06) (0.826095 0.826095 -9.47141e+06) (-1.05643 -1.05643 -9.07935e+06) (-2.18718 -2.18718 -8.68274e+06) (-2.77906 -2.77906 -8.28522e+06) (-3.64222 -3.64222 -7.89137e+06) (-3.24413 -3.24413 -7.5068e+06) (-1.46044 -1.46044 -7.14039e+06)
2350          (-0.616666 -0.616666 -3.28035e+06) (8.29787 8.29787 -1.05795e+07) (12.8497 12.8497 -1.02185e+07) (10.9929 10.9929 -9.84797e+06) (10.3121 10.3121 -9.46793e+06) (10.3657 10.3657 -9.0805e+06) (9.24083 9.24083 -8.68885e+06) (6.98708 6.98708 -8.29644e+06) (3.83191 3.83191 -7.90733e+06) (0.880028 0.880028 -7.52669e+06) (-4.88602 -4.88602 -7.16268e+06)
2400          (2.21637 2.21637 -3.26239e+06) (-3.62884 -3.62884 -1.05669e+07) (-6.48195 -6.48195 -1.02095e+07) (-4.13015 -4.13015 -9.84098e+06) (-5.52422 -5.52422 -9.46432e+06) (-7.88753 -7.88753 -9.08144e+06) (-8.86627 -8.86627 -8.69456e+06) (-8.93517 -8.93517 -8.3068e+06) (-8.13306 -8.13306 -7.92201e+06) (-6.40086 -6.40086 -7.54509e+06) (-2.41301 -2.41301 -7.1831e+06)
2450          (20.5094 20.5094 -3.25005e+06) (24.6498 24.6498 -1.05542e+07) (31.502 31.502 -1.01981e+07) (32.8596 32.8596 -9.83387e+06) (35.2043 35.2043 -9.46136e+06) (36.1999 36.1999 -9.08239e+06) (33.6347 33.6347 -8.69973e+06) (27.8688 27.8688 -8.3163e+06) (19.6543 19.6543 -7.93556e+06) (9.42975 9.42975 -7.56188e+06) (-5.35902 -5.35902 -7.2021e+06)
2500          (17.7423 17.7423 -3.23468e+06) (-6.52251 -6.52251 -1.05434e+07) (-12.2573 -12.2573 -1.01905e+07) (-16.6126 -16.6126 -9.82806e+06) (-13.3134 -13.3134 -9.45827e+06) (-12.3047 -12.3047 -9.08315e+06) (-11.1454 -11.1454 -8.70457e+06) (-8.51473 -8.51473 -8.32511e+06) (-10.8779 -10.8779 -7.94804e+06) (4.49512 4.49512 -7.57744e+06) (-9.25927 -9.25927 -7.21937e+06)
2550          (-2.88475 -2.88475 -3.22423e+06) (1.46792 1.46792 -1.05328e+07) (4.76266 4.76266 -1.01807e+07) (-2.56761 -2.56761 -9.82184e+06) (-3.49916 -3.49916 -9.45586e+06) (-3.90006 -3.90006 -9.0841e+06) (-8.37651 -8.37651 -8.70902e+06) (0.7653 0.7653 -8.33323e+06) (-3.44033 -3.44033 -7.95952e+06) (-5.59351 -5.59351 -7.59175e+06) (3.12295 3.12295 -7.23558e+06)
2600          (20.316 20.316 -3.21105e+06) (-0.208142 -0.208142 -1.05236e+07) (-6.10242 -6.10242 -1.01745e+07) (-0.566731 -0.566731 -9.81706e+06) (-0.0609648 -0.0609649 -9.45322e+06) (-2.87894 -2.87894 -9.0847e+06) (3.78956 3.78956 -8.71314e+06) (-2.52534 -2.52534 -8.34067e+06) (0.530977 0.530977 -7.97014e+06) (-0.712731 -0.712731 -7.60493e+06) (-5.60188 -5.60188 -7.25019e+06)
2650          (43.6741 43.6741 -3.20239e+06) (57.8691 57.8691 -1.05144e+07) (66.7821 66.7821 -1.0166e+07) (96.2806 96.2806 -9.8118e+06) (83.3427 83.3427 -9.45117e+06) (65.8114 65.8114 -9.08547e+06) (92.5772 92.5772 -8.71691e+06) (47.5178 47.5178 -8.34755e+06) (35.8431 35.8431 -7.97988e+06) (24.4426 24.4426 -7.61707e+06) (-6.34334 -6.34334 -7.2638e+06)
2700          (29.9781 29.9781 -3.1905e+06) (51.8923 51.8923 -1.0507e+07) (2.36512 2.36512 -1.01612e+07) (42.6322 42.6322 -9.80765e+06) (29.4281 29.4281 -9.44883e+06) (-7.00089 -7.00089 -9.08605e+06) (58.3102 58.3102 -8.72045e+06) (-14.3654 -14.3654 -8.35391e+06) (18.2912 18.2912 -7.98883e+06) (9.48743 9.48743 -7.62824e+06) (-7.56341 -7.56341 -7.27637e+06)
2750          (5.68559 5.68559 -3.1831e+06) (-5.40124 -5.40124 -1.04993e+07) (-5.21992 -5.21992 -1.01541e+07) (-21.5405 -21.5405 -9.80306e+06) (-22.0702 -22.0702 -9.44701e+06) (-20.1488 -20.1488 -9.0867e+06) (-29.5871 -29.5871 -8.72362e+06) (-16.5241 -16.5241 -8.35974e+06) (-19.9134 -19.9134 -7.99712e+06) (-6.15303 -6.15303 -7.63853e+06) (2.97797 2.97797 -7.28783e+06)
2800          (-15.5157 -15.5157 -3.17328e+06) (-0.654196 -0.654196 -1.04928e+07) (-20.9005 -20.9006 -1.01498e+07) (1.24111 1.24111 -9.79982e+06) (-2.91188 -2.91188 -9.4452e+06) (-10.2415 -10.2415 -9.08715e+06) (5.19686 5.19686 -8.72661e+06) (-11.9762 -11.9762 -8.36513e+06) (3.8057 3.8057 -8.00474e+06) (-4.3559 -4.35591 -7.64793e+06) (4.25244 4.25244 -7.29851e+06)
2850          (-27.1549 -27.1549 -3.16775e+06) (-30.6006 -30.6006 -1.04859e+07) (-19.4138 -19.4138 -1.01431e+07) (-64.5236 -64.5236 -9.7959e+06) (-57.226 -57.226 -9.44383e+06) (-53.1281 -53.1281 -9.08775e+06) (-63.9868 -63.9868 -8.72929e+06) (-27.6008 -27.6008 -8.37004e+06) (-38.6259 -38.6259 -8.01174e+06) (-4.37604 -4.37604 -7.65667e+06) (4.52209 4.52209 -7.30831e+06)
2900          (-1.35853 -1.35853 -3.15895e+06) (1.64092 1.64092 -1.04806e+07) (0.228478 0.228478 -1.01399e+07) (4.29692 4.29692 -9.79309e+06) (5.10285 5.10285 -9.44216e+06) (3.48698 3.48698 -9.08815e+06) (2.52066 2.52066 -8.73186e+06) (1.09119 1.09119 -8.37464e+06) (-0.397451 -0.397451 -8.01822e+06) (-1.56495 -1.56495 -7.66465e+06) (0.321679 0.321679 -7.31723e+06)
2950          (0.641008 0.641008 -3.15419e+06) (-25.7448 -25.7448 -1.04749e+07) (-36.9599 -36.9599 -1.01343e+07) (-64.2468 -64.2468 -9.7897e+06) (-68.9792 -68.9792 -9.44096e+06) (-65.7821 -65.7821 -9.08866e+06) (-63.8986 -63.8986 -8.73413e+06) (-48.3061 -48.3061 -8.37884e+06) (-35.7419 -35.7419 -8.0241e+06) (-13.6755 -13.6755 -7.67209e+06) (-2.04634 -2.04634 -7.32545e+06)
3000          (-17.2635 -17.2635 -3.14661e+06) (-12.7018 -12.7018 -1.04705e+07) (-15.33 -15.33 -1.01316e+07) (-14.0757 -14.0757 -9.78738e+06) (-14.5177 -14.5177 -9.43954e+06) (-15.4509 -15.4509 -9.08899e+06) (-14.6216 -14.6216 -8.73633e+06) (-12.3984 -12.3984 -8.38271e+06) (-9.57422 -9.57422 -8.02962e+06) (-4.79345 -4.79345 -7.67883e+06) (4.01433 4.01433 -7.33309e+06)
3050          (37.9271 37.9271 -3.14327e+06) (50.0409 50.0409 -1.04653e+07) (44.2845 44.2845 -1.01264e+07) (46.7539 46.7539 -9.78452e+06) (48.3091 48.3091 -9.43864e+06) (49.2624 49.2624 -9.0894e+06) (43.4583 43.4583 -8.7382e+06) (28.8724 28.8724 -8.3862e+06) (23.4305 23.4305 -8.03462e+06) (2.78033 2.78033 -7.68506e+06) (-5.03423 -5.03423 -7.34009e+06)
3100          (-4.23857 -4.23857 -3.1368e+06) (-26.5175 -26.5175 -1.04614e+07) (-32.8753 -32.8753 -1.01242e+07) (-30.0233 -30.0233 -9.78257e+06) (-31.5578 -31.5578 -9.43743e+06) (-31.9472 -31.9472 -9.08968e+06) (-27.1043 -27.1043 -8.74007e+06) (-19.9631 -19.9631 -8.38952e+06) (-14.5895 -14.5895 -8.03927e+06) (-5.05066 -5.05066 -7.69086e+06) (-3.00268 -3.00268 -7.34649e+06)
3150          (16.8824 16.8824 -3.13312e+06) (27.7075 27.7075 -1.04576e+07) (37.4829 37.4829 -1.01204e+07) (25.2496 25.2496 -9.78e+06) (27.4117 27.4117 -9.43644e+06) (27.4261 27.4261 -9.09008e+06) (21.4668 21.4668 -8.74174e+06) (11.0729 11.0729 -8.3925e+06) (11.8258 11.8258 -8.04353e+06) (-2.21376 -2.21376 -7.69616e+06) (0.579713 0.579713 -7.35241e+06)
3200          (-11.0548 -11.0548 -3.12797e+06) (-23.5727 -23.5727 -1.04541e+07) (-33.3792 -33.3792 -1.01183e+07) (-22.4148 -22.4148 -9.77853e+06) (-31.9081 -31.9081 -9.4356e+06) (-29.7906 -29.7906 -9.09026e+06) (-26.5024 -26.5024 -8.74326e+06) (-19.5622 -19.5622 -8.39534e+06) (-18.1555 -18.1555 -8.04746e+06) (-4.40194 -4.40194 -7.70099e+06) (-1.83764 -1.83764 -7.35786e+06)
3250          (-17.6274 -17.6274 -3.12538e+06) (-3.69046 -3.69046 -1.04506e+07) (14.8771 14.8771 -1.01146e+07) (9.77716 9.77716 -9.77637e+06) (12.6121 12.6121 -9.43495e+06) (17.8877 17.8877 -9.09056e+06) (12.6285 12.6285 -8.74459e+06) (20.0492 20.0492 -8.39787e+06) (3.79813 3.79813 -8.05102e+06) (15.6578 15.6578 -7.7054e+06) (0.364601 0.364601 -7.36285e+06)
3300          (24.9899 24.9899 -3.12019e+06) (12.4603 12.4603 -1.04481e+07) (3.35353 3.35353 -1.01136e+07) (6.66867 6.66867 -9.77506e+06) (10.3876 10.3876 -9.43373e+06) (6.07567 6.07567 -9.09086e+06) (6.63271 6.63271 -8.74607e+06) (4.08013 4.08013 -8.40009e+06) (8.21851 8.21851 -8.05431e+06) (-2.77308 -2.77308 -7.70969e+06) (-2.62453 -2.62453 -7.36746e+06)
3350          (-18.8864 -18.8864 -3.11846e+06) (-7.78313 -7.78313 -1.04448e+07) (5.29211 5.29211 -1.01101e+07) (1.18663 1.18663 -9.7732e+06) (0.876356 0.876356 -9.43356e+06) (5.77091 5.77091 -9.09101e+06) (4.71113 4.71113 -8.74705e+06) (8.38554 8.38554 -8.40242e+06) (-0.463234 -0.463234 -8.0574e+06) (10.8254 10.8254 -7.71324e+06) (-0.75169 -0.75169 -7.37167e+06)
3400          (21.877 21.877 -3.11391e+06) (10.5451 10.5451 -1.04428e+07) (2.2463 2.2463 -1.01093e+07) (6.90119 6.90119 -9.77211e+06) (8.64168 8.64168 -9.43242e+06) (5.01413 5.01413 -9.09128e+06) (5.50433 5.50433 -8.74838e+06) (2.50675 2.50675 -8.40421e+06) (8.02332 8.02332 -8.06016e+06) (-3.91438 -3.91438 -7.71694e+06) (-1.86527 -1.86527 -7.37559e+06)
3450          (-16.7958 -16.7958 -3.11266e+06) (13.1676 13.1676 -1.04399e+07) (-0.467348 -0.467348 -1.01062e+07) (13.4185 13.4185 -9.77067e+06) (2.91429 2.91429 -9.43227e+06) (3.87475 3.87475 -9.09141e+06) (16.6425 16.6425 -8.74915e+06) (-7.93769 -7.93769 -8.4062e+06) (16.1119 16.1119 -8.06278e+06) (-8.57025 -8.57025 -7.71991e+06) (1.81067 1.81067 -7.37914e+06)
3500          (9.8401 9.8401 -3.10845e+06) (-20.8561 -20.8561 -1.04386e+07) (7.67182 7.67182 -1.01058e+07) (-18.175 -18.175 -9.76951e+06) (1.27044 1.27044 -9.43133e+06) (1.14361 1.14361 -9.09162e+06) (-19.692 -19.692 -8.75026e+06) (20.6706 20.6706 -8.40772e+06) (-23.8162 -23.8162 -8.06507e+06) (21.6097 21.6097 -7.72303e+06) (-5.25131 -5.25131 -7.38247e+06)
3550          (21.407 21.407 -3.10769e+06) (0.656427 0.656427 -1.0436e+07) (-1.37245 -1.37245 -1.01031e+07) (-12.9918 -12.9918 -9.76845e+06) (-10.1098 -10.1098 -9.43126e+06) (-8.97706 -8.97706 -9.09177e+06) (-11.3277 -11.3277 -8.75095e+06) (-4.34434 -4.34434 -8.40943e+06) (-14.8657 -14.8657 -8.06737e+06) (3.96679 3.96679 -7.72552e+06) (3.90369 3.90369 -7.38546e+06)
3600          (-33.6835 -33.6835 -3.10406e+06) (-20.7743 -20.7743 -1.04348e+07) (-2.61242 -2.61242 -1.01027e+07) (-12.2677 -12.2677 -9.76745e+06) (-6.61624 -6.61624 -9.43045e+06) (-8.77209 -8.77209 -9.09197e+06) (-15.9283 -15.9283 -8.75192e+06) (-0.994105 -0.994105 -8.4107e+06) (-12.4055 -12.4055 -8.06925e+06) (1.14955 1.14955 -7.72825e+06) (2.64633 2.64633 -7.38827e+06)
3650          (-14.0749 -14.0749 -3.10353e+06) (-2.52247 -2.52247 -1.04323e+07) (15.7768 15.7768 -1.01003e+07) (-3.20259 -3.20259 -9.76671e+06) (9.2869 9.2869 -9.43021e+06) (7.86627 7.86627 -9.09198e+06) (-1.16984 -1.16984 -8.75255e+06) (13.2078 13.2078 -8.41198e+06) (-4.98551 -4.98551 -8.07104e+06) (9.3457 9.3457 -7.73044e+06) (-3.551 -3.551 -7.39077e+06)
3700          (15.1425 15.1425 -3.10029e+06) (-10.8497 -10.8497 -1.0432e+07) (3.18916 3.18916 -1.01001e+07) (-1.5532 -1.5532 -9.76543e+06) (4.66346 4.66346 -9.42968e+06) (4.09496 4.09496 -9.09218e+06) (-0.0414569 -0.041457 -8.75318e+06) (9.61762 9.61762 -8.41313e+06) (-0.147893 -0.147893 -8.07271e+06) (7.32747 7.32747 -7.7325e+06) (-1.10664 -1.10664 -7.39311e+06)
3750          (30.3557 30.3557 -3.09996e+06) (6.33524 6.33524 -1.04297e+07) (-12.7608 -12.7608 -1.00981e+07) (-4.23807 -4.23807 -9.76504e+06) (-10.9474 -10.9474 -9.42958e+06) (-10.3788 -10.3788 -9.09227e+06) (-5.45762 -5.45761 -8.75372e+06) (-12.9801 -12.9801 -8.41438e+06) (-4.99254 -4.99254 -8.07439e+06) (-7.18412 -7.18412 -7.73431e+06) (5.02539 5.02539 -7.39528e+06)
3800          (3.51824 3.51824 -3.09726e+06) (-19.9855 -19.9855 -1.04293e+07) (21.6357 21.6357 -1.00979e+07) (-11.4196 -11.4196 -9.76392e+06) (6.61854 6.61854 -9.42913e+06) (3.94289 3.94289 -9.09242e+06) (-7.60239 -7.60239 -8.75423e+06) (13.0805 13.0805 -8.41531e+06) (-15.5703 -15.5703 -8.07574e+06) (11.9107 11.9107 -7.73606e+06) (-5.78134 -5.78134 -7.39722e+06)
3850          (-10.798 -10.798 -3.09704e+06) (17.0931 17.0931 -1.04269e+07) (-3.59261 -3.59261 -1.00962e+07) (11.0524 11.0524 -9.7638e+06) (3.89946 3.89946 -9.42881e+06) (2.97803 2.97803 -9.09241e+06) (10.4423 10.4423 -8.75476e+06) (-1.82438 -1.82438 -8.41622e+06) (6.78114 6.78114 -8.07704e+06) (-2.96026 -2.96026 -7.73767e+06) (-0.967946 -0.967946 -7.39902e+06)
3900          (38.4325 38.4325 -3.09479e+06) (-3.41184 -3.41184 -1.0427e+07) (4.8922 4.8922 -1.00959e+07) (7.85595 7.85595 -9.76266e+06) (4.9862 4.9862 -9.42859e+06) (6.93474 6.93474 -9.09257e+06) (5.54635 5.54635 -8.75519e+06) (4.79418 4.79418 -8.41706e+06) (1.68327 1.68327 -8.07823e+06) (1.75877 1.75877 -7.73918e+06) (-3.58653 -3.58653 -7.40069e+06)
3950          (-37.8715 -37.8715 -3.09435e+06) (10.2899 10.2899 -1.04249e+07) (7.95482 7.95482 -1.00946e+07) (2.25814 2.25814 -9.76264e+06) (6.72829 6.72829 -9.42823e+06) (5.3493 5.3493 -9.09259e+06) (4.93082 4.93082 -8.75569e+06) (4.13789 4.13789 -8.41782e+06) (2.00667 2.00667 -8.07932e+06) (0.974082 0.974082 -7.74057e+06) (-4.23033 -4.23033 -7.40222e+06)
4000          (-26.1859 -26.1859 -3.09254e+06) (1.9882 1.9882 -1.04249e+07) (2.30627 2.30627 -1.00943e+07) (5.30905 5.30905 -9.7617e+06) (8.61125 8.61125 -9.42805e+06) (3.53064 3.53064 -9.0927e+06) (4.39898 4.39898 -8.7561e+06) (7.44653 7.44653 -8.41851e+06) (4.81193 4.81193 -8.0803e+06) (2.64126 2.64126 -7.74187e+06) (-3.23797 -3.23797 -7.40365e+06)
4050          (-8.54745 -8.54745 -3.0924e+06) (14.7983 14.7983 -1.04229e+07) (9.21461 9.21461 -1.00934e+07) (2.4896 2.4896 -9.76163e+06) (2.94373 2.94373 -9.42773e+06) (5.20085 5.20085 -9.09277e+06) (5.66654 5.66654 -8.75643e+06) (2.16633 2.16633 -8.41918e+06) (0.685848 0.685848 -8.08126e+06) (0.371605 0.371605 -7.74297e+06) (-3.01105 -3.01105 -7.40493e+06)
4100          (9.97209 9.97209 -3.0907e+06) (-6.26629 -6.26629 -1.04235e+07) (4.44847 4.44847 -1.00927e+07) (-0.253318 -0.253318 -9.76087e+06) (-1.66631 -1.66631 -9.42774e+06) (3.24433 3.24433 -9.0928e+06) (3.95484 3.95484 -8.75677e+06) (2.53849 2.53849 -8.41981e+06) (2.72475 2.72475 -8.08211e+06) (3.41804 3.41804 -7.74405e+06) (2.37393 2.37393 -7.40612e+06)
4150          (-4.73168 -4.73168 -3.09057e+06) (11.9029 11.9029 -1.04214e+07) (0.476494 0.476494 -1.00925e+07) (5.90304 5.90304 -9.76067e+06) (6.35477 6.35477 -9.42736e+06) (4.48093 4.48093 -9.09289e+06) (3.82864 3.82864 -8.75707e+06) (3.13498 3.13498 -8.42032e+06) (2.09645 2.09645 -8.08286e+06) (0.419271 0.419271 -7.74501e+06) (-2.73046 -2.73046 -7.4072e+06)
4200          (4.67469 4.67469 -3.08911e+06) (-9.33207 -9.33207 -1.04222e+07) (3.61664 3.61664 -1.00914e+07) (-1.0073 -1.0073 -9.7603e+06) (1.04656 1.04656 -9.42729e+06) (2.25533 2.25533 -9.09286e+06) (2.91552 2.91552 -8.75734e+06) (3.35472 3.35472 -8.4208e+06) (3.25644 3.25644 -8.08355e+06) (3.00212 3.00212 -7.74588e+06) (0.907825 0.907825 -7.40818e+06)
4250          (-4.14486 -4.14486 -3.08901e+06) (11.9858 11.9858 -1.04203e+07) (0.514441 0.514441 -1.00916e+07) (6.51573 6.51573 -9.75986e+06) (4.58881 4.58881 -9.42711e+06) (4.55765 4.55765 -9.09295e+06) (3.89283 3.89283 -8.75758e+06) (2.94601 2.94601 -8.42127e+06) (1.9122 1.9122 -8.08421e+06) (0.59424 0.59424 -7.74669e+06) (-2.46623 -2.46623 -7.4091e+06)
4300          (24.1438 24.1438 -3.08779e+06) (1.06286 1.06286 -1.04211e+07) (10.2714 10.2714 -1.00906e+07) (3.67498 3.67498 -9.75996e+06) (4.66237 4.66237 -9.42715e+06) (2.35882 2.35882 -9.09321e+06) (1.05492 1.05492 -8.75804e+06) (-0.294467 -0.294467 -8.42188e+06) (-1.35451 -1.35451 -8.08497e+06) (-2.2194 -2.2194 -7.74754e+06) (-3.67023 -3.67023 -7.40994e+06)
4350          (4.34937 4.34937 -3.0874e+06) (12.7034 12.7034 -1.04203e+07) (19.6384 19.6384 -1.00901e+07) (18.5489 18.5489 -9.75948e+06) (22.347 22.347 -9.42684e+06) (20.8447 20.8447 -9.09307e+06) (19.6118 19.6118 -8.7581e+06) (16.2351 16.2351 -8.42215e+06) (11.5042 11.5042 -8.08544e+06) (5.94649 5.94649 -7.7482e+06) (-6.92679 -6.92679 -7.41076e+06)
4400          (19.5386 19.5386 -3.08687e+06) (-27.878 -27.878 -1.04195e+07) (-7.04394 -7.04395 -1.009e+07) (-17.1235 -17.1235 -9.75927e+06) (-19.0913 -19.0913 -9.42682e+06) (-19.3562 -19.3562 -9.0932e+06) (-17.6761 -17.6761 -8.75837e+06) (-14.2501 -14.2501 -8.42257e+06) (-9.84154 -9.84154 -8.08598e+06) (-5.16355 -5.16355 -7.74884e+06) (3.61225 3.61224 -7.41145e+06)
4450          (36.4593 36.4593 -3.08643e+06) (-59.4286 -59.4286 -1.04191e+07) (-34.1557 -34.1557 -1.00896e+07) (-48.4972 -48.4972 -9.75907e+06) (-49.8612 -49.8612 -9.42664e+06) (-45.8441 -45.8441 -9.09323e+06) (-39.025 -39.025 -8.7585e+06) (-28.9518 -28.9518 -8.42287e+06) (-16.2962 -16.2962 -8.08642e+06) (-3.79358 -3.79358 -7.74939e+06) (7.85606 7.85606 -7.41211e+06)
4500          (6.27138 6.27138 -3.08592e+06) (-2.30168 -2.30168 -1.04187e+07) (5.92872 5.92872 -1.00892e+07) (-1.72675 -1.72675 -9.75892e+06) (2.18626 2.18626 -9.42651e+06) (0.671043 0.671043 -9.09326e+06) (2.25 2.25 -8.7586e+06) (1.84567 1.84567 -8.4231e+06) (2.18377 2.18377 -8.08674e+06) (2.57777 2.57777 -7.74979e+06) (1.15499 1.15499 -7.41257e+06)
4550          (-10.2012 -10.2012 -3.08532e+06) (2.11828 2.11828 -1.04181e+07) (-2.8216 -2.8216 -1.00891e+07) (0.287377 0.287377 -9.7585e+06) (-2.49796 -2.49796 -9.42662e+06) (-0.358613 -0.358612 -9.09328e+06) (-1.11413 -1.11413 -8.75894e+06) (-0.339863 -0.339863 -8.42351e+06) (-0.246026 -0.246026 -8.0873e+06) (0.389648 0.389648 -7.75046e+06) (1.23416 1.23416 -7.41327e+06)
4600          (-24.9752 -24.9752 -3.08509e+06) (2.41413 2.41413 -1.04181e+07) (-4.01935 -4.01935 -1.0089e+07) (-5.3891 -5.3891 -9.75844e+06) (-0.26379 -0.263791 -9.42639e+06) (0.396616 0.396617 -9.09331e+06) (3.92891 3.92891 -8.7589e+06) (4.39459 4.39459 -8.42364e+06) (4.79986 4.79986 -8.08751e+06) (3.76684 3.76684 -7.75079e+06) (-0.517506 -0.517506 -7.41369e+06)
4650          (58.8629 58.8629 -3.08501e+06) (-12.7118 -12.7118 -1.04179e+07) (10.2439 10.2439 -1.00889e+07) (38.3953 38.3953 -9.75843e+06) (34.1761 34.1761 -9.42666e+06) (25.7021 25.7021 -9.09345e+06) (20.3206 20.3206 -8.75924e+06) (19.2771 19.2771 -8.42392e+06) (17.3976 17.3976 -8.08783e+06) (10.9332 10.9332 -7.75106e+06) (-0.864383 -0.864383 -7.41387e+06)
4700          (-30.003 -30.003 -3.08456e+06) (8.11686 8.11686 -1.04174e+07) (-4.4241 -4.42409 -1.00884e+07) (5.60367 5.60367 -9.75803e+06) (-3.07601 -3.07601 -9.42636e+06) (-0.795806 -0.795804 -9.09318e+06) (-1.60784 -1.60784 -8.75914e+06) (-0.87131 -0.871311 -8.42396e+06) (-1.45119 -1.45119 -8.08805e+06) (0.463783 0.463783 -7.75142e+06) (-3.13078 -3.13078 -7.4144e+06)
4750          (-42.2047 -42.2047 -3.08421e+06) (1.6458 1.6458 -1.04172e+07) (-2.24 -2.24 -1.00881e+07) (-6.39563 -6.39563 -9.75795e+06) (-2.67865 -2.67865 -9.42645e+06) (7.9075 7.90751 -9.09327e+06) (5.15585 5.15585 -8.75941e+06) (6.01157 6.01157 -8.4243e+06) (2.90707 2.90707 -8.08849e+06) (3.07905 3.07905 -7.75182e+06) (0.583227 0.583227 -7.41485e+06)
4800          (18.7527 18.7527 -3.0841e+06) (-6.31315 -6.31315 -1.04171e+07) (2.47748 2.47748 -1.00881e+07) (-0.0277692 -0.0277684 -9.75784e+06) (0.27915 0.279151 -9.42618e+06) (-1.28823 -1.28823 -9.09334e+06) (0.758144 0.758144 -8.75931e+06) (-0.360561 -0.36056 -8.42439e+06) (0.507718 0.507718 -8.08856e+06) (0.80502 0.80502 -7.75208e+06) (1.6306 1.6306 -7.41512e+06)
4850          (18.7527 18.7527 -3.0841e+06) (-6.31315 -6.31315 -1.04171e+07) (2.47748 2.47748 -1.00881e+07) (-0.0277692 -0.0277684 -9.75784e+06) (0.27915 0.279151 -9.42618e+06) (-1.28823 -1.28823 -9.09334e+06) (0.758144 0.758144 -8.75931e+06) (-0.360561 -0.36056 -8.42439e+06) (0.507718 0.507718 -8.08856e+06) (0.80502 0.80502 -7.75208e+06) (1.6306 1.6306 -7.41512e+06)
4900          (18.7527 18.7527 -3.0841e+06) (-6.31315 -6.31315 -1.04171e+07) (2.47748 2.47748 -1.00881e+07) (-0.0277692 -0.0277684 -9.75784e+06) (0.27915 0.279151 -9.42618e+06) (-1.28823 -1.28823 -9.09334e+06) (0.758144 0.758144 -8.75931e+06) (-0.360561 -0.36056 -8.42439e+06) (0.507718 0.507718 -8.08856e+06) (0.80502 0.80502 -7.75208e+06) (1.6306 1.6306 -7.41512e+06)
4950          (18.7527 18.7527 -3.0841e+06) (-6.31315 -6.31315 -1.04171e+07) (2.47748 2.47748 -1.00881e+07) (-0.0277692 -0.0277684 -9.75784e+06) (0.27915 0.279151 -9.42618e+06) (-1.28823 -1.28823 -9.09334e+06) (0.758144 0.758144 -8.75931e+06) (-0.360561 -0.36056 -8.42439e+06) (0.507718 0.507718 -8.08856e+06) (0.80502 0.80502 -7.75208e+06) (1.6306 1.6306 -7.41512e+06)
5000          (18.7527 18.7527 -3.0841e+06) (-6.31315 -6.31315 -1.04171e+07) (2.47748 2.47748 -1.00881e+07) (-0.0277692 -0.0277684 -9.75784e+06) (0.27915 0.279151 -9.42618e+06) (-1.28823 -1.28823 -9.09334e+06) (0.758144 0.758144 -8.75931e+06) (-0.360561 -0.36056 -8.42439e+06) (0.507718 0.507718 -8.08856e+06) (0.80502 0.80502 -7.75208e+06) (1.6306 1.6306 -7.41512e+06)
