0 	-0.595809 	-0.595809 	-3.45408e+06 	0.000998561 	0.000998561 	5789.79
0.00020202 	-0.543036 	-0.543036 	-6.94514e+06 	0.000573461 	0.000573461 	7570.6
0.00040404 	-0.513347 	-0.513347 	-1.11724e+07 	0.000170089 	0.000170089 	7609.19
0.000606061 	-0.472478 	-0.472478 	-1.14162e+07 	0.000413483 	0.000413483 	10960
0.000808081 	-0.342959 	-0.342959 	-1.08691e+07 	0.000150378 	0.000150379 	11077.9
0.0010101 	-0.232276 	-0.232277 	-6.54875e+06 	0.000389347 	0.000389347 	4512.81
0.00121212 	-0.239097 	-0.239097 	-7.41385e+06 	0.000234111 	0.000234111 	8089.66
0.00141414 	-0.368814 	-0.368814 	-1.12351e+07 	0.000378738 	0.000378738 	7278.28
0.00161616 	-0.472451 	-0.47245 	-1.13934e+07 	0.000119214 	0.000119214 	11565.2
0.00181818 	-0.737178 	-0.737178 	-1.07382e+07 	0.00147603 	0.00147603 	10425.8
0.0020202 	-1.20063 	-1.20063 	-6.21687e+06 	0.00201251 	0.00201251 	4402.93
0.00222222 	-1.45816 	-1.45816 	-7.86682e+06 	0.000228631 	0.000228631 	8615.96
0.00242424 	-1.43342 	-1.43342 	-1.12962e+07 	0.0015777 	0.0015777 	6933.84
0.00262626 	-1.21147 	-1.21147 	-1.13689e+07 	0.000279387 	0.000279387 	12158
0.00282828 	-0.92043 	-0.92043 	-1.0591e+07 	0.00184055 	0.00184055 	9779.58
0.0030303 	-0.993236 	-0.993236 	-5.91865e+06 	0.00166488 	0.00166488 	4304.22
0.00323232 	-0.409769 	-0.409769 	-8.30381e+06 	-0.000207491 	-0.000207491 	9149.26
0.00343434 	-0.176242 	-0.176242 	-1.13554e+07 	0.000351975 	0.000351975 	6575.74
0.00363636 	0.553852 	0.553852 	-1.13426e+07 	-0.000286318 	-0.000286318 	12738.1
0.00383838 	1.05506 	1.05506 	-1.04273e+07 	-0.00166596 	-0.00166596 	9139.38
0.0040404 	0.941415 	0.941415 	-5.65419e+06 	-0.00157802 	-0.00157802 	4216.75
0.00424242 	0.953226 	0.953225 	-8.72512e+06 	-0.000261997 	-0.000261997 	9689.84
0.00444444 	0.418407 	0.418406 	-1.14133e+07 	-0.000480395 	-0.000480395 	6204.32
0.00464646 	0.694076 	0.694075 	-1.13147e+07 	-0.00018021 	-0.00018021 	13305.9
0.00484848 	0.897753 	0.897752 	-1.02475e+07 	-0.00159517 	-0.00159517 	8505.42
0.00505051 	1.03567 	1.03567 	-5.4235e+06 	-0.00173602 	-0.00173602 	4140.53
0.00525253 	1.37505 	1.37505 	-9.13043e+06 	-0.000440637 	-0.000440637 	10237.4
0.00545455 	0.485838 	0.485838 	-1.14693e+07 	-0.000482547 	-0.000482548 	5819.4
0.00565657 	0.399198 	0.399198 	-1.1285e+07 	-0.000143778 	-0.000143778 	13860.8
0.00585859 	0.0561785 	0.056179 	-1.00512e+07 	-6.50413e-05 	-6.50422e-05 	7877.55
0.00606061 	-0.422049 	-0.422048 	-5.22654e+06 	0.000707445 	0.000707444 	4075.5
0.00626263 	-0.224033 	-0.224033 	-9.51979e+06 	3.49397e-05 	3.49395e-05 	10791.8
0.00646465 	-0.808805 	-0.808805 	-1.15236e+07 	0.000837078 	0.000837077 	5421.1
0.00666667 	-0.278481 	-0.27848 	-1.12535e+07 	8.08959e-05 	8.08958e-05 	14403.1
0.00686869 	-0.272083 	-0.272083 	-9.8387e+06 	0.000501827 	0.000501827 	7255.95
0.00707071 	-1.23767 	-1.23767 	-5.06339e+06 	0.0020746 	0.0020746 	4021.73
0.00727273 	-1.15907 	-1.15907 	-9.8932e+06 	0.000350339 	0.000350339 	11353.3
0.00747475 	-1.14241 	-1.14241 	-1.15763e+07 	0.00117284 	0.00117284 	5009.51
0.00767677 	-0.21153 	-0.21153 	-1.12204e+07 	4.83892e-05 	4.83891e-05 	14932.5
0.00787879 	0.326449 	0.326449 	-9.6099e+06 	-0.000489362 	-0.000489363 	6640.67
0.00808081 	-0.687633 	-0.687632 	-4.93408e+06 	0.00115262 	0.00115262 	3979.22
0.00828283 	-0.783595 	-0.783594 	-1.02506e+07 	0.000203246 	0.000203245 	11921.6
0.00848485 	-1.1942 	-1.1942 	-1.16274e+07 	0.001228 	0.001228 	4584.65
0.00868687 	-0.715085 	-0.715085 	-1.11855e+07 	0.000220724 	0.000220724 	15449.2
0.00888889 	-0.501337 	-0.501336 	-9.36488e+06 	0.000863961 	0.00086396 	6031.8
0.00909091 	-1.7107 	-1.7107 	-4.83863e+06 	0.0028675 	0.0028675 	3947.98
0.00929293 	-1.76382 	-1.76382 	-1.05921e+07 	0.0005792 	0.0005792 	12496.9
0.00949495 	-2.53603 	-2.53603 	-1.16769e+07 	0.00255345 	0.00255345 	4146.63
0.00969697 	-1.35197 	-1.35197 	-1.11491e+07 	0.0004527 	0.000452701 	15953.1
0.00989899 	-1.27388 	-1.27388 	-9.10368e+06 	0.00213572 	0.00213572 	5429.39
0.010101 	-2.0776 	-2.07761 	-4.82915e+06 	0.00348354 	0.00348354 	3980.77
0.010303 	-1.1083 	-1.1083 	-1.08394e+07 	0.000370307 	0.000370308 	12805.8
0.0105051 	-1.64982 	-1.64982 	-1.1688e+07 	0.00166384 	0.00166384 	4228.56
0.0107071 	0.0963938 	0.0963929 	-1.10532e+07 	-5.29807e-05 	-5.29804e-05 	15638.2
0.0109091 	0.12827 	0.128269 	-8.74658e+06 	-0.000215003 	-0.000215002 	5259.37
0.0111111 	-0.487263 	-0.487264 	-5.29535e+06 	0.000846183 	0.000846185 	4497.36
0.0113131 	0.307201 	0.3072 	-1.0898e+07 	-0.000118341 	-0.000118341 	12471
0.0115152 	-0.274129 	-0.274129 	-1.1661e+07 	0.000293964 	0.000293965 	4830.93
0.0117172 	0.755897 	0.755897 	-1.09184e+07 	-0.000311479 	-0.000311479 	14981.5
0.0119192 	0.693823 	0.693823 	-8.41195e+06 	-0.001163 	-0.001163 	5147.71
0.0121212 	-0.143089 	-0.143089 	-5.7457e+06 	0.000280284 	0.000280284 	5021.03
0.0123232 	0.0497773 	0.0497775 	-1.0955e+07 	-3.33825e-05 	-3.33825e-05 	12122.9
0.0125253 	-0.511542 	-0.511541 	-1.16324e+07 	0.000528584 	0.000528584 	5420.72
0.0127273 	0.161631 	0.161632 	-1.07676e+07 	-0.000112315 	-0.000112316 	14331.1
0.0129293 	0.159304 	0.159305 	-8.1112e+06 	-0.000267025 	-0.000267026 	5047.35
0.0131313 	-0.610171 	-0.61017 	-6.18016e+06 	0.00104646 	0.00104646 	5551.73
0.0133333 	-0.483099 	-0.483098 	-1.10105e+07 	0.000153942 	0.000153942 	11761.6
0.0135354 	-0.876143 	-0.876142 	-1.16022e+07 	0.000893206 	0.000893206 	5997.87
0.0137374 	-0.164512 	-0.164512 	-1.06005e+07 	-1.00564e-05 	-1.00567e-05 	13687.1
0.0139394 	-0.139761 	-0.139761 	-7.84432e+06 	0.000234273 	0.000234272 	4958.26
0.0141414 	-0.66591 	-0.665909 	-6.59868e+06 	0.00116465 	0.00116465 	6089.39
0.0143434 	-0.404892 	-0.404891 	-1.10643e+07 	0.000113358 	0.000113358 	11387
0.0145455 	-0.639989 	-0.639989 	-1.15703e+07 	0.000679045 	0.000679045 	6562.29
0.0147475 	0.0982354 	0.0982352 	-1.04172e+07 	-0.000153439 	-0.000153439 	13049.5
0.0149495 	0.166668 	0.166668 	-7.61129e+06 	-0.00027937 	-0.000279369 	4880.46
0.0151515 	-0.145747 	-0.145747 	-7.00126e+06 	0.000348755 	0.000348755 	6633.99
0.0153535 	0.168221 	0.168221 	-1.11166e+07 	-0.000103166 	-0.000103166 	10999.2
0.0155556 	-0.0167721 	-0.0167726 	-1.15369e+07 	5.67873e-05 	5.67877e-05 	7114
0.0157576 	0.385688 	0.385687 	-1.02179e+07 	-0.000239999 	-0.000239999 	12418.4
0.0159596 	0.316396 	0.316396 	-7.41221e+06 	-0.000530348 	-0.000530347 	4813.99
0.0161616 	-0.143114 	-0.143114 	-7.38798e+06 	0.000218044 	0.000218045 	7185.59
0.0163636 	-0.236212 	-0.236213 	-1.11675e+07 	9.38955e-05 	9.38956e-05 	10598.4
0.0165657 	-0.386036 	-0.386037 	-1.1502e+07 	0.000372126 	0.000372126 	7653.04
0.0167677 	-0.0881019 	-0.0881019 	-1.00025e+07 	-2.86516e-06 	-2.86517e-06 	11794
0.0169697 	-0.00929009 	-0.00929002 	-7.24708e+06 	1.55736e-05 	1.55735e-05 	4758.86
0.0171717 	-0.11331 	-0.11331 	-7.75871e+06 	0.000222736 	0.000222736 	7744.04
0.0173737 	0.0891925 	0.0891927 	-1.12168e+07 	-4.47103e-05 	-4.47104e-05 	10184.5
0.0175758 	0.0686569 	0.068657 	-1.14655e+07 	-4.20163e-05 	-4.20164e-05 	8179.22
0.0177778 	0.299362 	0.299362 	-9.771e+06 	-0.000192319 	-0.000192319 	11176.2
0.0179798 	0.263521 	0.263521 	-7.11587e+06 	-0.000441718 	-0.000441718 	4715.04
0.0181818 	0.0790551 	0.0790552 	-8.11353e+06 	-9.67121e-05 	-9.67122e-05 	8309.41
0.0183838 	0.0698566 	0.0698567 	-1.12646e+07 	-5.31472e-05 	-5.31473e-05 	9757.66
0.0185859 	0.0909969 	0.0909969 	-1.14276e+07 	-5.37505e-05 	-5.37505e-05 	8692.68
0.0187879 	0.19257 	0.19257 	-9.52355e+06 	-0.000199475 	-0.000199475 	10565.1
0.0189899 	0.22742 	0.22742 	-7.01869e+06 	-0.000381205 	-0.000381205 	4682.59
0.0191919 	0.131229 	0.131229 	-8.45245e+06 	-0.00015551 	-0.00015551 	8881.7
0.0193939 	0.107074 	0.107074 	-1.13111e+07 	-5.64177e-05 	-5.64177e-05 	9317.9
0.019596 	0.0286072 	0.0286072 	-1.13883e+07 	-5.91241e-05 	-5.91241e-05 	9193.41
0.019798 	-0.0594097 	-0.0594097 	-9.26018e+06 	7.42249e-05 	7.42249e-05 	9960.82
0.02 	-0.0826686 	-0.0826686 	-3.47469e+06 	0.000138286 	0.000138286 	5824.34
