# Probe 0 (0.0015 0.0015 0)
# Probe 1 (0.0015 0.0015 0.002)
# Probe 2 (0.0015 0.0015 0.004)
# Probe 3 (0.0015 0.0015 0.006)
# Probe 4 (0.0015 0.0015 0.008)
# Probe 5 (0.0015 0.0015 0.01)
# Probe 6 (0.0015 0.0015 0.012)
# Probe 7 (0.0015 0.0015 0.014)
# Probe 8 (0.0015 0.0015 0.016)
# Probe 9 (0.0015 0.0015 0.018)
# Probe 10 (0.0015 0.0015 0.02)
# Time        0             1             2             3             4             5             6             7             8             9             10           
50            (0.113206 0.113206 21926.4) (-0.0497563 -0.0497563 12243) (0.00699151 0.00699151 4884.36) (-0.00930124 -0.00930124 1904.99) (-0.00713552 -0.00713552 846.799) (-0.00168045 -0.00168045 512.06) (-0.000378804 -0.000378804 469.257) (0.000490472 0.000490472 641.815) (0.00107442 0.00107442 1184.65) (0.00585668 0.00585668 2509.59) (0.00897012 0.00897012 5214.16)
100           (-0.0596356 -0.0596356 15457) (-0.0169891 -0.0169891 13300.8) (-0.0238854 -0.0238854 7578.7) (0.00175058 0.00175058 3658.47) (0.00207989 0.00207989 1720.46) (-0.00495415 -0.00495415 933.563) (-0.00240642 -0.00240642 737.753) (0.00437143 0.00437143 925.554) (0.0066396 0.0066396 1516.91) (0.00347459 0.00347459 2617.32) (-0.00532665 -0.00532665 4154.99)
150           (-0.117165 -0.117165 12420.3) (0.0135014 0.0135014 12379.9) (0.0233883 0.0233883 8686.5) (0.0113825 0.0113825 5111.2) (0.00386988 0.00386988 2738.41) (-0.000330416 -0.000330416 1536.5) (-0.001793 -0.001793 1117.91) (-0.00370703 -0.00370703 1216.59) (-0.00525163 -0.00525163 1724.89) (-0.00822105 -0.00822105 2577.99) (-0.00596484 -0.00596484 3565.05)
200           (-0.0082425 -0.0082425 10599.2) (0.00860934 0.00860934 11413.1) (0.0100397 0.0100397 8894.4) (0.0042808 0.0042808 6030.27) (0.00373675 0.00373675 3668.52) (0.000528992 0.000528992 2211.35) (-0.00203189 -0.00203189 1565.16) (-0.002252 -0.002252 1510.25) (-0.000664972 -0.000664972 1874.73) (-0.00471261 -0.00471261 2510.77) (0.00215884 0.00215884 3183.68)
250           (-0.111418 -0.111418 9356.61) (-0.0452067 -0.0452067 10620) (0.00241583 0.00241583 8774.09) (-0.00144937 -0.00144937 6523.99) (0.00657641 0.00657641 4400.87) (0.0026305 0.0026305 2863.78) (0.00355821 0.00355821 2038.04) (0.00301948 0.00301948 1811.04) (0.00779626 0.00779626 2010.69) (-0.0192294 -0.0192294 2458.25) (-0.0163486 -0.0163486 2924.59)
300           (-0.0458474 -0.0458474 8444.33) (0.0371867 0.0371867 9982.68) (0.0438409 0.0438409 8555.62) (0.0300695 0.0300695 6760.64) (0.0180488 0.0180488 4928.52) (0.00515148 0.00515148 3435.46) (-0.00289474 -0.00289474 2499.46) (-0.00744785 -0.00744785 2115.16) (-0.00451611 -0.00451611 2151.37) (-0.00766311 -0.00766311 2433.44) (-0.0111644 -0.0111644 2748.08)
350           (-0.00924095 -0.00924095 7742.57) (-0.115991 -0.115991 9465.45) (-0.117169 -0.117169 8319.05) (-0.0882022 -0.0882022 6855.84) (-0.0541099 -0.0541099 5290.89) (-0.0190495 -0.0190495 3904.8) (0.00718978 0.00718978 2923.54) (0.0198441 0.0198441 2414.35) (0.0170372 0.0170372 2301.98) (0.00720714 0.00720714 2438.25) (0.00758735 0.00758735 2632.95)
400           (-0.0754596 -0.0754596 7185.18) (0.120764 0.120764 9039.59) (0.123241 0.123241 8092.04) (0.118757 0.118757 6874.6) (0.0862736 0.0862736 5533.96) (0.0483554 0.0483554 4275.09) (0.0167617 0.0167617 3296.18) (-0.00169909 -0.00169909 2699.48) (-0.0143306 -0.0143306 2461.39) (-0.011524 -0.011524 2470.57) (-0.0143762 -0.0143762 2566.01)
450           (-0.0218748 -0.0218748 6731.66) (0.105798 0.105798 8684.25) (0.122411 0.122411 7883.34) (0.116504 0.116504 6852.05) (0.0934844 0.0934844 5694.4) (0.0576898 0.0576898 4560.91) (0.024281 0.024281 3613.73) (0.0018314 0.0018314 2963.72) (-0.0104806 -0.0104806 2625.59) (-0.0120103 -0.0120103 2526.6) (-0.00716796 -0.00716796 2538.09)
500           (0.0659117 0.0659117 6355.7) (-0.0544614 -0.0544614 8384.13) (-0.0622057 -0.0622057 7694.75) (-0.0594953 -0.0594953 6807.36) (-0.0531313 -0.0531313 5798.06) (-0.0404325 -0.0404325 4778.9) (-0.0246269 -0.0246269 3878.94) (-0.00941975 -0.00941975 3203.22) (-0.00203756 -0.00203756 2790.17) (0.000270228 0.000270228 2601.61) (0.00564247 0.00564247 2542.18)
550           (0.0514625 0.0514625 6039.5) (-0.0472053 -0.0472053 8127.54) (-0.0519491 -0.0519491 7524.87) (-0.0517361 -0.0517361 6750.69) (-0.0469124 -0.0469124 5862.03) (-0.0369858 -0.0369858 4943.67) (-0.0242752 -0.0242752 4097.46) (-0.0119104 -0.0119104 3416.51) (-0.00500919 -0.00500919 2951.27) (-0.000123309 -0.000123309 2691.16) (0.00101525 0.00101525 2572.44)
600           (0.0422159 0.0422159 5770.06) (-0.0375773 -0.0375773 7906.05) (-0.0414374 -0.0414374 7372.16) (-0.042041 -0.042041 6688.47) (-0.0390764 -0.0390764 5898.6) (-0.0318224 -0.0318225 5067.73) (-0.0222014 -0.0222014 4276.34) (-0.0126787 -0.0126787 3604.27) (-0.00690726 -0.00690726 3105.98) (-0.000482985 -0.000482985 2791.03) (-0.00253313 -0.00253313 2623.81)
650           (0.0344058 0.0344058 5537.89) (-0.0297898 -0.0297898 7713.07) (-0.0325967 -0.0325967 7234.64) (-0.033625 -0.033625 6624.32) (-0.0319779 -0.0319779 5916.06) (-0.0267477 -0.0267477 5160.72) (-0.0195085 -0.0195085 4422.35) (-0.0123048 -0.0123048 3768.34) (-0.00777177 -0.00777177 3252.41) (-0.000661264 -0.000661264 2897.58) (-0.00501491 -0.00501491 2691.82)
700           (0.0278818 0.0278818 5335.86) (-0.023506 -0.023506 7543.53) (-0.0251786 -0.0251786 7110.44) (-0.0264119 -0.0264119 6560.37) (-0.0256554 -0.0256554 5920.15) (-0.0219565 -0.0219565 5230.05) (-0.0165556 -0.0165556 4541.53) (-0.0111878 -0.0111878 3911.19) (-0.00786504 -0.00786504 3389.52) (-0.000577265 -0.000577265 3007.76) (-0.00656503 -0.00656503 2772.51)
750           (0.0327308 0.0327308 5158.53) (-0.0209719 -0.0209719 7393.42) (-0.0219491 -0.0219491 6997.93) (-0.023913 -0.023913 6497.92) (-0.0238398 -0.0238398 5914.97) (-0.0207017 -0.0207017 5281.43) (-0.015972 -0.015972 4639.07) (-0.010853 -0.010853 4035.49) (-0.00872367 -0.00872367 3516.94) (-0.000662939 -0.000662939 3119.1) (-0.00919161 -0.00919161 2862.4)
800           (-0.105664 -0.105664 5001.82) (-0.110009 -0.110009 7259.45) (-0.123879 -0.123879 6895.64) (-0.135285 -0.135285 6437.68) (-0.132824 -0.132824 5903.44) (-0.117197 -0.117197 5319.18) (-0.0914776 -0.0914776 4719.24) (-0.059983 -0.059983 4143.87) (-0.0337546 -0.0337546 3634.75) (-0.00649181 -0.00649181 3229.66) (0.0117194 0.0117194 2958.3)
850           (-0.123451 -0.123451 4861.94) (-0.109009 -0.109009 7139.59) (-0.118562 -0.118562 6802.34) (-0.135291 -0.135291 6380.05) (-0.134237 -0.134237 5887.61) (-0.121628 -0.121628 5346.55) (-0.0981877 -0.0981877 4785.46) (-0.0669463 -0.0669463 4238.69) (-0.0382727 -0.0382727 3743.58) (-0.00774945 -0.00774945 3337.92) (0.0152197 0.0152197 3057.9)
900           (0.0594736 0.0594736 4736.42) (-0.00666538 -0.00666538 7031.74) (-0.00859875 -0.00859875 6716.97) (-0.0042308 -0.0042308 6325.39) (-0.0017652 -0.0017652 5869.11) (-0.00687306 -0.00687306 5366.16) (-0.0173428 -0.0173428 4840.63) (-0.0180766 -0.0180766 4322.03) (-0.00908449 -0.00908449 3843.91) (-0.0112617 -0.0112617 3442.66) (-0.0314576 -0.0314576 3159.07)
950           (0.0199478 0.0199478 4623.39) (0.0428613 0.0428613 6933.95) (0.051988 0.051988 6638.63) (0.0595984 0.0595984 6273.57) (0.0618551 0.0618551 5848.84) (0.0590239 0.0590239 5379.7) (0.051633 0.051633 4886.72) (0.0404914 0.0404914 4395.48) (0.0264429 0.0264429 3936.13) (0.00543402 0.00543402 3543.28) (0.00440659 0.00440659 3260.09)
1000          (-0.000107409 -0.000107409 4521.11) (0.0265213 0.0265213 6845.04) (0.0271951 0.0271951 6566.76) (0.0294437 0.0294437 6224.85) (0.0309724 0.0309724 5827.87) (0.0309993 0.0309993 5388.9) (0.0291589 0.0291589 4925.69) (0.0252894 0.0252894 4460.68) (0.0195156 0.0195156 4021.05) (0.00584201 0.00584201 3639.43) (0.0132296 0.0132296 3359.43)
1050          (-0.0159773 -0.0159773 4428.29) (0.0162784 0.0162784 6763.8) (0.0250069 0.0250069 6500.57) (0.033442 0.033442 6179.09) (0.0370222 0.0370222 5806.7) (0.0362416 0.0362416 5394.8) (0.0317906 0.0317906 4958.9) (0.0246475 0.0246475 4518.86) (0.0160909 0.0160909 4099.29) (0.00173909 0.00173909 3730.75) (0.0135241 0.0135241 3456.03)
1100          (-0.00297238 -0.00297238 4343.48) (0.0265935 0.0265935 6689.57) (0.0239775 0.0239775 6439.62) (0.0230162 0.0230162 6136.18) (0.0229874 0.0229874 5785.75) (0.0232719 0.0232719 5398.29) (0.0230109 0.0230109 4987.49) (0.0212576 0.0212576 4571.09) (0.0173827 0.0173827 4171.45) (0.00575337 0.00575337 3817.04) (0.0218357 0.0218357 3549.09)
1150          (-0.0276964 -0.0276964 4266.03) (0.0106815 0.0106815 6621.38) (0.020103 0.020103 6383.28) (0.0297738 0.0297738 6096.05) (0.0345244 0.0345244 5765.35) (0.034396 0.034396 5400.03) (0.0301857 0.0301857 5012.35) (0.0231615 0.0231615 4618.24) (0.0148673 0.0148673 4238.06) (0.000627623 0.000627623 3898.26) (0.0174191 0.0174191 3638.05)
1200          (-0.00707981 -0.00707981 4194.82) (0.0255371 0.0255371 6558.78) (0.0222362 0.0222362 6331.32) (0.02027 0.02027 6058.57) (0.0194454 0.0194454 5745.69) (0.0195211 0.0195211 5400.56) (0.0195802 0.0195802 5034.18) (0.0185625 0.0185625 4660.99) (0.0158753 0.0158753 4299.59) (0.00587152 0.00587152 3974.46) (0.0270287 0.0270287 3722.54)
1250          (-0.0323006 -0.0323006 4129.52) (0.00782686 0.00782686 6501.06) (0.0167087 0.0167087 6283.19) (0.0262666 0.0262666 6023.64) (0.0314528 0.0314528 5726.93) (0.031973 0.031973 5400.23) (0.0284352 0.0284352 5053.52) (0.021927 0.021927 4699.92) (0.0139338 0.0139338 4356.46) (-2.522e-05 -2.522e-05 4045.76) (0.0191752 0.0191752 3802.38)
1300          (-0.0390263 -0.0390263 4069.24) (-0.0118033 -0.0118033 6447.93) (-0.0107291 -0.0107291 6238.81) (-0.00866024 -0.00866024 5991.13) (-0.00614257 -0.00614257 5709.16) (-0.00409399 -0.00409399 5399.38) (-0.0024485 -0.0024485 5070.83) (-0.000690559 -0.000690559 4735.52) (0.00107678 0.00107678 4409.05) (0.000212957 0.000212957 4112.37) (0.018663 0.018663 3877.47)
1350          (-0.0997407 -0.0997407 4013.76) (-0.0826701 -0.0826701 6398.87) (-0.113099 -0.113099 6197.6) (-0.134317 -0.134317 5960.88) (-0.146615 -0.146615 5692.39) (-0.146307 -0.146307 5398.12) (-0.132432 -0.132432 5086.35) (-0.105914 -0.105914 4768.1) (-0.0680546 -0.0680546 4457.69) (-0.0265233 -0.0265233 4174.27) (0.040825 0.040825 3948.1)
1400          (0.00308612 0.00308612 3962.45) (-0.018091 -0.018091 6353.49) (-0.0253958 -0.0253958 6159.66) (-0.037751 -0.037751 5932.73) (-0.043398 -0.043398 5676.63) (-0.0467513 -0.0467513 5396.65) (-0.0466101 -0.0466101 5100.41) (-0.0415554 -0.0415554 4798.04) (-0.0341311 -0.0341311 4502.64) (-0.019835 -0.019835 4232.1) (-0.000627887 -0.000627887 4013.89)
1450          (0.000819842 0.000819842 3915.29) (-0.0136257 -0.0136257 6311.69) (-0.0296742 -0.0296742 6124.18) (-0.0309905 -0.0309905 5906.77) (-0.039712 -0.039712 5661.92) (-0.0424646 -0.0424646 5395.08) (-0.0417725 -0.0417725 5113.22) (-0.0392573 -0.0392573 4825.55) (-0.0300014 -0.0300014 4544.3) (-0.0214217 -0.0214217 4285.61) (0.000177089 0.000177089 4075.29)
1500          (-0.00171053 -0.00171053 3871.37) (-0.0183653 -0.0183653 6272.98) (-0.0168315 -0.0168315 6092.08) (-0.0372041 -0.0372041 5882.31) (-0.0354494 -0.0354494 5648.24) (-0.0396115 -0.0396115 5393.55) (-0.0408962 -0.0408962 5124.88) (-0.0360966 -0.0360966 4850.96) (-0.0308746 -0.0308746 4582.73) (-0.0192225 -0.0192225 4335.4) (-0.00118687 -0.00118687 4132.33)
1550          (0.0532285 0.0532285 3831.43) (0.0278414 0.0278414 6236.98) (0.0373628 0.0373628 6061.51) (0.0354601 0.0354601 5860.11) (0.0403007 0.0403007 5635.55) (0.0351959 0.0351959 5391.99) (0.030323 0.030323 5135.68) (0.0224322 0.0224322 4874.41) (0.0108265 0.0108265 4618.4) (-0.00121333 -0.00121333 4381.57) (-0.0195753 -0.0195753 4185.02)
1600          (-0.0471933 -0.0471933 3793.33) (-0.0386324 -0.0386324 6204.5) (-0.051606 -0.051606 6034.04) (-0.0643101 -0.0643101 5839.25) (-0.0632485 -0.0632485 5623.63) (-0.0603416 -0.0603416 5390.58) (-0.0550359 -0.0550359 5145.53) (-0.0441861 -0.0441861 4895.97) (-0.0284039 -0.0284039 4651.28) (-0.00560538 -0.00560538 4424.14) (0.0139814 0.0139814 4234.41)
1650          (-0.0105784 -0.0105784 3759.81) (-0.038236 -0.038236 6173.15) (-0.0365873 -0.0365873 6007.68) (-0.0358145 -0.0358145 5820.29) (-0.039702 -0.039702 5612.78) (-0.0413691 -0.0413691 5389.14) (-0.037383 -0.037383 5154.65) (-0.0341315 -0.0341315 4915.96) (-0.0269344 -0.0269344 4681.71) (-0.00148141 -0.00148141 4463.67) (0.0038743 0.0038743 4279.86)
1700          (0.0319261 0.0319261 3726.95) (-0.0142494 -0.0142494 6145.53) (-0.00676593 -0.00676593 5984.43) (-0.00999682 -0.00999682 5802.5) (-0.0151133 -0.0151133 5602.58) (-0.0126212 -0.0126212 5387.91) (-0.00165494 -0.00165494 5163.11) (-0.0139522 -0.0139522 4934.42) (-0.0125589 -0.0125589 4709.88) (0.035348 0.035348 4500.14) (-0.0177546 -0.0177546 4321.87)
1750          (0.0362627 0.0362627 3698.34) (0.0352923 0.0352923 6118.92) (0.0324124 0.0324124 5961.77) (0.0378338 0.0378338 5786.08) (0.0416829 0.0416829 5593.3) (0.0376409 0.0376409 5386.7) (0.0296308 0.0296308 5170.85) (0.0285888 0.0285888 4951.46) (0.0180927 0.0180927 4735.87) (-0.006186 -0.006186 4533.99) (-0.00823032 -0.00823032 4360.74)
1800          (-0.0598366 -0.0598366 3669.72) (-0.0383753 -0.0383753 6095.6) (-0.0341128 -0.0341128 5942.24) (-0.0371334 -0.0371334 5770.83) (-0.0381565 -0.0381565 5584.53) (-0.0185795 -0.0185795 5385.63) (-0.0121522 -0.0121522 5178.03) (-0.042578 -0.042578 4967.19) (-0.0187877 -0.0187877 4759.83) (0.020109 0.020109 4565.11) (-0.0297069 -0.0297069 4396.91)
1850          (-0.0156097 -0.0156097 3646.33) (-0.0469488 -0.0469488 6072.04) (-0.0452817 -0.0452817 5922.44) (-0.0334341 -0.0334341 5757.1) (-0.0302655 -0.0302655 5576.73) (-0.0286162 -0.0286162 5384.6) (-0.0252077 -0.0252077 5184.67) (-0.0191007 -0.0191007 4981.73) (-0.0150338 -0.0150338 4782.05) (-0.013347 -0.013347 4593.83) (0.00539623 0.00539623 4430.21)
1900          (-0.0473451 -0.0473451 3621.34) (-0.0249658 -0.0249658 6052.45) (-0.0298023 -0.0298023 5906.1) (-0.0370855 -0.0370855 5744.07) (-0.0351457 -0.0351457 5569.2) (-0.0313119 -0.0313119 5383.71) (-0.0279428 -0.0279428 5190.84) (-0.0231498 -0.0231498 4995.18) (-0.0167968 -0.0167968 4802.49) (-0.00879518 -0.00879518 4620.48) (0.00654846 0.00654846 4460.78)
1950          (0.0104077 0.0104077 3601.43) (-0.00722304 -0.00722304 6032.66) (-0.0166863 -0.0166863 5888.99) (-0.0155745 -0.0155745 5732.14) (-0.0176672 -0.0176672 5562.62) (-0.0209819 -0.0209819 5382.9) (-0.0214679 -0.0214679 5196.5) (-0.0195005 -0.0195005 5007.59) (-0.0156552 -0.0156552 4821.41) (-0.0113454 -0.0113454 4644.9) (0.00143895 0.00143895 4489.23)
2000          (0.00656462 0.00656462 3580.12) (0.00908541 0.00908541 6015.61) (0.0108975 0.0108975 5875.24) (0.00301353 0.00301353 5721.27) (0.00265591 0.00265591 5556.23) (0.0038768 0.0038768 5382.18) (0.00289454 0.00289454 5201.83) (0.00132613 0.00132613 5019.08) (-0.000191279 -0.000191279 4838.86) (8.87739e-05 8.87738e-05 4667.64) (-0.00836612 -0.00836612 4515.17)
2050          (0.00656677 0.00656677 3563.14) (0.00858137 0.00858137 5998.98) (0.0029255 0.0029255 5860.63) (0.00114772 0.00114772 5710.93) (6.29108e-05 6.2911e-05 5550.58) (-0.00299449 -0.00299449 5381.5) (-0.00584947 -0.00584947 5206.66) (-0.0078105 -0.0078105 5029.67) (-0.00944513 -0.00944513 4854.96) (-0.0101147 -0.0101147 4688.49) (-0.00109572 -0.00109572 4539.16)
2100          (0.00997341 0.00997341 3544.81) (0.010934 0.010934 5984.41) (0.0133079 0.0133079 5848.99) (0.00735209 0.00735209 5701.85) (0.00721726 0.00721726 5545.21) (0.0082943 0.0082943 5380.89) (0.00726598 0.00726598 5211.21) (0.00532248 0.00532248 5039.46) (0.00219872 0.00219872 4869.79) (0.00331986 0.00331986 4707.72) (-0.0127839 -0.0127839 4561.46)
2150          (0.0107971 0.0107971 3530.51) (0.011096 0.011096 5970.2) (0.00339115 0.00339115 5836.45) (0.0019877 0.0019877 5693) (0.000421664 0.000421664 5540.42) (-0.00286998 -0.00286998 5380.36) (-0.00598777 -0.00598777 5215.35) (-0.00867503 -0.00867503 5048.47) (-0.0101341 -0.0101341 4883.51) (-0.0114966 -0.0114966 4725.44) (-0.00299194 -0.00299193 4581.83)
2200          (-0.00636574 -0.00636574 3514.75) (0.000127191 0.000127191 5957.87) (0.00236804 0.00236804 5826.7) (-0.00311948 -0.00311948 5685.31) (-0.00148506 -0.00148506 5535.85) (0.00187001 0.00187001 5379.85) (0.00367758 0.00367758 5219.24) (0.00507269 0.00507269 5056.82) (0.00548683 0.00548683 4896.11) (0.00764812 0.00764812 4741.79) (-0.000294361 -0.000294361 4600.72)
2250          (-0.00196849 -0.00196849 3503.12) (-0.0149803 -0.0149803 5945.47) (-0.0162981 -0.0162981 5815.68) (-0.0110409 -0.0110409 5677.82) (-0.0100807 -0.0100807 5531.86) (-0.00961923 -0.00961923 5379.4) (-0.00725464 -0.00725464 5222.74) (-0.00386116 -0.00386116 5064.47) (-0.00055948 -0.00055948 4907.75) (0.000919125 0.000919125 4756.79) (0.0130159 0.0130159 4618.1)
2300          (-0.002521 -0.002521 3489.17) (-0.000250367 -0.000250367 5935.26) (0.00233386 0.00233386 5807.7) (-0.00215649 -0.00215649 5671.27) (-0.00138471 -0.00138471 5527.93) (0.00177081 0.00177081 5379) (0.00366619 0.00366619 5226.09) (0.00465831 0.00465831 5071.58) (0.00610515 0.00610515 4918.5) (0.00543787 0.00543787 4770.64) (0.002448 0.002448 4634.17)
2350          (0.00103365 0.00103365 3479.49) (-0.013909 -0.013909 5924.71) (-0.0215388 -0.0215388 5798.18) (-0.0184265 -0.0184265 5664.84) (-0.0172853 -0.0172853 5524.58) (-0.0173752 -0.0173752 5378.67) (-0.0154896 -0.0154896 5229.1) (-0.0117119 -0.0117119 5078.1) (-0.00642311 -0.00642311 4928.37) (-0.00147511 -0.00147511 4783.42) (0.00819003 0.00819003 4648.89)
2400          (-0.00371509 -0.00371509 3467.57) (0.00608272 0.00608272 5915.98) (0.0108652 0.0108652 5791.48) (0.00692303 0.00692303 5659.33) (0.0092598 0.0092598 5521.24) (0.0132212 0.0132212 5378.33) (0.0148618 0.0148618 5231.96) (0.0149773 0.0149773 5084.16) (0.0136328 0.0136328 4937.49) (0.0107292 0.0107292 4795.27) (0.00404473 0.00404473 4662.36)
2450          (-0.0343782 -0.0343782 3459.47) (-0.0413184 -0.0413184 5906.99) (-0.0528042 -0.0528042 5783.33) (-0.0550798 -0.0550798 5653.89) (-0.0590101 -0.0590101 5518.41) (-0.0606789 -0.0606789 5378.05) (-0.056379 -0.056379 5234.52) (-0.0467142 -0.0467142 5089.7) (-0.0329449 -0.0329449 4945.89) (-0.0158063 -0.0158063 4806.04) (0.00898287 0.00898287 4674.92)
2500          (-0.02974 -0.02974 3449.3) (0.0109331 0.0109331 5899.48) (0.020546 0.020546 5777.71) (0.0278463 0.0278463 5649.26) (0.0223162 0.0223162 5515.53) (0.0206254 0.0206254 5377.69) (0.0186821 0.0186821 5236.9) (0.0142725 0.0142725 5094.81) (0.0182338 0.0182338 4953.6) (-0.00753483 -0.00753483 4816.06) (0.0155206 0.0155206 4686.3)
2550          (0.00483546 0.00483546 3442.43) (-0.00246054 -0.00246054 5892) (-0.00798327 -0.00798327 5770.68) (0.00430386 0.00430386 5644.51) (0.00586536 0.00586536 5513.21) (0.00653735 0.00653735 5377.56) (0.0140409 0.0140409 5239.12) (-0.00128281 -0.00128281 5099.57) (0.00576674 0.00576674 4960.74) (0.00937595 0.00937595 4825.24) (-0.00523476 -0.00523476 4697.04)
2600          (-0.034054 -0.034054 3433.69) (0.000348866 0.000348866 5885.57) (0.010229 0.010229 5766.02) (0.000949938 0.000949938 5640.7) (0.000102159 0.000102159 5510.76) (0.0048257 0.0048257 5377.25) (-0.00635216 -0.00635216 5241.17) (0.00423298 0.00423298 5103.9) (-0.000890059 -0.000890059 4967.31) (0.00119467 0.00119467 4833.73) (0.00938998 0.00938998 4706.65)
2650          (-0.0732074 -0.0732074 3428.03) (-0.0970012 -0.0970012 5879.13) (-0.111941 -0.111941 5760) (-0.161387 -0.161387 5636.72) (-0.139701 -0.139701 5508.81) (-0.110314 -0.110314 5377.13) (-0.15518 -0.15518 5243.08) (-0.0796502 -0.0796502 5107.93) (-0.0600808 -0.0600808 4973.36) (-0.0409712 -0.0409712 4841.56) (0.0106328 0.0106328 4715.65)
2700          (-0.0502498 -0.0502498 3420.06) (-0.0869828 -0.0869828 5874.01) (-0.00396443 -0.00396443 5756.34) (-0.0714609 -0.0714609 5633.37) (-0.0493279 -0.0493279 5506.65) (0.011735 0.011735 5376.88) (-0.0977407 -0.0977407 5244.82) (0.0240796 0.0240796 5111.6) (-0.0306601 -0.0306601 4978.91) (-0.015903 -0.015903 4848.71) (0.0126779 0.0126779 4723.96)
2750          (-0.00953029 -0.00953029 3415.22) (0.00905365 0.00905365 5868.6) (0.00874972 0.00874972 5751.22) (0.0361066 0.0361066 5629.87) (0.0369945 0.0369945 5504.89) (0.0337738 0.0337738 5376.76) (0.0495944 0.0495944 5246.37) (0.027698 0.027698 5115.01) (0.0333792 0.0333792 4984.03) (0.0103138 0.0103138 4855.32) (-0.00499173 -0.00499173 4731.54)
2800          (0.0260078 0.0260078 3408.75) (0.00109656 0.00109656 5864.04) (0.0350339 0.0350339 5748) (-0.00208038 -0.00208038 5627.27) (0.00488094 0.00488094 5503.22) (0.017167 0.017167 5376.56) (-0.00871109 -0.00871109 5247.88) (0.0200748 0.0200748 5118.17) (-0.00637919 -0.00637919 4988.78) (0.00730144 0.00730144 4861.37) (-0.00712802 -0.00712802 4738.59)
2850          (0.0455175 0.0455175 3405.13) (0.0512933 0.0512933 5859.15) (0.0325418 0.0325418 5743.26) (0.108156 0.108156 5624.26) (0.0959233 0.0959233 5501.82) (0.0890544 0.0890544 5376.44) (0.107256 0.107256 5249.16) (0.046265 0.046265 5121) (0.0647455 0.0647455 4993.08) (0.00733521 0.00733521 4866.97) (-0.00758002 -0.00758002 4745.08)
2900          (0.0022772 0.0022772 3399.28) (-0.00275055 -0.00275055 5855.51) (-0.00038298 -0.00038298 5740.81) (-0.00720257 -0.00720257 5622.04) (-0.0085535 -0.0085535 5500.33) (-0.00584495 -0.00584495 5376.32) (-0.00422518 -0.00422518 5250.5) (-0.00182907 -0.00182907 5123.71) (0.000666209 0.000666209 4997.13) (0.00262319 0.00262319 4872.13) (-0.000539205 -0.000539205 4750.95)
2950          (-0.00107447 -0.00107447 3396.14) (0.0431539 0.0431539 5851.49) (0.0619529 0.0619529 5736.86) (0.107692 0.107692 5619.43) (0.115624 0.115624 5499.12) (0.110265 0.110265 5376.22) (0.107108 0.107108 5251.59) (0.0809716 0.0809716 5126.14) (0.0599112 0.0599112 5000.76) (0.0229232 0.0229232 4876.89) (0.00343012 0.00343012 4756.37)
3000          (0.0289375 0.0289375 3391.14) (0.0212909 0.0212909 5848.4) (0.0256964 0.0256964 5734.82) (0.0235939 0.0235939 5617.58) (0.0243347 0.0243347 5497.85) (0.0258991 0.0258991 5376.11) (0.024509 0.024509 5252.72) (0.0207824 0.0207824 5128.42) (0.0160485 0.0160485 5004.2) (0.00803485 0.00803485 4881.24) (-0.0067289 -0.0067289 4761.43)
3050          (-0.0635741 -0.0635741 3388.94) (-0.0838794 -0.0838794 5844.76) (-0.0742305 -0.0742305 5731.14) (-0.0783697 -0.0783697 5615.44) (-0.0809765 -0.0809765 5496.94) (-0.0825746 -0.0825746 5376.05) (-0.0728456 -0.0728456 5253.64) (-0.0483964 -0.0483964 5130.45) (-0.0392746 -0.0392746 5007.29) (-0.00466043 -0.00466043 4885.24) (0.00843847 0.00843847 4766.07)
3100          (0.00710477 0.00710477 3384.66) (0.0444491 0.0444491 5842.02) (0.0551062 0.0551062 5729.42) (0.0503256 0.0503256 5613.82) (0.0528977 0.0528977 5495.81) (0.0535505 0.0535505 5375.9) (0.0454327 0.0454327 5254.56) (0.0334625 0.0334625 5132.38) (0.0244552 0.0244552 5010.17) (0.008466 0.008466 4888.96) (0.00503314 0.00503314 4770.28)
3150          (-0.0282987 -0.0282987 3382.21) (-0.0464438 -0.0464438 5839.4) (-0.0628294 -0.0628294 5726.76) (-0.0423238 -0.0423238 5611.92) (-0.045948 -0.045948 5494.91) (-0.0459721 -0.0459721 5375.91) (-0.035983 -0.035983 5255.42) (-0.0185605 -0.0185605 5134.14) (-0.0198227 -0.0198227 5012.83) (0.00371074 0.00371074 4892.38) (-0.000971732 -0.000971732 4774.19)
3200          (0.0185303 0.0185303 3378.82) (0.0395129 0.0395129 5836.89) (0.0559508 0.0559508 5725.11) (0.0375721 0.0375721 5610.67) (0.053485 0.053485 5494.06) (0.0499355 0.0499355 5375.74) (0.0444238 0.0444238 5256.15) (0.0327905 0.0327905 5135.77) (0.0304326 0.0304326 5015.25) (0.00737861 0.00737861 4895.47) (0.00308029 0.00308029 4777.79)
3250          (0.0295473 0.0295473 3377.18) (0.00618604 0.00618604 5834.41) (-0.0249372 -0.0249372 5722.57) (-0.0163886 -0.0163886 5609.06) (-0.0211405 -0.0211405 5493.41) (-0.0299837 -0.0299837 5375.7) (-0.0211682 -0.0211682 5256.81) (-0.0336068 -0.0336068 5137.25) (-0.00636647 -0.00636647 5017.46) (-0.0262459 -0.0262459 4898.32) (-0.00061115 -0.00061115 4781.08)
3300          (-0.0418884 -0.0418884 3373.62) (-0.0208863 -0.0208863 5832.74) (-0.00562123 -0.00562123 5721.67) (-0.0111781 -0.0111781 5607.97) (-0.0174119 -0.0174119 5492.4) (-0.0101841 -0.0101841 5375.66) (-0.0111179 -0.0111179 5257.57) (-0.00683919 -0.00683919 5138.55) (-0.013776 -0.013776 5019.48) (0.0046483 0.0046483 4901.05) (0.00439929 0.00439929 4784.14)
3350          (0.0316578 0.0316578 3372.6) (0.0130462 0.0130462 5830.42) (-0.00887074 -0.00887074 5719.27) (-0.00198904 -0.00198904 5606.59) (-0.00146895 -0.00146895 5492.05) (-0.00967331 -0.00967331 5375.58) (-0.00789688 -0.00789688 5258.02) (-0.014056 -0.014056 5139.9) (0.000776485 0.000776484 5021.42) (-0.0181457 -0.0181457 4903.36) (0.00126 0.00126 4786.91)
3400          (-0.0366706 -0.0366706 3369.48) (-0.0176758 -0.0176758 5829.08) (-0.00376528 -0.00376528 5718.56) (-0.0115679 -0.0115679 5605.68) (-0.0144853 -0.0144853 5491.16) (-0.00840476 -0.00840476 5375.54) (-0.00922645 -0.00922645 5258.73) (-0.00420186 -0.00420186 5140.96) (-0.0134488 -0.0134488 5023.11) (0.00656136 0.00656136 4905.71) (0.0031266 0.0031266 4789.51)
3450          (0.0281533 0.0281533 3368.78) (-0.0220719 -0.0220719 5827) (0.000783372 0.000783372 5716.42) (-0.0224922 -0.0224922 5604.6) (-0.00488497 -0.00488497 5490.86) (-0.00649492 -0.00649492 5375.48) (-0.0278965 -0.0278965 5259.08) (0.0133053 0.0133053 5142.1) (-0.0270071 -0.0270071 5024.76) (0.0143656 0.0143656 4907.65) (-0.00303507 -0.00303507 4791.84)
3500          (-0.0164941 -0.0164941 3365.89) (0.0349593 0.0349593 5826.07) (-0.0128596 -0.0128596 5716.02) (0.0304652 0.0304652 5603.66) (-0.00212952 -0.00212952 5490.12) (-0.00191694 -0.00191694 5375.45) (0.0330081 0.0330081 5259.65) (-0.0346485 -0.0346485 5143.02) (0.0399212 0.0399212 5026.15) (-0.0362225 -0.0362225 4909.64) (0.00880234 0.00880234 4794.06)
3550          (-0.0358828 -0.0358828 3365.42) (-0.00110029 -0.00110029 5824.21) (0.00230051 0.00230052 5714.15) (0.0217771 0.0217771 5602.88) (0.0169462 0.0169462 5489.92) (0.0150475 0.0150475 5375.45) (0.0189877 0.0189877 5260) (0.00728206 0.00728206 5144.01) (0.0249182 0.0249182 5027.61) (-0.00664922 -0.00664922 4911.28) (-0.00654343 -0.00654343 4796)
3600          (0.0564609 0.0564609 3363.08) (0.0348222 0.0348222 5823.43) (0.00437897 0.00437897 5713.75) (0.0205634 0.0205634 5602.08) (0.0110902 0.0110902 5489.27) (0.0147039 0.0147039 5375.42) (0.0266993 0.0266993 5260.5) (0.00166632 0.00166632 5144.77) (0.0207942 0.0207942 5028.76) (-0.0019269 -0.0019269 4913) (-0.00443583 -0.00443583 4797.88)
3650          (0.0235926 0.0235926 3362.76) (0.00422821 0.00422821 5821.65) (-0.0264453 -0.0264453 5712.12) (0.00536825 0.00536825 5601.49) (-0.0155669 -0.0155669 5488.97) (-0.0131856 -0.0131856 5375.29) (0.00196092 0.00196092 5260.79) (-0.0221392 -0.0221392 5145.5) (0.00835681 0.00835681 5029.86) (-0.0156654 -0.0156654 4914.41) (0.00595225 0.00595225 4799.53)
3700          (-0.0253821 -0.0253821 3360.47) (0.0181864 0.0181864 5821.48) (-0.00534571 -0.00534571 5711.82) (0.00260351 0.00260351 5600.54) (-0.00781697 -0.00781697 5488.53) (-0.00686404 -0.00686404 5375.32) (6.94996e-05 6.94997e-05 5261.1) (-0.0161212 -0.0161212 5146.17) (0.000247906 0.000247906 5030.9) (-0.0122824 -0.0122824 4915.73) (0.00185497 0.00185497 4801.08)
3750          (-0.0508828 -0.0508828 3360.28) (-0.0106192 -0.0106192 5819.8) (0.0213898 0.0213898 5710.54) (0.00710391 0.00710391 5600.21) (0.0183502 0.0183502 5488.34) (0.0173972 0.0173972 5375.3) (0.00914814 0.00914814 5261.39) (0.0217575 0.0217575 5146.9) (0.00836858 0.00836858 5031.97) (0.0120422 0.0120422 4916.92) (-0.00842365 -0.00842365 4802.49)
3800          (-0.00589732 -0.00589732 3358.51) (0.0335001 0.0335001 5819.55) (-0.0362662 -0.0362662 5710.23) (0.0191417 0.0191417 5599.37) (-0.0110941 -0.0110941 5487.96) (-0.00660915 -0.00660915 5375.29) (0.0127433 0.0127433 5261.62) (-0.0219257 -0.0219257 5147.43) (0.0260992 0.0260992 5032.79) (-0.019965 -0.019965 4918.04) (0.00969078 0.00969078 4803.78)
3850          (0.0180998 0.0180998 3358.45) (-0.0286517 -0.0286517 5817.86) (0.00602199 0.00602199 5709.14) (-0.0185263 -0.0185263 5599.22) (-0.00653634 -0.00653634 5487.65) (-0.00499183 -0.00499183 5375.2) (-0.0175036 -0.0175036 5261.89) (0.00305806 0.00305806 5147.96) (-0.0113667 -0.0113667 5033.6) (0.00496203 0.00496203 4919.07) (0.00162249 0.00162249 4804.97)
3900          (-0.0644213 -0.0644213 3356.82) (0.00571899 0.00571899 5817.94) (-0.00820038 -0.00820038 5708.8) (-0.0131683 -0.0131683 5598.41) (-0.00835795 -0.00835795 5487.44) (-0.0116241 -0.0116241 5375.22) (-0.00929688 -0.00929688 5262.1) (-0.00803608 -0.00803608 5148.45) (-0.00282153 -0.00282153 5034.33) (-0.00294807 -0.00294807 4920.04) (0.00601181 0.00601181 4806.08)
3950          (0.0634809 0.0634809 3356.71) (-0.0172481 -0.0172481 5816.47) (-0.013334 -0.013334 5707.98) (-0.00378513 -0.00378513 5598.31) (-0.0112781 -0.0112781 5487.12) (-0.00896659 -0.00896659 5375.16) (-0.00826513 -0.00826513 5262.36) (-0.006936 -0.006936 5148.89) (-0.00336361 -0.00336361 5035.01) (-0.00163277 -0.00163277 4920.93) (0.00709095 0.00709095 4807.09)
4000          (0.0438933 0.0438933 3355.37) (-0.00333266 -0.00333266 5816.48) (-0.00386581 -0.00386581 5707.65) (-0.00889914 -0.00889914 5597.64) (-0.0144343 -0.0144343 5486.96) (-0.00591813 -0.00591813 5375.16) (-0.00737365 -0.00737365 5262.56) (-0.012482 -0.012482 5149.31) (-0.00806585 -0.00806585 5035.61) (-0.00442733 -0.00442733 4921.76) (0.00542753 0.00542753 4808.04)
4050          (0.0143274 0.0143274 3355.41) (-0.0248052 -0.0248052 5815.12) (-0.0154457 -0.0154457 5707.1) (-0.0041731 -0.0041731 5597.52) (-0.00493433 -0.00493433 5486.67) (-0.00871776 -0.00871776 5375.15) (-0.00949836 -0.00949836 5262.73) (-0.00363124 -0.00363124 5149.69) (-0.00114963 -0.00114963 5036.21) (-0.00062289 -0.00062289 4922.47) (0.00504718 0.00504718 4808.88)
4100          (-0.0167154 -0.0167154 3354.16) (0.0105037 0.0105037 5815.5) (-0.0074566 -0.0074566 5706.53) (0.000424617 0.000424616 5596.99) (0.00279311 0.00279311 5486.62) (-0.0054382 -0.0054382 5375.11) (-0.00662916 -0.00662916 5262.89) (-0.00425507 -0.00425507 5150.06) (-0.00456728 -0.00456728 5036.74) (-0.00572938 -0.00572938 4923.16) (-0.00397922 -0.00397922 4809.66)
4150          (0.0079313 0.0079313 3354.18) (-0.0199519 -0.0199519 5814.08) (-0.000798709 -0.000798709 5706.37) (-0.00989477 -0.00989477 5596.79) (-0.010652 -0.010652 5486.33) (-0.00751101 -0.00751101 5375.12) (-0.00641763 -0.00641763 5263.04) (-0.00525491 -0.00525491 5150.36) (-0.00351411 -0.00351411 5037.2) (-0.000702787 -0.000702787 4923.78) (0.00457684 0.00457685 4810.38)
4200          (-0.00783578 -0.00783578 3353.08) (0.0156426 0.0156426 5814.57) (-0.00606227 -0.00606227 5705.63) (0.00168845 0.00168845 5596.53) (-0.00175426 -0.00175426 5486.23) (-0.00378043 -0.00378043 5375.06) (-0.00488705 -0.00488705 5263.18) (-0.00562324 -0.00562324 5150.64) (-0.0054585 -0.0054585 5037.64) (-0.00503221 -0.00503221 4924.34) (-0.00152171 -0.00152171 4811.03)
4250          (0.00694767 0.00694766 3353.16) (-0.0200908 -0.0200908 5813.31) (-0.000862313 -0.000862313 5705.68) (-0.0109218 -0.0109218 5596.19) (-0.00769185 -0.00769185 5486.08) (-0.00763962 -0.00763962 5375.07) (-0.00652523 -0.00652523 5263.3) (-0.00493816 -0.00493816 5150.91) (-0.00320527 -0.00320527 5038.04) (-0.000996075 -0.000996075 4924.86) (0.00413394 0.00413394 4811.63)
4300          (-0.0404702 -0.0404702 3352.23) (-0.00178158 -0.00178158 5813.75) (-0.0172172 -0.0172172 5705.02) (-0.00616006 -0.00616006 5596.18) (-0.00781514 -0.00781514 5486.01) (-0.00395388 -0.00395388 5375.15) (-0.00176827 -0.00176827 5263.5) (0.000493601 0.000493601 5151.24) (0.00227046 0.00227046 5038.48) (0.0037202 0.0037202 4925.38) (0.00615212 0.00615212 4812.18)
4350          (-0.00729049 -0.00729049 3352.03) (-0.0212936 -0.0212936 5813.21) (-0.0329182 -0.0329182 5704.68) (-0.0310921 -0.0310921 5595.87) (-0.0374584 -0.0374584 5485.81) (-0.0349402 -0.0349403 5375.06) (-0.0328737 -0.0328737 5263.55) (-0.0272135 -0.0272135 5151.42) (-0.0192836 -0.0192836 5038.8) (-0.00996761 -0.00996761 4925.83) (0.0116108 0.0116108 4812.74)
4400          (-0.032751 -0.032751 3351.66) (0.0467297 0.0467297 5812.68) (0.0118072 0.0118072 5704.54) (0.0287027 0.0287027 5595.66) (0.0320013 0.0320013 5485.72) (0.0324452 0.0324452 5375.08) (0.029629 0.029629 5263.66) (0.0238863 0.0238863 5151.64) (0.0164966 0.0164966 5039.11) (0.00865524 0.00865524 4926.22) (-0.0060549 -0.0060549 4813.18)
4450          (-0.0611137 -0.0611137 3351.36) (0.0996154 0.0996154 5812.37) (0.0572525 0.0572525 5704.22) (0.0812919 0.0812919 5595.48) (0.0835782 0.0835782 5485.56) (0.0768448 0.0768448 5375.05) (0.0654145 0.0654145 5263.71) (0.0485296 0.0485296 5151.8) (0.0273161 0.0273161 5039.38) (0.00635889 0.00635889 4926.57) (-0.0131685 -0.0131685 4813.61)
4500          (-0.0105122 -0.0105122 3351.04) (0.00385813 0.00385813 5812.17) (-0.00993783 -0.00993783 5704.01) (0.00289442 0.00289442 5595.4) (-0.00366464 -0.00366464 5485.51) (-0.00112481 -0.00112481 5375.1) (-0.00377149 -0.00377149 5263.81) (-0.00309374 -0.00309374 5151.98) (-0.00366047 -0.00366047 5039.61) (-0.00432089 -0.00432089 4926.85) (-0.00193601 -0.00193601 4813.92)
4550          (0.0170995 0.0170995 3350.67) (-0.0035507 -0.0035507 5811.77) (0.00472962 0.00472962 5703.9) (-0.000481704 -0.000481703 5595.1) (0.00418713 0.00418713 5485.54) (0.000601116 0.000601115 5375.07) (0.00186753 0.00186753 5263.99) (0.000569688 0.000569688 5152.22) (0.000412396 0.000412396 5039.96) (-0.000653133 -0.000653133 4927.28) (-0.00206872 -0.00206872 4814.38)
4600          (0.0418639 0.0418639 3350.51) (-0.0040466 -0.0040466 5811.71) (0.00673732 0.00673732 5703.79) (0.00903331 0.00903332 5595.04) (0.000442184 0.000442186 5485.36) (-0.000664796 -0.000664799 5375.06) (-0.00658569 -0.00658569 5263.93) (-0.00736627 -0.00736627 5152.27) (-0.00804559 -0.0080456 5040.06) (-0.00631403 -0.00631404 4927.49) (0.000867444 0.000867444 4814.68)
4650          (-0.098667 -0.098667 3350.43) (0.0213077 0.0213077 5811.56) (-0.017171 -0.017171 5703.75) (-0.0643589 -0.0643589 5595.02) (-0.0572866 -0.0572867 5485.51) (-0.0430822 -0.0430822 5375.13) (-0.0340617 -0.0340617 5264.12) (-0.0323127 -0.0323127 5152.43) (-0.0291622 -0.0291622 5040.25) (-0.0183264 -0.0183264 4927.65) (0.0014489 0.0014489 4814.78)
4700          (0.0502915 0.0502915 3350.18) (-0.0136056 -0.0136056 5811.3) (0.00741575 0.00741575 5703.42) (-0.00939296 -0.00939296 5594.74) (0.00515606 0.00515606 5485.32) (0.00133395 0.00133395 5374.96) (0.0026951 0.0026951 5264.07) (0.00146051 0.00146051 5152.48) (0.00243252 0.00243252 5040.42) (-0.000777401 -0.0007774 4927.9) (0.00524787 0.00524787 4815.13)
4750          (0.0707442 0.0707442 3349.97) (-0.00275872 -0.00275872 5811.11) (0.00375473 0.00375473 5703.22) (0.0107205 0.0107205 5594.64) (0.00449 0.00449001 5485.32) (-0.0132547 -0.0132547 5374.98) (-0.00864233 -0.00864233 5264.2) (-0.0100767 -0.0100767 5152.66) (-0.00487288 -0.00487288 5040.67) (-0.00516117 -0.00516117 4928.17) (-0.000977611 -0.000977612 4815.43)
4800          (-0.0314335 -0.0314335 3349.84) (0.0105822 0.0105822 5811.02) (-0.0041528 -0.0041528 5703.21) (4.65497e-05 4.65484e-05 5594.59) (-0.000467913 -0.000467914 5485.16) (0.00215935 0.00215935 5375.03) (-0.00127081 -0.00127081 5264.16) (0.000604383 0.000604382 5152.73) (-0.000851043 -0.000851042 5040.74) (-0.00134939 -0.00134939 4928.32) (-0.00273323 -0.00273323 4815.61)
4850          (-0.0314335 -0.0314335 3349.84) (0.0105822 0.0105822 5811.02) (-0.0041528 -0.0041528 5703.21) (4.65497e-05 4.65484e-05 5594.59) (-0.000467913 -0.000467914 5485.16) (0.00215935 0.00215935 5375.03) (-0.00127081 -0.00127081 5264.16) (0.000604383 0.000604382 5152.73) (-0.000851043 -0.000851042 5040.74) (-0.00134939 -0.00134939 4928.32) (-0.00273323 -0.00273323 4815.61)
4900          (-0.0314335 -0.0314335 3349.84) (0.0105822 0.0105822 5811.02) (-0.0041528 -0.0041528 5703.21) (4.65497e-05 4.65484e-05 5594.59) (-0.000467913 -0.000467914 5485.16) (0.00215935 0.00215935 5375.03) (-0.00127081 -0.00127081 5264.16) (0.000604383 0.000604382 5152.73) (-0.000851043 -0.000851042 5040.74) (-0.00134939 -0.00134939 4928.32) (-0.00273323 -0.00273323 4815.61)
4950          (-0.0314335 -0.0314335 3349.84) (0.0105822 0.0105822 5811.02) (-0.0041528 -0.0041528 5703.21) (4.65497e-05 4.65484e-05 5594.59) (-0.000467913 -0.000467914 5485.16) (0.00215935 0.00215935 5375.03) (-0.00127081 -0.00127081 5264.16) (0.000604383 0.000604382 5152.73) (-0.000851043 -0.000851042 5040.74) (-0.00134939 -0.00134939 4928.32) (-0.00273323 -0.00273323 4815.61)
5000          (-0.0314335 -0.0314335 3349.84) (0.0105822 0.0105822 5811.02) (-0.0041528 -0.0041528 5703.21) (4.65497e-05 4.65484e-05 5594.59) (-0.000467913 -0.000467914 5485.16) (0.00215935 0.00215935 5375.03) (-0.00127081 -0.00127081 5264.16) (0.000604383 0.000604382 5152.73) (-0.000851043 -0.000851042 5040.74) (-0.00134939 -0.00134939 4928.32) (-0.00273323 -0.00273323 4815.61)
