# Probe 0 (0.0015 0.0015 0)
# Probe 1 (0.0015 0.0015 0.002)
# Probe 2 (0.0015 0.0015 0.004)
# Probe 3 (0.0015 0.0015 0.006)
# Probe 4 (0.0015 0.0015 0.008)
# Probe 5 (0.0015 0.0015 0.01)
# Probe 6 (0.0015 0.0015 0.012)
# Probe 7 (0.0015 0.0015 0.014)
# Probe 8 (0.0015 0.0015 0.016)
# Probe 9 (0.0015 0.0015 0.018)
# Probe 10 (0.0015 0.0015 0.02)
# Time        0             1             2             3             4             5             6             7             8             9             10           
50            (7.74111e-11 3.72854e-11 2.32031e-11) (7.3339e-11 -4.87573e-11 1.41019e-09) (6.00216e-11 2.43444e-11 1.97074e-09) (-1.89615e-10 2.61461e-10 2.85046e-09) (9.68469e-11 -7.53033e-11 4.37002e-09) (1.80297e-10 -1.5372e-10 5.67223e-09) (1.49335e-10 -3.63446e-10 6.72599e-09) (1.16866e-10 -4.16307e-10 8.0489e-09) (2.41605e-10 -4.40451e-10 9.30897e-09) (2.71562e-10 -2.40246e-10 1.02218e-08) (2.97316e-10 -1.84407e-11 1.03649e-08)
100           (-2.92044e-11 2.61396e-11 -6.28602e-11) (-3.99906e-11 -2.1601e-10 8.40804e-10) (3.06825e-10 -6.49218e-11 1.63925e-09) (1.74403e-10 -1.10948e-10 2.76227e-09) (7.62077e-11 -1.13959e-10 3.51405e-09) (4.61791e-10 -4.49412e-10 4.08816e-09) (3.94284e-10 -4.95364e-10 5.89588e-09) (4.43351e-10 -4.07113e-10 6.65842e-09) (5.85968e-10 -1.57462e-10 8.08738e-09) (5.00677e-10 -5.73607e-10 8.08629e-09) (4.66138e-10 -3.62996e-10 8.85398e-09)
150           (1.40584e-11 1.61837e-11 -2.08915e-10) (2.34325e-10 -8.5584e-11 7.22685e-10) (5.84914e-10 -3.46679e-10 1.73834e-09) (3.30823e-10 -2.0736e-10 2.97234e-09) (4.75511e-10 -6.40913e-10 3.821e-09) (6.63696e-10 -6.06897e-10 5.32345e-09) (4.65864e-10 -6.88948e-10 6.61721e-09) (6.26224e-10 -6.85475e-10 8.0939e-09) (8.54374e-10 -8.8995e-10 8.89252e-09) (9.4827e-10 -5.54992e-10 9.53352e-09) (8.84496e-10 -4.6733e-10 1.15784e-08)
200           (-1.47461e-11 -3.83178e-11 5.76698e-11) (1.28538e-10 1.44897e-10 5.99344e-10) (2.10889e-10 -1.64823e-10 1.58574e-09) (3.33323e-10 -3.31396e-10 2.71606e-09) (3.86653e-10 -5.7038e-10 3.1721e-09) (5.23782e-10 -6.06235e-10 4.954e-09) (1.01303e-09 -6.72684e-10 5.36228e-09) (9.15896e-10 -5.76792e-10 7.2578e-09) (1.00772e-09 -6.83216e-10 7.28422e-09) (7.62021e-10 -7.05093e-10 8.57776e-09) (8.89191e-10 -7.49112e-10 8.64638e-09)
250           (-2.68085e-11 -9.56449e-11 3.62421e-11) (-3.22457e-11 -3.61712e-10 9.98729e-10) (4.50971e-11 -3.22955e-10 2.71341e-09) (3.28778e-10 -4.40665e-10 3.22641e-09) (4.56992e-10 -4.2494e-10 4.13228e-09) (1.01857e-09 -1.06984e-09 5.95549e-09) (9.47662e-10 -1.13139e-09 6.42449e-09) (1.19599e-09 -8.98596e-10 8.0653e-09) (1.45683e-09 -1.11591e-09 9.26714e-09) (1.41018e-09 -1.03273e-09 1.04693e-08) (1.25248e-09 -1.13986e-09 1.13164e-08)
300           (-1.22533e-11 -5.57263e-11 5.65649e-12) (-4.42883e-11 -1.19414e-10 8.6726e-10) (2.16936e-10 -3.59224e-10 2.19202e-09) (3.80054e-10 -4.993e-10 3.25559e-09) (6.17494e-10 -8.11003e-10 3.88516e-09) (9.35619e-10 -9.21285e-10 5.40917e-09) (1.02027e-09 -9.40963e-10 6.49002e-09) (1.12129e-09 -9.17314e-10 7.69266e-09) (1.30692e-09 -1.13253e-09 9.48927e-09) (1.36324e-09 -1.19018e-09 1.03743e-08) (1.5658e-09 -1.08089e-09 1.16372e-08)
350           (2.34401e-11 -2.80915e-11 -2.06287e-10) (1.39072e-10 -1.32807e-10 3.92904e-10) (3.39303e-10 -2.74995e-10 1.8412e-09) (7.56171e-10 -4.77991e-10 3.20436e-09) (7.56781e-10 -8.45174e-10 3.80891e-09) (8.45925e-10 -9.19432e-10 4.73638e-09) (1.30312e-09 -1.23029e-09 6.08469e-09) (1.29144e-09 -1.36201e-09 7.26578e-09) (1.60323e-09 -1.28854e-09 7.66613e-09) (1.8084e-09 -9.97575e-10 9.22733e-09) (1.6928e-09 -1.03213e-09 9.58477e-09)
400           (6.22319e-11 -2.70205e-11 3.65101e-11) (3.083e-10 -1.55387e-10 8.39074e-10) (2.73592e-10 -4.65319e-10 1.80805e-09) (9.28241e-10 -5.54338e-10 1.85709e-09) (1.20021e-09 -8.00988e-10 3.19615e-09) (1.42428e-09 -1.1227e-09 4.27051e-09) (1.37533e-09 -1.34415e-09 5.32233e-09) (1.60819e-09 -1.63455e-09 6.48361e-09) (1.83205e-09 -1.55595e-09 7.31399e-09) (1.97311e-09 -1.38654e-09 8.18945e-09) (1.89989e-09 -1.24436e-09 8.67435e-09)
450           (-1.17676e-11 -1.48637e-11 -2.0753e-11) (1.69728e-10 2.01208e-11 8.00562e-10) (3.10306e-10 -9.98774e-11 1.96551e-09) (9.61741e-10 -5.5258e-10 2.29973e-09) (1.07969e-09 -1.07399e-09 3.78923e-09) (1.68802e-09 -1.44518e-09 5.34315e-09) (1.9424e-09 -1.50437e-09 6.22282e-09) (2.05949e-09 -1.69351e-09 7.01006e-09) (2.18943e-09 -2.0838e-09 8.56655e-09) (2.10169e-09 -1.82482e-09 9.41251e-09) (2.10775e-09 -1.76905e-09 1.04823e-08)
500           (-6.73782e-11 -7.9772e-11 1.58977e-10) (1.6773e-10 -4.27054e-10 6.55912e-10) (2.82513e-10 -4.64536e-10 1.13384e-09) (8.98441e-10 -5.43982e-10 2.01757e-09) (1.17021e-09 -1.30537e-09 3.24857e-09) (1.52491e-09 -1.2396e-09 4.02918e-09) (1.94029e-09 -1.49428e-09 5.20949e-09) (2.07772e-09 -1.77167e-09 6.85832e-09) (2.18978e-09 -1.91676e-09 7.40762e-09) (2.33557e-09 -2.0435e-09 9.25124e-09) (2.22295e-09 -1.96211e-09 1.14332e-08)
550           (-2.92986e-12 -3.88323e-11 -3.43532e-11) (2.47968e-10 -3.36837e-10 9.44263e-10) (7.35479e-10 -5.38821e-10 1.81552e-09) (9.1621e-10 -9.097e-10 3.27928e-09) (1.27146e-09 -1.07713e-09 3.80459e-09) (1.68937e-09 -1.61294e-09 5.24325e-09) (2.16858e-09 -1.86355e-09 6.14581e-09) (2.11231e-09 -2.16394e-09 7.06337e-09) (2.34111e-09 -2.09055e-09 7.95169e-09) (2.49917e-09 -2.19241e-09 9.11341e-09) (2.25842e-09 -1.84868e-09 9.3314e-09)
600           (8.43202e-12 -1.61201e-10 -2.79294e-11) (1.99594e-10 -5.3147e-10 9.43586e-10) (5.14079e-10 -8.25993e-10 1.63717e-09) (1.10389e-09 -1.27478e-09 3.32256e-09) (1.42171e-09 -1.26893e-09 4.27785e-09) (2.06268e-09 -1.74838e-09 5.6612e-09) (2.24081e-09 -2.24005e-09 7.18524e-09) (2.28308e-09 -1.94313e-09 8.23101e-09) (2.42407e-09 -2.01085e-09 9.31815e-09) (2.83228e-09 -2.17723e-09 9.59273e-09) (3.07067e-09 -2.00116e-09 1.10517e-08)
650           (2.85527e-11 -1.37043e-10 7.32044e-12) (5.6291e-10 -3.46706e-10 6.94896e-10) (9.56882e-10 -7.01833e-10 2.36267e-09) (1.51108e-09 -1.17751e-09 2.65728e-09) (1.85939e-09 -1.51182e-09 4.58044e-09) (1.97562e-09 -1.68174e-09 5.53636e-09) (2.21836e-09 -2.25031e-09 6.42549e-09) (2.64296e-09 -2.54478e-09 8.01094e-09) (2.86087e-09 -2.43226e-09 9.0475e-09) (2.73233e-09 -2.1005e-09 1.05728e-08) (2.85014e-09 -2.37272e-09 1.12754e-08)
700           (6.23435e-11 2.20064e-11 -7.11901e-11) (3.04956e-10 -5.88892e-11 5.7205e-10) (6.54391e-10 -7.92669e-10 1.9998e-09) (1.20232e-09 -7.97969e-10 2.94078e-09) (1.93245e-09 -1.40038e-09 3.70162e-09) (2.06981e-09 -2.079e-09 4.89696e-09) (2.5272e-09 -2.0886e-09 6.23434e-09) (2.71787e-09 -2.43378e-09 6.97502e-09) (2.99134e-09 -2.42709e-09 8.2036e-09) (3.27212e-09 -2.42612e-09 9.24634e-09) (3.14393e-09 -2.34115e-09 9.27681e-09)
750           (7.07491e-11 -1.04837e-10 -4.0837e-11) (3.6172e-10 -5.58056e-10 7.41871e-10) (8.37715e-10 -5.59645e-10 1.48229e-09) (1.36615e-09 -1.27984e-09 2.52052e-09) (1.93985e-09 -1.58329e-09 3.34181e-09) (2.32931e-09 -2.12711e-09 5.1949e-09) (2.56201e-09 -2.57849e-09 5.51633e-09) (2.71273e-09 -2.77214e-09 6.94307e-09) (3.26469e-09 -2.65544e-09 8.18602e-09) (3.36808e-09 -2.74731e-09 9.30389e-09) (3.36733e-09 -2.6154e-09 1.03356e-08)
800           (-3.70713e-13 -6.22994e-12 -1.17869e-10) (3.9925e-10 -5.87252e-10 7.32981e-10) (8.32453e-10 -1.00375e-09 1.53132e-09) (1.50702e-09 -1.28131e-09 2.70118e-09) (1.97593e-09 -1.97149e-09 4.39365e-09) (2.22198e-09 -2.31181e-09 5.62159e-09) (2.52908e-09 -2.34453e-09 5.90717e-09) (3.15307e-09 -2.57262e-09 6.93602e-09) (3.18148e-09 -2.92833e-09 7.85265e-09) (3.54477e-09 -3.16471e-09 8.50615e-09) (3.53098e-09 -2.68668e-09 1.05177e-08)
850           (6.268e-11 -2.27384e-11 -1.76834e-10) (3.95672e-10 -4.92783e-10 6.58424e-10) (8.83105e-10 -8.05261e-10 2.45448e-09) (1.36525e-09 -1.32875e-09 4.11357e-09) (2.22921e-09 -1.90518e-09 5.04791e-09) (2.71474e-09 -2.29015e-09 5.97931e-09) (2.89509e-09 -2.65411e-09 7.59693e-09) (3.18556e-09 -2.89703e-09 7.94839e-09) (3.31417e-09 -2.89481e-09 8.46107e-09) (3.62965e-09 -2.91656e-09 1.00305e-08) (3.47696e-09 -3.05347e-09 1.04672e-08)
900           (4.57311e-11 -4.79128e-11 -9.90141e-11) (4.70653e-10 -4.78427e-10 1.19131e-09) (9.34832e-10 -7.1346e-10 1.9322e-09) (1.24723e-09 -1.40605e-09 2.85453e-09) (1.93686e-09 -2.03299e-09 4.12018e-09) (2.48581e-09 -2.53292e-09 4.83038e-09) (3.13827e-09 -3.16347e-09 5.7887e-09) (3.26088e-09 -3.09136e-09 7.35826e-09) (3.77848e-09 -3.00451e-09 8.3151e-09) (3.68802e-09 -2.96853e-09 9.73612e-09) (3.82176e-09 -2.80023e-09 1.04952e-08)
950           (5.4701e-11 -5.62956e-11 -4.17501e-11) (6.83204e-10 -6.6974e-10 1.15718e-09) (1.17163e-09 -9.92406e-10 1.44295e-09) (1.79523e-09 -1.45346e-09 2.60664e-09) (2.13913e-09 -1.90445e-09 4.58078e-09) (2.95003e-09 -2.33829e-09 5.58927e-09) (3.46726e-09 -2.76915e-09 6.73384e-09) (3.73898e-09 -3.18316e-09 7.7487e-09) (3.69162e-09 -3.30539e-09 8.46511e-09) (3.8379e-09 -3.41028e-09 1.03589e-08) (3.95179e-09 -3.25131e-09 1.09601e-08)
1000          (3.92323e-12 -2.80146e-11 3.79305e-11) (3.67235e-10 -5.25283e-10 5.63025e-10) (9.97985e-10 -9.39553e-10 1.33136e-09) (1.48768e-09 -1.47272e-09 2.15326e-09) (2.0855e-09 -2.13846e-09 3.51417e-09) (2.6937e-09 -2.77544e-09 4.95161e-09) (3.27593e-09 -3.0452e-09 6.05707e-09) (3.74625e-09 -3.44062e-09 7.13981e-09) (4.06514e-09 -3.56781e-09 7.98605e-09) (4.16201e-09 -3.48962e-09 9.51849e-09) (4.16071e-09 -3.43399e-09 1.11549e-08)
1050          (7.13855e-11 -3.19783e-11 1.22962e-10) (5.78608e-10 -1.10664e-10 1.11375e-09) (1.06808e-09 -7.98439e-10 1.87508e-09) (1.72637e-09 -1.79378e-09 2.71624e-09) (2.44324e-09 -2.13689e-09 3.93614e-09) (3.1697e-09 -2.61503e-09 4.85414e-09) (3.41392e-09 -2.91956e-09 5.56349e-09) (3.70416e-09 -3.22116e-09 7.64879e-09) (3.91591e-09 -3.51045e-09 8.60763e-09) (4.32067e-09 -3.37904e-09 1.04161e-08) (4.32545e-09 -3.41118e-09 1.10862e-08)
1100          (-3.33109e-12 -1.34434e-10 -9.55545e-11) (6.60483e-10 -6.25503e-10 8.5738e-10) (1.08809e-09 -1.06559e-09 1.52836e-09) (1.83517e-09 -1.80277e-09 2.34114e-09) (2.32774e-09 -2.50534e-09 3.83817e-09) (2.81416e-09 -2.95762e-09 5.14747e-09) (3.6923e-09 -3.46782e-09 6.32906e-09) (4.02013e-09 -3.48335e-09 7.27337e-09) (4.27154e-09 -3.62726e-09 8.79289e-09) (4.62237e-09 -3.76504e-09 9.90562e-09) (4.62113e-09 -3.68113e-09 9.27774e-09)
1150          (3.91015e-11 -8.31899e-12 3.31466e-11) (5.25341e-10 -3.27755e-10 6.80367e-10) (1.1703e-09 -1.03923e-09 1.83749e-09) (1.58775e-09 -1.76995e-09 3.12795e-09) (2.2469e-09 -2.26431e-09 3.74035e-09) (2.90068e-09 -2.99686e-09 4.95298e-09) (3.59176e-09 -3.20312e-09 6.23176e-09) (3.97364e-09 -3.50411e-09 7.02953e-09) (4.39329e-09 -3.94772e-09 7.97659e-09) (4.61495e-09 -3.90403e-09 9.33083e-09) (4.58316e-09 -3.81941e-09 9.61828e-09)
1200          (-1.05635e-11 5.51126e-12 1.81195e-11) (6.13653e-10 -5.14342e-10 6.98952e-10) (1.24176e-09 -1.07858e-09 2.34029e-09) (1.97104e-09 -1.68658e-09 2.32059e-09) (2.8077e-09 -2.51071e-09 3.90784e-09) (3.29156e-09 -3.01622e-09 5.83167e-09) (3.97136e-09 -3.37339e-09 6.74498e-09) (4.30713e-09 -3.58965e-09 8.21035e-09) (4.5469e-09 -3.90558e-09 9.1209e-09) (4.70125e-09 -3.83361e-09 1.01941e-08) (4.67866e-09 -3.82654e-09 1.18471e-08)
1250          (2.26372e-11 9.9862e-13 -6.87418e-11) (5.48405e-10 -7.02405e-10 6.83622e-10) (1.33574e-09 -1.16732e-09 1.23575e-09) (2.14364e-09 -1.87976e-09 3.03613e-09) (2.69156e-09 -2.63836e-09 4.52819e-09) (3.33932e-09 -3.06134e-09 4.91028e-09) (3.9304e-09 -3.56497e-09 6.47547e-09) (4.66068e-09 -3.81366e-09 7.71236e-09) (4.57645e-09 -4.06146e-09 8.66757e-09) (4.87362e-09 -4.16312e-09 9.56705e-09) (4.88398e-09 -4.07879e-09 1.12462e-08)
1300          (3.17955e-11 -5.43739e-11 -6.24368e-11) (6.66183e-10 -8.13643e-10 1.18048e-09) (1.36445e-09 -1.65474e-09 2.34638e-09) (1.88248e-09 -1.9861e-09 2.52758e-09) (2.82394e-09 -2.43718e-09 4.3525e-09) (3.36204e-09 -2.71555e-09 5.51179e-09) (4.04437e-09 -3.58616e-09 6.68328e-09) (4.49122e-09 -3.89037e-09 7.69958e-09) (4.75833e-09 -4.18689e-09 8.05201e-09) (4.66872e-09 -4.35769e-09 9.39109e-09) (4.79669e-09 -4.19749e-09 1.02679e-08)
1350          (1.24248e-11 -4.39015e-11 -2.27846e-11) (5.84909e-10 -4.2709e-10 1.21935e-09) (1.51051e-09 -9.89428e-10 1.73569e-09) (2.18324e-09 -1.86194e-09 2.8475e-09) (2.8631e-09 -2.73693e-09 3.77191e-09) (3.57967e-09 -3.4961e-09 5.3188e-09) (4.15173e-09 -3.83396e-09 6.43831e-09) (4.76234e-09 -4.04574e-09 7.51201e-09) (5.1172e-09 -4.30178e-09 8.67698e-09) (5.31812e-09 -4.23319e-09 9.94756e-09) (5.26695e-09 -4.40667e-09 1.11344e-08)
1400          (1.20771e-11 -2.4019e-12 -2.28577e-10) (5.29774e-10 -5.14348e-10 4.6424e-10) (1.31668e-09 -1.28967e-09 1.85326e-09) (2.18548e-09 -1.85085e-09 3.17664e-09) (2.89379e-09 -2.63586e-09 3.65913e-09) (3.63054e-09 -3.22472e-09 5.04878e-09) (4.27967e-09 -3.63069e-09 5.85398e-09) (4.49308e-09 -3.95415e-09 7.51689e-09) (4.8878e-09 -4.32056e-09 8.06718e-09) (5.21612e-09 -4.49736e-09 9.8822e-09) (5.584e-09 -4.21902e-09 1.00896e-08)
1450          (4.8861e-11 -2.1233e-11 -3.046e-11) (6.22868e-10 -8.16156e-10 6.8772e-10) (1.4129e-09 -1.39068e-09 2.3546e-09) (2.00807e-09 -2.2415e-09 2.67834e-09) (2.91523e-09 -2.86104e-09 4.19335e-09) (3.67561e-09 -3.59703e-09 5.48349e-09) (4.41041e-09 -4.1487e-09 6.95743e-09) (4.97808e-09 -4.19892e-09 7.84118e-09) (5.07272e-09 -4.59672e-09 8.34548e-09) (5.47662e-09 -4.54625e-09 9.3512e-09) (5.60513e-09 -4.45636e-09 1.07093e-08)
1500          (1.06381e-10 -4.18577e-11 -8.00821e-11) (7.28582e-10 -7.19959e-10 5.13608e-10) (1.54826e-09 -1.53916e-09 1.95868e-09) (2.31114e-09 -2.25357e-09 3.17829e-09) (3.29547e-09 -2.9852e-09 4.1106e-09) (4.03399e-09 -3.73445e-09 5.22097e-09) (4.45228e-09 -4.05023e-09 6.12143e-09) (4.82958e-09 -4.31961e-09 7.25245e-09) (5.28916e-09 -4.55921e-09 7.74646e-09) (5.36716e-09 -4.68435e-09 8.67012e-09) (5.49027e-09 -4.66841e-09 9.75651e-09)
1550          (3.86292e-11 -8.80608e-11 -2.01872e-10) (6.80075e-10 -8.02266e-10 8.57906e-10) (1.41704e-09 -1.55952e-09 2.10251e-09) (2.37477e-09 -2.24306e-09 3.18037e-09) (3.12127e-09 -2.95113e-09 3.19991e-09) (3.8942e-09 -3.7583e-09 4.96368e-09) (4.82237e-09 -4.02817e-09 7.03344e-09) (5.53926e-09 -4.39623e-09 8.09787e-09) (5.57182e-09 -4.77584e-09 9.32082e-09) (5.62402e-09 -4.97903e-09 1.02676e-08) (5.56415e-09 -4.80315e-09 1.30917e-08)
1600          (-1.58929e-11 -2.86855e-11 -2.89617e-11) (5.2879e-10 -5.78853e-10 5.91275e-10) (1.59722e-09 -1.62678e-09 1.85887e-09) (2.4657e-09 -2.4044e-09 3.5788e-09) (3.23736e-09 -2.82694e-09 3.88386e-09) (4.00021e-09 -3.55844e-09 5.35531e-09) (4.50551e-09 -4.34556e-09 6.80661e-09) (5.13046e-09 -4.64564e-09 8.18719e-09) (5.49878e-09 -4.76977e-09 8.7787e-09) (5.74469e-09 -4.87743e-09 9.88732e-09) (5.99941e-09 -4.79108e-09 1.18241e-08)
1650          (5.6229e-11 -9.49444e-11 3.11808e-10) (8.26917e-10 -7.67536e-10 5.77021e-10) (1.39139e-09 -1.40924e-09 1.04136e-09) (2.48134e-09 -2.09732e-09 2.48696e-09) (3.47429e-09 -2.99857e-09 3.24967e-09) (4.1135e-09 -3.87063e-09 4.91082e-09) (4.94554e-09 -4.52243e-09 5.95416e-09) (5.40384e-09 -4.77969e-09 7.13389e-09) (5.67939e-09 -4.95811e-09 8.50013e-09) (5.93471e-09 -5.07094e-09 9.68736e-09) (5.93514e-09 -5.34637e-09 1.2326e-08)
1700          (4.22667e-11 1.89815e-11 6.63552e-11) (5.8853e-10 -6.93469e-10 6.79844e-10) (1.74553e-09 -1.59591e-09 1.83692e-09) (2.43906e-09 -2.46589e-09 3.32137e-09) (3.41403e-09 -3.11625e-09 3.91208e-09) (4.1855e-09 -3.93655e-09 5.55762e-09) (4.77976e-09 -4.52184e-09 6.82413e-09) (5.4153e-09 -4.79166e-09 7.60672e-09) (5.81224e-09 -4.83298e-09 8.85379e-09) (5.95724e-09 -5.28025e-09 1.02175e-08) (6.00814e-09 -5.23871e-09 1.2e-08)
1750          (5.5487e-11 -2.47646e-11 -2.67525e-11) (9.44455e-10 -4.95891e-10 5.4819e-10) (1.81143e-09 -1.31971e-09 1.91812e-09) (2.79441e-09 -2.17478e-09 3.04217e-09) (3.48418e-09 -3.30483e-09 3.99268e-09) (4.23095e-09 -3.86805e-09 4.95213e-09) (5.14394e-09 -4.37605e-09 5.86813e-09) (5.64748e-09 -4.67674e-09 7.24233e-09) (5.857e-09 -4.97342e-09 8.75247e-09) (6.18995e-09 -5.07277e-09 1.00232e-08) (6.15729e-09 -5.32939e-09 1.12411e-08)
1800          (6.95004e-11 -4.27996e-11 -3.04696e-10) (9.7558e-10 -7.44927e-10 7.79518e-10) (1.91992e-09 -1.59629e-09 1.86248e-09) (2.83046e-09 -2.49233e-09 2.93559e-09) (3.76646e-09 -3.20984e-09 4.51379e-09) (4.44013e-09 -4.05514e-09 5.28898e-09) (5.27684e-09 -4.81494e-09 6.89108e-09) (5.76509e-09 -5.11588e-09 8.76883e-09) (6.01714e-09 -5.17404e-09 9.50081e-09) (6.38538e-09 -5.3776e-09 1.06738e-08) (6.63832e-09 -5.49085e-09 1.13729e-08)
1850          (1.01273e-10 7.6572e-12 -1.00505e-10) (9.86284e-10 -4.92873e-10 7.4483e-10) (1.94469e-09 -1.34769e-09 1.86753e-09) (2.76338e-09 -2.60109e-09 3.45921e-09) (3.64822e-09 -3.30468e-09 4.18334e-09) (4.54199e-09 -4.05673e-09 5.63052e-09) (5.16715e-09 -4.84626e-09 5.90745e-09) (5.43761e-09 -4.8649e-09 7.6823e-09) (6.10658e-09 -5.28087e-09 8.58773e-09) (6.3376e-09 -5.48614e-09 9.48793e-09) (6.4705e-09 -5.63213e-09 1.14797e-08)
1900          (1.07244e-10 -7.42074e-11 -1.03343e-10) (7.89285e-10 -6.08865e-10 8.94882e-10) (1.68799e-09 -1.44466e-09 1.6413e-09) (2.83177e-09 -2.39538e-09 1.86461e-09) (3.70903e-09 -3.28709e-09 3.75108e-09) (4.63434e-09 -4.12327e-09 4.7774e-09) (5.08753e-09 -4.90037e-09 6.10084e-09) (5.64501e-09 -5.31482e-09 7.63649e-09) (6.17704e-09 -5.39761e-09 8.61692e-09) (6.51693e-09 -5.43907e-09 9.51856e-09) (6.70613e-09 -5.5452e-09 1.14742e-08)
1950          (5.36604e-11 -4.56725e-11 1.77464e-11) (1.02799e-09 -7.63168e-10 7.5059e-10) (1.86543e-09 -1.5333e-09 2.01702e-09) (2.82871e-09 -2.60021e-09 2.69107e-09) (3.79083e-09 -3.28043e-09 4.16968e-09) (4.75593e-09 -4.27457e-09 5.08268e-09) (5.37224e-09 -5.08072e-09 6.26418e-09) (5.81337e-09 -5.27013e-09 7.75044e-09) (6.19672e-09 -5.72135e-09 8.45052e-09) (6.54506e-09 -5.6776e-09 9.68809e-09) (6.70389e-09 -5.49195e-09 1.19092e-08)
2000          (1.18473e-10 -1.00595e-10 -5.28861e-11) (9.94091e-10 -8.23615e-10 4.07738e-10) (2.03612e-09 -1.52919e-09 1.75136e-09) (2.76596e-09 -2.5874e-09 2.91077e-09) (3.52718e-09 -3.48853e-09 4.03207e-09) (4.83025e-09 -4.14804e-09 5.19972e-09) (5.64622e-09 -5.02624e-09 6.39722e-09) (5.94686e-09 -5.38607e-09 7.14659e-09) (6.3661e-09 -5.70131e-09 8.47593e-09) (6.76331e-09 -5.96501e-09 9.04492e-09) (7.02215e-09 -5.64363e-09 9.47606e-09)
2050          (1.45141e-10 -3.90765e-11 7.27654e-11) (1.13402e-09 -9.60962e-10 1.00555e-09) (1.66711e-09 -1.70251e-09 2.10994e-09) (2.80235e-09 -2.4353e-09 2.82417e-09) (3.91833e-09 -3.285e-09 3.80411e-09) (4.94314e-09 -4.11725e-09 5.25018e-09) (5.63086e-09 -5.04477e-09 6.37507e-09) (6.2002e-09 -5.48252e-09 7.58632e-09) (6.74414e-09 -5.86976e-09 8.12486e-09) (6.87633e-09 -5.98283e-09 9.47351e-09) (6.8461e-09 -5.95625e-09 1.00144e-08)
2100          (1.01959e-10 -8.29262e-11 9.84073e-11) (1.27398e-09 -9.78128e-10 9.54409e-10) (2.03724e-09 -1.62093e-09 2.72084e-09) (2.94268e-09 -2.52774e-09 4.19194e-09) (3.83453e-09 -3.48732e-09 5.03068e-09) (4.59079e-09 -4.45948e-09 5.67186e-09) (5.71892e-09 -5.21903e-09 7.03042e-09) (6.48358e-09 -5.93512e-09 7.95466e-09) (6.83807e-09 -5.96603e-09 8.85335e-09) (6.8604e-09 -5.94648e-09 1.03241e-08) (7.07097e-09 -5.87388e-09 1.12281e-08)
2150          (6.22874e-11 -2.97637e-11 -1.29028e-10) (9.17963e-10 -1.05413e-09 4.87855e-10) (1.72146e-09 -1.88231e-09 1.23802e-09) (2.97094e-09 -2.80901e-09 2.40783e-09) (3.99246e-09 -3.79476e-09 3.5605e-09) (5.08533e-09 -4.5772e-09 5.49743e-09) (5.83414e-09 -5.1152e-09 5.65619e-09) (6.3642e-09 -5.61213e-09 7.28772e-09) (6.73759e-09 -6.22791e-09 8.14509e-09) (7.16318e-09 -6.23181e-09 9.86326e-09) (7.13557e-09 -5.87522e-09 1.0032e-08)
2200          (7.47963e-11 -7.9423e-11 -4.68049e-12) (1.2354e-09 -8.80194e-10 8.60935e-10) (2.0134e-09 -1.92161e-09 1.47276e-09) (3.05254e-09 -2.98286e-09 3.21781e-09) (4.18363e-09 -3.58977e-09 4.02426e-09) (4.96945e-09 -4.55444e-09 4.51423e-09) (5.68114e-09 -5.09998e-09 5.72117e-09) (6.51128e-09 -5.70153e-09 7.52217e-09) (7.00043e-09 -6.05821e-09 8.61143e-09) (7.10736e-09 -6.21919e-09 9.50479e-09) (7.17399e-09 -6.17588e-09 1.11561e-08)
2250          (8.96006e-11 -2.11046e-11 7.11822e-12) (9.77129e-10 -9.55383e-10 5.97276e-10) (2.17461e-09 -2.02788e-09 2.42589e-09) (3.26914e-09 -2.93063e-09 3.20901e-09) (4.18913e-09 -3.81651e-09 5.04764e-09) (5.11888e-09 -4.3831e-09 5.90991e-09) (5.89832e-09 -5.17812e-09 6.62474e-09) (6.44265e-09 -5.99384e-09 8.17494e-09) (6.66628e-09 -6.19366e-09 9.12884e-09) (7.28307e-09 -6.13841e-09 9.54632e-09) (7.40102e-09 -6.13704e-09 1.05511e-08)
2300          (1.22909e-10 -7.44236e-11 1.13904e-10) (9.90513e-10 -9.61537e-10 7.53368e-10) (2.13716e-09 -1.96937e-09 1.7964e-09) (3.07949e-09 -2.76321e-09 3.68057e-09) (4.10069e-09 -3.77827e-09 4.2554e-09) (5.19503e-09 -4.61749e-09 4.97145e-09) (5.89328e-09 -5.34897e-09 6.58654e-09) (6.45397e-09 -5.9192e-09 7.8944e-09) (7.02512e-09 -6.3567e-09 8.63441e-09) (7.32091e-09 -6.35718e-09 1.0489e-08) (7.59524e-09 -6.26999e-09 1.07745e-08)
2350          (1.3004e-10 1.82918e-11 -7.11769e-12) (9.99001e-10 -8.91608e-10 7.51468e-10) (2.16223e-09 -1.98913e-09 1.55869e-09) (3.29832e-09 -2.78823e-09 2.4333e-09) (4.30056e-09 -3.8005e-09 3.75886e-09) (5.32292e-09 -4.53048e-09 4.89302e-09) (5.89894e-09 -5.3523e-09 6.60669e-09) (6.50454e-09 -5.82295e-09 7.67613e-09) (7.16311e-09 -6.05905e-09 8.83494e-09) (7.47697e-09 -6.38894e-09 1.00105e-08) (7.60819e-09 -6.35843e-09 1.14228e-08)
2400          (5.10219e-11 -2.61695e-11 9.4612e-11) (1.23796e-09 -9.2488e-10 1.40712e-09) (2.16824e-09 -1.76708e-09 2.00107e-09) (3.29996e-09 -2.84914e-09 2.7895e-09) (4.41801e-09 -3.87768e-09 3.9879e-09) (5.20028e-09 -4.61728e-09 4.72522e-09) (6.13579e-09 -5.30134e-09 6.09136e-09) (6.97751e-09 -6.0129e-09 7.09565e-09) (7.49602e-09 -6.1238e-09 7.85693e-09) (7.68019e-09 -6.19918e-09 9.52777e-09) (7.69949e-09 -6.35325e-09 1.05167e-08)
2450          (6.4904e-11 -6.27334e-11 -3.40094e-11) (9.20978e-10 -9.52227e-10 3.57286e-10) (2.16179e-09 -2.03203e-09 2.08002e-09) (3.18229e-09 -2.92757e-09 3.57682e-09) (4.2192e-09 -3.94085e-09 3.61591e-09) (5.27364e-09 -4.72452e-09 5.23417e-09) (6.09137e-09 -5.3469e-09 6.09546e-09) (6.70513e-09 -5.92241e-09 7.15809e-09) (7.19844e-09 -6.32034e-09 8.66501e-09) (7.61771e-09 -6.57573e-09 9.88124e-09) (7.59407e-09 -6.77006e-09 1.09425e-08)
2500          (6.18287e-11 -4.77079e-11 -1.61095e-10) (8.5342e-10 -7.87826e-10 7.20499e-10) (2.21948e-09 -1.96829e-09 2.19023e-09) (3.35172e-09 -3.06681e-09 3.5003e-09) (4.30795e-09 -3.79821e-09 4.28416e-09) (5.28369e-09 -4.52837e-09 5.35326e-09) (6.36964e-09 -5.47323e-09 6.58832e-09) (6.9959e-09 -6.01333e-09 7.19798e-09) (7.52346e-09 -6.42666e-09 8.16724e-09) (7.60178e-09 -6.52286e-09 1.05806e-08) (7.86669e-09 -6.75433e-09 1.16729e-08)
2550          (-2.1378e-11 5.59034e-11 -1.63519e-10) (9.91184e-10 -5.43073e-10 1.09162e-09) (2.29771e-09 -1.98465e-09 2.35365e-09) (3.51739e-09 -3.0256e-09 3.42235e-09) (4.54838e-09 -3.96587e-09 4.71136e-09) (5.43865e-09 -4.8352e-09 5.86388e-09) (6.3898e-09 -5.55656e-09 6.61385e-09) (6.87162e-09 -6.32398e-09 7.09199e-09) (7.51444e-09 -6.6069e-09 8.09254e-09) (7.699e-09 -6.79717e-09 9.6285e-09) (7.70523e-09 -6.62605e-09 9.58306e-09)
2600          (4.30304e-11 -3.20808e-11 -5.05218e-11) (9.02522e-10 -1.22423e-09 6.95031e-10) (2.08513e-09 -1.98232e-09 1.70576e-09) (3.40277e-09 -2.84605e-09 3.77526e-09) (4.70204e-09 -3.86534e-09 4.12243e-09) (5.49189e-09 -5.0677e-09 5.49119e-09) (6.43363e-09 -5.73043e-09 5.92596e-09) (6.99259e-09 -6.19541e-09 7.4059e-09) (7.45668e-09 -6.44282e-09 9.2113e-09) (7.60563e-09 -6.62525e-09 1.02408e-08) (7.80202e-09 -6.69268e-09 1.0646e-08)
2650          (-3.86921e-11 -5.14263e-11 5.55062e-11) (1.0306e-09 -1.14351e-09 9.57168e-10) (2.11089e-09 -2.04616e-09 2.17786e-09) (3.36409e-09 -3.03214e-09 3.52018e-09) (4.72968e-09 -4.11741e-09 4.45004e-09) (5.72545e-09 -5.0078e-09 5.94898e-09) (6.51169e-09 -5.9033e-09 6.57753e-09) (7.20715e-09 -6.28906e-09 8.10046e-09) (7.68299e-09 -6.39554e-09 9.35159e-09) (7.9244e-09 -6.75552e-09 9.96812e-09) (8.09521e-09 -6.87901e-09 1.17656e-08)
2700          (-1.68412e-11 -4.1503e-12 1.35316e-10) (9.26222e-10 -8.83308e-10 9.96098e-10) (2.14909e-09 -2.07465e-09 1.72319e-09) (3.50826e-09 -3.10614e-09 2.75248e-09) (4.73196e-09 -4.18499e-09 4.28952e-09) (5.70316e-09 -5.00038e-09 5.44483e-09) (6.57965e-09 -5.75627e-09 7.01046e-09) (7.05891e-09 -6.30078e-09 8.00697e-09) (7.55937e-09 -6.79797e-09 8.64563e-09) (8.02955e-09 -6.79592e-09 1.02372e-08) (8.2247e-09 -6.81699e-09 1.19218e-08)
2750          (1.00552e-11 -1.39608e-10 -9.47156e-11) (9.93431e-10 -1.02241e-09 6.25335e-10) (2.40363e-09 -2.13496e-09 1.36332e-09) (3.3765e-09 -3.19243e-09 3.04793e-09) (4.70611e-09 -4.08782e-09 4.01075e-09) (5.61638e-09 -5.30057e-09 3.98752e-09) (6.84675e-09 -6.13315e-09 5.5589e-09) (7.26835e-09 -6.45977e-09 6.85596e-09) (7.69529e-09 -6.89928e-09 8.00163e-09) (8.09789e-09 -7.10818e-09 9.35456e-09) (8.3365e-09 -6.98707e-09 1.03674e-08)
2800          (7.34848e-11 -2.1348e-11 -4.14281e-11) (1.06559e-09 -1.03628e-09 1.43092e-09) (2.29027e-09 -2.07023e-09 2.04549e-09) (3.60223e-09 -3.43393e-09 3.84245e-09) (4.77731e-09 -4.46393e-09 4.52553e-09) (5.64987e-09 -5.3796e-09 5.59605e-09) (6.65197e-09 -5.84545e-09 6.72665e-09) (7.40582e-09 -6.33936e-09 6.95327e-09) (7.71687e-09 -6.87602e-09 9.02095e-09) (8.19141e-09 -7.03126e-09 1.01167e-08) (8.1535e-09 -6.99499e-09 1.29637e-08)
2850          (4.61048e-11 -7.56535e-11 1.28153e-10) (1.14239e-09 -1.08376e-09 1.02791e-09) (2.03628e-09 -2.15581e-09 1.71676e-09) (3.44887e-09 -3.22163e-09 3.11563e-09) (4.80391e-09 -4.41735e-09 3.89223e-09) (5.81098e-09 -5.47561e-09 5.39667e-09) (6.96092e-09 -5.88725e-09 6.75097e-09) (7.4097e-09 -6.53562e-09 7.44509e-09) (7.76672e-09 -6.8126e-09 8.67375e-09) (8.18743e-09 -6.92875e-09 9.86764e-09) (8.41723e-09 -7.0479e-09 9.92485e-09)
2900          (3.53913e-11 -9.04942e-11 3.41735e-10) (1.1654e-09 -8.41545e-10 3.74129e-10) (2.29158e-09 -1.91577e-09 1.50561e-09) (3.64924e-09 -3.29975e-09 3.20821e-09) (4.90674e-09 -4.2103e-09 4.02654e-09) (5.90161e-09 -5.45573e-09 4.90588e-09) (6.9063e-09 -6.20579e-09 5.87378e-09) (7.46003e-09 -6.47498e-09 6.93211e-09) (8.22501e-09 -6.72532e-09 7.65269e-09) (8.48403e-09 -7.2991e-09 9.23572e-09) (8.53459e-09 -7.22527e-09 1.02551e-08)
2950          (9.1326e-11 -4.37772e-12 -1.42235e-10) (1.05969e-09 -1.18731e-09 7.51506e-10) (2.44395e-09 -2.12625e-09 1.87117e-09) (3.78907e-09 -3.19221e-09 2.54633e-09) (4.99606e-09 -4.06486e-09 3.85525e-09) (6.02558e-09 -5.22028e-09 4.7139e-09) (6.77479e-09 -6.23941e-09 5.91684e-09) (7.54176e-09 -6.75889e-09 6.42792e-09) (8.03513e-09 -7.00852e-09 6.98758e-09) (8.3813e-09 -7.34808e-09 8.68945e-09) (8.60428e-09 -7.1084e-09 8.981e-09)
3000          (9.38585e-11 -3.53146e-11 -1.73743e-10) (1.24118e-09 -8.73096e-10 9.196e-10) (2.20032e-09 -2.11675e-09 2.04874e-09) (3.42933e-09 -3.59897e-09 3.18342e-09) (4.93387e-09 -4.39285e-09 5.26692e-09) (5.9334e-09 -5.29445e-09 6.82672e-09) (6.89655e-09 -6.1122e-09 7.4342e-09) (7.7121e-09 -6.78184e-09 9.20153e-09) (8.20787e-09 -7.30278e-09 1.1109e-08) (8.55794e-09 -7.30254e-09 1.22716e-08) (8.77852e-09 -7.39882e-09 1.59554e-08)
3050          (1.06425e-10 -6.79725e-11 -2.01424e-12) (1.09733e-09 -9.26141e-10 9.46139e-10) (2.50071e-09 -2.25317e-09 1.48494e-09) (3.50289e-09 -3.57412e-09 3.04128e-09) (4.85797e-09 -4.3454e-09 4.06678e-09) (6.13102e-09 -5.52692e-09 5.14789e-09) (6.92694e-09 -6.29267e-09 6.38499e-09) (7.83622e-09 -6.51593e-09 8.9493e-09) (8.3465e-09 -7.0347e-09 8.87315e-09) (8.57997e-09 -7.36975e-09 1.05688e-08) (8.67377e-09 -7.5732e-09 1.22352e-08)
3100          (7.09251e-11 -6.07313e-11 -3.26745e-11) (1.04963e-09 -9.58693e-10 9.30226e-10) (2.2349e-09 -2.17293e-09 1.869e-09) (3.89643e-09 -3.38228e-09 2.89638e-09) (5.0701e-09 -4.48762e-09 3.97465e-09) (5.98263e-09 -5.65952e-09 5.23631e-09) (7.13575e-09 -6.35296e-09 5.72512e-09) (7.56688e-09 -6.94816e-09 6.93303e-09) (8.40963e-09 -7.17619e-09 7.77192e-09) (8.75914e-09 -7.28189e-09 8.31469e-09) (8.69956e-09 -7.37294e-09 9.49256e-09)
3150          (5.55229e-11 -1.013e-10 -9.08186e-11) (1.04639e-09 -9.86438e-10 1.36554e-09) (2.45544e-09 -2.24263e-09 2.24385e-09) (3.82378e-09 -3.28959e-09 3.623e-09) (5.08191e-09 -4.48463e-09 4.15905e-09) (5.99383e-09 -5.26985e-09 5.50243e-09) (7.1317e-09 -6.51431e-09 6.50455e-09) (7.87595e-09 -7.04117e-09 7.14307e-09) (8.38183e-09 -7.35404e-09 8.21196e-09) (8.82581e-09 -7.70559e-09 9.65428e-09) (8.88303e-09 -7.62766e-09 1.13611e-08)
3200          (1.46069e-10 -3.33643e-11 6.5833e-11) (1.32991e-09 -1.19542e-09 1.12952e-09) (2.5445e-09 -2.41449e-09 2.18468e-09) (3.71326e-09 -3.56125e-09 2.97515e-09) (4.96081e-09 -4.54571e-09 3.83041e-09) (6.0508e-09 -5.56452e-09 5.31381e-09) (7.20864e-09 -6.65474e-09 5.851e-09) (7.86845e-09 -7.27878e-09 6.67288e-09) (8.50275e-09 -7.12066e-09 7.47707e-09) (8.55813e-09 -7.59386e-09 9.13385e-09) (8.75125e-09 -7.76074e-09 8.47004e-09)
3250          (3.24675e-11 -4.51862e-11 -8.87359e-11) (1.06355e-09 -1.16019e-09 9.03707e-10) (2.38694e-09 -2.1473e-09 2.04244e-09) (3.82912e-09 -3.26112e-09 2.97398e-09) (5.17299e-09 -4.62417e-09 3.99923e-09) (5.987e-09 -5.78373e-09 5.08256e-09) (7.12853e-09 -6.69577e-09 6.74505e-09) (7.7339e-09 -6.94482e-09 7.96997e-09) (8.60109e-09 -7.11648e-09 9.02724e-09) (8.94573e-09 -7.58735e-09 9.63029e-09) (8.90281e-09 -7.57595e-09 1.13425e-08)
3300          (9.62802e-11 -1.32716e-10 4.15514e-11) (1.14073e-09 -1.17001e-09 1.16283e-09) (2.61113e-09 -2.27677e-09 1.90115e-09) (4.0333e-09 -3.50207e-09 3.32687e-09) (5.27468e-09 -4.59637e-09 3.99465e-09) (6.1547e-09 -5.59497e-09 5.32117e-09) (6.95555e-09 -6.23414e-09 6.93058e-09) (7.86393e-09 -6.8664e-09 7.80685e-09) (8.51044e-09 -7.47949e-09 9.11826e-09) (8.79591e-09 -7.84043e-09 9.96632e-09) (8.96554e-09 -7.94708e-09 1.3445e-08)
3350          (-5.03781e-12 -7.12797e-11 -1.08986e-10) (1.26981e-09 -1.26452e-09 8.03575e-10) (2.59933e-09 -2.44825e-09 2.06786e-09) (4.0257e-09 -3.5833e-09 2.94814e-09) (5.28878e-09 -4.4326e-09 4.05511e-09) (6.36134e-09 -5.4803e-09 5.46615e-09) (6.99441e-09 -6.46302e-09 5.94762e-09) (8.00564e-09 -7.187e-09 7.3273e-09) (8.69259e-09 -7.55834e-09 8.34169e-09) (9.01432e-09 -7.65741e-09 9.53077e-09) (8.99815e-09 -7.5306e-09 1.11816e-08)
3400          (2.49015e-11 -9.02532e-11 4.87004e-11) (1.41621e-09 -1.19124e-09 1.5328e-09) (2.58736e-09 -2.3049e-09 2.34813e-09) (3.85796e-09 -3.46939e-09 4.53654e-09) (5.09177e-09 -4.37774e-09 5.28592e-09) (6.2177e-09 -5.59402e-09 5.73807e-09) (7.47566e-09 -6.65119e-09 7.16306e-09) (7.9801e-09 -7.32614e-09 8.22326e-09) (8.50608e-09 -7.59474e-09 9.13123e-09) (8.81756e-09 -7.93296e-09 1.02207e-08) (8.91658e-09 -7.70341e-09 1.19906e-08)
3450          (-2.78862e-11 -7.17935e-11 -8.04512e-11) (1.19704e-09 -1.13976e-09 6.46787e-10) (2.43824e-09 -2.3233e-09 2.2333e-09) (3.93616e-09 -3.37089e-09 3.02842e-09) (5.49649e-09 -4.5492e-09 3.61793e-09) (6.55397e-09 -5.72186e-09 5.09733e-09) (7.51401e-09 -6.69383e-09 6.07471e-09) (8.18395e-09 -7.19121e-09 6.81054e-09) (8.67992e-09 -7.59121e-09 7.98044e-09) (9.06401e-09 -7.83714e-09 8.46863e-09) (9.20653e-09 -7.69654e-09 9.40717e-09)
3500          (9.0982e-11 -8.69039e-11 -1.76111e-10) (1.38256e-09 -1.3374e-09 7.23951e-10) (2.75751e-09 -2.53692e-09 2.62728e-09) (4.1532e-09 -3.71921e-09 3.93529e-09) (5.25698e-09 -4.68295e-09 5.45172e-09) (6.3834e-09 -5.80568e-09 5.97582e-09) (7.49878e-09 -6.55125e-09 7.12804e-09) (8.11824e-09 -7.07814e-09 8.44039e-09) (8.80787e-09 -7.62907e-09 9.36544e-09) (9.10394e-09 -8.12144e-09 1.09415e-08) (9.27117e-09 -7.99802e-09 1.25762e-08)
3550          (7.83181e-11 -1.21959e-10 -7.16601e-11) (1.22074e-09 -1.34271e-09 1.14243e-09) (2.46373e-09 -2.35817e-09 2.63996e-09) (3.76939e-09 -3.75661e-09 3.53672e-09) (5.49156e-09 -4.77743e-09 4.24725e-09) (6.65309e-09 -5.58191e-09 5.8755e-09) (7.64549e-09 -6.69937e-09 6.36547e-09) (8.0518e-09 -7.12167e-09 7.67608e-09) (8.71586e-09 -7.56578e-09 8.79592e-09) (9.27261e-09 -7.86897e-09 9.79397e-09) (9.34663e-09 -7.93758e-09 1.13263e-08)
3600          (8.87838e-11 -1.03944e-10 -1.32666e-10) (1.27623e-09 -1.40766e-09 3.29405e-10) (2.69691e-09 -2.42956e-09 1.6159e-09) (3.94693e-09 -3.72679e-09 2.31481e-09) (5.36799e-09 -4.59248e-09 3.71383e-09) (6.53311e-09 -5.79228e-09 4.91663e-09) (7.63357e-09 -6.72537e-09 5.74425e-09) (8.36317e-09 -7.60266e-09 6.80352e-09) (8.55154e-09 -7.7925e-09 8.32474e-09) (9.12655e-09 -7.99513e-09 9.36747e-09) (9.4253e-09 -8.08906e-09 1.14171e-08)
3650          (9.97133e-11 -9.99884e-11 -2.6983e-12) (1.24115e-09 -1.27412e-09 9.11092e-10) (2.59543e-09 -2.55349e-09 2.11552e-09) (4.09129e-09 -3.73773e-09 2.72933e-09) (5.29915e-09 -4.8186e-09 4.08907e-09) (6.29939e-09 -5.81337e-09 4.89459e-09) (7.64871e-09 -7.03439e-09 5.91189e-09) (8.38223e-09 -7.40236e-09 7.44196e-09) (9.04701e-09 -7.7964e-09 8.07697e-09) (9.56401e-09 -8.02197e-09 9.23111e-09) (9.58979e-09 -8.0968e-09 8.7209e-09)
3700          (8.08438e-11 -1.11051e-11 -1.36529e-10) (1.16717e-09 -1.15997e-09 8.07556e-10) (2.54609e-09 -2.28295e-09 1.47677e-09) (3.88644e-09 -3.65362e-09 3.25372e-09) (5.27026e-09 -5.1152e-09 3.94338e-09) (6.64998e-09 -6.03054e-09 5.74698e-09) (7.5924e-09 -6.63637e-09 6.91898e-09) (8.556e-09 -7.35697e-09 7.72327e-09) (9.05537e-09 -8.0713e-09 8.88641e-09) (9.35578e-09 -8.1937e-09 9.45945e-09) (9.45677e-09 -8.06941e-09 1.08444e-08)
3750          (-4.38489e-11 -5.51982e-11 -9.01454e-11) (1.19437e-09 -1.26321e-09 7.05484e-10) (2.718e-09 -2.43765e-09 1.76551e-09) (4.25936e-09 -3.5616e-09 3.28362e-09) (5.50843e-09 -5.0099e-09 4.08358e-09) (6.59839e-09 -5.96768e-09 5.26607e-09) (7.42468e-09 -6.76117e-09 6.3693e-09) (8.19605e-09 -7.43625e-09 7.47132e-09) (8.84195e-09 -7.69643e-09 7.87832e-09) (9.34471e-09 -8.03652e-09 9.49261e-09) (9.41672e-09 -8.0328e-09 9.74721e-09)
3800          (1.60038e-10 -9.74826e-12 4.37398e-11) (1.47701e-09 -9.93495e-10 1.34664e-09) (2.71377e-09 -2.44132e-09 1.73273e-09) (4.08571e-09 -3.83532e-09 2.82103e-09) (5.3393e-09 -5.08451e-09 3.92811e-09) (6.68347e-09 -5.96251e-09 4.98089e-09) (7.61902e-09 -6.92323e-09 6.00459e-09) (8.49781e-09 -7.48495e-09 6.93973e-09) (9.16468e-09 -7.77084e-09 7.86629e-09) (9.49978e-09 -8.22978e-09 9.49824e-09) (9.56339e-09 -8.3023e-09 1.08437e-08)
3850          (1.01059e-10 -5.50869e-11 -2.03542e-11) (1.15108e-09 -1.17042e-09 8.27555e-10) (2.6496e-09 -2.50025e-09 1.99185e-09) (3.91449e-09 -3.55436e-09 2.9335e-09) (5.49115e-09 -5.03307e-09 3.48311e-09) (6.68746e-09 -5.90033e-09 4.70035e-09) (7.54484e-09 -6.83199e-09 5.65076e-09) (8.37544e-09 -7.61559e-09 6.39968e-09) (9.3743e-09 -8.18398e-09 7.48237e-09) (9.68489e-09 -8.09929e-09 9.28772e-09) (9.75292e-09 -8.18963e-09 1.01106e-08)
3900          (9.04679e-11 4.34948e-11 -1.90623e-10) (1.16353e-09 -1.1437e-09 4.89242e-10) (2.8419e-09 -2.59166e-09 1.61595e-09) (4.19103e-09 -3.85995e-09 2.48963e-09) (5.36971e-09 -5.01215e-09 3.11912e-09) (6.84774e-09 -6.15941e-09 4.03091e-09) (8.1165e-09 -6.90747e-09 5.45178e-09) (8.6412e-09 -7.59291e-09 6.44555e-09) (9.38412e-09 -8.18137e-09 7.48618e-09) (9.72548e-09 -8.3577e-09 8.42671e-09) (9.76972e-09 -8.30025e-09 9.53622e-09)
3950          (3.07018e-11 -1.24692e-10 -2.64344e-10) (1.04737e-09 -1.41346e-09 1.13819e-09) (2.573e-09 -2.60489e-09 2.01022e-09) (4.29367e-09 -4.12737e-09 3.35052e-09) (5.53306e-09 -4.99236e-09 4.70782e-09) (6.66607e-09 -5.88553e-09 5.63366e-09) (7.81308e-09 -6.70418e-09 7.36261e-09) (8.6296e-09 -7.72269e-09 8.04067e-09) (9.29358e-09 -8.08483e-09 9.21986e-09) (9.56831e-09 -8.22324e-09 9.74628e-09) (9.79118e-09 -7.96249e-09 1.20603e-08)
4000          (9.65269e-11 -1.30472e-10 -3.98023e-12) (1.46968e-09 -1.27224e-09 8.11553e-10) (2.95101e-09 -2.66748e-09 2.08604e-09) (4.26316e-09 -3.75011e-09 2.38872e-09) (5.58387e-09 -4.95014e-09 3.24173e-09) (6.85627e-09 -6.0801e-09 4.91982e-09) (7.99686e-09 -6.99223e-09 5.54349e-09) (8.75395e-09 -7.70067e-09 6.82986e-09) (9.34401e-09 -8.16116e-09 7.839e-09) (9.50104e-09 -8.42376e-09 8.60494e-09) (9.65632e-09 -8.43797e-09 8.81564e-09)
4050          (1.07748e-10 -1.27158e-10 8.89564e-12) (1.58159e-09 -1.18787e-09 1.96192e-09) (2.86746e-09 -2.49144e-09 1.68557e-09) (4.34081e-09 -3.84788e-09 2.8076e-09) (5.65776e-09 -5.14293e-09 3.77379e-09) (6.72847e-09 -6.08278e-09 5.42441e-09) (7.93777e-09 -6.92473e-09 6.55037e-09) (8.47338e-09 -7.70051e-09 7.69691e-09) (9.2389e-09 -8.03824e-09 8.84134e-09) (9.54073e-09 -8.30948e-09 9.46567e-09) (9.78155e-09 -8.37747e-09 1.09537e-08)
4100          (5.72226e-11 -1.39679e-10 2.54464e-11) (1.31559e-09 -1.26391e-09 9.70315e-10) (2.76765e-09 -2.39412e-09 2.12679e-09) (4.12504e-09 -3.54045e-09 3.02486e-09) (5.75816e-09 -4.79497e-09 4.53651e-09) (7.01058e-09 -6.08726e-09 5.54901e-09) (7.86073e-09 -7.00228e-09 6.88823e-09) (8.8733e-09 -7.80378e-09 8.26557e-09) (9.37324e-09 -8.24184e-09 8.75043e-09) (9.67344e-09 -8.26298e-09 9.80409e-09) (9.80131e-09 -8.18878e-09 1.05108e-08)
4150          (1.31567e-10 -1.74887e-10 -1.13242e-10) (1.3536e-09 -1.46379e-09 9.13287e-10) (2.69054e-09 -2.76373e-09 2.83216e-09) (4.33679e-09 -3.94261e-09 3.43528e-09) (5.58659e-09 -5.01095e-09 4.43898e-09) (6.84568e-09 -6.01542e-09 6.08916e-09) (8.0097e-09 -6.89467e-09 7.53029e-09) (9.03482e-09 -7.75636e-09 8.57708e-09) (9.51593e-09 -8.38903e-09 9.2844e-09) (9.73851e-09 -8.39575e-09 1.02606e-08) (9.87044e-09 -8.18138e-09 1.17376e-08)
4200          (8.36223e-11 -9.78357e-11 3.43099e-11) (1.52227e-09 -1.22321e-09 1.13393e-09) (2.89543e-09 -2.60903e-09 2.02753e-09) (4.41371e-09 -3.80933e-09 2.56302e-09) (5.60932e-09 -5.36466e-09 4.0194e-09) (6.85053e-09 -6.21976e-09 5.37164e-09) (7.88997e-09 -7.11783e-09 6.20183e-09) (8.69665e-09 -7.65481e-09 7.49958e-09) (9.23751e-09 -8.02911e-09 8.55946e-09) (9.86755e-09 -8.4394e-09 9.11735e-09) (9.85643e-09 -8.40217e-09 1.07228e-08)
4250          (1.10404e-10 -1.29459e-10 -2.22994e-11) (1.37494e-09 -1.45006e-09 6.44303e-10) (3.04661e-09 -2.8893e-09 1.59379e-09) (4.38357e-09 -3.85679e-09 2.44351e-09) (5.66464e-09 -5.16414e-09 3.7497e-09) (6.97455e-09 -6.21287e-09 5.34337e-09) (8.15226e-09 -7.06619e-09 6.16886e-09) (9.03668e-09 -7.69795e-09 7.46429e-09) (9.62517e-09 -8.05627e-09 8.35501e-09) (1.00097e-08 -8.50883e-09 9.42125e-09) (9.98774e-09 -8.34912e-09 1.09988e-08)
4300          (5.91218e-11 -1.03888e-10 -1.20046e-10) (1.35561e-09 -1.0285e-09 6.53512e-10) (2.96964e-09 -2.13858e-09 1.7292e-09) (4.18947e-09 -3.59526e-09 3.22052e-09) (5.66008e-09 -4.99087e-09 4.28949e-09) (6.88137e-09 -6.24454e-09 5.58831e-09) (8.12153e-09 -6.90676e-09 7.09452e-09) (8.85784e-09 -7.75602e-09 7.51734e-09) (9.56683e-09 -8.31273e-09 9.36613e-09) (9.60201e-09 -8.4051e-09 1.04675e-08) (9.7971e-09 -8.78385e-09 1.20984e-08)
4350          (3.16098e-11 -7.88932e-11 9.57374e-11) (1.50782e-09 -1.36218e-09 1.01332e-09) (2.80135e-09 -2.66298e-09 2.45294e-09) (4.12338e-09 -3.88316e-09 4.16729e-09) (5.86235e-09 -4.83837e-09 5.52242e-09) (6.92438e-09 -6.00103e-09 6.63407e-09) (7.75813e-09 -7.14766e-09 7.30486e-09) (8.73112e-09 -8.07453e-09 8.54106e-09) (9.45001e-09 -8.49313e-09 9.66177e-09) (9.97097e-09 -8.64219e-09 1.1019e-08) (1.02334e-08 -8.63247e-09 1.25177e-08)
4400          (1.07051e-11 1.14735e-11 -4.42773e-11) (1.50583e-09 -1.06588e-09 1.30925e-09) (2.98333e-09 -2.54028e-09 2.26239e-09) (4.30198e-09 -3.88026e-09 4.00731e-09) (5.73149e-09 -5.17319e-09 3.92028e-09) (7.01688e-09 -6.21813e-09 5.73347e-09) (8.16453e-09 -7.26822e-09 6.95805e-09) (9.04603e-09 -7.98511e-09 7.91254e-09) (9.70048e-09 -8.41109e-09 9.54149e-09) (1.00798e-08 -8.66935e-09 1.11756e-08) (1.01777e-08 -8.53898e-09 1.29705e-08)
4450          (5.37758e-11 -1.6388e-11 -1.99663e-10) (1.67733e-09 -1.0607e-09 3.65517e-10) (3.07838e-09 -2.6861e-09 2.22642e-09) (4.49566e-09 -4.04267e-09 1.83967e-09) (5.90681e-09 -5.27443e-09 3.67027e-09) (7.06096e-09 -6.2704e-09 4.63866e-09) (8.1217e-09 -7.05297e-09 4.98162e-09) (8.98683e-09 -7.96597e-09 6.62911e-09) (9.44005e-09 -8.30514e-09 7.58758e-09) (9.72003e-09 -8.5714e-09 9.48914e-09) (1.00481e-08 -8.58386e-09 1.08453e-08)
4500          (8.39891e-11 -7.92649e-11 -5.08348e-11) (1.53625e-09 -1.43435e-09 1.09438e-09) (2.95239e-09 -2.66753e-09 2.46838e-09) (4.4284e-09 -4.01378e-09 3.34016e-09) (5.73341e-09 -5.38882e-09 4.71337e-09) (7.07702e-09 -6.35434e-09 5.88459e-09) (8.3126e-09 -7.51564e-09 6.59978e-09) (8.91382e-09 -7.70047e-09 7.9371e-09) (9.76203e-09 -8.11069e-09 9.61698e-09) (1.0096e-08 -8.49482e-09 1.04425e-08) (1.04059e-08 -8.65406e-09 1.09995e-08)
4550          (5.21032e-11 -3.59984e-11 1.04286e-11) (1.26644e-09 -1.22854e-09 5.74004e-10) (3.03062e-09 -2.4946e-09 1.90989e-09) (4.33228e-09 -3.87992e-09 3.05174e-09) (5.78444e-09 -5.29351e-09 4.72933e-09) (7.08187e-09 -6.43038e-09 5.63656e-09) (8.23139e-09 -7.47665e-09 6.76143e-09) (9.01281e-09 -7.96081e-09 8.23026e-09) (9.81606e-09 -8.43933e-09 8.81132e-09) (1.00001e-08 -8.66325e-09 9.74713e-09) (1.00534e-08 -8.72897e-09 1.20628e-08)
4600          (8.29009e-11 -9.80778e-11 -2.47949e-11) (1.47563e-09 -1.43059e-09 9.23064e-10) (2.97051e-09 -2.84196e-09 2.57976e-09) (4.19229e-09 -3.97953e-09 3.02537e-09) (5.69281e-09 -5.03962e-09 4.03295e-09) (7.05574e-09 -6.43266e-09 4.75912e-09) (8.24856e-09 -7.45135e-09 5.1947e-09) (9.01477e-09 -7.79996e-09 6.86317e-09) (9.56904e-09 -8.68333e-09 8.13036e-09) (9.84116e-09 -8.74129e-09 8.55194e-09) (1.02135e-08 -8.55661e-09 9.86807e-09)
4650          (4.21377e-11 -1.32492e-10 4.51167e-11) (1.45821e-09 -1.30797e-09 8.99916e-10) (3.00059e-09 -2.67445e-09 1.96062e-09) (4.29185e-09 -3.97973e-09 2.23371e-09) (5.90124e-09 -5.42914e-09 3.42191e-09) (7.34043e-09 -6.7333e-09 4.40674e-09) (8.40385e-09 -7.52385e-09 5.82897e-09) (9.29388e-09 -8.25657e-09 7.71829e-09) (9.83995e-09 -8.7081e-09 7.94624e-09) (1.02367e-08 -8.91703e-09 8.88326e-09) (1.0451e-08 -8.85826e-09 1.08989e-08)
4700          (3.42725e-11 -6.1356e-11 7.27506e-11) (1.4331e-09 -1.33905e-09 4.78269e-10) (2.79567e-09 -2.66629e-09 2.43788e-09) (4.43847e-09 -4.12805e-09 2.9129e-09) (5.9457e-09 -5.18517e-09 4.12204e-09) (7.08492e-09 -6.22761e-09 6.18853e-09) (8.03977e-09 -7.22835e-09 6.78487e-09) (8.97107e-09 -8.04138e-09 7.38893e-09) (9.6824e-09 -8.79038e-09 8.75706e-09) (1.00639e-08 -8.8277e-09 1.07992e-08) (1.03072e-08 -8.82298e-09 1.26425e-08)
4750          (4.31888e-11 -2.95019e-11 -4.79516e-12) (1.46745e-09 -1.35932e-09 7.54861e-10) (2.80638e-09 -2.90873e-09 2.38779e-09) (4.20082e-09 -3.96781e-09 3.93591e-09) (5.73818e-09 -5.19625e-09 4.72301e-09) (7.05844e-09 -6.44621e-09 5.926e-09) (8.62023e-09 -7.16816e-09 7.08881e-09) (9.40247e-09 -7.8823e-09 7.75688e-09) (9.81288e-09 -8.56866e-09 9.02754e-09) (1.01647e-08 -8.82504e-09 1.0763e-08) (1.03178e-08 -8.69634e-09 1.1406e-08)
4800          (1.00133e-10 -1.38393e-10 6.18959e-12) (1.37934e-09 -1.23734e-09 1.42196e-09) (2.71757e-09 -2.77429e-09 2.10583e-09) (4.32702e-09 -4.16683e-09 3.59968e-09) (6.12471e-09 -5.34646e-09 4.48348e-09) (7.26367e-09 -6.59582e-09 4.90862e-09) (8.38732e-09 -7.57119e-09 6.47622e-09) (9.44452e-09 -8.24847e-09 7.05491e-09) (1.00396e-08 -8.51142e-09 8.32165e-09) (1.04022e-08 -8.74943e-09 9.3754e-09) (1.0446e-08 -8.87798e-09 1.03459e-08)
4850          (8.70769e-11 -9.44974e-11 3.50365e-11) (1.42887e-09 -1.16516e-09 1.594e-09) (2.9663e-09 -2.53734e-09 2.45469e-09) (4.66174e-09 -4.07949e-09 3.05413e-09) (5.90142e-09 -5.33981e-09 4.92761e-09) (7.16578e-09 -6.78033e-09 5.59884e-09) (8.10308e-09 -7.56218e-09 6.68948e-09) (9.13119e-09 -8.06455e-09 7.90671e-09) (9.75516e-09 -8.48207e-09 9.32061e-09) (1.02354e-08 -8.80061e-09 1.05864e-08) (1.05204e-08 -8.85771e-09 1.18898e-08)
4900          (2.60789e-11 -2.2915e-10 8.56752e-11) (1.3143e-09 -1.40859e-09 9.4533e-10) (3.0631e-09 -2.72194e-09 2.37551e-09) (4.6498e-09 -4.0614e-09 3.68734e-09) (5.87677e-09 -5.49265e-09 4.15096e-09) (7.15627e-09 -6.54434e-09 5.83884e-09) (8.49264e-09 -7.77414e-09 7.02242e-09) (9.31066e-09 -8.49691e-09 8.14719e-09) (9.92637e-09 -8.61017e-09 9.40208e-09) (1.02957e-08 -8.72523e-09 1.06131e-08) (1.03478e-08 -8.8455e-09 1.13355e-08)
4950          (1.28685e-11 -1.09029e-10 -9.63303e-11) (1.31491e-09 -1.36436e-09 1.03237e-09) (2.9712e-09 -2.78069e-09 1.90393e-09) (4.37581e-09 -4.09274e-09 3.5662e-09) (5.86914e-09 -5.44893e-09 5.38298e-09) (7.38489e-09 -6.90062e-09 6.54599e-09) (8.63097e-09 -7.56096e-09 7.8625e-09) (9.59081e-09 -8.19328e-09 8.69116e-09) (1.00189e-08 -8.65881e-09 9.90957e-09) (1.0211e-08 -8.8415e-09 1.13596e-08) (1.06749e-08 -8.68513e-09 1.30958e-08)
5000          (1.64766e-10 -2.2111e-11 -4.41293e-11) (1.65216e-09 -1.39076e-09 1.57701e-09) (3.15796e-09 -2.81675e-09 2.58913e-09) (4.17806e-09 -4.11544e-09 3.21863e-09) (6.04508e-09 -5.55799e-09 4.79135e-09) (7.27445e-09 -6.76563e-09 5.64535e-09) (8.41486e-09 -7.6649e-09 6.88248e-09) (9.43933e-09 -8.22118e-09 7.90737e-09) (9.94633e-09 -8.84239e-09 9.52101e-09) (1.02781e-08 -8.98049e-09 9.82618e-09) (1.04622e-08 -9.00407e-09 1.05918e-08)
