0 	-0.310926 	-0.310926 	-1.79893e+06 	0.000244296 	0.000244296 	1413.43
0.0010101 	-0.299675 	-0.299676 	-1.79889e+06 	0.000235456 	0.000235457 	1413.4
0.0020202 	-0.329739 	-0.329739 	-1.79883e+06 	0.000259078 	0.000259078 	1413.35
0.0030303 	-0.0886704 	-0.088671 	-1.79875e+06 	6.96688e-05 	6.96693e-05 	1413.29
0.0040404 	-0.518979 	-0.518979 	-1.79865e+06 	0.000407765 	0.000407765 	1413.21
0.00505051 	0.53928 	0.539281 	-1.79853e+06 	-0.000423715 	-0.000423717 	1413.11
0.00606061 	-0.211921 	-0.211919 	-1.79839e+06 	0.000166507 	0.000166506 	1413
0.00707071 	0.175216 	0.175215 	-1.79823e+06 	-0.000137668 	-0.000137668 	1412.88
0.00808081 	0.241777 	0.241777 	-1.79804e+06 	-0.000189966 	-0.000189966 	1412.73
0.00909091 	0.196121 	0.196122 	-1.79784e+06 	-0.000154094 	-0.000154094 	1412.58
0.010101 	0.445205 	0.445205 	-1.79762e+06 	-0.0003498 	-0.0003498 	1412.4
0.0111111 	0.488295 	0.488294 	-1.79738e+06 	-0.000383656 	-0.000383656 	1412.21
0.0121212 	0.631327 	0.631329 	-1.79711e+06 	-0.000496038 	-0.000496039 	1412
0.0131313 	0.754518 	0.754518 	-1.79683e+06 	-0.000592829 	-0.000592829 	1411.78
0.0141414 	0.878595 	0.878592 	-1.79653e+06 	-0.000690317 	-0.000690315 	1411.54
0.0151515 	1.03058 	1.03057 	-1.7962e+06 	-0.00080973 	-0.000809727 	1411.28
0.0161616 	1.16883 	1.16883 	-1.79585e+06 	-0.000918357 	-0.000918358 	1411.01
0.0171717 	1.32679 	1.32679 	-1.79549e+06 	-0.00104247 	-0.00104247 	1410.72
0.0181818 	1.48496 	1.48496 	-1.7951e+06 	-0.00116675 	-0.00116675 	1410.42
0.0191919 	1.6337 	1.6337 	-1.79469e+06 	-0.00128361 	-0.00128361 	1410.1
0.020202 	1.80446 	1.80446 	-1.79426e+06 	-0.00141777 	-0.00141778 	1409.76
0.0212121 	1.98876 	1.98877 	-1.79381e+06 	-0.00156258 	-0.00156259 	1409.41
0.0222222 	2.14059 	2.14059 	-1.79334e+06 	-0.00168188 	-0.00168188 	1409.04
0.0232323 	2.2898 	2.2898 	-1.79285e+06 	-0.00179911 	-0.00179911 	1408.65
0.0242424 	2.49383 	2.49383 	-1.79234e+06 	-0.00195942 	-0.00195942 	1408.25
0.0252525 	2.60452 	2.60452 	-1.7918e+06 	-0.00204639 	-0.00204639 	1407.83
0.0262626 	2.5219 	2.5219 	-1.79125e+06 	-0.00198147 	-0.00198147 	1407.4
0.0272727 	2.39675 	2.39675 	-1.79068e+06 	-0.00188314 	-0.00188314 	1406.95
0.0282828 	2.26546 	2.26546 	-1.79008e+06 	-0.00177998 	-0.00177999 	1406.48
0.0292929 	2.32732 	2.32732 	-1.78947e+06 	-0.00182859 	-0.00182859 	1405.99
0.030303 	2.22399 	2.22399 	-1.78883e+06 	-0.0017474 	-0.00174741 	1405.5
0.0313131 	1.78988 	1.78989 	-1.78819e+06 	-0.00140632 	-0.00140633 	1404.99
0.0323232 	1.65681 	1.65681 	-1.78751e+06 	-0.00130177 	-0.00130177 	1404.46
0.0333333 	2.25111 	2.25111 	-1.78679e+06 	-0.00176871 	-0.00176871 	1403.89
0.0343434 	1.95209 	1.95209 	-1.78609e+06 	-0.00153377 	-0.00153377 	1403.35
0.0353535 	0.25493 	0.254932 	-1.7854e+06 	-0.0002003 	-0.000200302 	1402.8
0.0363636 	1.30158 	1.30158 	-1.78459e+06 	-0.00102266 	-0.00102266 	1402.16
0.0373737 	3.36139 	3.36139 	-1.78376e+06 	-0.00264106 	-0.00264106 	1401.51
0.0383838 	-0.197819 	-0.197821 	-1.78311e+06 	0.000155428 	0.000155429 	1401
0.0393939 	-1.30767 	-1.30767 	-1.78229e+06 	0.00102744 	0.00102744 	1400.36
0.040404 	3.87346 	3.87346 	-1.78125e+06 	-0.0030434 	-0.0030434 	1399.54
0.0414141 	0.828241 	0.82824 	-1.78053e+06 	-0.000650754 	-0.000650754 	1398.97
0.0424242 	-2.74425 	-2.74425 	-1.77985e+06 	0.00215617 	0.00215617 	1398.44
0.0434343 	-0.213128 	-0.213129 	-1.77877e+06 	0.000167456 	0.000167457 	1397.59
0.0444444 	3.50704 	3.50704 	-1.77772e+06 	-0.0027555 	-0.0027555 	1396.76
0.0454545 	3.66263 	3.66263 	-1.77697e+06 	-0.00287775 	-0.00287775 	1396.18
0.0464646 	-2.77647 	-2.77647 	-1.7763e+06 	0.00218149 	0.00218149 	1395.65
0.0474747 	0.0284894 	0.0284892 	-1.77503e+06 	-2.23843e-05 	-2.23842e-05 	1394.65
0.0484848 	4.27482 	4.27482 	-1.77376e+06 	-0.00335875 	-0.00335875 	1393.65
0.0494949 	-2.24687 	-2.24687 	-1.85011e+06 	0.00176538 	0.00176538 	1347.98
0.0505051 	-2.50753 	-2.50753 	-2.32054e+06 	0.00145175 	0.00145175 	1449.15
0.0515152 	4.63626 	4.63626 	-2.39462e+06 	-0.00268419 	-0.00268419 	1386.38
0.0525253 	-0.204598 	-0.204597 	-2.39328e+06 	0.000118453 	0.000118452 	1385.6
0.0535354 	-3.85554 	-3.85554 	-2.39203e+06 	0.00223218 	0.00223218 	1384.88
0.0545455 	0.52712 	0.52712 	-2.3903e+06 	-0.000305178 	-0.000305178 	1383.87
0.0555556 	0.690092 	0.690092 	-2.38848e+06 	-0.000399532 	-0.000399532 	1382.82
0.0565657 	0.744398 	0.744398 	-2.38681e+06 	-0.000430973 	-0.000430973 	1381.86
0.0575758 	-3.22293 	-3.22293 	-2.3853e+06 	0.00186593 	0.00186593 	1380.98
0.0585859 	-2.86491 	-2.86491 	-2.38355e+06 	0.00165866 	0.00165866 	1379.96
0.059596 	0.856041 	0.856041 	-2.38161e+06 	-0.000495609 	-0.000495609 	1378.85
0.0606061 	-1.81574 	-1.81574 	-2.37991e+06 	0.00105123 	0.00105123 	1377.86
0.0616162 	-3.41249 	-3.41249 	-2.37818e+06 	0.00197568 	0.00197568 	1376.86
0.0626263 	-1.08519 	-1.0852 	-2.37627e+06 	0.000628278 	0.000628279 	1375.75
0.0636364 	-1.07602 	-1.07602 	-2.37438e+06 	0.000622965 	0.000622965 	1374.66
0.0646465 	-2.43057 	-2.43057 	-2.37254e+06 	0.00140719 	0.00140719 	1373.6
0.0656566 	-2.0918 	-2.0918 	-2.37064e+06 	0.00121106 	0.00121106 	1372.49
0.0666667 	-1.51529 	-1.51529 	-2.3687e+06 	0.000877286 	0.000877286 	1371.37
0.0676768 	-1.64564 	-1.64564 	-2.36676e+06 	0.00095275 	0.000952749 	1370.24
0.0686869 	-1.71388 	-1.71387 	-2.36481e+06 	0.000992257 	0.000992256 	1369.12
0.069697 	-1.50244 	-1.50244 	-2.36283e+06 	0.000869843 	0.000869842 	1367.97
0.0707071 	-1.21264 	-1.21264 	-2.36085e+06 	0.000702061 	0.000702061 	1366.82
0.0717172 	-1.00813 	-1.00813 	-2.35885e+06 	0.000583659 	0.00058366 	1365.67
0.0727273 	-0.753753 	-0.753753 	-2.35685e+06 	0.000436389 	0.000436389 	1364.51
0.0737374 	-0.402341 	-0.40234 	-2.35485e+06 	0.000232937 	0.000232937 	1363.35
0.0747475 	-0.0248339 	-0.0248348 	-2.35283e+06 	1.43777e-05 	1.43782e-05 	1362.18
0.0757576 	0.410794 	0.410792 	-2.35082e+06 	-0.000237831 	-0.00023783 	1361.02
0.0767677 	0.814382 	0.814381 	-2.34881e+06 	-0.00047149 	-0.00047149 	1359.86
0.0777778 	1.17964 	1.17964 	-2.34681e+06 	-0.000682957 	-0.000682958 	1358.69
0.0787879 	1.54405 	1.54405 	-2.34481e+06 	-0.000893934 	-0.000893934 	1357.54
0.079798 	1.88538 	1.88538 	-2.34282e+06 	-0.00109155 	-0.00109155 	1356.38
0.0808081 	2.19883 	2.19883 	-2.34084e+06 	-0.00127302 	-0.00127302 	1355.24
0.0818182 	2.47845 	2.47845 	-2.33888e+06 	-0.00143491 	-0.00143491 	1354.11
0.0828283 	2.7133 	2.7133 	-2.33695e+06 	-0.00157088 	-0.00157088 	1352.99
0.0838384 	2.9177 	2.9177 	-2.33504e+06 	-0.00168922 	-0.00168922 	1351.88
0.0848485 	3.12559 	3.12559 	-2.33315e+06 	-0.00180957 	-0.00180957 	1350.79
0.0858586 	3.26975 	3.26975 	-2.3313e+06 	-0.00189304 	-0.00189304 	1349.72
0.0868687 	3.27801 	3.27801 	-2.3295e+06 	-0.00189782 	-0.00189782 	1348.67
0.0878788 	3.36356 	3.36356 	-2.32773e+06 	-0.00194735 	-0.00194735 	1347.65
0.0888889 	3.38763 	3.38763 	-2.32601e+06 	-0.00196128 	-0.00196128 	1346.65
0.089899 	3.39497 	3.39497 	-2.32435e+06 	-0.00196553 	-0.00196553 	1345.7
0.0909091 	3.2164 	3.2164 	-2.32277e+06 	-0.00186215 	-0.00186215 	1344.78
0.0919192 	2.55387 	2.55387 	-2.32123e+06 	-0.00147858 	-0.00147858 	1343.89
0.0929293 	3.46701 	3.46701 	-2.31979e+06 	-0.00200724 	-0.00200724 	1343.05
0.0939394 	1.92852 	1.92851 	-2.31845e+06 	-0.00111652 	-0.00111652 	1342.28
0.0949495 	1.68689 	1.68689 	-2.31721e+06 	-0.000976634 	-0.000976634 	1341.56
0.0959596 	3.1843 	3.1843 	-2.31607e+06 	-0.00184357 	-0.00184357 	1340.9
0.0969697 	1.45236 	1.45236 	-2.31507e+06 	-0.00084085 	-0.000840849 	1340.32
0.0979798 	0.973325 	0.973325 	-2.31425e+06 	-0.000563511 	-0.000563511 	1339.84
0.0989899 	0.157735 	0.157735 	-2.3136e+06 	-9.13213e-05 	-9.13211e-05 	1339.47
0.1 	0.337114 	0.337113 	-2.31311e+06 	-0.000195173 	-0.000195173 	1339.19
