# Probe 0 (0.0015 0.0015 0)
# Probe 1 (0.0015 0.0015 0.002)
# Probe 2 (0.0015 0.0015 0.004)
# Probe 3 (0.0015 0.0015 0.006)
# Probe 4 (0.0015 0.0015 0.008)
# Probe 5 (0.0015 0.0015 0.01)
# Probe 6 (0.0015 0.0015 0.012)
# Probe 7 (0.0015 0.0015 0.014)
# Probe 8 (0.0015 0.0015 0.016)
# Probe 9 (0.0015 0.0015 0.018)
# Probe 10 (0.0015 0.0015 0.02)
# Time        0             1             2             3             4             5             6             7             8             9             10           
50            161986        161986        161986        161986        161986        161986        67931         67931         67931         67931         67931        
100           166749        166749        166749        166749        166749        166749        72665.3       72665.3       72665.3       72665.3       72665.3      
150           167300        167300        167300        167300        167300        167300        73437.1       73437.1       73437.1       73437.1       73437.1      
200           167385        167385        167385        167385        167385        167385        73563.7       73563.7       73563.7       73563.7       73563.7      
250           167398        167398        167398        167398        167398        167398        73583.3       73583.3       73583.3       73583.3       73583.3      
300           167400        167400        167400        167400        167400        167400        73586.9       73586.9       73586.9       73586.9       73586.9      
350           167400        167400        167400        167400        167400        167400        73586.9       73586.9       73586.9       73586.9       73586.9      
400           167400        167400        167400        167400        167400        167400        73586.9       73586.9       73586.9       73586.9       73586.9      
450           167400        167400        167400        167400        167400        167400        73586.9       73586.9       73586.9       73586.9       73586.9      
500           167400        167400        167400        167400        167400        167400        73586.9       73586.9       73586.9       73586.9       73586.9      
550           167400        167400        167400        167400        167400        167400        73586.9       73586.9       73586.9       73586.9       73586.9      
600           167400        167400        167400        167400        167400        167400        73586.9       73586.9       73586.9       73586.9       73586.9      
650           167400        167400        167400        167400        167400        167400        73586.9       73586.9       73586.9       73586.9       73586.9      
700           167400        167400        167400        167400        167400        167400        73586.9       73586.9       73586.9       73586.9       73586.9      
750           167400        167400        167400        167400        167400        167400        73586.9       73586.9       73586.9       73586.9       73586.9      
800           167400        167400        167400        167400        167400        167400        73586.9       73586.9       73586.9       73586.9       73586.9      
850           167400        167400        167400        167400        167400        167400        73586.9       73586.9       73586.9       73586.9       73586.9      
900           167400        167400        167400        167400        167400        167400        73586.9       73586.9       73586.9       73586.9       73586.9      
950           167400        167400        167400        167400        167400        167400        73586.9       73586.9       73586.9       73586.9       73586.9      
1000          167400        167400        167400        167400        167400        167400        73586.9       73586.9       73586.9       73586.9       73586.9      
1050          167400        167400        167400        167400        167400        167400        73586.9       73586.9       73586.9       73586.9       73586.9      
1100          167400        167400        167400        167400        167400        167400        73586.9       73586.9       73586.9       73586.9       73586.9      
1150          167400        167400        167400        167400        167400        167400        73586.9       73586.9       73586.9       73586.9       73586.9      
1200          167400        167400        167400        167400        167400        167400        73586.9       73586.9       73586.9       73586.9       73586.9      
1250          167400        167400        167400        167400        167400        167400        73586.9       73586.9       73586.9       73586.9       73586.9      
1300          167400        167400        167400        167400        167400        167400        73586.9       73586.9       73586.9       73586.9       73586.9      
1350          167400        167400        167400        167400        167400        167400        73586.9       73586.9       73586.9       73586.9       73586.9      
1400          167400        167400        167400        167400        167400        167400        73586.9       73586.9       73586.9       73586.9       73586.9      
1450          167400        167400        167400        167400        167400        167400        73586.9       73586.9       73586.9       73586.9       73586.9      
1500          167400        167400        167400        167400        167400        167400        73586.9       73586.9       73586.9       73586.9       73586.9      
1550          167400        167400        167400        167400        167400        167400        73586.9       73586.9       73586.9       73586.9       73586.9      
1600          167400        167400        167400        167400        167400        167400        73586.9       73586.9       73586.9       73586.9       73586.9      
1650          167400        167400        167400        167400        167400        167400        73586.9       73586.9       73586.9       73586.9       73586.9      
1700          167400        167400        167400        167400        167400        167400        73586.9       73586.9       73586.9       73586.9       73586.9      
1750          167400        167400        167400        167400        167400        167400        73586.9       73586.9       73586.9       73586.9       73586.9      
1800          167400        167400        167400        167400        167400        167400        73586.9       73586.9       73586.9       73586.9       73586.9      
1850          167400        167400        167400        167400        167400        167400        73586.9       73586.9       73586.9       73586.9       73586.9      
1900          167400        167400        167400        167400        167400        167400        73586.9       73586.9       73586.9       73586.9       73586.9      
1950          167400        167400        167400        167400        167400        167400        73586.9       73586.9       73586.9       73586.9       73586.9      
2000          167400        167400        167400        167400        167400        167400        73586.9       73586.9       73586.9       73586.9       73586.9      
2050          167400        167400        167400        167400        167400        167400        73586.9       73586.9       73586.9       73586.9       73586.9      
2100          167400        167400        167400        167400        167400        167400        73586.9       73586.9       73586.9       73586.9       73586.9      
2150          167400        167400        167400        167400        167400        167400        73586.9       73586.9       73586.9       73586.9       73586.9      
2200          167400        167400        167400        167400        167400        167400        73586.9       73586.9       73586.9       73586.9       73586.9      
2250          167400        167400        167400        167400        167400        167400        73586.9       73586.9       73586.9       73586.9       73586.9      
2300          167400        167400        167400        167400        167400        167400        73586.9       73586.9       73586.9       73586.9       73586.9      
2350          167400        167400        167400        167400        167400        167400        73586.9       73586.9       73586.9       73586.9       73586.9      
2400          167400        167400        167400        167400        167400        167400        73586.9       73586.9       73586.9       73586.9       73586.9      
2450          167400        167400        167400        167400        167400        167400        73586.9       73586.9       73586.9       73586.9       73586.9      
2500          167400        167400        167400        167400        167400        167400        73586.9       73586.9       73586.9       73586.9       73586.9      
2550          167400        167400        167400        167400        167400        167400        73586.9       73586.9       73586.9       73586.9       73586.9      
2600          167400        167400        167400        167400        167400        167400        73586.9       73586.9       73586.9       73586.9       73586.9      
2650          167400        167400        167400        167400        167400        167400        73586.9       73586.9       73586.9       73586.9       73586.9      
2700          167400        167400        167400        167400        167400        167400        73586.9       73586.9       73586.9       73586.9       73586.9      
2750          167400        167400        167400        167400        167400        167400        73586.9       73586.9       73586.9       73586.9       73586.9      
2800          167400        167400        167400        167400        167400        167400        73586.9       73586.9       73586.9       73586.9       73586.9      
2850          167400        167400        167400        167400        167400        167400        73586.9       73586.9       73586.9       73586.9       73586.9      
2900          167400        167400        167400        167400        167400        167400        73586.9       73586.9       73586.9       73586.9       73586.9      
2950          167400        167400        167400        167400        167400        167400        73586.9       73586.9       73586.9       73586.9       73586.9      
3000          167400        167400        167400        167400        167400        167400        73586.9       73586.9       73586.9       73586.9       73586.9      
3050          167400        167400        167400        167400        167400        167400        73586.9       73586.9       73586.9       73586.9       73586.9      
3100          167400        167400        167400        167400        167400        167400        73586.9       73586.9       73586.9       73586.9       73586.9      
3150          167400        167400        167400        167400        167400        167400        73586.9       73586.9       73586.9       73586.9       73586.9      
3200          167400        167400        167400        167400        167400        167400        73586.9       73586.9       73586.9       73586.9       73586.9      
3250          167400        167400        167400        167400        167400        167400        73586.9       73586.9       73586.9       73586.9       73586.9      
3300          167400        167400        167400        167400        167400        167400        73586.9       73586.9       73586.9       73586.9       73586.9      
3350          167400        167400        167400        167400        167400        167400        73586.9       73586.9       73586.9       73586.9       73586.9      
3400          167400        167400        167400        167400        167400        167400        73586.9       73586.9       73586.9       73586.9       73586.9      
3450          167400        167400        167400        167400        167400        167400        73586.9       73586.9       73586.9       73586.9       73586.9      
3500          167400        167400        167400        167400        167400        167400        73586.9       73586.9       73586.9       73586.9       73586.9      
3550          167400        167400        167400        167400        167400        167400        73586.9       73586.9       73586.9       73586.9       73586.9      
3600          167400        167400        167400        167400        167400        167400        73586.9       73586.9       73586.9       73586.9       73586.9      
3650          167400        167400        167400        167400        167400        167400        73586.9       73586.9       73586.9       73586.9       73586.9      
3700          167400        167400        167400        167400        167400        167400        73586.9       73586.9       73586.9       73586.9       73586.9      
3750          167400        167400        167400        167400        167400        167400        73586.9       73586.9       73586.9       73586.9       73586.9      
3800          167400        167400        167400        167400        167400        167400        73586.9       73586.9       73586.9       73586.9       73586.9      
3850          167400        167400        167400        167400        167400        167400        73586.9       73586.9       73586.9       73586.9       73586.9      
3900          167400        167400        167400        167400        167400        167400        73586.9       73586.9       73586.9       73586.9       73586.9      
3950          167400        167400        167400        167400        167400        167400        73586.9       73586.9       73586.9       73586.9       73586.9      
4000          167400        167400        167400        167400        167400        167400        73586.9       73586.9       73586.9       73586.9       73586.9      
4050          167400        167400        167400        167400        167400        167400        73586.9       73586.9       73586.9       73586.9       73586.9      
4100          167400        167400        167400        167400        167400        167400        73586.9       73586.9       73586.9       73586.9       73586.9      
4150          167400        167400        167400        167400        167400        167400        73586.9       73586.9       73586.9       73586.9       73586.9      
4200          167400        167400        167400        167400        167400        167400        73586.9       73586.9       73586.9       73586.9       73586.9      
4250          167400        167400        167400        167400        167400        167400        73586.9       73586.9       73586.9       73586.9       73586.9      
4300          167400        167400        167400        167400        167400        167400        73586.9       73586.9       73586.9       73586.9       73586.9      
4350          167400        167400        167400        167400        167400        167400        73586.9       73586.9       73586.9       73586.9       73586.9      
4400          167400        167400        167400        167400        167400        167400        73586.9       73586.9       73586.9       73586.9       73586.9      
4450          167400        167400        167400        167400        167400        167400        73586.9       73586.9       73586.9       73586.9       73586.9      
4500          167400        167400        167400        167400        167400        167400        73586.9       73586.9       73586.9       73586.9       73586.9      
4550          167400        167400        167400        167400        167400        167400        73586.9       73586.9       73586.9       73586.9       73586.9      
4600          167400        167400        167400        167400        167400        167400        73586.9       73586.9       73586.9       73586.9       73586.9      
4650          167400        167400        167400        167400        167400        167400        73586.9       73586.9       73586.9       73586.9       73586.9      
4700          167400        167400        167400        167400        167400        167400        73586.9       73586.9       73586.9       73586.9       73586.9      
4750          167400        167400        167400        167400        167400        167400        73586.9       73586.9       73586.9       73586.9       73586.9      
4800          167400        167400        167400        167400        167400        167400        73586.9       73586.9       73586.9       73586.9       73586.9      
4850          167400        167400        167400        167400        167400        167400        73586.9       73586.9       73586.9       73586.9       73586.9      
4900          167400        167400        167400        167400        167400        167400        73586.9       73586.9       73586.9       73586.9       73586.9      
4950          167400        167400        167400        167400        167400        167400        73586.9       73586.9       73586.9       73586.9       73586.9      
5000          167400        167400        167400        167400        167400        167400        73586.9       73586.9       73586.9       73586.9       73586.9      
