# Probe 0 (0.0015 0.0015 0)
# Probe 1 (0.0015 0.0015 0.002)
# Probe 2 (0.0015 0.0015 0.004)
# Probe 3 (0.0015 0.0015 0.006)
# Probe 4 (0.0015 0.0015 0.008)
# Probe 5 (0.0015 0.0015 0.01)
# Probe 6 (0.0015 0.0015 0.012)
# Probe 7 (0.0015 0.0015 0.014)
# Probe 8 (0.0015 0.0015 0.016)
# Probe 9 (0.0015 0.0015 0.018)
# Probe 10 (0.0015 0.0015 0.02)
# Time        0             1             2             3             4             5             6             7             8             9             10           
50            (-7.02989 -7.02815 -9.821e+06) (-7.02989 -7.02815 -9.821e+06) (-7.02989 -7.02815 -9.821e+06) (-7.02989 -7.02815 -9.821e+06) (-7.02989 -7.02815 -9.821e+06) (-7.02989 -7.02815 -9.821e+06) (-5.80108 -5.80006 -8.94663e+06) (-5.80108 -5.80006 -8.94663e+06) (-5.80108 -5.80006 -8.94663e+06) (-5.80108 -5.80006 -8.94663e+06) (-5.80108 -5.80006 -8.94663e+06)
100           (-2.2175 -2.22358 -9.44641e+06) (-2.2175 -2.22358 -9.44641e+06) (-2.2175 -2.22358 -9.44641e+06) (-2.2175 -2.22358 -9.44641e+06) (-2.2175 -2.22358 -9.44641e+06) (-2.2175 -2.22358 -9.44641e+06) (-1.95159 -1.95786 -9.32181e+06) (-1.95159 -1.95786 -9.32181e+06) (-1.95159 -1.95786 -9.32181e+06) (-1.95159 -1.95786 -9.32181e+06) (-1.95159 -1.95786 -9.32181e+06)
150           (0.589505 0.585634 -9.39187e+06) (0.589505 0.585634 -9.39187e+06) (0.589505 0.585634 -9.39187e+06) (0.589505 0.585634 -9.39187e+06) (0.589505 0.585634 -9.39187e+06) (0.589505 0.585634 -9.39187e+06) (0.541873 0.537838 -9.37171e+06) (0.541873 0.537838 -9.37171e+06) (0.541873 0.537838 -9.37171e+06) (0.541873 0.537838 -9.37171e+06) (0.541873 0.537838 -9.37171e+06)
200           (-0.136903 -0.141615 -9.38307e+06) (-0.136903 -0.141615 -9.38307e+06) (-0.136903 -0.141615 -9.38307e+06) (-0.136903 -0.141615 -9.38307e+06) (-0.136903 -0.141615 -9.38307e+06) (-0.136903 -0.141615 -9.38307e+06) (-0.197473 -0.20149 -9.37963e+06) (-0.197473 -0.20149 -9.37963e+06) (-0.197473 -0.20149 -9.37963e+06) (-0.197473 -0.20149 -9.37963e+06) (-0.197473 -0.20149 -9.37963e+06)
250           (-0.828443 -0.834059 -9.38173e+06) (-0.828443 -0.834059 -9.38173e+06) (-0.828443 -0.834059 -9.38173e+06) (-0.828443 -0.834059 -9.38173e+06) (-0.828443 -0.834059 -9.38173e+06) (-0.828443 -0.834059 -9.38173e+06) (-0.901755 -0.905839 -9.38084e+06) (-0.901755 -0.905839 -9.38084e+06) (-0.901755 -0.905839 -9.38084e+06) (-0.901755 -0.905839 -9.38084e+06) (-0.901755 -0.905839 -9.38084e+06)
300           (0.13831 0.134734 -9.38148e+06) (0.13831 0.134734 -9.38148e+06) (0.13831 0.134734 -9.38148e+06) (0.13831 0.134734 -9.38148e+06) (0.13831 0.134734 -9.38148e+06) (0.13831 0.134734 -9.38148e+06) (0.35294 0.350309 -9.38105e+06) (0.35294 0.350309 -9.38105e+06) (0.35294 0.350309 -9.38105e+06) (0.35294 0.350309 -9.38105e+06) (0.35294 0.350309 -9.38105e+06)
350           (0.13831 0.134734 -9.38148e+06) (0.13831 0.134734 -9.38148e+06) (0.13831 0.134734 -9.38148e+06) (0.13831 0.134734 -9.38148e+06) (0.13831 0.134734 -9.38148e+06) (0.13831 0.134734 -9.38148e+06) (0.35294 0.350309 -9.38105e+06) (0.35294 0.350309 -9.38105e+06) (0.35294 0.350309 -9.38105e+06) (0.35294 0.350309 -9.38105e+06) (0.35294 0.350309 -9.38105e+06)
400           (0.13831 0.134734 -9.38148e+06) (0.13831 0.134734 -9.38148e+06) (0.13831 0.134734 -9.38148e+06) (0.13831 0.134734 -9.38148e+06) (0.13831 0.134734 -9.38148e+06) (0.13831 0.134734 -9.38148e+06) (0.35294 0.350309 -9.38105e+06) (0.35294 0.350309 -9.38105e+06) (0.35294 0.350309 -9.38105e+06) (0.35294 0.350309 -9.38105e+06) (0.35294 0.350309 -9.38105e+06)
450           (0.13831 0.134734 -9.38148e+06) (0.13831 0.134734 -9.38148e+06) (0.13831 0.134734 -9.38148e+06) (0.13831 0.134734 -9.38148e+06) (0.13831 0.134734 -9.38148e+06) (0.13831 0.134734 -9.38148e+06) (0.35294 0.350309 -9.38105e+06) (0.35294 0.350309 -9.38105e+06) (0.35294 0.350309 -9.38105e+06) (0.35294 0.350309 -9.38105e+06) (0.35294 0.350309 -9.38105e+06)
500           (0.13831 0.134734 -9.38148e+06) (0.13831 0.134734 -9.38148e+06) (0.13831 0.134734 -9.38148e+06) (0.13831 0.134734 -9.38148e+06) (0.13831 0.134734 -9.38148e+06) (0.13831 0.134734 -9.38148e+06) (0.35294 0.350309 -9.38105e+06) (0.35294 0.350309 -9.38105e+06) (0.35294 0.350309 -9.38105e+06) (0.35294 0.350309 -9.38105e+06) (0.35294 0.350309 -9.38105e+06)
550           (0.13831 0.134734 -9.38148e+06) (0.13831 0.134734 -9.38148e+06) (0.13831 0.134734 -9.38148e+06) (0.13831 0.134734 -9.38148e+06) (0.13831 0.134734 -9.38148e+06) (0.13831 0.134734 -9.38148e+06) (0.35294 0.350309 -9.38105e+06) (0.35294 0.350309 -9.38105e+06) (0.35294 0.350309 -9.38105e+06) (0.35294 0.350309 -9.38105e+06) (0.35294 0.350309 -9.38105e+06)
600           (0.13831 0.134734 -9.38148e+06) (0.13831 0.134734 -9.38148e+06) (0.13831 0.134734 -9.38148e+06) (0.13831 0.134734 -9.38148e+06) (0.13831 0.134734 -9.38148e+06) (0.13831 0.134734 -9.38148e+06) (0.35294 0.350309 -9.38105e+06) (0.35294 0.350309 -9.38105e+06) (0.35294 0.350309 -9.38105e+06) (0.35294 0.350309 -9.38105e+06) (0.35294 0.350309 -9.38105e+06)
650           (0.13831 0.134734 -9.38148e+06) (0.13831 0.134734 -9.38148e+06) (0.13831 0.134734 -9.38148e+06) (0.13831 0.134734 -9.38148e+06) (0.13831 0.134734 -9.38148e+06) (0.13831 0.134734 -9.38148e+06) (0.35294 0.350309 -9.38105e+06) (0.35294 0.350309 -9.38105e+06) (0.35294 0.350309 -9.38105e+06) (0.35294 0.350309 -9.38105e+06) (0.35294 0.350309 -9.38105e+06)
700           (0.13831 0.134734 -9.38148e+06) (0.13831 0.134734 -9.38148e+06) (0.13831 0.134734 -9.38148e+06) (0.13831 0.134734 -9.38148e+06) (0.13831 0.134734 -9.38148e+06) (0.13831 0.134734 -9.38148e+06) (0.35294 0.350309 -9.38105e+06) (0.35294 0.350309 -9.38105e+06) (0.35294 0.350309 -9.38105e+06) (0.35294 0.350309 -9.38105e+06) (0.35294 0.350309 -9.38105e+06)
750           (0.13831 0.134734 -9.38148e+06) (0.13831 0.134734 -9.38148e+06) (0.13831 0.134734 -9.38148e+06) (0.13831 0.134734 -9.38148e+06) (0.13831 0.134734 -9.38148e+06) (0.13831 0.134734 -9.38148e+06) (0.35294 0.350309 -9.38105e+06) (0.35294 0.350309 -9.38105e+06) (0.35294 0.350309 -9.38105e+06) (0.35294 0.350309 -9.38105e+06) (0.35294 0.350309 -9.38105e+06)
800           (0.13831 0.134734 -9.38148e+06) (0.13831 0.134734 -9.38148e+06) (0.13831 0.134734 -9.38148e+06) (0.13831 0.134734 -9.38148e+06) (0.13831 0.134734 -9.38148e+06) (0.13831 0.134734 -9.38148e+06) (0.35294 0.350309 -9.38105e+06) (0.35294 0.350309 -9.38105e+06) (0.35294 0.350309 -9.38105e+06) (0.35294 0.350309 -9.38105e+06) (0.35294 0.350309 -9.38105e+06)
850           (0.13831 0.134734 -9.38148e+06) (0.13831 0.134734 -9.38148e+06) (0.13831 0.134734 -9.38148e+06) (0.13831 0.134734 -9.38148e+06) (0.13831 0.134734 -9.38148e+06) (0.13831 0.134734 -9.38148e+06) (0.35294 0.350309 -9.38105e+06) (0.35294 0.350309 -9.38105e+06) (0.35294 0.350309 -9.38105e+06) (0.35294 0.350309 -9.38105e+06) (0.35294 0.350309 -9.38105e+06)
900           (0.13831 0.134734 -9.38148e+06) (0.13831 0.134734 -9.38148e+06) (0.13831 0.134734 -9.38148e+06) (0.13831 0.134734 -9.38148e+06) (0.13831 0.134734 -9.38148e+06) (0.13831 0.134734 -9.38148e+06) (0.35294 0.350309 -9.38105e+06) (0.35294 0.350309 -9.38105e+06) (0.35294 0.350309 -9.38105e+06) (0.35294 0.350309 -9.38105e+06) (0.35294 0.350309 -9.38105e+06)
950           (0.13831 0.134734 -9.38148e+06) (0.13831 0.134734 -9.38148e+06) (0.13831 0.134734 -9.38148e+06) (0.13831 0.134734 -9.38148e+06) (0.13831 0.134734 -9.38148e+06) (0.13831 0.134734 -9.38148e+06) (0.35294 0.350309 -9.38105e+06) (0.35294 0.350309 -9.38105e+06) (0.35294 0.350309 -9.38105e+06) (0.35294 0.350309 -9.38105e+06) (0.35294 0.350309 -9.38105e+06)
1000          (0.13831 0.134734 -9.38148e+06) (0.13831 0.134734 -9.38148e+06) (0.13831 0.134734 -9.38148e+06) (0.13831 0.134734 -9.38148e+06) (0.13831 0.134734 -9.38148e+06) (0.13831 0.134734 -9.38148e+06) (0.35294 0.350309 -9.38105e+06) (0.35294 0.350309 -9.38105e+06) (0.35294 0.350309 -9.38105e+06) (0.35294 0.350309 -9.38105e+06) (0.35294 0.350309 -9.38105e+06)
1050          (0.13831 0.134734 -9.38148e+06) (0.13831 0.134734 -9.38148e+06) (0.13831 0.134734 -9.38148e+06) (0.13831 0.134734 -9.38148e+06) (0.13831 0.134734 -9.38148e+06) (0.13831 0.134734 -9.38148e+06) (0.35294 0.350309 -9.38105e+06) (0.35294 0.350309 -9.38105e+06) (0.35294 0.350309 -9.38105e+06) (0.35294 0.350309 -9.38105e+06) (0.35294 0.350309 -9.38105e+06)
1100          (0.13831 0.134734 -9.38148e+06) (0.13831 0.134734 -9.38148e+06) (0.13831 0.134734 -9.38148e+06) (0.13831 0.134734 -9.38148e+06) (0.13831 0.134734 -9.38148e+06) (0.13831 0.134734 -9.38148e+06) (0.35294 0.350309 -9.38105e+06) (0.35294 0.350309 -9.38105e+06) (0.35294 0.350309 -9.38105e+06) (0.35294 0.350309 -9.38105e+06) (0.35294 0.350309 -9.38105e+06)
1150          (0.13831 0.134734 -9.38148e+06) (0.13831 0.134734 -9.38148e+06) (0.13831 0.134734 -9.38148e+06) (0.13831 0.134734 -9.38148e+06) (0.13831 0.134734 -9.38148e+06) (0.13831 0.134734 -9.38148e+06) (0.35294 0.350309 -9.38105e+06) (0.35294 0.350309 -9.38105e+06) (0.35294 0.350309 -9.38105e+06) (0.35294 0.350309 -9.38105e+06) (0.35294 0.350309 -9.38105e+06)
1200          (0.13831 0.134734 -9.38148e+06) (0.13831 0.134734 -9.38148e+06) (0.13831 0.134734 -9.38148e+06) (0.13831 0.134734 -9.38148e+06) (0.13831 0.134734 -9.38148e+06) (0.13831 0.134734 -9.38148e+06) (0.35294 0.350309 -9.38105e+06) (0.35294 0.350309 -9.38105e+06) (0.35294 0.350309 -9.38105e+06) (0.35294 0.350309 -9.38105e+06) (0.35294 0.350309 -9.38105e+06)
1250          (0.13831 0.134734 -9.38148e+06) (0.13831 0.134734 -9.38148e+06) (0.13831 0.134734 -9.38148e+06) (0.13831 0.134734 -9.38148e+06) (0.13831 0.134734 -9.38148e+06) (0.13831 0.134734 -9.38148e+06) (0.35294 0.350309 -9.38105e+06) (0.35294 0.350309 -9.38105e+06) (0.35294 0.350309 -9.38105e+06) (0.35294 0.350309 -9.38105e+06) (0.35294 0.350309 -9.38105e+06)
1300          (0.13831 0.134734 -9.38148e+06) (0.13831 0.134734 -9.38148e+06) (0.13831 0.134734 -9.38148e+06) (0.13831 0.134734 -9.38148e+06) (0.13831 0.134734 -9.38148e+06) (0.13831 0.134734 -9.38148e+06) (0.35294 0.350309 -9.38105e+06) (0.35294 0.350309 -9.38105e+06) (0.35294 0.350309 -9.38105e+06) (0.35294 0.350309 -9.38105e+06) (0.35294 0.350309 -9.38105e+06)
1350          (0.13831 0.134734 -9.38148e+06) (0.13831 0.134734 -9.38148e+06) (0.13831 0.134734 -9.38148e+06) (0.13831 0.134734 -9.38148e+06) (0.13831 0.134734 -9.38148e+06) (0.13831 0.134734 -9.38148e+06) (0.35294 0.350309 -9.38105e+06) (0.35294 0.350309 -9.38105e+06) (0.35294 0.350309 -9.38105e+06) (0.35294 0.350309 -9.38105e+06) (0.35294 0.350309 -9.38105e+06)
1400          (0.13831 0.134734 -9.38148e+06) (0.13831 0.134734 -9.38148e+06) (0.13831 0.134734 -9.38148e+06) (0.13831 0.134734 -9.38148e+06) (0.13831 0.134734 -9.38148e+06) (0.13831 0.134734 -9.38148e+06) (0.35294 0.350309 -9.38105e+06) (0.35294 0.350309 -9.38105e+06) (0.35294 0.350309 -9.38105e+06) (0.35294 0.350309 -9.38105e+06) (0.35294 0.350309 -9.38105e+06)
1450          (0.13831 0.134734 -9.38148e+06) (0.13831 0.134734 -9.38148e+06) (0.13831 0.134734 -9.38148e+06) (0.13831 0.134734 -9.38148e+06) (0.13831 0.134734 -9.38148e+06) (0.13831 0.134734 -9.38148e+06) (0.35294 0.350309 -9.38105e+06) (0.35294 0.350309 -9.38105e+06) (0.35294 0.350309 -9.38105e+06) (0.35294 0.350309 -9.38105e+06) (0.35294 0.350309 -9.38105e+06)
1500          (0.13831 0.134734 -9.38148e+06) (0.13831 0.134734 -9.38148e+06) (0.13831 0.134734 -9.38148e+06) (0.13831 0.134734 -9.38148e+06) (0.13831 0.134734 -9.38148e+06) (0.13831 0.134734 -9.38148e+06) (0.35294 0.350309 -9.38105e+06) (0.35294 0.350309 -9.38105e+06) (0.35294 0.350309 -9.38105e+06) (0.35294 0.350309 -9.38105e+06) (0.35294 0.350309 -9.38105e+06)
1550          (0.13831 0.134734 -9.38148e+06) (0.13831 0.134734 -9.38148e+06) (0.13831 0.134734 -9.38148e+06) (0.13831 0.134734 -9.38148e+06) (0.13831 0.134734 -9.38148e+06) (0.13831 0.134734 -9.38148e+06) (0.35294 0.350309 -9.38105e+06) (0.35294 0.350309 -9.38105e+06) (0.35294 0.350309 -9.38105e+06) (0.35294 0.350309 -9.38105e+06) (0.35294 0.350309 -9.38105e+06)
1600          (0.13831 0.134734 -9.38148e+06) (0.13831 0.134734 -9.38148e+06) (0.13831 0.134734 -9.38148e+06) (0.13831 0.134734 -9.38148e+06) (0.13831 0.134734 -9.38148e+06) (0.13831 0.134734 -9.38148e+06) (0.35294 0.350309 -9.38105e+06) (0.35294 0.350309 -9.38105e+06) (0.35294 0.350309 -9.38105e+06) (0.35294 0.350309 -9.38105e+06) (0.35294 0.350309 -9.38105e+06)
1650          (0.13831 0.134734 -9.38148e+06) (0.13831 0.134734 -9.38148e+06) (0.13831 0.134734 -9.38148e+06) (0.13831 0.134734 -9.38148e+06) (0.13831 0.134734 -9.38148e+06) (0.13831 0.134734 -9.38148e+06) (0.35294 0.350309 -9.38105e+06) (0.35294 0.350309 -9.38105e+06) (0.35294 0.350309 -9.38105e+06) (0.35294 0.350309 -9.38105e+06) (0.35294 0.350309 -9.38105e+06)
1700          (0.13831 0.134734 -9.38148e+06) (0.13831 0.134734 -9.38148e+06) (0.13831 0.134734 -9.38148e+06) (0.13831 0.134734 -9.38148e+06) (0.13831 0.134734 -9.38148e+06) (0.13831 0.134734 -9.38148e+06) (0.35294 0.350309 -9.38105e+06) (0.35294 0.350309 -9.38105e+06) (0.35294 0.350309 -9.38105e+06) (0.35294 0.350309 -9.38105e+06) (0.35294 0.350309 -9.38105e+06)
1750          (0.13831 0.134734 -9.38148e+06) (0.13831 0.134734 -9.38148e+06) (0.13831 0.134734 -9.38148e+06) (0.13831 0.134734 -9.38148e+06) (0.13831 0.134734 -9.38148e+06) (0.13831 0.134734 -9.38148e+06) (0.35294 0.350309 -9.38105e+06) (0.35294 0.350309 -9.38105e+06) (0.35294 0.350309 -9.38105e+06) (0.35294 0.350309 -9.38105e+06) (0.35294 0.350309 -9.38105e+06)
1800          (0.13831 0.134734 -9.38148e+06) (0.13831 0.134734 -9.38148e+06) (0.13831 0.134734 -9.38148e+06) (0.13831 0.134734 -9.38148e+06) (0.13831 0.134734 -9.38148e+06) (0.13831 0.134734 -9.38148e+06) (0.35294 0.350309 -9.38105e+06) (0.35294 0.350309 -9.38105e+06) (0.35294 0.350309 -9.38105e+06) (0.35294 0.350309 -9.38105e+06) (0.35294 0.350309 -9.38105e+06)
1850          (0.13831 0.134734 -9.38148e+06) (0.13831 0.134734 -9.38148e+06) (0.13831 0.134734 -9.38148e+06) (0.13831 0.134734 -9.38148e+06) (0.13831 0.134734 -9.38148e+06) (0.13831 0.134734 -9.38148e+06) (0.35294 0.350309 -9.38105e+06) (0.35294 0.350309 -9.38105e+06) (0.35294 0.350309 -9.38105e+06) (0.35294 0.350309 -9.38105e+06) (0.35294 0.350309 -9.38105e+06)
1900          (0.13831 0.134734 -9.38148e+06) (0.13831 0.134734 -9.38148e+06) (0.13831 0.134734 -9.38148e+06) (0.13831 0.134734 -9.38148e+06) (0.13831 0.134734 -9.38148e+06) (0.13831 0.134734 -9.38148e+06) (0.35294 0.350309 -9.38105e+06) (0.35294 0.350309 -9.38105e+06) (0.35294 0.350309 -9.38105e+06) (0.35294 0.350309 -9.38105e+06) (0.35294 0.350309 -9.38105e+06)
1950          (0.13831 0.134734 -9.38148e+06) (0.13831 0.134734 -9.38148e+06) (0.13831 0.134734 -9.38148e+06) (0.13831 0.134734 -9.38148e+06) (0.13831 0.134734 -9.38148e+06) (0.13831 0.134734 -9.38148e+06) (0.35294 0.350309 -9.38105e+06) (0.35294 0.350309 -9.38105e+06) (0.35294 0.350309 -9.38105e+06) (0.35294 0.350309 -9.38105e+06) (0.35294 0.350309 -9.38105e+06)
2000          (0.13831 0.134734 -9.38148e+06) (0.13831 0.134734 -9.38148e+06) (0.13831 0.134734 -9.38148e+06) (0.13831 0.134734 -9.38148e+06) (0.13831 0.134734 -9.38148e+06) (0.13831 0.134734 -9.38148e+06) (0.35294 0.350309 -9.38105e+06) (0.35294 0.350309 -9.38105e+06) (0.35294 0.350309 -9.38105e+06) (0.35294 0.350309 -9.38105e+06) (0.35294 0.350309 -9.38105e+06)
2050          (0.13831 0.134734 -9.38148e+06) (0.13831 0.134734 -9.38148e+06) (0.13831 0.134734 -9.38148e+06) (0.13831 0.134734 -9.38148e+06) (0.13831 0.134734 -9.38148e+06) (0.13831 0.134734 -9.38148e+06) (0.35294 0.350309 -9.38105e+06) (0.35294 0.350309 -9.38105e+06) (0.35294 0.350309 -9.38105e+06) (0.35294 0.350309 -9.38105e+06) (0.35294 0.350309 -9.38105e+06)
2100          (0.13831 0.134734 -9.38148e+06) (0.13831 0.134734 -9.38148e+06) (0.13831 0.134734 -9.38148e+06) (0.13831 0.134734 -9.38148e+06) (0.13831 0.134734 -9.38148e+06) (0.13831 0.134734 -9.38148e+06) (0.35294 0.350309 -9.38105e+06) (0.35294 0.350309 -9.38105e+06) (0.35294 0.350309 -9.38105e+06) (0.35294 0.350309 -9.38105e+06) (0.35294 0.350309 -9.38105e+06)
2150          (0.13831 0.134734 -9.38148e+06) (0.13831 0.134734 -9.38148e+06) (0.13831 0.134734 -9.38148e+06) (0.13831 0.134734 -9.38148e+06) (0.13831 0.134734 -9.38148e+06) (0.13831 0.134734 -9.38148e+06) (0.35294 0.350309 -9.38105e+06) (0.35294 0.350309 -9.38105e+06) (0.35294 0.350309 -9.38105e+06) (0.35294 0.350309 -9.38105e+06) (0.35294 0.350309 -9.38105e+06)
2200          (0.13831 0.134734 -9.38148e+06) (0.13831 0.134734 -9.38148e+06) (0.13831 0.134734 -9.38148e+06) (0.13831 0.134734 -9.38148e+06) (0.13831 0.134734 -9.38148e+06) (0.13831 0.134734 -9.38148e+06) (0.35294 0.350309 -9.38105e+06) (0.35294 0.350309 -9.38105e+06) (0.35294 0.350309 -9.38105e+06) (0.35294 0.350309 -9.38105e+06) (0.35294 0.350309 -9.38105e+06)
2250          (0.13831 0.134734 -9.38148e+06) (0.13831 0.134734 -9.38148e+06) (0.13831 0.134734 -9.38148e+06) (0.13831 0.134734 -9.38148e+06) (0.13831 0.134734 -9.38148e+06) (0.13831 0.134734 -9.38148e+06) (0.35294 0.350309 -9.38105e+06) (0.35294 0.350309 -9.38105e+06) (0.35294 0.350309 -9.38105e+06) (0.35294 0.350309 -9.38105e+06) (0.35294 0.350309 -9.38105e+06)
2300          (0.13831 0.134734 -9.38148e+06) (0.13831 0.134734 -9.38148e+06) (0.13831 0.134734 -9.38148e+06) (0.13831 0.134734 -9.38148e+06) (0.13831 0.134734 -9.38148e+06) (0.13831 0.134734 -9.38148e+06) (0.35294 0.350309 -9.38105e+06) (0.35294 0.350309 -9.38105e+06) (0.35294 0.350309 -9.38105e+06) (0.35294 0.350309 -9.38105e+06) (0.35294 0.350309 -9.38105e+06)
2350          (0.13831 0.134734 -9.38148e+06) (0.13831 0.134734 -9.38148e+06) (0.13831 0.134734 -9.38148e+06) (0.13831 0.134734 -9.38148e+06) (0.13831 0.134734 -9.38148e+06) (0.13831 0.134734 -9.38148e+06) (0.35294 0.350309 -9.38105e+06) (0.35294 0.350309 -9.38105e+06) (0.35294 0.350309 -9.38105e+06) (0.35294 0.350309 -9.38105e+06) (0.35294 0.350309 -9.38105e+06)
2400          (0.13831 0.134734 -9.38148e+06) (0.13831 0.134734 -9.38148e+06) (0.13831 0.134734 -9.38148e+06) (0.13831 0.134734 -9.38148e+06) (0.13831 0.134734 -9.38148e+06) (0.13831 0.134734 -9.38148e+06) (0.35294 0.350309 -9.38105e+06) (0.35294 0.350309 -9.38105e+06) (0.35294 0.350309 -9.38105e+06) (0.35294 0.350309 -9.38105e+06) (0.35294 0.350309 -9.38105e+06)
2450          (0.13831 0.134734 -9.38148e+06) (0.13831 0.134734 -9.38148e+06) (0.13831 0.134734 -9.38148e+06) (0.13831 0.134734 -9.38148e+06) (0.13831 0.134734 -9.38148e+06) (0.13831 0.134734 -9.38148e+06) (0.35294 0.350309 -9.38105e+06) (0.35294 0.350309 -9.38105e+06) (0.35294 0.350309 -9.38105e+06) (0.35294 0.350309 -9.38105e+06) (0.35294 0.350309 -9.38105e+06)
2500          (0.13831 0.134734 -9.38148e+06) (0.13831 0.134734 -9.38148e+06) (0.13831 0.134734 -9.38148e+06) (0.13831 0.134734 -9.38148e+06) (0.13831 0.134734 -9.38148e+06) (0.13831 0.134734 -9.38148e+06) (0.35294 0.350309 -9.38105e+06) (0.35294 0.350309 -9.38105e+06) (0.35294 0.350309 -9.38105e+06) (0.35294 0.350309 -9.38105e+06) (0.35294 0.350309 -9.38105e+06)
2550          (0.13831 0.134734 -9.38148e+06) (0.13831 0.134734 -9.38148e+06) (0.13831 0.134734 -9.38148e+06) (0.13831 0.134734 -9.38148e+06) (0.13831 0.134734 -9.38148e+06) (0.13831 0.134734 -9.38148e+06) (0.35294 0.350309 -9.38105e+06) (0.35294 0.350309 -9.38105e+06) (0.35294 0.350309 -9.38105e+06) (0.35294 0.350309 -9.38105e+06) (0.35294 0.350309 -9.38105e+06)
2600          (0.13831 0.134734 -9.38148e+06) (0.13831 0.134734 -9.38148e+06) (0.13831 0.134734 -9.38148e+06) (0.13831 0.134734 -9.38148e+06) (0.13831 0.134734 -9.38148e+06) (0.13831 0.134734 -9.38148e+06) (0.35294 0.350309 -9.38105e+06) (0.35294 0.350309 -9.38105e+06) (0.35294 0.350309 -9.38105e+06) (0.35294 0.350309 -9.38105e+06) (0.35294 0.350309 -9.38105e+06)
2650          (0.13831 0.134734 -9.38148e+06) (0.13831 0.134734 -9.38148e+06) (0.13831 0.134734 -9.38148e+06) (0.13831 0.134734 -9.38148e+06) (0.13831 0.134734 -9.38148e+06) (0.13831 0.134734 -9.38148e+06) (0.35294 0.350309 -9.38105e+06) (0.35294 0.350309 -9.38105e+06) (0.35294 0.350309 -9.38105e+06) (0.35294 0.350309 -9.38105e+06) (0.35294 0.350309 -9.38105e+06)
2700          (0.13831 0.134734 -9.38148e+06) (0.13831 0.134734 -9.38148e+06) (0.13831 0.134734 -9.38148e+06) (0.13831 0.134734 -9.38148e+06) (0.13831 0.134734 -9.38148e+06) (0.13831 0.134734 -9.38148e+06) (0.35294 0.350309 -9.38105e+06) (0.35294 0.350309 -9.38105e+06) (0.35294 0.350309 -9.38105e+06) (0.35294 0.350309 -9.38105e+06) (0.35294 0.350309 -9.38105e+06)
2750          (0.13831 0.134734 -9.38148e+06) (0.13831 0.134734 -9.38148e+06) (0.13831 0.134734 -9.38148e+06) (0.13831 0.134734 -9.38148e+06) (0.13831 0.134734 -9.38148e+06) (0.13831 0.134734 -9.38148e+06) (0.35294 0.350309 -9.38105e+06) (0.35294 0.350309 -9.38105e+06) (0.35294 0.350309 -9.38105e+06) (0.35294 0.350309 -9.38105e+06) (0.35294 0.350309 -9.38105e+06)
2800          (0.13831 0.134734 -9.38148e+06) (0.13831 0.134734 -9.38148e+06) (0.13831 0.134734 -9.38148e+06) (0.13831 0.134734 -9.38148e+06) (0.13831 0.134734 -9.38148e+06) (0.13831 0.134734 -9.38148e+06) (0.35294 0.350309 -9.38105e+06) (0.35294 0.350309 -9.38105e+06) (0.35294 0.350309 -9.38105e+06) (0.35294 0.350309 -9.38105e+06) (0.35294 0.350309 -9.38105e+06)
2850          (0.13831 0.134734 -9.38148e+06) (0.13831 0.134734 -9.38148e+06) (0.13831 0.134734 -9.38148e+06) (0.13831 0.134734 -9.38148e+06) (0.13831 0.134734 -9.38148e+06) (0.13831 0.134734 -9.38148e+06) (0.35294 0.350309 -9.38105e+06) (0.35294 0.350309 -9.38105e+06) (0.35294 0.350309 -9.38105e+06) (0.35294 0.350309 -9.38105e+06) (0.35294 0.350309 -9.38105e+06)
2900          (0.13831 0.134734 -9.38148e+06) (0.13831 0.134734 -9.38148e+06) (0.13831 0.134734 -9.38148e+06) (0.13831 0.134734 -9.38148e+06) (0.13831 0.134734 -9.38148e+06) (0.13831 0.134734 -9.38148e+06) (0.35294 0.350309 -9.38105e+06) (0.35294 0.350309 -9.38105e+06) (0.35294 0.350309 -9.38105e+06) (0.35294 0.350309 -9.38105e+06) (0.35294 0.350309 -9.38105e+06)
2950          (0.13831 0.134734 -9.38148e+06) (0.13831 0.134734 -9.38148e+06) (0.13831 0.134734 -9.38148e+06) (0.13831 0.134734 -9.38148e+06) (0.13831 0.134734 -9.38148e+06) (0.13831 0.134734 -9.38148e+06) (0.35294 0.350309 -9.38105e+06) (0.35294 0.350309 -9.38105e+06) (0.35294 0.350309 -9.38105e+06) (0.35294 0.350309 -9.38105e+06) (0.35294 0.350309 -9.38105e+06)
3000          (0.13831 0.134734 -9.38148e+06) (0.13831 0.134734 -9.38148e+06) (0.13831 0.134734 -9.38148e+06) (0.13831 0.134734 -9.38148e+06) (0.13831 0.134734 -9.38148e+06) (0.13831 0.134734 -9.38148e+06) (0.35294 0.350309 -9.38105e+06) (0.35294 0.350309 -9.38105e+06) (0.35294 0.350309 -9.38105e+06) (0.35294 0.350309 -9.38105e+06) (0.35294 0.350309 -9.38105e+06)
3050          (0.13831 0.134734 -9.38148e+06) (0.13831 0.134734 -9.38148e+06) (0.13831 0.134734 -9.38148e+06) (0.13831 0.134734 -9.38148e+06) (0.13831 0.134734 -9.38148e+06) (0.13831 0.134734 -9.38148e+06) (0.35294 0.350309 -9.38105e+06) (0.35294 0.350309 -9.38105e+06) (0.35294 0.350309 -9.38105e+06) (0.35294 0.350309 -9.38105e+06) (0.35294 0.350309 -9.38105e+06)
3100          (0.13831 0.134734 -9.38148e+06) (0.13831 0.134734 -9.38148e+06) (0.13831 0.134734 -9.38148e+06) (0.13831 0.134734 -9.38148e+06) (0.13831 0.134734 -9.38148e+06) (0.13831 0.134734 -9.38148e+06) (0.35294 0.350309 -9.38105e+06) (0.35294 0.350309 -9.38105e+06) (0.35294 0.350309 -9.38105e+06) (0.35294 0.350309 -9.38105e+06) (0.35294 0.350309 -9.38105e+06)
3150          (0.13831 0.134734 -9.38148e+06) (0.13831 0.134734 -9.38148e+06) (0.13831 0.134734 -9.38148e+06) (0.13831 0.134734 -9.38148e+06) (0.13831 0.134734 -9.38148e+06) (0.13831 0.134734 -9.38148e+06) (0.35294 0.350309 -9.38105e+06) (0.35294 0.350309 -9.38105e+06) (0.35294 0.350309 -9.38105e+06) (0.35294 0.350309 -9.38105e+06) (0.35294 0.350309 -9.38105e+06)
3200          (0.13831 0.134734 -9.38148e+06) (0.13831 0.134734 -9.38148e+06) (0.13831 0.134734 -9.38148e+06) (0.13831 0.134734 -9.38148e+06) (0.13831 0.134734 -9.38148e+06) (0.13831 0.134734 -9.38148e+06) (0.35294 0.350309 -9.38105e+06) (0.35294 0.350309 -9.38105e+06) (0.35294 0.350309 -9.38105e+06) (0.35294 0.350309 -9.38105e+06) (0.35294 0.350309 -9.38105e+06)
3250          (0.13831 0.134734 -9.38148e+06) (0.13831 0.134734 -9.38148e+06) (0.13831 0.134734 -9.38148e+06) (0.13831 0.134734 -9.38148e+06) (0.13831 0.134734 -9.38148e+06) (0.13831 0.134734 -9.38148e+06) (0.35294 0.350309 -9.38105e+06) (0.35294 0.350309 -9.38105e+06) (0.35294 0.350309 -9.38105e+06) (0.35294 0.350309 -9.38105e+06) (0.35294 0.350309 -9.38105e+06)
3300          (0.13831 0.134734 -9.38148e+06) (0.13831 0.134734 -9.38148e+06) (0.13831 0.134734 -9.38148e+06) (0.13831 0.134734 -9.38148e+06) (0.13831 0.134734 -9.38148e+06) (0.13831 0.134734 -9.38148e+06) (0.35294 0.350309 -9.38105e+06) (0.35294 0.350309 -9.38105e+06) (0.35294 0.350309 -9.38105e+06) (0.35294 0.350309 -9.38105e+06) (0.35294 0.350309 -9.38105e+06)
3350          (0.13831 0.134734 -9.38148e+06) (0.13831 0.134734 -9.38148e+06) (0.13831 0.134734 -9.38148e+06) (0.13831 0.134734 -9.38148e+06) (0.13831 0.134734 -9.38148e+06) (0.13831 0.134734 -9.38148e+06) (0.35294 0.350309 -9.38105e+06) (0.35294 0.350309 -9.38105e+06) (0.35294 0.350309 -9.38105e+06) (0.35294 0.350309 -9.38105e+06) (0.35294 0.350309 -9.38105e+06)
3400          (0.13831 0.134734 -9.38148e+06) (0.13831 0.134734 -9.38148e+06) (0.13831 0.134734 -9.38148e+06) (0.13831 0.134734 -9.38148e+06) (0.13831 0.134734 -9.38148e+06) (0.13831 0.134734 -9.38148e+06) (0.35294 0.350309 -9.38105e+06) (0.35294 0.350309 -9.38105e+06) (0.35294 0.350309 -9.38105e+06) (0.35294 0.350309 -9.38105e+06) (0.35294 0.350309 -9.38105e+06)
3450          (0.13831 0.134734 -9.38148e+06) (0.13831 0.134734 -9.38148e+06) (0.13831 0.134734 -9.38148e+06) (0.13831 0.134734 -9.38148e+06) (0.13831 0.134734 -9.38148e+06) (0.13831 0.134734 -9.38148e+06) (0.35294 0.350309 -9.38105e+06) (0.35294 0.350309 -9.38105e+06) (0.35294 0.350309 -9.38105e+06) (0.35294 0.350309 -9.38105e+06) (0.35294 0.350309 -9.38105e+06)
3500          (0.13831 0.134734 -9.38148e+06) (0.13831 0.134734 -9.38148e+06) (0.13831 0.134734 -9.38148e+06) (0.13831 0.134734 -9.38148e+06) (0.13831 0.134734 -9.38148e+06) (0.13831 0.134734 -9.38148e+06) (0.35294 0.350309 -9.38105e+06) (0.35294 0.350309 -9.38105e+06) (0.35294 0.350309 -9.38105e+06) (0.35294 0.350309 -9.38105e+06) (0.35294 0.350309 -9.38105e+06)
3550          (0.13831 0.134734 -9.38148e+06) (0.13831 0.134734 -9.38148e+06) (0.13831 0.134734 -9.38148e+06) (0.13831 0.134734 -9.38148e+06) (0.13831 0.134734 -9.38148e+06) (0.13831 0.134734 -9.38148e+06) (0.35294 0.350309 -9.38105e+06) (0.35294 0.350309 -9.38105e+06) (0.35294 0.350309 -9.38105e+06) (0.35294 0.350309 -9.38105e+06) (0.35294 0.350309 -9.38105e+06)
3600          (0.13831 0.134734 -9.38148e+06) (0.13831 0.134734 -9.38148e+06) (0.13831 0.134734 -9.38148e+06) (0.13831 0.134734 -9.38148e+06) (0.13831 0.134734 -9.38148e+06) (0.13831 0.134734 -9.38148e+06) (0.35294 0.350309 -9.38105e+06) (0.35294 0.350309 -9.38105e+06) (0.35294 0.350309 -9.38105e+06) (0.35294 0.350309 -9.38105e+06) (0.35294 0.350309 -9.38105e+06)
3650          (0.13831 0.134734 -9.38148e+06) (0.13831 0.134734 -9.38148e+06) (0.13831 0.134734 -9.38148e+06) (0.13831 0.134734 -9.38148e+06) (0.13831 0.134734 -9.38148e+06) (0.13831 0.134734 -9.38148e+06) (0.35294 0.350309 -9.38105e+06) (0.35294 0.350309 -9.38105e+06) (0.35294 0.350309 -9.38105e+06) (0.35294 0.350309 -9.38105e+06) (0.35294 0.350309 -9.38105e+06)
3700          (0.13831 0.134734 -9.38148e+06) (0.13831 0.134734 -9.38148e+06) (0.13831 0.134734 -9.38148e+06) (0.13831 0.134734 -9.38148e+06) (0.13831 0.134734 -9.38148e+06) (0.13831 0.134734 -9.38148e+06) (0.35294 0.350309 -9.38105e+06) (0.35294 0.350309 -9.38105e+06) (0.35294 0.350309 -9.38105e+06) (0.35294 0.350309 -9.38105e+06) (0.35294 0.350309 -9.38105e+06)
3750          (0.13831 0.134734 -9.38148e+06) (0.13831 0.134734 -9.38148e+06) (0.13831 0.134734 -9.38148e+06) (0.13831 0.134734 -9.38148e+06) (0.13831 0.134734 -9.38148e+06) (0.13831 0.134734 -9.38148e+06) (0.35294 0.350309 -9.38105e+06) (0.35294 0.350309 -9.38105e+06) (0.35294 0.350309 -9.38105e+06) (0.35294 0.350309 -9.38105e+06) (0.35294 0.350309 -9.38105e+06)
3800          (0.13831 0.134734 -9.38148e+06) (0.13831 0.134734 -9.38148e+06) (0.13831 0.134734 -9.38148e+06) (0.13831 0.134734 -9.38148e+06) (0.13831 0.134734 -9.38148e+06) (0.13831 0.134734 -9.38148e+06) (0.35294 0.350309 -9.38105e+06) (0.35294 0.350309 -9.38105e+06) (0.35294 0.350309 -9.38105e+06) (0.35294 0.350309 -9.38105e+06) (0.35294 0.350309 -9.38105e+06)
3850          (0.13831 0.134734 -9.38148e+06) (0.13831 0.134734 -9.38148e+06) (0.13831 0.134734 -9.38148e+06) (0.13831 0.134734 -9.38148e+06) (0.13831 0.134734 -9.38148e+06) (0.13831 0.134734 -9.38148e+06) (0.35294 0.350309 -9.38105e+06) (0.35294 0.350309 -9.38105e+06) (0.35294 0.350309 -9.38105e+06) (0.35294 0.350309 -9.38105e+06) (0.35294 0.350309 -9.38105e+06)
3900          (0.13831 0.134734 -9.38148e+06) (0.13831 0.134734 -9.38148e+06) (0.13831 0.134734 -9.38148e+06) (0.13831 0.134734 -9.38148e+06) (0.13831 0.134734 -9.38148e+06) (0.13831 0.134734 -9.38148e+06) (0.35294 0.350309 -9.38105e+06) (0.35294 0.350309 -9.38105e+06) (0.35294 0.350309 -9.38105e+06) (0.35294 0.350309 -9.38105e+06) (0.35294 0.350309 -9.38105e+06)
3950          (0.13831 0.134734 -9.38148e+06) (0.13831 0.134734 -9.38148e+06) (0.13831 0.134734 -9.38148e+06) (0.13831 0.134734 -9.38148e+06) (0.13831 0.134734 -9.38148e+06) (0.13831 0.134734 -9.38148e+06) (0.35294 0.350309 -9.38105e+06) (0.35294 0.350309 -9.38105e+06) (0.35294 0.350309 -9.38105e+06) (0.35294 0.350309 -9.38105e+06) (0.35294 0.350309 -9.38105e+06)
4000          (0.13831 0.134734 -9.38148e+06) (0.13831 0.134734 -9.38148e+06) (0.13831 0.134734 -9.38148e+06) (0.13831 0.134734 -9.38148e+06) (0.13831 0.134734 -9.38148e+06) (0.13831 0.134734 -9.38148e+06) (0.35294 0.350309 -9.38105e+06) (0.35294 0.350309 -9.38105e+06) (0.35294 0.350309 -9.38105e+06) (0.35294 0.350309 -9.38105e+06) (0.35294 0.350309 -9.38105e+06)
4050          (0.13831 0.134734 -9.38148e+06) (0.13831 0.134734 -9.38148e+06) (0.13831 0.134734 -9.38148e+06) (0.13831 0.134734 -9.38148e+06) (0.13831 0.134734 -9.38148e+06) (0.13831 0.134734 -9.38148e+06) (0.35294 0.350309 -9.38105e+06) (0.35294 0.350309 -9.38105e+06) (0.35294 0.350309 -9.38105e+06) (0.35294 0.350309 -9.38105e+06) (0.35294 0.350309 -9.38105e+06)
4100          (0.13831 0.134734 -9.38148e+06) (0.13831 0.134734 -9.38148e+06) (0.13831 0.134734 -9.38148e+06) (0.13831 0.134734 -9.38148e+06) (0.13831 0.134734 -9.38148e+06) (0.13831 0.134734 -9.38148e+06) (0.35294 0.350309 -9.38105e+06) (0.35294 0.350309 -9.38105e+06) (0.35294 0.350309 -9.38105e+06) (0.35294 0.350309 -9.38105e+06) (0.35294 0.350309 -9.38105e+06)
4150          (0.13831 0.134734 -9.38148e+06) (0.13831 0.134734 -9.38148e+06) (0.13831 0.134734 -9.38148e+06) (0.13831 0.134734 -9.38148e+06) (0.13831 0.134734 -9.38148e+06) (0.13831 0.134734 -9.38148e+06) (0.35294 0.350309 -9.38105e+06) (0.35294 0.350309 -9.38105e+06) (0.35294 0.350309 -9.38105e+06) (0.35294 0.350309 -9.38105e+06) (0.35294 0.350309 -9.38105e+06)
4200          (0.13831 0.134734 -9.38148e+06) (0.13831 0.134734 -9.38148e+06) (0.13831 0.134734 -9.38148e+06) (0.13831 0.134734 -9.38148e+06) (0.13831 0.134734 -9.38148e+06) (0.13831 0.134734 -9.38148e+06) (0.35294 0.350309 -9.38105e+06) (0.35294 0.350309 -9.38105e+06) (0.35294 0.350309 -9.38105e+06) (0.35294 0.350309 -9.38105e+06) (0.35294 0.350309 -9.38105e+06)
4250          (0.13831 0.134734 -9.38148e+06) (0.13831 0.134734 -9.38148e+06) (0.13831 0.134734 -9.38148e+06) (0.13831 0.134734 -9.38148e+06) (0.13831 0.134734 -9.38148e+06) (0.13831 0.134734 -9.38148e+06) (0.35294 0.350309 -9.38105e+06) (0.35294 0.350309 -9.38105e+06) (0.35294 0.350309 -9.38105e+06) (0.35294 0.350309 -9.38105e+06) (0.35294 0.350309 -9.38105e+06)
4300          (0.13831 0.134734 -9.38148e+06) (0.13831 0.134734 -9.38148e+06) (0.13831 0.134734 -9.38148e+06) (0.13831 0.134734 -9.38148e+06) (0.13831 0.134734 -9.38148e+06) (0.13831 0.134734 -9.38148e+06) (0.35294 0.350309 -9.38105e+06) (0.35294 0.350309 -9.38105e+06) (0.35294 0.350309 -9.38105e+06) (0.35294 0.350309 -9.38105e+06) (0.35294 0.350309 -9.38105e+06)
4350          (0.13831 0.134734 -9.38148e+06) (0.13831 0.134734 -9.38148e+06) (0.13831 0.134734 -9.38148e+06) (0.13831 0.134734 -9.38148e+06) (0.13831 0.134734 -9.38148e+06) (0.13831 0.134734 -9.38148e+06) (0.35294 0.350309 -9.38105e+06) (0.35294 0.350309 -9.38105e+06) (0.35294 0.350309 -9.38105e+06) (0.35294 0.350309 -9.38105e+06) (0.35294 0.350309 -9.38105e+06)
4400          (0.13831 0.134734 -9.38148e+06) (0.13831 0.134734 -9.38148e+06) (0.13831 0.134734 -9.38148e+06) (0.13831 0.134734 -9.38148e+06) (0.13831 0.134734 -9.38148e+06) (0.13831 0.134734 -9.38148e+06) (0.35294 0.350309 -9.38105e+06) (0.35294 0.350309 -9.38105e+06) (0.35294 0.350309 -9.38105e+06) (0.35294 0.350309 -9.38105e+06) (0.35294 0.350309 -9.38105e+06)
4450          (0.13831 0.134734 -9.38148e+06) (0.13831 0.134734 -9.38148e+06) (0.13831 0.134734 -9.38148e+06) (0.13831 0.134734 -9.38148e+06) (0.13831 0.134734 -9.38148e+06) (0.13831 0.134734 -9.38148e+06) (0.35294 0.350309 -9.38105e+06) (0.35294 0.350309 -9.38105e+06) (0.35294 0.350309 -9.38105e+06) (0.35294 0.350309 -9.38105e+06) (0.35294 0.350309 -9.38105e+06)
4500          (0.13831 0.134734 -9.38148e+06) (0.13831 0.134734 -9.38148e+06) (0.13831 0.134734 -9.38148e+06) (0.13831 0.134734 -9.38148e+06) (0.13831 0.134734 -9.38148e+06) (0.13831 0.134734 -9.38148e+06) (0.35294 0.350309 -9.38105e+06) (0.35294 0.350309 -9.38105e+06) (0.35294 0.350309 -9.38105e+06) (0.35294 0.350309 -9.38105e+06) (0.35294 0.350309 -9.38105e+06)
4550          (0.13831 0.134734 -9.38148e+06) (0.13831 0.134734 -9.38148e+06) (0.13831 0.134734 -9.38148e+06) (0.13831 0.134734 -9.38148e+06) (0.13831 0.134734 -9.38148e+06) (0.13831 0.134734 -9.38148e+06) (0.35294 0.350309 -9.38105e+06) (0.35294 0.350309 -9.38105e+06) (0.35294 0.350309 -9.38105e+06) (0.35294 0.350309 -9.38105e+06) (0.35294 0.350309 -9.38105e+06)
4600          (0.13831 0.134734 -9.38148e+06) (0.13831 0.134734 -9.38148e+06) (0.13831 0.134734 -9.38148e+06) (0.13831 0.134734 -9.38148e+06) (0.13831 0.134734 -9.38148e+06) (0.13831 0.134734 -9.38148e+06) (0.35294 0.350309 -9.38105e+06) (0.35294 0.350309 -9.38105e+06) (0.35294 0.350309 -9.38105e+06) (0.35294 0.350309 -9.38105e+06) (0.35294 0.350309 -9.38105e+06)
4650          (0.13831 0.134734 -9.38148e+06) (0.13831 0.134734 -9.38148e+06) (0.13831 0.134734 -9.38148e+06) (0.13831 0.134734 -9.38148e+06) (0.13831 0.134734 -9.38148e+06) (0.13831 0.134734 -9.38148e+06) (0.35294 0.350309 -9.38105e+06) (0.35294 0.350309 -9.38105e+06) (0.35294 0.350309 -9.38105e+06) (0.35294 0.350309 -9.38105e+06) (0.35294 0.350309 -9.38105e+06)
4700          (0.13831 0.134734 -9.38148e+06) (0.13831 0.134734 -9.38148e+06) (0.13831 0.134734 -9.38148e+06) (0.13831 0.134734 -9.38148e+06) (0.13831 0.134734 -9.38148e+06) (0.13831 0.134734 -9.38148e+06) (0.35294 0.350309 -9.38105e+06) (0.35294 0.350309 -9.38105e+06) (0.35294 0.350309 -9.38105e+06) (0.35294 0.350309 -9.38105e+06) (0.35294 0.350309 -9.38105e+06)
4750          (0.13831 0.134734 -9.38148e+06) (0.13831 0.134734 -9.38148e+06) (0.13831 0.134734 -9.38148e+06) (0.13831 0.134734 -9.38148e+06) (0.13831 0.134734 -9.38148e+06) (0.13831 0.134734 -9.38148e+06) (0.35294 0.350309 -9.38105e+06) (0.35294 0.350309 -9.38105e+06) (0.35294 0.350309 -9.38105e+06) (0.35294 0.350309 -9.38105e+06) (0.35294 0.350309 -9.38105e+06)
4800          (0.13831 0.134734 -9.38148e+06) (0.13831 0.134734 -9.38148e+06) (0.13831 0.134734 -9.38148e+06) (0.13831 0.134734 -9.38148e+06) (0.13831 0.134734 -9.38148e+06) (0.13831 0.134734 -9.38148e+06) (0.35294 0.350309 -9.38105e+06) (0.35294 0.350309 -9.38105e+06) (0.35294 0.350309 -9.38105e+06) (0.35294 0.350309 -9.38105e+06) (0.35294 0.350309 -9.38105e+06)
4850          (0.13831 0.134734 -9.38148e+06) (0.13831 0.134734 -9.38148e+06) (0.13831 0.134734 -9.38148e+06) (0.13831 0.134734 -9.38148e+06) (0.13831 0.134734 -9.38148e+06) (0.13831 0.134734 -9.38148e+06) (0.35294 0.350309 -9.38105e+06) (0.35294 0.350309 -9.38105e+06) (0.35294 0.350309 -9.38105e+06) (0.35294 0.350309 -9.38105e+06) (0.35294 0.350309 -9.38105e+06)
4900          (0.13831 0.134734 -9.38148e+06) (0.13831 0.134734 -9.38148e+06) (0.13831 0.134734 -9.38148e+06) (0.13831 0.134734 -9.38148e+06) (0.13831 0.134734 -9.38148e+06) (0.13831 0.134734 -9.38148e+06) (0.35294 0.350309 -9.38105e+06) (0.35294 0.350309 -9.38105e+06) (0.35294 0.350309 -9.38105e+06) (0.35294 0.350309 -9.38105e+06) (0.35294 0.350309 -9.38105e+06)
4950          (0.13831 0.134734 -9.38148e+06) (0.13831 0.134734 -9.38148e+06) (0.13831 0.134734 -9.38148e+06) (0.13831 0.134734 -9.38148e+06) (0.13831 0.134734 -9.38148e+06) (0.13831 0.134734 -9.38148e+06) (0.35294 0.350309 -9.38105e+06) (0.35294 0.350309 -9.38105e+06) (0.35294 0.350309 -9.38105e+06) (0.35294 0.350309 -9.38105e+06) (0.35294 0.350309 -9.38105e+06)
5000          (0.13831 0.134734 -9.38148e+06) (0.13831 0.134734 -9.38148e+06) (0.13831 0.134734 -9.38148e+06) (0.13831 0.134734 -9.38148e+06) (0.13831 0.134734 -9.38148e+06) (0.13831 0.134734 -9.38148e+06) (0.35294 0.350309 -9.38105e+06) (0.35294 0.350309 -9.38105e+06) (0.35294 0.350309 -9.38105e+06) (0.35294 0.350309 -9.38105e+06) (0.35294 0.350309 -9.38105e+06)
