0 	0.00919045 	0.00829643 	-9.38164e+06 	-6.12658e-06 	-5.53061e-06 	6254.03
0.00020202 	0.0144074 	0.013405 	-9.38164e+06 	-9.60432e-06 	-8.93611e-06 	6254.03
0.00040404 	0.0196243 	0.0185136 	-9.38163e+06 	-1.30821e-05 	-1.23416e-05 	6254.03
0.000606061 	0.0248413 	0.0236222 	-9.38162e+06 	-1.65598e-05 	-1.57471e-05 	6254.02
0.000808081 	0.0300582 	0.0287307 	-9.38162e+06 	-2.00376e-05 	-1.91526e-05 	6254.02
0.0010101 	0.0352752 	0.0338393 	-9.38161e+06 	-2.35153e-05 	-2.25581e-05 	6254.01
0.00121212 	0.0404921 	0.0389479 	-9.3816e+06 	-2.6993e-05 	-2.59636e-05 	6254.01
0.00141414 	0.045709 	0.0440565 	-9.3816e+06 	-3.04708e-05 	-2.93691e-05 	6254
0.00161616 	0.050926 	0.049165 	-9.38159e+06 	-3.39485e-05 	-3.27746e-05 	6254
0.00181818 	0.0561429 	0.0542736 	-9.38158e+06 	-3.74263e-05 	-3.61801e-05 	6253.99
0.0020202 	0.0613599 	0.0593822 	-9.38158e+06 	-4.0904e-05 	-3.95856e-05 	6253.99
0.00222222 	0.0665768 	0.0644907 	-9.38157e+06 	-4.43817e-05 	-4.29911e-05 	6253.99
0.00242424 	0.0717937 	0.0695993 	-9.38156e+06 	-4.78595e-05 	-4.63966e-05 	6253.98
0.00262626 	0.0770107 	0.0747079 	-9.38156e+06 	-5.13372e-05 	-4.98021e-05 	6253.98
0.00282828 	0.0822276 	0.0798165 	-9.38155e+06 	-5.4815e-05 	-5.32076e-05 	6253.97
0.0030303 	0.0874446 	0.084925 	-9.38154e+06 	-5.82927e-05 	-5.66132e-05 	6253.97
0.00323232 	0.0926615 	0.0900336 	-9.38154e+06 	-6.17705e-05 	-6.00187e-05 	6253.96
0.00343434 	0.0978784 	0.0951422 	-9.38153e+06 	-6.52482e-05 	-6.34242e-05 	6253.96
0.00363636 	0.103095 	0.100251 	-9.38152e+06 	-6.87259e-05 	-6.68297e-05 	6253.96
0.00383838 	0.108312 	0.105359 	-9.38152e+06 	-7.22037e-05 	-7.02352e-05 	6253.95
0.0040404 	0.113529 	0.110468 	-9.38151e+06 	-7.56814e-05 	-7.36407e-05 	6253.95
0.00424242 	0.118746 	0.115576 	-9.3815e+06 	-7.91592e-05 	-7.70462e-05 	6253.94
0.00444444 	0.123963 	0.120685 	-9.3815e+06 	-8.26369e-05 	-8.04517e-05 	6253.94
0.00464646 	0.12918 	0.125794 	-9.38149e+06 	-8.61147e-05 	-8.38572e-05 	6253.93
0.00484848 	0.134397 	0.130902 	-9.38148e+06 	-8.95924e-05 	-8.72627e-05 	6253.93
0.00505051 	0.136962 	0.133414 	-9.38148e+06 	-9.1302e-05 	-8.89369e-05 	6253.92
0.00525253 	0.131569 	0.128134 	-9.38147e+06 	-8.77072e-05 	-8.54175e-05 	6253.92
0.00545455 	0.126176 	0.122855 	-9.38146e+06 	-8.41123e-05 	-8.18981e-05 	6253.91
0.00565657 	0.120784 	0.117575 	-9.38145e+06 	-8.05175e-05 	-7.83787e-05 	6253.91
0.00585859 	0.115391 	0.112296 	-9.38144e+06 	-7.69226e-05 	-7.48593e-05 	6253.9
0.00606061 	0.109999 	0.107016 	-9.38143e+06 	-7.33278e-05 	-7.13398e-05 	6253.9
0.00626263 	0.104606 	0.101737 	-9.38142e+06 	-6.97329e-05 	-6.78204e-05 	6253.89
0.00646465 	0.0992134 	0.0964576 	-9.38142e+06 	-6.61381e-05 	-6.4301e-05 	6253.88
0.00666667 	0.0938208 	0.0911781 	-9.38141e+06 	-6.25433e-05 	-6.07816e-05 	6253.88
0.00686869 	0.0884282 	0.0858986 	-9.3814e+06 	-5.89484e-05 	-5.72622e-05 	6253.87
0.00707071 	0.0830356 	0.0806192 	-9.38139e+06 	-5.53536e-05 	-5.37427e-05 	6253.87
0.00727273 	0.077643 	0.0753397 	-9.38138e+06 	-5.17587e-05 	-5.02233e-05 	6253.86
0.00747475 	0.0722504 	0.0700602 	-9.38137e+06 	-4.81639e-05 	-4.67039e-05 	6253.86
0.00767677 	0.0668578 	0.0647808 	-9.38136e+06 	-4.4569e-05 	-4.31845e-05 	6253.85
0.00787879 	0.0614652 	0.0595013 	-9.38136e+06 	-4.09742e-05 	-3.96651e-05 	6253.84
0.00808081 	0.0560726 	0.0542219 	-9.38135e+06 	-3.73794e-05 	-3.61456e-05 	6253.84
0.00828283 	0.05068 	0.0489424 	-9.38134e+06 	-3.37845e-05 	-3.26262e-05 	6253.83
0.00848485 	0.0452873 	0.0436629 	-9.38133e+06 	-3.01897e-05 	-2.91068e-05 	6253.83
0.00868687 	0.0398947 	0.0383835 	-9.38132e+06 	-2.65948e-05 	-2.55874e-05 	6253.82
0.00888889 	0.0345021 	0.033104 	-9.38131e+06 	-2.3e-05 	-2.2068e-05 	6253.82
0.00909091 	0.0291095 	0.0278246 	-9.3813e+06 	-1.94051e-05 	-1.85485e-05 	6253.81
0.00929293 	0.0237169 	0.0225451 	-9.3813e+06 	-1.58103e-05 	-1.50291e-05 	6253.8
0.00949495 	0.0183243 	0.0172656 	-9.38129e+06 	-1.22155e-05 	-1.15097e-05 	6253.8
0.00969697 	0.0129317 	0.0119862 	-9.38128e+06 	-8.62062e-06 	-7.99028e-06 	6253.79
0.00989899 	0.00753914 	0.00670672 	-9.38127e+06 	-5.02578e-06 	-4.47086e-06 	6253.79
0.010101 	0.0118751 	0.0110618 	-9.38126e+06 	-7.91623e-06 	-7.37405e-06 	6253.78
0.010303 	0.0259396 	0.0250513 	-9.38125e+06 	-1.7292e-05 	-1.66998e-05 	6253.77
0.0105051 	0.0400041 	0.0390409 	-9.38124e+06 	-2.66677e-05 	-2.60256e-05 	6253.77
0.0107071 	0.0540687 	0.0530305 	-9.38124e+06 	-3.60435e-05 	-3.53514e-05 	6253.76
0.0109091 	0.0681332 	0.0670201 	-9.38123e+06 	-4.54193e-05 	-4.46772e-05 	6253.76
0.0111111 	0.0821977 	0.0810096 	-9.38122e+06 	-5.4795e-05 	-5.4003e-05 	6253.75
0.0113131 	0.0962622 	0.0949992 	-9.38121e+06 	-6.41708e-05 	-6.33288e-05 	6253.75
0.0115152 	0.110327 	0.108989 	-9.3812e+06 	-7.35465e-05 	-7.26546e-05 	6253.74
0.0117172 	0.124391 	0.122978 	-9.38119e+06 	-8.29223e-05 	-8.19804e-05 	6253.73
0.0119192 	0.138456 	0.136968 	-9.38118e+06 	-9.2298e-05 	-9.13062e-05 	6253.73
0.0121212 	0.15252 	0.150958 	-9.38118e+06 	-0.000101674 	-0.000100632 	6253.72
0.0123232 	0.166585 	0.164947 	-9.38117e+06 	-0.00011105 	-0.000109958 	6253.72
0.0125253 	0.180649 	0.178937 	-9.38116e+06 	-0.000120425 	-0.000119284 	6253.71
0.0127273 	0.194714 	0.192926 	-9.38115e+06 	-0.000129801 	-0.000128609 	6253.71
0.0129293 	0.208778 	0.206916 	-9.38114e+06 	-0.000139177 	-0.000137935 	6253.7
0.0131313 	0.222843 	0.220905 	-9.38113e+06 	-0.000148553 	-0.000147261 	6253.69
0.0133333 	0.236907 	0.234895 	-9.38112e+06 	-0.000157928 	-0.000156587 	6253.69
0.0135354 	0.250972 	0.248885 	-9.38112e+06 	-0.000167304 	-0.000165913 	6253.68
0.0137374 	0.265036 	0.262874 	-9.38111e+06 	-0.00017668 	-0.000175238 	6253.68
0.0139394 	0.279101 	0.276864 	-9.3811e+06 	-0.000186056 	-0.000184564 	6253.67
0.0141414 	0.293165 	0.290853 	-9.38109e+06 	-0.000195431 	-0.00019389 	6253.67
0.0143434 	0.30723 	0.304843 	-9.38108e+06 	-0.000204807 	-0.000203216 	6253.66
0.0145455 	0.321295 	0.318832 	-9.38107e+06 	-0.000214183 	-0.000212542 	6253.65
0.0147475 	0.335359 	0.332822 	-9.38106e+06 	-0.000223559 	-0.000221867 	6253.65
0.0149495 	0.349424 	0.346812 	-9.38106e+06 	-0.000232934 	-0.000231193 	6253.64
0.0151515 	0.34226 	0.339689 	-9.38105e+06 	-0.000228159 	-0.000226445 	6253.64
0.0153535 	0.328019 	0.325528 	-9.38103e+06 	-0.000218666 	-0.000217005 	6253.63
0.0155556 	0.313779 	0.311368 	-9.38102e+06 	-0.000209173 	-0.000207565 	6253.62
0.0157576 	0.299539 	0.297207 	-9.38101e+06 	-0.00019968 	-0.000198126 	6253.62
0.0159596 	0.285299 	0.283047 	-9.381e+06 	-0.000190187 	-0.000188686 	6253.61
0.0161616 	0.271059 	0.268886 	-9.38099e+06 	-0.000180694 	-0.000179246 	6253.6
0.0163636 	0.256818 	0.254726 	-9.38098e+06 	-0.000171202 	-0.000169807 	6253.59
0.0165657 	0.242578 	0.240565 	-9.38097e+06 	-0.000161709 	-0.000160367 	6253.59
0.0167677 	0.228338 	0.226405 	-9.38096e+06 	-0.000152216 	-0.000150927 	6253.58
0.0169697 	0.214098 	0.212244 	-9.38095e+06 	-0.000142723 	-0.000141487 	6253.57
0.0171717 	0.199858 	0.198084 	-9.38094e+06 	-0.00013323 	-0.000132048 	6253.57
0.0173737 	0.185618 	0.183924 	-9.38093e+06 	-0.000123737 	-0.000122608 	6253.56
0.0175758 	0.171377 	0.169763 	-9.38092e+06 	-0.000114244 	-0.000113168 	6253.55
0.0177778 	0.157137 	0.155603 	-9.38091e+06 	-0.000104752 	-0.000103729 	6253.54
0.0179798 	0.142897 	0.141442 	-9.3809e+06 	-9.52587e-05 	-9.42888e-05 	6253.54
0.0181818 	0.128657 	0.127282 	-9.38089e+06 	-8.57658e-05 	-8.48491e-05 	6253.53
0.0183838 	0.114417 	0.113121 	-9.38088e+06 	-7.6273e-05 	-7.54094e-05 	6253.52
0.0185859 	0.100176 	0.0989608 	-9.38087e+06 	-6.67801e-05 	-6.59697e-05 	6253.52
0.0187879 	0.0859363 	0.0848003 	-9.38085e+06 	-5.72873e-05 	-5.653e-05 	6253.51
0.0189899 	0.0716961 	0.0706398 	-9.38084e+06 	-4.77944e-05 	-4.70903e-05 	6253.5
0.0191919 	0.057456 	0.0564794 	-9.38083e+06 	-3.83016e-05 	-3.76505e-05 	6253.5
0.0193939 	0.0432158 	0.0423189 	-9.38082e+06 	-2.88087e-05 	-2.82108e-05 	6253.49
0.019596 	0.0289756 	0.0281585 	-9.38081e+06 	-1.93158e-05 	-1.87711e-05 	6253.48
0.019798 	0.0147354 	0.013998 	-9.3808e+06 	-9.82299e-06 	-9.33141e-06 	6253.47
0.02 	0.00049523 	-0.000162459 	-9.38079e+06 	-3.3013e-07 	1.083e-07 	6253.47
