# Probe 0 (0.0015 0.0015 0)
# Probe 1 (0.0015 0.0015 0.002)
# Probe 2 (0.0015 0.0015 0.004)
# Probe 3 (0.0015 0.0015 0.006)
# Probe 4 (0.0015 0.0015 0.008)
# Probe 5 (0.0015 0.0015 0.01)
# Probe 6 (0.0015 0.0015 0.012)
# Probe 7 (0.0015 0.0015 0.014)
# Probe 8 (0.0015 0.0015 0.016)
# Probe 9 (0.0015 0.0015 0.018)
# Probe 10 (0.0015 0.0015 0.02)
# Time        0             1             2             3             4             5             6             7             8             9             10           
50            (2.81975e-13 4.80379e-13 9.17595e-11) (2.81975e-13 4.80379e-13 9.17595e-11) (2.81975e-13 4.80379e-13 9.17595e-11) (2.81975e-13 4.80379e-13 9.17595e-11) (2.81975e-13 4.80379e-13 9.17595e-11) (2.81975e-13 4.80379e-13 9.17595e-11) (-1.71988e-11 -1.85452e-13 2.0198e-10) (-1.71988e-11 -1.85452e-13 2.0198e-10) (-1.71988e-11 -1.85452e-13 2.0198e-10) (-1.71988e-11 -1.85452e-13 2.0198e-10) (-1.71988e-11 -1.85452e-13 2.0198e-10)
100           (-5.36061e-14 1.15272e-12 -6.02276e-11) (-5.36061e-14 1.15272e-12 -6.02276e-11) (-5.36061e-14 1.15272e-12 -6.02276e-11) (-5.36061e-14 1.15272e-12 -6.02276e-11) (-5.36061e-14 1.15272e-12 -6.02276e-11) (-5.36061e-14 1.15272e-12 -6.02276e-11) (9.53939e-12 1.87065e-11 -1.2961e-10) (9.53939e-12 1.87065e-11 -1.2961e-10) (9.53939e-12 1.87065e-11 -1.2961e-10) (9.53939e-12 1.87065e-11 -1.2961e-10) (9.53939e-12 1.87065e-11 -1.2961e-10)
150           (-1.89505e-11 1.93057e-11 1.47593e-11) (-1.89505e-11 1.93057e-11 1.47593e-11) (-1.89505e-11 1.93057e-11 1.47593e-11) (-1.89505e-11 1.93057e-11 1.47593e-11) (-1.89505e-11 1.93057e-11 1.47593e-11) (-1.89505e-11 1.93057e-11 1.47593e-11) (-1.74606e-12 -6.47908e-13 7.52474e-11) (-1.74606e-12 -6.47908e-13 7.52474e-11) (-1.74606e-12 -6.47908e-13 7.52474e-11) (-1.74606e-12 -6.47908e-13 7.52474e-11) (-1.74606e-12 -6.47908e-13 7.52474e-11)
200           (-1.5503e-12 2.14693e-12 -5.79438e-11) (-1.5503e-12 2.14693e-12 -5.79438e-11) (-1.5503e-12 2.14693e-12 -5.79438e-11) (-1.5503e-12 2.14693e-12 -5.79438e-11) (-1.5503e-12 2.14693e-12 -5.79438e-11) (-1.5503e-12 2.14693e-12 -5.79438e-11) (-1.90226e-11 -7.77769e-13 1.52833e-14) (-1.90226e-11 -7.77769e-13 1.52833e-14) (-1.90226e-11 -7.77769e-13 1.52833e-14) (-1.90226e-11 -7.77769e-13 1.52833e-14) (-1.90226e-11 -7.77769e-13 1.52833e-14)
250           (9.98544e-12 -2.96867e-11 -5.06672e-11) (9.98544e-12 -2.96867e-11 -5.06672e-11) (9.98544e-12 -2.96867e-11 -5.06672e-11) (9.98544e-12 -2.96867e-11 -5.06672e-11) (9.98544e-12 -2.96867e-11 -5.06672e-11) (9.98544e-12 -2.96867e-11 -5.06672e-11) (-2.04628e-12 9.42352e-12 -6.63023e-11) (-2.04628e-12 9.42352e-12 -6.63023e-11) (-2.04628e-12 9.42352e-12 -6.63023e-11) (-2.04628e-12 9.42352e-12 -6.63023e-11) (-2.04628e-12 9.42352e-12 -6.63023e-11)
300           (1.78797e-12 -1.16581e-11 -1.71753e-11) (1.78797e-12 -1.16581e-11 -1.71753e-11) (1.78797e-12 -1.16581e-11 -1.71753e-11) (1.78797e-12 -1.16581e-11 -1.71753e-11) (1.78797e-12 -1.16581e-11 -1.71753e-11) (1.78797e-12 -1.16581e-11 -1.71753e-11) (2.09509e-12 -2.88618e-11 -6.10751e-11) (2.09509e-12 -2.88618e-11 -6.10751e-11) (2.09509e-12 -2.88618e-11 -6.10751e-11) (2.09509e-12 -2.88618e-11 -6.10751e-11) (2.09509e-12 -2.88618e-11 -6.10751e-11)
350           (-1.79919e-12 -1.90949e-11 -5.48228e-11) (-1.79919e-12 -1.90949e-11 -5.48228e-11) (-1.79919e-12 -1.90949e-11 -5.48228e-11) (-1.79919e-12 -1.90949e-11 -5.48228e-11) (-1.79919e-12 -1.90949e-11 -5.48228e-11) (-1.79919e-12 -1.90949e-11 -5.48228e-11) (2.3465e-12 9.49815e-12 -1.09339e-10) (2.3465e-12 9.49815e-12 -1.09339e-10) (2.3465e-12 9.49815e-12 -1.09339e-10) (2.3465e-12 9.49815e-12 -1.09339e-10) (2.3465e-12 9.49815e-12 -1.09339e-10)
400           (1.39464e-13 -2.02428e-11 5.58312e-11) (1.39464e-13 -2.02428e-11 5.58312e-11) (1.39464e-13 -2.02428e-11 5.58312e-11) (1.39464e-13 -2.02428e-11 5.58312e-11) (1.39464e-13 -2.02428e-11 5.58312e-11) (1.39464e-13 -2.02428e-11 5.58312e-11) (1.91273e-11 1.80811e-11 1.19791e-10) (1.91273e-11 1.80811e-11 1.19791e-10) (1.91273e-11 1.80811e-11 1.19791e-10) (1.91273e-11 1.80811e-11 1.19791e-10) (1.91273e-11 1.80811e-11 1.19791e-10)
450           (2.2004e-11 -2.73206e-13 -6.43056e-11) (2.2004e-11 -2.73206e-13 -6.43056e-11) (2.2004e-11 -2.73206e-13 -6.43056e-11) (2.2004e-11 -2.73206e-13 -6.43056e-11) (2.2004e-11 -2.73206e-13 -6.43056e-11) (2.2004e-11 -2.73206e-13 -6.43056e-11) (2.15929e-13 1.07154e-11 -1.42906e-10) (2.15929e-13 1.07154e-11 -1.42906e-10) (2.15929e-13 1.07154e-11 -1.42906e-10) (2.15929e-13 1.07154e-11 -1.42906e-10) (2.15929e-13 1.07154e-11 -1.42906e-10)
500           (1.38391e-12 -8.45461e-12 -6.00156e-11) (1.38391e-12 -8.45461e-12 -6.00156e-11) (1.38391e-12 -8.45461e-12 -6.00156e-11) (1.38391e-12 -8.45461e-12 -6.00156e-11) (1.38391e-12 -8.45461e-12 -6.00156e-11) (1.38391e-12 -8.45461e-12 -6.00156e-11) (9.77128e-12 1.22411e-11 -2.2845e-10) (9.77128e-12 1.22411e-11 -2.2845e-10) (9.77128e-12 1.22411e-11 -2.2845e-10) (9.77128e-12 1.22411e-11 -2.2845e-10) (9.77128e-12 1.22411e-11 -2.2845e-10)
550           (-1.93393e-11 6.892e-13 -1.09931e-10) (-1.93393e-11 6.892e-13 -1.09931e-10) (-1.93393e-11 6.892e-13 -1.09931e-10) (-1.93393e-11 6.892e-13 -1.09931e-10) (-1.93393e-11 6.892e-13 -1.09931e-10) (-1.93393e-11 6.892e-13 -1.09931e-10) (-1.81977e-13 -4.62851e-14 -1.57242e-10) (-1.81977e-13 -4.62851e-14 -1.57242e-10) (-1.81977e-13 -4.62851e-14 -1.57242e-10) (-1.81977e-13 -4.62851e-14 -1.57242e-10) (-1.81977e-13 -4.62851e-14 -1.57242e-10)
600           (-8.03924e-12 -1.05481e-11 -7.81546e-11) (-8.03924e-12 -1.05481e-11 -7.81546e-11) (-8.03924e-12 -1.05481e-11 -7.81546e-11) (-8.03924e-12 -1.05481e-11 -7.81546e-11) (-8.03924e-12 -1.05481e-11 -7.81546e-11) (-8.03924e-12 -1.05481e-11 -7.81546e-11) (2.00306e-11 9.97895e-12 -1.95387e-10) (2.00306e-11 9.97895e-12 -1.95387e-10) (2.00306e-11 9.97895e-12 -1.95387e-10) (2.00306e-11 9.97895e-12 -1.95387e-10) (2.00306e-11 9.97895e-12 -1.95387e-10)
650           (1.92939e-11 -7.67803e-12 1.94362e-11) (1.92939e-11 -7.67803e-12 1.94362e-11) (1.92939e-11 -7.67803e-12 1.94362e-11) (1.92939e-11 -7.67803e-12 1.94362e-11) (1.92939e-11 -7.67803e-12 1.94362e-11) (1.92939e-11 -7.67803e-12 1.94362e-11) (-1.21308e-11 -7.94373e-13 -9.85242e-11) (-1.21308e-11 -7.94373e-13 -9.85242e-11) (-1.21308e-11 -7.94373e-13 -9.85242e-11) (-1.21308e-11 -7.94373e-13 -9.85242e-11) (-1.21308e-11 -7.94373e-13 -9.85242e-11)
700           (-1.63271e-13 1.88719e-11 -9.5444e-11) (-1.63271e-13 1.88719e-11 -9.5444e-11) (-1.63271e-13 1.88719e-11 -9.5444e-11) (-1.63271e-13 1.88719e-11 -9.5444e-11) (-1.63271e-13 1.88719e-11 -9.5444e-11) (-1.63271e-13 1.88719e-11 -9.5444e-11) (2.02019e-11 -1.86735e-11 -8.71169e-11) (2.02019e-11 -1.86735e-11 -8.71169e-11) (2.02019e-11 -1.86735e-11 -8.71169e-11) (2.02019e-11 -1.86735e-11 -8.71169e-11) (2.02019e-11 -1.86735e-11 -8.71169e-11)
750           (-5.76643e-15 3.75665e-12 5.00767e-12) (-5.76643e-15 3.75665e-12 5.00767e-12) (-5.76643e-15 3.75665e-12 5.00767e-12) (-5.76643e-15 3.75665e-12 5.00767e-12) (-5.76643e-15 3.75665e-12 5.00767e-12) (-5.76643e-15 3.75665e-12 5.00767e-12) (-5.0072e-13 -4.02343e-13 6.18005e-11) (-5.0072e-13 -4.02343e-13 6.18005e-11) (-5.0072e-13 -4.02343e-13 6.18005e-11) (-5.0072e-13 -4.02343e-13 6.18005e-11) (-5.0072e-13 -4.02343e-13 6.18005e-11)
800           (9.87889e-13 -8.58152e-13 -6.63347e-11) (9.87889e-13 -8.58152e-13 -6.63347e-11) (9.87889e-13 -8.58152e-13 -6.63347e-11) (9.87889e-13 -8.58152e-13 -6.63347e-11) (9.87889e-13 -8.58152e-13 -6.63347e-11) (9.87889e-13 -8.58152e-13 -6.63347e-11) (-7.72114e-12 -9.6878e-12 -2.12457e-10) (-7.72114e-12 -9.6878e-12 -2.12457e-10) (-7.72114e-12 -9.6878e-12 -2.12457e-10) (-7.72114e-12 -9.6878e-12 -2.12457e-10) (-7.72114e-12 -9.6878e-12 -2.12457e-10)
850           (-1.89607e-11 1.91369e-11 1.28532e-10) (-1.89607e-11 1.91369e-11 1.28532e-10) (-1.89607e-11 1.91369e-11 1.28532e-10) (-1.89607e-11 1.91369e-11 1.28532e-10) (-1.89607e-11 1.91369e-11 1.28532e-10) (-1.89607e-11 1.91369e-11 1.28532e-10) (1.70994e-11 1.71473e-12 2.59208e-10) (1.70994e-11 1.71473e-12 2.59208e-10) (1.70994e-11 1.71473e-12 2.59208e-10) (1.70994e-11 1.71473e-12 2.59208e-10) (1.70994e-11 1.71473e-12 2.59208e-10)
900           (-3.06259e-11 -7.77625e-12 -4.03521e-11) (-3.06259e-11 -7.77625e-12 -4.03521e-11) (-3.06259e-11 -7.77625e-12 -4.03521e-11) (-3.06259e-11 -7.77625e-12 -4.03521e-11) (-3.06259e-11 -7.77625e-12 -4.03521e-11) (-3.06259e-11 -7.77625e-12 -4.03521e-11) (-1.62698e-12 -2.09891e-11 -1.22809e-10) (-1.62698e-12 -2.09891e-11 -1.22809e-10) (-1.62698e-12 -2.09891e-11 -1.22809e-10) (-1.62698e-12 -2.09891e-11 -1.22809e-10) (-1.62698e-12 -2.09891e-11 -1.22809e-10)
950           (1.13342e-12 -1.38655e-13 1.32949e-11) (1.13342e-12 -1.38655e-13 1.32949e-11) (1.13342e-12 -1.38655e-13 1.32949e-11) (1.13342e-12 -1.38655e-13 1.32949e-11) (1.13342e-12 -1.38655e-13 1.32949e-11) (1.13342e-12 -1.38655e-13 1.32949e-11) (-1.79659e-11 1.97298e-11 5.1002e-11) (-1.79659e-11 1.97298e-11 5.1002e-11) (-1.79659e-11 1.97298e-11 5.1002e-11) (-1.79659e-11 1.97298e-11 5.1002e-11) (-1.79659e-11 1.97298e-11 5.1002e-11)
1000          (2.19411e-14 -1.99291e-11 1.25159e-10) (2.19411e-14 -1.99291e-11 1.25159e-10) (2.19411e-14 -1.99291e-11 1.25159e-10) (2.19411e-14 -1.99291e-11 1.25159e-10) (2.19411e-14 -1.99291e-11 1.25159e-10) (2.19411e-14 -1.99291e-11 1.25159e-10) (-1.88863e-11 1.67235e-11 2.38816e-10) (-1.88863e-11 1.67235e-11 2.38816e-10) (-1.88863e-11 1.67235e-11 2.38816e-10) (-1.88863e-11 1.67235e-11 2.38816e-10) (-1.88863e-11 1.67235e-11 2.38816e-10)
1050          (-2.791e-13 -2.00499e-11 5.45592e-11) (-2.791e-13 -2.00499e-11 5.45592e-11) (-2.791e-13 -2.00499e-11 5.45592e-11) (-2.791e-13 -2.00499e-11 5.45592e-11) (-2.791e-13 -2.00499e-11 5.45592e-11) (-2.791e-13 -2.00499e-11 5.45592e-11) (2.00886e-11 -1.9198e-11 1.16255e-10) (2.00886e-11 -1.9198e-11 1.16255e-10) (2.00886e-11 -1.9198e-11 1.16255e-10) (2.00886e-11 -1.9198e-11 1.16255e-10) (2.00886e-11 -1.9198e-11 1.16255e-10)
1100          (-3.03048e-14 -6.42681e-14 5.47559e-11) (-3.03048e-14 -6.42681e-14 5.47559e-11) (-3.03048e-14 -6.42681e-14 5.47559e-11) (-3.03048e-14 -6.42681e-14 5.47559e-11) (-3.03048e-14 -6.42681e-14 5.47559e-11) (-3.03048e-14 -6.42681e-14 5.47559e-11) (-2.01163e-11 1.74272e-11 1.4689e-10) (-2.01163e-11 1.74272e-11 1.4689e-10) (-2.01163e-11 1.74272e-11 1.4689e-10) (-2.01163e-11 1.74272e-11 1.4689e-10) (-2.01163e-11 1.74272e-11 1.4689e-10)
1150          (-2.10818e-11 3.71914e-13 6.45954e-12) (-2.10818e-11 3.71914e-13 6.45954e-12) (-2.10818e-11 3.71914e-13 6.45954e-12) (-2.10818e-11 3.71914e-13 6.45954e-12) (-2.10818e-11 3.71914e-13 6.45954e-12) (-2.10818e-11 3.71914e-13 6.45954e-12) (-1.81051e-11 1.71616e-11 2.0069e-11) (-1.81051e-11 1.71616e-11 2.0069e-11) (-1.81051e-11 1.71616e-11 2.0069e-11) (-1.81051e-11 1.71616e-11 2.0069e-11) (-1.81051e-11 1.71616e-11 2.0069e-11)
1200          (-3.81207e-11 2.06946e-12 -8.42324e-12) (-3.81207e-11 2.06946e-12 -8.42324e-12) (-3.81207e-11 2.06946e-12 -8.42324e-12) (-3.81207e-11 2.06946e-12 -8.42324e-12) (-3.81207e-11 2.06946e-12 -8.42324e-12) (-3.81207e-11 2.06946e-12 -8.42324e-12) (-6.63845e-13 -1.99946e-11 1.42494e-11) (-6.63845e-13 -1.99946e-11 1.42494e-11) (-6.63845e-13 -1.99946e-11 1.42494e-11) (-6.63845e-13 -1.99946e-11 1.42494e-11) (-6.63845e-13 -1.99946e-11 1.42494e-11)
1250          (-1.90169e-11 -1.52915e-13 -2.03396e-11) (-1.90169e-11 -1.52915e-13 -2.03396e-11) (-1.90169e-11 -1.52915e-13 -2.03396e-11) (-1.90169e-11 -1.52915e-13 -2.03396e-11) (-1.90169e-11 -1.52915e-13 -2.03396e-11) (-1.90169e-11 -1.52915e-13 -2.03396e-11) (7.76674e-12 3.65551e-12 -7.34935e-11) (7.76674e-12 3.65551e-12 -7.34935e-11) (7.76674e-12 3.65551e-12 -7.34935e-11) (7.76674e-12 3.65551e-12 -7.34935e-11) (7.76674e-12 3.65551e-12 -7.34935e-11)
1300          (1.65626e-12 -9.4529e-13 3.36076e-11) (1.65626e-12 -9.4529e-13 3.36076e-11) (1.65626e-12 -9.4529e-13 3.36076e-11) (1.65626e-12 -9.4529e-13 3.36076e-11) (1.65626e-12 -9.4529e-13 3.36076e-11) (1.65626e-12 -9.4529e-13 3.36076e-11) (-9.20744e-14 1.61114e-12 9.57225e-11) (-9.20744e-14 1.61114e-12 9.57225e-11) (-9.20744e-14 1.61114e-12 9.57225e-11) (-9.20744e-14 1.61114e-12 9.57225e-11) (-9.20744e-14 1.61114e-12 9.57225e-11)
1350          (9.85966e-12 -1.92356e-11 -9.984e-12) (9.85966e-12 -1.92356e-11 -9.984e-12) (9.85966e-12 -1.92356e-11 -9.984e-12) (9.85966e-12 -1.92356e-11 -9.984e-12) (9.85966e-12 -1.92356e-11 -9.984e-12) (9.85966e-12 -1.92356e-11 -9.984e-12) (-2.0586e-11 -1.87151e-12 1.56301e-11) (-2.0586e-11 -1.87151e-12 1.56301e-11) (-2.0586e-11 -1.87151e-12 1.56301e-11) (-2.0586e-11 -1.87151e-12 1.56301e-11) (-2.0586e-11 -1.87151e-12 1.56301e-11)
1400          (2.10918e-11 -3.82741e-11 1.24545e-10) (2.10918e-11 -3.82741e-11 1.24545e-10) (2.10918e-11 -3.82741e-11 1.24545e-10) (2.10918e-11 -3.82741e-11 1.24545e-10) (2.10918e-11 -3.82741e-11 1.24545e-10) (2.10918e-11 -3.82741e-11 1.24545e-10) (1.94301e-11 -2.15847e-11 2.05712e-10) (1.94301e-11 -2.15847e-11 2.05712e-10) (1.94301e-11 -2.15847e-11 2.05712e-10) (1.94301e-11 -2.15847e-11 2.05712e-10) (1.94301e-11 -2.15847e-11 2.05712e-10)
1450          (-1.71734e-11 -1.05709e-11 -7.90693e-11) (-1.71734e-11 -1.05709e-11 -7.90693e-11) (-1.71734e-11 -1.05709e-11 -7.90693e-11) (-1.71734e-11 -1.05709e-11 -7.90693e-11) (-1.71734e-11 -1.05709e-11 -7.90693e-11) (-1.71734e-11 -1.05709e-11 -7.90693e-11) (2.85215e-12 8.55697e-12 -2.27995e-10) (2.85215e-12 8.55697e-12 -2.27995e-10) (2.85215e-12 8.55697e-12 -2.27995e-10) (2.85215e-12 8.55697e-12 -2.27995e-10) (2.85215e-12 8.55697e-12 -2.27995e-10)
1500          (-2.7107e-11 1.5042e-12 -2.69305e-11) (-2.7107e-11 1.5042e-12 -2.69305e-11) (-2.7107e-11 1.5042e-12 -2.69305e-11) (-2.7107e-11 1.5042e-12 -2.69305e-11) (-2.7107e-11 1.5042e-12 -2.69305e-11) (-2.7107e-11 1.5042e-12 -2.69305e-11) (9.93083e-12 -7.91815e-12 -1.55562e-10) (9.93083e-12 -7.91815e-12 -1.55562e-10) (9.93083e-12 -7.91815e-12 -1.55562e-10) (9.93083e-12 -7.91815e-12 -1.55562e-10) (9.93083e-12 -7.91815e-12 -1.55562e-10)
1550          (-2.82893e-12 -1.56724e-12 4.18034e-11) (-2.82893e-12 -1.56724e-12 4.18034e-11) (-2.82893e-12 -1.56724e-12 4.18034e-11) (-2.82893e-12 -1.56724e-12 4.18034e-11) (-2.82893e-12 -1.56724e-12 4.18034e-11) (-2.82893e-12 -1.56724e-12 4.18034e-11) (-9.22335e-14 -1.78796e-11 1.09294e-10) (-9.22335e-14 -1.78796e-11 1.09294e-10) (-9.22335e-14 -1.78796e-11 1.09294e-10) (-9.22335e-14 -1.78796e-11 1.09294e-10) (-9.22335e-14 -1.78796e-11 1.09294e-10)
1600          (-2.08575e-13 1.86776e-12 -1.1814e-10) (-2.08575e-13 1.86776e-12 -1.1814e-10) (-2.08575e-13 1.86776e-12 -1.1814e-10) (-2.08575e-13 1.86776e-12 -1.1814e-10) (-2.08575e-13 1.86776e-12 -1.1814e-10) (-2.08575e-13 1.86776e-12 -1.1814e-10) (-8.6301e-14 -8.89528e-12 -1.96926e-10) (-8.6301e-14 -8.89528e-12 -1.96926e-10) (-8.6301e-14 -8.89528e-12 -1.96926e-10) (-8.6301e-14 -8.89528e-12 -1.96926e-10) (-8.6301e-14 -8.89528e-12 -1.96926e-10)
1650          (-9.54886e-12 1.33717e-13 -1.06579e-10) (-9.54886e-12 1.33717e-13 -1.06579e-10) (-9.54886e-12 1.33717e-13 -1.06579e-10) (-9.54886e-12 1.33717e-13 -1.06579e-10) (-9.54886e-12 1.33717e-13 -1.06579e-10) (-9.54886e-12 1.33717e-13 -1.06579e-10) (-8.34691e-12 -8.16652e-12 -1.9106e-10) (-8.34691e-12 -8.16652e-12 -1.9106e-10) (-8.34691e-12 -8.16652e-12 -1.9106e-10) (-8.34691e-12 -8.16652e-12 -1.9106e-10) (-8.34691e-12 -8.16652e-12 -1.9106e-10)
1700          (-1.7075e-12 -7.03635e-14 6.3964e-11) (-1.7075e-12 -7.03635e-14 6.3964e-11) (-1.7075e-12 -7.03635e-14 6.3964e-11) (-1.7075e-12 -7.03635e-14 6.3964e-11) (-1.7075e-12 -7.03635e-14 6.3964e-11) (-1.7075e-12 -7.03635e-14 6.3964e-11) (-1.57873e-12 -2.00987e-12 3.7225e-11) (-1.57873e-12 -2.00987e-12 3.7225e-11) (-1.57873e-12 -2.00987e-12 3.7225e-11) (-1.57873e-12 -2.00987e-12 3.7225e-11) (-1.57873e-12 -2.00987e-12 3.7225e-11)
1750          (-5.61121e-13 -3.89035e-11 7.20408e-11) (-5.61121e-13 -3.89035e-11 7.20408e-11) (-5.61121e-13 -3.89035e-11 7.20408e-11) (-5.61121e-13 -3.89035e-11 7.20408e-11) (-5.61121e-13 -3.89035e-11 7.20408e-11) (-5.61121e-13 -3.89035e-11 7.20408e-11) (3.99917e-11 7.39216e-13 2.02811e-10) (3.99917e-11 7.39216e-13 2.02811e-10) (3.99917e-11 7.39216e-13 2.02811e-10) (3.99917e-11 7.39216e-13 2.02811e-10) (3.99917e-11 7.39216e-13 2.02811e-10)
1800          (9.48616e-13 9.46225e-12 -1.45041e-11) (9.48616e-13 9.46225e-12 -1.45041e-11) (9.48616e-13 9.46225e-12 -1.45041e-11) (9.48616e-13 9.46225e-12 -1.45041e-11) (9.48616e-13 9.46225e-12 -1.45041e-11) (9.48616e-13 9.46225e-12 -1.45041e-11) (1.40818e-12 1.83189e-12 -1.16281e-11) (1.40818e-12 1.83189e-12 -1.16281e-11) (1.40818e-12 1.83189e-12 -1.16281e-11) (1.40818e-12 1.83189e-12 -1.16281e-11) (1.40818e-12 1.83189e-12 -1.16281e-11)
1850          (-1.91736e-11 2.0815e-11 -1.30163e-11) (-1.91736e-11 2.0815e-11 -1.30163e-11) (-1.91736e-11 2.0815e-11 -1.30163e-11) (-1.91736e-11 2.0815e-11 -1.30163e-11) (-1.91736e-11 2.0815e-11 -1.30163e-11) (-1.91736e-11 2.0815e-11 -1.30163e-11) (2.11991e-11 -5.26843e-13 6.66382e-11) (2.11991e-11 -5.26843e-13 6.66382e-11) (2.11991e-11 -5.26843e-13 6.66382e-11) (2.11991e-11 -5.26843e-13 6.66382e-11) (2.11991e-11 -5.26843e-13 6.66382e-11)
1900          (9.06751e-13 1.26657e-13 5.9782e-11) (9.06751e-13 1.26657e-13 5.9782e-11) (9.06751e-13 1.26657e-13 5.9782e-11) (9.06751e-13 1.26657e-13 5.9782e-11) (9.06751e-13 1.26657e-13 5.9782e-11) (9.06751e-13 1.26657e-13 5.9782e-11) (1.94855e-11 1.05332e-12 2.05023e-10) (1.94855e-11 1.05332e-12 2.05023e-10) (1.94855e-11 1.05332e-12 2.05023e-10) (1.94855e-11 1.05332e-12 2.05023e-10) (1.94855e-11 1.05332e-12 2.05023e-10)
1950          (1.56017e-13 -1.9378e-11 6.02429e-11) (1.56017e-13 -1.9378e-11 6.02429e-11) (1.56017e-13 -1.9378e-11 6.02429e-11) (1.56017e-13 -1.9378e-11 6.02429e-11) (1.56017e-13 -1.9378e-11 6.02429e-11) (1.56017e-13 -1.9378e-11 6.02429e-11) (1.22779e-13 1.90331e-11 1.59179e-10) (1.22779e-13 1.90331e-11 1.59179e-10) (1.22779e-13 1.90331e-11 1.59179e-10) (1.22779e-13 1.90331e-11 1.59179e-10) (1.22779e-13 1.90331e-11 1.59179e-10)
2000          (3.60411e-14 -4.65319e-14 9.56941e-11) (3.60411e-14 -4.65319e-14 9.56941e-11) (3.60411e-14 -4.65319e-14 9.56941e-11) (3.60411e-14 -4.65319e-14 9.56941e-11) (3.60411e-14 -4.65319e-14 9.56941e-11) (3.60411e-14 -4.65319e-14 9.56941e-11) (5.60703e-13 1.86634e-11 2.09489e-10) (5.60703e-13 1.86634e-11 2.09489e-10) (5.60703e-13 1.86634e-11 2.09489e-10) (5.60703e-13 1.86634e-11 2.09489e-10) (5.60703e-13 1.86634e-11 2.09489e-10)
2050          (-2.22546e-13 2.50714e-14 -4.01705e-11) (-2.22546e-13 2.50714e-14 -4.01705e-11) (-2.22546e-13 2.50714e-14 -4.01705e-11) (-2.22546e-13 2.50714e-14 -4.01705e-11) (-2.22546e-13 2.50714e-14 -4.01705e-11) (-2.22546e-13 2.50714e-14 -4.01705e-11) (-9.73785e-12 -1.8612e-13 -5.86248e-11) (-9.73785e-12 -1.8612e-13 -5.86248e-11) (-9.73785e-12 -1.8612e-13 -5.86248e-11) (-9.73785e-12 -1.8612e-13 -5.86248e-11) (-9.73785e-12 -1.8612e-13 -5.86248e-11)
2100          (1.92741e-11 -1.87467e-11 6.68563e-11) (1.92741e-11 -1.87467e-11 6.68563e-11) (1.92741e-11 -1.87467e-11 6.68563e-11) (1.92741e-11 -1.87467e-11 6.68563e-11) (1.92741e-11 -1.87467e-11 6.68563e-11) (1.92741e-11 -1.87467e-11 6.68563e-11) (-2.00122e-11 4.84251e-13 1.04091e-10) (-2.00122e-11 4.84251e-13 1.04091e-10) (-2.00122e-11 4.84251e-13 1.04091e-10) (-2.00122e-11 4.84251e-13 1.04091e-10) (-2.00122e-11 4.84251e-13 1.04091e-10)
2150          (-1.81354e-11 1.91859e-11 1.07809e-10) (-1.81354e-11 1.91859e-11 1.07809e-10) (-1.81354e-11 1.91859e-11 1.07809e-10) (-1.81354e-11 1.91859e-11 1.07809e-10) (-1.81354e-11 1.91859e-11 1.07809e-10) (-1.81354e-11 1.91859e-11 1.07809e-10) (-3.94247e-11 -1.81495e-11 2.20513e-10) (-3.94247e-11 -1.81495e-11 2.20513e-10) (-3.94247e-11 -1.81495e-11 2.20513e-10) (-3.94247e-11 -1.81495e-11 2.20513e-10) (-3.94247e-11 -1.81495e-11 2.20513e-10)
2200          (-1.83234e-13 -1.21558e-11 -1.35454e-11) (-1.83234e-13 -1.21558e-11 -1.35454e-11) (-1.83234e-13 -1.21558e-11 -1.35454e-11) (-1.83234e-13 -1.21558e-11 -1.35454e-11) (-1.83234e-13 -1.21558e-11 -1.35454e-11) (-1.83234e-13 -1.21558e-11 -1.35454e-11) (-2.2877e-12 -6.61661e-12 -8.37383e-11) (-2.2877e-12 -6.61661e-12 -8.37383e-11) (-2.2877e-12 -6.61661e-12 -8.37383e-11) (-2.2877e-12 -6.61661e-12 -8.37383e-11) (-2.2877e-12 -6.61661e-12 -8.37383e-11)
2250          (-2.70222e-13 1.08726e-13 1.62967e-10) (-2.70222e-13 1.08726e-13 1.62967e-10) (-2.70222e-13 1.08726e-13 1.62967e-10) (-2.70222e-13 1.08726e-13 1.62967e-10) (-2.70222e-13 1.08726e-13 1.62967e-10) (-2.70222e-13 1.08726e-13 1.62967e-10) (1.9065e-11 -1.1862e-12 3.33957e-10) (1.9065e-11 -1.1862e-12 3.33957e-10) (1.9065e-11 -1.1862e-12 3.33957e-10) (1.9065e-11 -1.1862e-12 3.33957e-10) (1.9065e-11 -1.1862e-12 3.33957e-10)
2300          (-1.90458e-11 7.29719e-14 -8.76605e-12) (-1.90458e-11 7.29719e-14 -8.76605e-12) (-1.90458e-11 7.29719e-14 -8.76605e-12) (-1.90458e-11 7.29719e-14 -8.76605e-12) (-1.90458e-11 7.29719e-14 -8.76605e-12) (-1.90458e-11 7.29719e-14 -8.76605e-12) (1.91218e-11 2.07831e-11 -7.22821e-11) (1.91218e-11 2.07831e-11 -7.22821e-11) (1.91218e-11 2.07831e-11 -7.22821e-11) (1.91218e-11 2.07831e-11 -7.22821e-11) (1.91218e-11 2.07831e-11 -7.22821e-11)
2350          (1.35364e-14 -1.54263e-12 6.89982e-11) (1.35364e-14 -1.54263e-12 6.89982e-11) (1.35364e-14 -1.54263e-12 6.89982e-11) (1.35364e-14 -1.54263e-12 6.89982e-11) (1.35364e-14 -1.54263e-12 6.89982e-11) (1.35364e-14 -1.54263e-12 6.89982e-11) (-1.8878e-11 -1.52229e-13 6.91578e-11) (-1.8878e-11 -1.52229e-13 6.91578e-11) (-1.8878e-11 -1.52229e-13 6.91578e-11) (-1.8878e-11 -1.52229e-13 6.91578e-11) (-1.8878e-11 -1.52229e-13 6.91578e-11)
2400          (-2.24733e-13 -1.90161e-11 -7.1503e-11) (-2.24733e-13 -1.90161e-11 -7.1503e-11) (-2.24733e-13 -1.90161e-11 -7.1503e-11) (-2.24733e-13 -1.90161e-11 -7.1503e-11) (-2.24733e-13 -1.90161e-11 -7.1503e-11) (-2.24733e-13 -1.90161e-11 -7.1503e-11) (-9.28836e-12 9.41973e-12 -1.93971e-10) (-9.28836e-12 9.41973e-12 -1.93971e-10) (-9.28836e-12 9.41973e-12 -1.93971e-10) (-9.28836e-12 9.41973e-12 -1.93971e-10) (-9.28836e-12 9.41973e-12 -1.93971e-10)
2450          (1.91405e-11 1.9593e-11 -4.84028e-11) (1.91405e-11 1.9593e-11 -4.84028e-11) (1.91405e-11 1.9593e-11 -4.84028e-11) (1.91405e-11 1.9593e-11 -4.84028e-11) (1.91405e-11 1.9593e-11 -4.84028e-11) (1.91405e-11 1.9593e-11 -4.84028e-11) (-2.27573e-12 -8.0163e-12 -1.71576e-10) (-2.27573e-12 -8.0163e-12 -1.71576e-10) (-2.27573e-12 -8.0163e-12 -1.71576e-10) (-2.27573e-12 -8.0163e-12 -1.71576e-10) (-2.27573e-12 -8.0163e-12 -1.71576e-10)
2500          (1.8996e-11 -1.98948e-13 1.84274e-11) (1.8996e-11 -1.98948e-13 1.84274e-11) (1.8996e-11 -1.98948e-13 1.84274e-11) (1.8996e-11 -1.98948e-13 1.84274e-11) (1.8996e-11 -1.98948e-13 1.84274e-11) (1.8996e-11 -1.98948e-13 1.84274e-11) (-5.86219e-13 -1.90075e-12 8.56512e-11) (-5.86219e-13 -1.90075e-12 8.56512e-11) (-5.86219e-13 -1.90075e-12 8.56512e-11) (-5.86219e-13 -1.90075e-12 8.56512e-11) (-5.86219e-13 -1.90075e-12 8.56512e-11)
2550          (2.86533e-11 9.31358e-12 -4.18063e-11) (2.86533e-11 9.31358e-12 -4.18063e-11) (2.86533e-11 9.31358e-12 -4.18063e-11) (2.86533e-11 9.31358e-12 -4.18063e-11) (2.86533e-11 9.31358e-12 -4.18063e-11) (2.86533e-11 9.31358e-12 -4.18063e-11) (6.63726e-13 -2.11191e-11 -1.20575e-10) (6.63726e-13 -2.11191e-11 -1.20575e-10) (6.63726e-13 -2.11191e-11 -1.20575e-10) (6.63726e-13 -2.11191e-11 -1.20575e-10) (6.63726e-13 -2.11191e-11 -1.20575e-10)
2600          (-9.07092e-13 1.70928e-11 -3.10447e-11) (-9.07092e-13 1.70928e-11 -3.10447e-11) (-9.07092e-13 1.70928e-11 -3.10447e-11) (-9.07092e-13 1.70928e-11 -3.10447e-11) (-9.07092e-13 1.70928e-11 -3.10447e-11) (-9.07092e-13 1.70928e-11 -3.10447e-11) (-1.63357e-12 2.17161e-12 1.17892e-11) (-1.63357e-12 2.17161e-12 1.17892e-11) (-1.63357e-12 2.17161e-12 1.17892e-11) (-1.63357e-12 2.17161e-12 1.17892e-11) (-1.63357e-12 2.17161e-12 1.17892e-11)
2650          (2.66341e-12 2.1245e-13 3.1584e-11) (2.66341e-12 2.1245e-13 3.1584e-11) (2.66341e-12 2.1245e-13 3.1584e-11) (2.66341e-12 2.1245e-13 3.1584e-11) (2.66341e-12 2.1245e-13 3.1584e-11) (2.66341e-12 2.1245e-13 3.1584e-11) (-1.83465e-11 -1.57192e-13 1.92406e-11) (-1.83465e-11 -1.57192e-13 1.92406e-11) (-1.83465e-11 -1.57192e-13 1.92406e-11) (-1.83465e-11 -1.57192e-13 1.92406e-11) (-1.83465e-11 -1.57192e-13 1.92406e-11)
2700          (1.87394e-12 -2.08627e-11 1.07253e-10) (1.87394e-12 -2.08627e-11 1.07253e-10) (1.87394e-12 -2.08627e-11 1.07253e-10) (1.87394e-12 -2.08627e-11 1.07253e-10) (1.87394e-12 -2.08627e-11 1.07253e-10) (1.87394e-12 -2.08627e-11 1.07253e-10) (1.88814e-13 1.71469e-11 1.61196e-10) (1.88814e-13 1.71469e-11 1.61196e-10) (1.88814e-13 1.71469e-11 1.61196e-10) (1.88814e-13 1.71469e-11 1.61196e-10) (1.88814e-13 1.71469e-11 1.61196e-10)
2750          (-9.48954e-12 -4.50361e-13 -1.61412e-11) (-9.48954e-12 -4.50361e-13 -1.61412e-11) (-9.48954e-12 -4.50361e-13 -1.61412e-11) (-9.48954e-12 -4.50361e-13 -1.61412e-11) (-9.48954e-12 -4.50361e-13 -1.61412e-11) (-9.48954e-12 -4.50361e-13 -1.61412e-11) (6.11935e-13 -3.36322e-13 -7.43645e-11) (6.11935e-13 -3.36322e-13 -7.43645e-11) (6.11935e-13 -3.36322e-13 -7.43645e-11) (6.11935e-13 -3.36322e-13 -7.43645e-11) (6.11935e-13 -3.36322e-13 -7.43645e-11)
2800          (2.87221e-14 -2.00944e-11 -4.82849e-11) (2.87221e-14 -2.00944e-11 -4.82849e-11) (2.87221e-14 -2.00944e-11 -4.82849e-11) (2.87221e-14 -2.00944e-11 -4.82849e-11) (2.87221e-14 -2.00944e-11 -4.82849e-11) (2.87221e-14 -2.00944e-11 -4.82849e-11) (-1.99946e-12 -3.989e-11 9.85009e-11) (-1.99946e-12 -3.989e-11 9.85009e-11) (-1.99946e-12 -3.989e-11 9.85009e-11) (-1.99946e-12 -3.989e-11 9.85009e-11) (-1.99946e-12 -3.989e-11 9.85009e-11)
2850          (-2.85888e-11 -9.52465e-12 -1.11106e-10) (-2.85888e-11 -9.52465e-12 -1.11106e-10) (-2.85888e-11 -9.52465e-12 -1.11106e-10) (-2.85888e-11 -9.52465e-12 -1.11106e-10) (-2.85888e-11 -9.52465e-12 -1.11106e-10) (-2.85888e-11 -9.52465e-12 -1.11106e-10) (-1.87074e-11 3.81499e-12 -2.79686e-10) (-1.87074e-11 3.81499e-12 -2.79686e-10) (-1.87074e-11 3.81499e-12 -2.79686e-10) (-1.87074e-11 3.81499e-12 -2.79686e-10) (-1.87074e-11 3.81499e-12 -2.79686e-10)
2900          (-3.14413e-13 1.90029e-12 1.2485e-10) (-3.14413e-13 1.90029e-12 1.2485e-10) (-3.14413e-13 1.90029e-12 1.2485e-10) (-3.14413e-13 1.90029e-12 1.2485e-10) (-3.14413e-13 1.90029e-12 1.2485e-10) (-3.14413e-13 1.90029e-12 1.2485e-10) (1.89832e-11 1.86828e-12 2.78578e-10) (1.89832e-11 1.86828e-12 2.78578e-10) (1.89832e-11 1.86828e-12 2.78578e-10) (1.89832e-11 1.86828e-12 2.78578e-10) (1.89832e-11 1.86828e-12 2.78578e-10)
2950          (1.74513e-12 1.96502e-11 1.55845e-12) (1.74513e-12 1.96502e-11 1.55845e-12) (1.74513e-12 1.96502e-11 1.55845e-12) (1.74513e-12 1.96502e-11 1.55845e-12) (1.74513e-12 1.96502e-11 1.55845e-12) (1.74513e-12 1.96502e-11 1.55845e-12) (3.92692e-13 1.89919e-11 -1.0049e-11) (3.92692e-13 1.89919e-11 -1.0049e-11) (3.92692e-13 1.89919e-11 -1.0049e-11) (3.92692e-13 1.89919e-11 -1.0049e-11) (3.92692e-13 1.89919e-11 -1.0049e-11)
3000          (-4.06685e-13 1.85292e-12 1.34936e-11) (-4.06685e-13 1.85292e-12 1.34936e-11) (-4.06685e-13 1.85292e-12 1.34936e-11) (-4.06685e-13 1.85292e-12 1.34936e-11) (-4.06685e-13 1.85292e-12 1.34936e-11) (-4.06685e-13 1.85292e-12 1.34936e-11) (-7.59673e-12 1.40194e-12 3.58427e-12) (-7.59673e-12 1.40194e-12 3.58427e-12) (-7.59673e-12 1.40194e-12 3.58427e-12) (-7.59673e-12 1.40194e-12 3.58427e-12) (-7.59673e-12 1.40194e-12 3.58427e-12)
3050          (-1.90477e-11 1.94309e-11 5.49738e-11) (-1.90477e-11 1.94309e-11 5.49738e-11) (-1.90477e-11 1.94309e-11 5.49738e-11) (-1.90477e-11 1.94309e-11 5.49738e-11) (-1.90477e-11 1.94309e-11 5.49738e-11) (-1.90477e-11 1.94309e-11 5.49738e-11) (2.24626e-12 -3.58911e-13 1.79469e-10) (2.24626e-12 -3.58911e-13 1.79469e-10) (2.24626e-12 -3.58911e-13 1.79469e-10) (2.24626e-12 -3.58911e-13 1.79469e-10) (2.24626e-12 -3.58911e-13 1.79469e-10)
3100          (2.18143e-12 -1.91717e-11 9.76629e-12) (2.18143e-12 -1.91717e-11 9.76629e-12) (2.18143e-12 -1.91717e-11 9.76629e-12) (2.18143e-12 -1.91717e-11 9.76629e-12) (2.18143e-12 -1.91717e-11 9.76629e-12) (2.18143e-12 -1.91717e-11 9.76629e-12) (-8.42708e-12 -2.12862e-12 -4.53465e-12) (-8.42708e-12 -2.12862e-12 -4.53465e-12) (-8.42708e-12 -2.12862e-12 -4.53465e-12) (-8.42708e-12 -2.12862e-12 -4.53465e-12) (-8.42708e-12 -2.12862e-12 -4.53465e-12)
3150          (-1.63989e-11 1.88724e-11 4.53652e-11) (-1.63989e-11 1.88724e-11 4.53652e-11) (-1.63989e-11 1.88724e-11 4.53652e-11) (-1.63989e-11 1.88724e-11 4.53652e-11) (-1.63989e-11 1.88724e-11 4.53652e-11) (-1.63989e-11 1.88724e-11 4.53652e-11) (2.01692e-12 -1.87852e-12 1.34437e-10) (2.01692e-12 -1.87852e-12 1.34437e-10) (2.01692e-12 -1.87852e-12 1.34437e-10) (2.01692e-12 -1.87852e-12 1.34437e-10) (2.01692e-12 -1.87852e-12 1.34437e-10)
3200          (1.9049e-11 9.57517e-12 -7.50807e-11) (1.9049e-11 9.57517e-12 -7.50807e-11) (1.9049e-11 9.57517e-12 -7.50807e-11) (1.9049e-11 9.57517e-12 -7.50807e-11) (1.9049e-11 9.57517e-12 -7.50807e-11) (1.9049e-11 9.57517e-12 -7.50807e-11) (9.95825e-12 -1.80301e-13 -7.6749e-11) (9.95825e-12 -1.80301e-13 -7.6749e-11) (9.95825e-12 -1.80301e-13 -7.6749e-11) (9.95825e-12 -1.80301e-13 -7.6749e-11) (9.95825e-12 -1.80301e-13 -7.6749e-11)
3250          (-1.72204e-11 1.74315e-11 1.40034e-10) (-1.72204e-11 1.74315e-11 1.40034e-10) (-1.72204e-11 1.74315e-11 1.40034e-10) (-1.72204e-11 1.74315e-11 1.40034e-10) (-1.72204e-11 1.74315e-11 1.40034e-10) (-1.72204e-11 1.74315e-11 1.40034e-10) (3.84152e-13 -2.03268e-13 2.92492e-10) (3.84152e-13 -2.03268e-13 2.92492e-10) (3.84152e-13 -2.03268e-13 2.92492e-10) (3.84152e-13 -2.03268e-13 2.92492e-10) (3.84152e-13 -2.03268e-13 2.92492e-10)
3300          (-1.85716e-12 -1.81229e-12 -2.92409e-12) (-1.85716e-12 -1.81229e-12 -2.92409e-12) (-1.85716e-12 -1.81229e-12 -2.92409e-12) (-1.85716e-12 -1.81229e-12 -2.92409e-12) (-1.85716e-12 -1.81229e-12 -2.92409e-12) (-1.85716e-12 -1.81229e-12 -2.92409e-12) (2.2272e-12 -2.39752e-12 6.34846e-11) (2.2272e-12 -2.39752e-12 6.34846e-11) (2.2272e-12 -2.39752e-12 6.34846e-11) (2.2272e-12 -2.39752e-12 6.34846e-11) (2.2272e-12 -2.39752e-12 6.34846e-11)
3350          (1.79128e-13 -2.02208e-13 2.35045e-11) (1.79128e-13 -2.02208e-13 2.35045e-11) (1.79128e-13 -2.02208e-13 2.35045e-11) (1.79128e-13 -2.02208e-13 2.35045e-11) (1.79128e-13 -2.02208e-13 2.35045e-11) (1.79128e-13 -2.02208e-13 2.35045e-11) (1.26975e-13 1.28658e-13 1.0523e-12) (1.26975e-13 1.28658e-13 1.0523e-12) (1.26975e-13 1.28658e-13 1.0523e-12) (1.26975e-13 1.28658e-13 1.0523e-12) (1.26975e-13 1.28658e-13 1.0523e-12)
3400          (-1.88815e-11 1.92768e-11 1.21965e-10) (-1.88815e-11 1.92768e-11 1.21965e-10) (-1.88815e-11 1.92768e-11 1.21965e-10) (-1.88815e-11 1.92768e-11 1.21965e-10) (-1.88815e-11 1.92768e-11 1.21965e-10) (-1.88815e-11 1.92768e-11 1.21965e-10) (1.90332e-11 5.428e-14 3.37696e-10) (1.90332e-11 5.428e-14 3.37696e-10) (1.90332e-11 5.428e-14 3.37696e-10) (1.90332e-11 5.428e-14 3.37696e-10) (1.90332e-11 5.428e-14 3.37696e-10)
3450          (1.46988e-14 1.9401e-11 5.78257e-11) (1.46988e-14 1.9401e-11 5.78257e-11) (1.46988e-14 1.9401e-11 5.78257e-11) (1.46988e-14 1.9401e-11 5.78257e-11) (1.46988e-14 1.9401e-11 5.78257e-11) (1.46988e-14 1.9401e-11 5.78257e-11) (3.36736e-13 -1.91804e-11 8.86858e-11) (3.36736e-13 -1.91804e-11 8.86858e-11) (3.36736e-13 -1.91804e-11 8.86858e-11) (3.36736e-13 -1.91804e-11 8.86858e-11) (3.36736e-13 -1.91804e-11 8.86858e-11)
3500          (1.62758e-13 -1.93184e-11 -4.37674e-13) (1.62758e-13 -1.93184e-11 -4.37674e-13) (1.62758e-13 -1.93184e-11 -4.37674e-13) (1.62758e-13 -1.93184e-11 -4.37674e-13) (1.62758e-13 -1.93184e-11 -4.37674e-13) (1.62758e-13 -1.93184e-11 -4.37674e-13) (2.72851e-13 3.00799e-14 -2.97964e-12) (2.72851e-13 3.00799e-14 -2.97964e-12) (2.72851e-13 3.00799e-14 -2.97964e-12) (2.72851e-13 3.00799e-14 -2.97964e-12) (2.72851e-13 3.00799e-14 -2.97964e-12)
3550          (9.59963e-12 9.37052e-12 -2.2177e-11) (9.59963e-12 9.37052e-12 -2.2177e-11) (9.59963e-12 9.37052e-12 -2.2177e-11) (9.59963e-12 9.37052e-12 -2.2177e-11) (9.59963e-12 9.37052e-12 -2.2177e-11) (9.59963e-12 9.37052e-12 -2.2177e-11) (2.00588e-11 -1.91513e-11 -7.17694e-11) (2.00588e-11 -1.91513e-11 -7.17694e-11) (2.00588e-11 -1.91513e-11 -7.17694e-11) (2.00588e-11 -1.91513e-11 -7.17694e-11) (2.00588e-11 -1.91513e-11 -7.17694e-11)
3600          (1.94883e-13 1.76149e-12 -2.72952e-11) (1.94883e-13 1.76149e-12 -2.72952e-11) (1.94883e-13 1.76149e-12 -2.72952e-11) (1.94883e-13 1.76149e-12 -2.72952e-11) (1.94883e-13 1.76149e-12 -2.72952e-11) (1.94883e-13 1.76149e-12 -2.72952e-11) (-1.63458e-12 1.59442e-12 1.20785e-10) (-1.63458e-12 1.59442e-12 1.20785e-10) (-1.63458e-12 1.59442e-12 1.20785e-10) (-1.63458e-12 1.59442e-12 1.20785e-10) (-1.63458e-12 1.59442e-12 1.20785e-10)
3650          (9.30858e-12 2.03307e-13 -1.45517e-10) (9.30858e-12 2.03307e-13 -1.45517e-10) (9.30858e-12 2.03307e-13 -1.45517e-10) (9.30858e-12 2.03307e-13 -1.45517e-10) (9.30858e-12 2.03307e-13 -1.45517e-10) (9.30858e-12 2.03307e-13 -1.45517e-10) (8.10278e-12 -1.47763e-12 -2.41936e-10) (8.10278e-12 -1.47763e-12 -2.41936e-10) (8.10278e-12 -1.47763e-12 -2.41936e-10) (8.10278e-12 -1.47763e-12 -2.41936e-10) (8.10278e-12 -1.47763e-12 -2.41936e-10)
3700          (1.58722e-12 2.0117e-12 -8.82033e-11) (1.58722e-12 2.0117e-12 -8.82033e-11) (1.58722e-12 2.0117e-12 -8.82033e-11) (1.58722e-12 2.0117e-12 -8.82033e-11) (1.58722e-12 2.0117e-12 -8.82033e-11) (1.58722e-12 2.0117e-12 -8.82033e-11) (9.96095e-12 1.10452e-11 -2.66733e-10) (9.96095e-12 1.10452e-11 -2.66733e-10) (9.96095e-12 1.10452e-11 -2.66733e-10) (9.96095e-12 1.10452e-11 -2.66733e-10) (9.96095e-12 1.10452e-11 -2.66733e-10)
3750          (7.66197e-12 1.80664e-11 -4.0679e-11) (7.66197e-12 1.80664e-11 -4.0679e-11) (7.66197e-12 1.80664e-11 -4.0679e-11) (7.66197e-12 1.80664e-11 -4.0679e-11) (7.66197e-12 1.80664e-11 -4.0679e-11) (7.66197e-12 1.80664e-11 -4.0679e-11) (1.95807e-11 1.79376e-11 -3.02062e-11) (1.95807e-11 1.79376e-11 -3.02062e-11) (1.95807e-11 1.79376e-11 -3.02062e-11) (1.95807e-11 1.79376e-11 -3.02062e-11) (1.95807e-11 1.79376e-11 -3.02062e-11)
3800          (1.88873e-11 2.04117e-11 4.55935e-11) (1.88873e-11 2.04117e-11 4.55935e-11) (1.88873e-11 2.04117e-11 4.55935e-11) (1.88873e-11 2.04117e-11 4.55935e-11) (1.88873e-11 2.04117e-11 4.55935e-11) (1.88873e-11 2.04117e-11 4.55935e-11) (-1.82409e-12 -4.0169e-13 1.47958e-10) (-1.82409e-12 -4.0169e-13 1.47958e-10) (-1.82409e-12 -4.0169e-13 1.47958e-10) (-1.82409e-12 -4.0169e-13 1.47958e-10) (-1.82409e-12 -4.0169e-13 1.47958e-10)
3850          (-6.56619e-14 -1.95958e-11 -2.48182e-11) (-6.56619e-14 -1.95958e-11 -2.48182e-11) (-6.56619e-14 -1.95958e-11 -2.48182e-11) (-6.56619e-14 -1.95958e-11 -2.48182e-11) (-6.56619e-14 -1.95958e-11 -2.48182e-11) (-6.56619e-14 -1.95958e-11 -2.48182e-11) (4.79083e-13 1.98564e-11 5.18002e-11) (4.79083e-13 1.98564e-11 5.18002e-11) (4.79083e-13 1.98564e-11 5.18002e-11) (4.79083e-13 1.98564e-11 5.18002e-11) (4.79083e-13 1.98564e-11 5.18002e-11)
3900          (-1.99807e-13 -1.63546e-13 1.4537e-11) (-1.99807e-13 -1.63546e-13 1.4537e-11) (-1.99807e-13 -1.63546e-13 1.4537e-11) (-1.99807e-13 -1.63546e-13 1.4537e-11) (-1.99807e-13 -1.63546e-13 1.4537e-11) (-1.99807e-13 -1.63546e-13 1.4537e-11) (1.21762e-13 -2.09996e-11 8.79071e-11) (1.21762e-13 -2.09996e-11 8.79071e-11) (1.21762e-13 -2.09996e-11 8.79071e-11) (1.21762e-13 -2.09996e-11 8.79071e-11) (1.21762e-13 -2.09996e-11 8.79071e-11)
3950          (-3.92378e-12 -4.95533e-14 4.12126e-12) (-3.92378e-12 -4.95533e-14 4.12126e-12) (-3.92378e-12 -4.95533e-14 4.12126e-12) (-3.92378e-12 -4.95533e-14 4.12126e-12) (-3.92378e-12 -4.95533e-14 4.12126e-12) (-3.92378e-12 -4.95533e-14 4.12126e-12) (1.90957e-11 2.07079e-11 6.91265e-11) (1.90957e-11 2.07079e-11 6.91265e-11) (1.90957e-11 2.07079e-11 6.91265e-11) (1.90957e-11 2.07079e-11 6.91265e-11) (1.90957e-11 2.07079e-11 6.91265e-11)
4000          (-2.89326e-11 9.47435e-12 -2.23393e-11) (-2.89326e-11 9.47435e-12 -2.23393e-11) (-2.89326e-11 9.47435e-12 -2.23393e-11) (-2.89326e-11 9.47435e-12 -2.23393e-11) (-2.89326e-11 9.47435e-12 -2.23393e-11) (-2.89326e-11 9.47435e-12 -2.23393e-11) (2.89012e-11 1.11015e-11 -8.47035e-11) (2.89012e-11 1.11015e-11 -8.47035e-11) (2.89012e-11 1.11015e-11 -8.47035e-11) (2.89012e-11 1.11015e-11 -8.47035e-11) (2.89012e-11 1.11015e-11 -8.47035e-11)
4050          (-5.40676e-14 -9.3716e-12 -7.02828e-11) (-5.40676e-14 -9.3716e-12 -7.02828e-11) (-5.40676e-14 -9.3716e-12 -7.02828e-11) (-5.40676e-14 -9.3716e-12 -7.02828e-11) (-5.40676e-14 -9.3716e-12 -7.02828e-11) (-5.40676e-14 -9.3716e-12 -7.02828e-11) (3.46617e-13 -1.48335e-13 -1.33108e-10) (3.46617e-13 -1.48335e-13 -1.33108e-10) (3.46617e-13 -1.48335e-13 -1.33108e-10) (3.46617e-13 -1.48335e-13 -1.33108e-10) (3.46617e-13 -1.48335e-13 -1.33108e-10)
4100          (1.21538e-14 1.99239e-11 -5.52972e-11) (1.21538e-14 1.99239e-11 -5.52972e-11) (1.21538e-14 1.99239e-11 -5.52972e-11) (1.21538e-14 1.99239e-11 -5.52972e-11) (1.21538e-14 1.99239e-11 -5.52972e-11) (1.21538e-14 1.99239e-11 -5.52972e-11) (-7.67291e-12 -1.51863e-12 -1.70748e-10) (-7.67291e-12 -1.51863e-12 -1.70748e-10) (-7.67291e-12 -1.51863e-12 -1.70748e-10) (-7.67291e-12 -1.51863e-12 -1.70748e-10) (-7.67291e-12 -1.51863e-12 -1.70748e-10)
4150          (-7.86966e-14 1.98221e-12 5.12897e-11) (-7.86966e-14 1.98221e-12 5.12897e-11) (-7.86966e-14 1.98221e-12 5.12897e-11) (-7.86966e-14 1.98221e-12 5.12897e-11) (-7.86966e-14 1.98221e-12 5.12897e-11) (-7.86966e-14 1.98221e-12 5.12897e-11) (2.747e-14 -4.41644e-13 1.82361e-11) (2.747e-14 -4.41644e-13 1.82361e-11) (2.747e-14 -4.41644e-13 1.82361e-11) (2.747e-14 -4.41644e-13 1.82361e-11) (2.747e-14 -4.41644e-13 1.82361e-11)
4200          (1.90943e-11 8.51995e-12 -2.20333e-11) (1.90943e-11 8.51995e-12 -2.20333e-11) (1.90943e-11 8.51995e-12 -2.20333e-11) (1.90943e-11 8.51995e-12 -2.20333e-11) (1.90943e-11 8.51995e-12 -2.20333e-11) (1.90943e-11 8.51995e-12 -2.20333e-11) (1.23547e-12 1.88421e-13 -1.92269e-10) (1.23547e-12 1.88421e-13 -1.92269e-10) (1.23547e-12 1.88421e-13 -1.92269e-10) (1.23547e-12 1.88421e-13 -1.92269e-10) (1.23547e-12 1.88421e-13 -1.92269e-10)
4250          (-1.90393e-11 1.89102e-11 -2.11323e-11) (-1.90393e-11 1.89102e-11 -2.11323e-11) (-1.90393e-11 1.89102e-11 -2.11323e-11) (-1.90393e-11 1.89102e-11 -2.11323e-11) (-1.90393e-11 1.89102e-11 -2.11323e-11) (-1.90393e-11 1.89102e-11 -2.11323e-11) (1.90985e-11 -1.99182e-13 5.07213e-11) (1.90985e-11 -1.99182e-13 5.07213e-11) (1.90985e-11 -1.99182e-13 5.07213e-11) (1.90985e-11 -1.99182e-13 5.07213e-11) (1.90985e-11 -1.99182e-13 5.07213e-11)
4300          (7.73306e-12 1.89681e-11 -6.96887e-11) (7.73306e-12 1.89681e-11 -6.96887e-11) (7.73306e-12 1.89681e-11 -6.96887e-11) (7.73306e-12 1.89681e-11 -6.96887e-11) (7.73306e-12 1.89681e-11 -6.96887e-11) (7.73306e-12 1.89681e-11 -6.96887e-11) (2.50251e-13 1.12275e-11 -9.51884e-11) (2.50251e-13 1.12275e-11 -9.51884e-11) (2.50251e-13 1.12275e-11 -9.51884e-11) (2.50251e-13 1.12275e-11 -9.51884e-11) (2.50251e-13 1.12275e-11 -9.51884e-11)
4350          (-9.12555e-12 1.14238e-11 -1.0128e-10) (-9.12555e-12 1.14238e-11 -1.0128e-10) (-9.12555e-12 1.14238e-11 -1.0128e-10) (-9.12555e-12 1.14238e-11 -1.0128e-10) (-9.12555e-12 1.14238e-11 -1.0128e-10) (-9.12555e-12 1.14238e-11 -1.0128e-10) (-8.41218e-12 1.76185e-11 -1.45279e-10) (-8.41218e-12 1.76185e-11 -1.45279e-10) (-8.41218e-12 1.76185e-11 -1.45279e-10) (-8.41218e-12 1.76185e-11 -1.45279e-10) (-8.41218e-12 1.76185e-11 -1.45279e-10)
4400          (-2.16452e-13 1.92227e-11 5.40747e-12) (-2.16452e-13 1.92227e-11 5.40747e-12) (-2.16452e-13 1.92227e-11 5.40747e-12) (-2.16452e-13 1.92227e-11 5.40747e-12) (-2.16452e-13 1.92227e-11 5.40747e-12) (-2.16452e-13 1.92227e-11 5.40747e-12) (9.81267e-12 -8.1517e-14 -1.26461e-11) (9.81267e-12 -8.1517e-14 -1.26461e-11) (9.81267e-12 -8.1517e-14 -1.26461e-11) (9.81267e-12 -8.1517e-14 -1.26461e-11) (9.81267e-12 -8.1517e-14 -1.26461e-11)
4450          (7.95652e-15 -9.36852e-12 -9.77055e-11) (7.95652e-15 -9.36852e-12 -9.77055e-11) (7.95652e-15 -9.36852e-12 -9.77055e-11) (7.95652e-15 -9.36852e-12 -9.77055e-11) (7.95652e-15 -9.36852e-12 -9.77055e-11) (7.95652e-15 -9.36852e-12 -9.77055e-11) (-1.87057e-11 -1.74772e-11 -8.64277e-11) (-1.87057e-11 -1.74772e-11 -8.64277e-11) (-1.87057e-11 -1.74772e-11 -8.64277e-11) (-1.87057e-11 -1.74772e-11 -8.64277e-11) (-1.87057e-11 -1.74772e-11 -8.64277e-11)
4500          (-2.84341e-11 1.82148e-12 -5.62055e-11) (-2.84341e-11 1.82148e-12 -5.62055e-11) (-2.84341e-11 1.82148e-12 -5.62055e-11) (-2.84341e-11 1.82148e-12 -5.62055e-11) (-2.84341e-11 1.82148e-12 -5.62055e-11) (-2.84341e-11 1.82148e-12 -5.62055e-11) (-3.87816e-11 -1.26783e-12 1.2179e-11) (-3.87816e-11 -1.26783e-12 1.2179e-11) (-3.87816e-11 -1.26783e-12 1.2179e-11) (-3.87816e-11 -1.26783e-12 1.2179e-11) (-3.87816e-11 -1.26783e-12 1.2179e-11)
4550          (-2.4884e-13 -1.94275e-11 7.96819e-11) (-2.4884e-13 -1.94275e-11 7.96819e-11) (-2.4884e-13 -1.94275e-11 7.96819e-11) (-2.4884e-13 -1.94275e-11 7.96819e-11) (-2.4884e-13 -1.94275e-11 7.96819e-11) (-2.4884e-13 -1.94275e-11 7.96819e-11) (-7.59976e-12 9.36571e-12 -3.71749e-11) (-7.59976e-12 9.36571e-12 -3.71749e-11) (-7.59976e-12 9.36571e-12 -3.71749e-11) (-7.59976e-12 9.36571e-12 -3.71749e-11) (-7.59976e-12 9.36571e-12 -3.71749e-11)
4600          (-2.08198e-11 -1.07724e-13 8.8746e-11) (-2.08198e-11 -1.07724e-13 8.8746e-11) (-2.08198e-11 -1.07724e-13 8.8746e-11) (-2.08198e-11 -1.07724e-13 8.8746e-11) (-2.08198e-11 -1.07724e-13 8.8746e-11) (-2.08198e-11 -1.07724e-13 8.8746e-11) (2.05507e-11 1.72964e-12 1.89582e-10) (2.05507e-11 1.72964e-12 1.89582e-10) (2.05507e-11 1.72964e-12 1.89582e-10) (2.05507e-11 1.72964e-12 1.89582e-10) (2.05507e-11 1.72964e-12 1.89582e-10)
4650          (7.3324e-12 1.10829e-11 -6.17047e-11) (7.3324e-12 1.10829e-11 -6.17047e-11) (7.3324e-12 1.10829e-11 -6.17047e-11) (7.3324e-12 1.10829e-11 -6.17047e-11) (7.3324e-12 1.10829e-11 -6.17047e-11) (7.3324e-12 1.10829e-11 -6.17047e-11) (-1.62271e-12 1.90491e-11 -4.1889e-11) (-1.62271e-12 1.90491e-11 -4.1889e-11) (-1.62271e-12 1.90491e-11 -4.1889e-11) (-1.62271e-12 1.90491e-11 -4.1889e-11) (-1.62271e-12 1.90491e-11 -4.1889e-11)
4700          (-1.49474e-13 -1.07106e-12 2.27144e-11) (-1.49474e-13 -1.07106e-12 2.27144e-11) (-1.49474e-13 -1.07106e-12 2.27144e-11) (-1.49474e-13 -1.07106e-12 2.27144e-11) (-1.49474e-13 -1.07106e-12 2.27144e-11) (-1.49474e-13 -1.07106e-12 2.27144e-11) (1.94677e-11 1.11982e-11 -4.61727e-11) (1.94677e-11 1.11982e-11 -4.61727e-11) (1.94677e-11 1.11982e-11 -4.61727e-11) (1.94677e-11 1.11982e-11 -4.61727e-11) (1.94677e-11 1.11982e-11 -4.61727e-11)
4750          (1.87493e-11 4.34354e-14 -1.4152e-10) (1.87493e-11 4.34354e-14 -1.4152e-10) (1.87493e-11 4.34354e-14 -1.4152e-10) (1.87493e-11 4.34354e-14 -1.4152e-10) (1.87493e-11 4.34354e-14 -1.4152e-10) (1.87493e-11 4.34354e-14 -1.4152e-10) (1.12858e-11 -1.1764e-11 -4.5311e-10) (1.12858e-11 -1.1764e-11 -4.5311e-10) (1.12858e-11 -1.1764e-11 -4.5311e-10) (1.12858e-11 -1.1764e-11 -4.5311e-10) (1.12858e-11 -1.1764e-11 -4.5311e-10)
4800          (1.68185e-12 7.9995e-12 -2.40031e-12) (1.68185e-12 7.9995e-12 -2.40031e-12) (1.68185e-12 7.9995e-12 -2.40031e-12) (1.68185e-12 7.9995e-12 -2.40031e-12) (1.68185e-12 7.9995e-12 -2.40031e-12) (1.68185e-12 7.9995e-12 -2.40031e-12) (-9.18116e-12 -9.63725e-12 -2.19091e-10) (-9.18116e-12 -9.63725e-12 -2.19091e-10) (-9.18116e-12 -9.63725e-12 -2.19091e-10) (-9.18116e-12 -9.63725e-12 -2.19091e-10) (-9.18116e-12 -9.63725e-12 -2.19091e-10)
4850          (1.30457e-14 -1.84832e-12 -1.27565e-10) (1.30457e-14 -1.84832e-12 -1.27565e-10) (1.30457e-14 -1.84832e-12 -1.27565e-10) (1.30457e-14 -1.84832e-12 -1.27565e-10) (1.30457e-14 -1.84832e-12 -1.27565e-10) (1.30457e-14 -1.84832e-12 -1.27565e-10) (-9.2413e-12 1.79037e-12 -2.29816e-10) (-9.2413e-12 1.79037e-12 -2.29816e-10) (-9.2413e-12 1.79037e-12 -2.29816e-10) (-9.2413e-12 1.79037e-12 -2.29816e-10) (-9.2413e-12 1.79037e-12 -2.29816e-10)
4900          (7.89799e-15 3.45631e-12 6.9783e-12) (7.89799e-15 3.45631e-12 6.9783e-12) (7.89799e-15 3.45631e-12 6.9783e-12) (7.89799e-15 3.45631e-12 6.9783e-12) (7.89799e-15 3.45631e-12 6.9783e-12) (7.89799e-15 3.45631e-12 6.9783e-12) (-9.47125e-12 -1.76059e-11 -3.97792e-11) (-9.47125e-12 -1.76059e-11 -3.97792e-11) (-9.47125e-12 -1.76059e-11 -3.97792e-11) (-9.47125e-12 -1.76059e-11 -3.97792e-11) (-9.47125e-12 -1.76059e-11 -3.97792e-11)
4950          (2.163e-12 -1.04518e-11 -6.1822e-11) (2.163e-12 -1.04518e-11 -6.1822e-11) (2.163e-12 -1.04518e-11 -6.1822e-11) (2.163e-12 -1.04518e-11 -6.1822e-11) (2.163e-12 -1.04518e-11 -6.1822e-11) (2.163e-12 -1.04518e-11 -6.1822e-11) (3.08113e-11 1.61291e-12 -1.50513e-10) (3.08113e-11 1.61291e-12 -1.50513e-10) (3.08113e-11 1.61291e-12 -1.50513e-10) (3.08113e-11 1.61291e-12 -1.50513e-10) (3.08113e-11 1.61291e-12 -1.50513e-10)
5000          (-8.63706e-14 1.94456e-11 3.24873e-11) (-8.63706e-14 1.94456e-11 3.24873e-11) (-8.63706e-14 1.94456e-11 3.24873e-11) (-8.63706e-14 1.94456e-11 3.24873e-11) (-8.63706e-14 1.94456e-11 3.24873e-11) (-8.63706e-14 1.94456e-11 3.24873e-11) (2.1212e-11 -1.91649e-11 1.14173e-10) (2.1212e-11 -1.91649e-11 1.14173e-10) (2.1212e-11 -1.91649e-11 1.14173e-10) (2.1212e-11 -1.91649e-11 1.14173e-10) (2.1212e-11 -1.91649e-11 1.14173e-10)
