# Probe 0 (0.0015 0.0015 0)
# Probe 1 (0.0015 0.0015 0.002)
# Probe 2 (0.0015 0.0015 0.004)
# Probe 3 (0.0015 0.0015 0.006)
# Probe 4 (0.0015 0.0015 0.008)
# Probe 5 (0.0015 0.0015 0.01)
# Probe 6 (0.0015 0.0015 0.012)
# Probe 7 (0.0015 0.0015 0.014)
# Probe 8 (0.0015 0.0015 0.016)
# Probe 9 (0.0015 0.0015 0.018)
# Probe 10 (0.0015 0.0015 0.02)
# Time        0             1             2             3             4             5             6             7             8             9             10           
50            195965        160450        125857        100161        83117.7       72384.2       65106.7       58775.1       51320.2       41010.7       26540.1      
100           204520        178133        149752        124421        102951        85496.4       71426.4       59529.7       48409         36838.2       24028        
150           207910        185352        160390        136870        115257        95851.3       78687.4       63480.1       49673.4       36590.1       23626.8      
200           209649        189090        166055        143846        122743        102973        84670         67838.9       52330.1       37853.4       24030        
250           210676        191312        169477        148182        127607        107914        89229.9       71624         55087.4       39515         24690.5      
300           211345        192762        171732        151087        130950        111436        92645         74647.9       57472.3       41083.5       25355.5      
350           211806        193766        173303        153130        133333        113995        95189.2       76972.3       59374.7       42384.6       25922.5      
400           212136        194484        174429        154603        135064        115871        97076.2       78721.9       60831.4       43399.1       26370.3      
450           212375        195006        175249        155676        136329        117248        98469.1       80021.6       61921.6       44164.7       26710.2      
500           212550        195387        175849        156462        137256        118258        99492.5       80979.2       62727.3       44732.3       26963        
550           212678        195666        176287        157036        137934        118997        100242        81680.9       63318.4       45149.1       27149        
600           212772        195870        176607        157456        138429        119537        100789        82193.2       63749.9       45453.6       27284.7      
650           212840        196018        176840        157762        138790        119930        101188        82566.3       64064.1       45675.3       27383.6      
700           212890        196126        177010        157984        139052        120216        101478        82837.4       64292.5       45836.3       27455.4      
750           212926        196205        177134        158146        139243        120424        101688        83034.2       64458.1       45953.1       27507.6      
800           212952        196262        177223        158263        139381        120574        101840        83176.9       64578.2       46037.8       27545.3      
850           212971        196303        177288        158348        139481        120683        101950        83279.8       64664.9       46099         27572.6      
900           212984        196331        177332        158406        139549        120758        102027        83350.9       64725.2       46141.5       27591.5      
950           212994        196352        177364        158449        139600        120813        102083        83403.5       64769.3       46172.8       27605.5      
1000          213000        196367        177388        158479        139636        120852        102122        83440.7       64800.6       46195.1       27615.3      
1050          213005        196377        177404        158501        139661        120879        102150        83466.9       64822.7       46210.6       27622.4      
1100          213008        196384        177414        158514        139677        120897        102168        83484.2       64837.3       46221         27627        
1150          213011        196389        177423        158526        139691        120913        102184        83498.7       64849.8       46229.6       27631        
1200          213012        196392        177428        158533        139699        120921        102192        83506.7       64856.5       46234.4       27633.2      
1250          213013        196394        177431        158536        139703        120926        102197        83511.4       64860.7       46237.6       27634.6      
1300          213014        196396        177434        158540        139708        120930        102202        83516         64864.3       46240.3       27635.4      
1350          213014        196396        177434        158540        139708        120930        102202        83516         64864.3       46240.3       27635.4      
1400          213014        196396        177434        158540        139708        120930        102202        83516         64864.3       46240.3       27635.4      
1450          213014        196396        177434        158540        139708        120930        102202        83516         64864.3       46240.3       27635.4      
1500          213014        196396        177434        158540        139708        120930        102202        83516         64864.3       46240.3       27635.4      
1550          213014        196396        177434        158540        139708        120930        102202        83516         64864.3       46240.3       27635.4      
1600          213014        196396        177434        158540        139708        120930        102202        83516         64864.3       46240.3       27635.4      
1650          213014        196396        177434        158540        139708        120930        102202        83516         64864.3       46240.3       27635.4      
1700          213014        196396        177434        158540        139708        120930        102202        83516         64864.3       46240.3       27635.4      
1750          213014        196396        177434        158540        139708        120930        102202        83516         64864.3       46240.3       27635.4      
1800          213014        196396        177434        158540        139708        120930        102202        83516         64864.3       46240.3       27635.4      
1850          213014        196396        177434        158540        139708        120930        102202        83516         64864.3       46240.3       27635.4      
1900          213014        196396        177434        158540        139708        120930        102202        83516         64864.3       46240.3       27635.4      
1950          213014        196396        177434        158540        139708        120930        102202        83516         64864.3       46240.3       27635.4      
2000          213014        196396        177434        158540        139708        120930        102202        83516         64864.3       46240.3       27635.4      
2050          213014        196396        177434        158540        139708        120930        102202        83516         64864.3       46240.3       27635.4      
2100          213014        196396        177434        158540        139708        120930        102202        83516         64864.3       46240.3       27635.4      
2150          213014        196396        177434        158540        139708        120930        102202        83516         64864.3       46240.3       27635.4      
2200          213014        196396        177434        158540        139708        120930        102202        83516         64864.3       46240.3       27635.4      
2250          213014        196396        177434        158540        139708        120930        102202        83516         64864.3       46240.3       27635.4      
2300          213014        196396        177434        158540        139708        120930        102202        83516         64864.3       46240.3       27635.4      
2350          213014        196396        177434        158540        139708        120930        102202        83516         64864.3       46240.3       27635.4      
2400          213014        196396        177434        158540        139708        120930        102202        83516         64864.3       46240.3       27635.4      
2450          213014        196396        177434        158540        139708        120930        102202        83516         64864.3       46240.3       27635.4      
2500          213014        196396        177434        158540        139708        120930        102202        83516         64864.3       46240.3       27635.4      
2550          213014        196396        177434        158540        139708        120930        102202        83516         64864.3       46240.3       27635.4      
2600          213014        196396        177434        158540        139708        120930        102202        83516         64864.3       46240.3       27635.4      
2650          213014        196396        177434        158540        139708        120930        102202        83516         64864.3       46240.3       27635.4      
2700          213014        196396        177434        158540        139708        120930        102202        83516         64864.3       46240.3       27635.4      
2750          213014        196396        177434        158540        139708        120930        102202        83516         64864.3       46240.3       27635.4      
2800          213014        196396        177434        158540        139708        120930        102202        83516         64864.3       46240.3       27635.4      
2850          213014        196396        177434        158540        139708        120930        102202        83516         64864.3       46240.3       27635.4      
2900          213014        196396        177434        158540        139708        120930        102202        83516         64864.3       46240.3       27635.4      
2950          213014        196396        177434        158540        139708        120930        102202        83516         64864.3       46240.3       27635.4      
3000          213014        196396        177434        158540        139708        120930        102202        83516         64864.3       46240.3       27635.4      
3050          213014        196396        177434        158540        139708        120930        102202        83516         64864.3       46240.3       27635.4      
3100          213014        196396        177434        158540        139708        120930        102202        83516         64864.3       46240.3       27635.4      
3150          213014        196396        177434        158540        139708        120930        102202        83516         64864.3       46240.3       27635.4      
3200          213014        196396        177434        158540        139708        120930        102202        83516         64864.3       46240.3       27635.4      
3250          213014        196396        177434        158540        139708        120930        102202        83516         64864.3       46240.3       27635.4      
3300          213014        196396        177434        158540        139708        120930        102202        83516         64864.3       46240.3       27635.4      
3350          213014        196396        177434        158540        139708        120930        102202        83516         64864.3       46240.3       27635.4      
3400          213014        196396        177434        158540        139708        120930        102202        83516         64864.3       46240.3       27635.4      
3450          213014        196396        177434        158540        139708        120930        102202        83516         64864.3       46240.3       27635.4      
3500          213014        196396        177434        158540        139708        120930        102202        83516         64864.3       46240.3       27635.4      
3550          213014        196396        177434        158540        139708        120930        102202        83516         64864.3       46240.3       27635.4      
3600          213014        196396        177434        158540        139708        120930        102202        83516         64864.3       46240.3       27635.4      
3650          213014        196396        177434        158540        139708        120930        102202        83516         64864.3       46240.3       27635.4      
3700          213014        196396        177434        158540        139708        120930        102202        83516         64864.3       46240.3       27635.4      
3750          213014        196396        177434        158540        139708        120930        102202        83516         64864.3       46240.3       27635.4      
3800          213014        196396        177434        158540        139708        120930        102202        83516         64864.3       46240.3       27635.4      
3850          213014        196396        177434        158540        139708        120930        102202        83516         64864.3       46240.3       27635.4      
3900          213014        196396        177434        158540        139708        120930        102202        83516         64864.3       46240.3       27635.4      
3950          213014        196396        177434        158540        139708        120930        102202        83516         64864.3       46240.3       27635.4      
4000          213014        196396        177434        158540        139708        120930        102202        83516         64864.3       46240.3       27635.4      
4050          213014        196396        177434        158540        139708        120930        102202        83516         64864.3       46240.3       27635.4      
4100          213014        196396        177434        158540        139708        120930        102202        83516         64864.3       46240.3       27635.4      
4150          213014        196396        177434        158540        139708        120930        102202        83516         64864.3       46240.3       27635.4      
4200          213014        196396        177434        158540        139708        120930        102202        83516         64864.3       46240.3       27635.4      
4250          213014        196396        177434        158540        139708        120930        102202        83516         64864.3       46240.3       27635.4      
4300          213014        196396        177434        158540        139708        120930        102202        83516         64864.3       46240.3       27635.4      
4350          213014        196396        177434        158540        139708        120930        102202        83516         64864.3       46240.3       27635.4      
4400          213014        196396        177434        158540        139708        120930        102202        83516         64864.3       46240.3       27635.4      
4450          213014        196396        177434        158540        139708        120930        102202        83516         64864.3       46240.3       27635.4      
4500          213014        196396        177434        158540        139708        120930        102202        83516         64864.3       46240.3       27635.4      
4550          213014        196396        177434        158540        139708        120930        102202        83516         64864.3       46240.3       27635.4      
4600          213014        196396        177434        158540        139708        120930        102202        83516         64864.3       46240.3       27635.4      
4650          213014        196396        177434        158540        139708        120930        102202        83516         64864.3       46240.3       27635.4      
4700          213014        196396        177434        158540        139708        120930        102202        83516         64864.3       46240.3       27635.4      
4750          213014        196396        177434        158540        139708        120930        102202        83516         64864.3       46240.3       27635.4      
4800          213014        196396        177434        158540        139708        120930        102202        83516         64864.3       46240.3       27635.4      
4850          213014        196396        177434        158540        139708        120930        102202        83516         64864.3       46240.3       27635.4      
4900          213014        196396        177434        158540        139708        120930        102202        83516         64864.3       46240.3       27635.4      
4950          213014        196396        177434        158540        139708        120930        102202        83516         64864.3       46240.3       27635.4      
5000          213014        196396        177434        158540        139708        120930        102202        83516         64864.3       46240.3       27635.4      
