# Probe 0 (0.0015 0.0015 0)
# Probe 1 (0.0015 0.0015 0.002)
# Probe 2 (0.0015 0.0015 0.004)
# Probe 3 (0.0015 0.0015 0.006)
# Probe 4 (0.0015 0.0015 0.008)
# Probe 5 (0.0015 0.0015 0.01)
# Probe 6 (0.0015 0.0015 0.012)
# Probe 7 (0.0015 0.0015 0.014)
# Probe 8 (0.0015 0.0015 0.016)
# Probe 9 (0.0015 0.0015 0.018)
# Probe 10 (0.0015 0.0015 0.02)
# Time        0             1             2             3             4             5             6             7             8             9             10           
50            (35.2234 35.2234 -2.39261e+07) (100.924 100.924 -1.93474e+07) (65.7903 65.7903 -1.52829e+07) (24.9139 24.9139 -1.05314e+07) (-3.57206 -3.57206 -6.5663e+06) (-13.9412 -13.9412 -4.06268e+06) (-21.2589 -21.2589 -2.99295e+06) (-21.7762 -21.7762 -3.12516e+06) (-19.0682 -19.0682 -4.27074e+06) (-18.0923 -18.0923 -6.26709e+06) (-2.06737 -2.06737 -8.80273e+06)
100           (3.08898 3.08898 -1.77393e+07) (26.4163 26.4163 -1.45519e+07) (25.4836 25.4836 -1.3396e+07) (28.4871 28.4871 -1.16722e+07) (23.4672 23.4672 -9.64527e+06) (14.9941 14.9941 -7.72738e+06) (5.86864 5.86864 -6.31247e+06) (-0.469998 -0.469998 -5.61503e+06) (-2.30104 -2.30104 -5.6365e+06) (-8.28363 -8.28363 -6.21769e+06) (-3.24792 -3.24792 -7.05923e+06)
150           (-26.4544 -26.4544 -1.52788e+07) (-37.1994 -37.1994 -1.23618e+07) (-16.9196 -16.9196 -1.18951e+07) (-23.3774 -23.3774 -1.11455e+07) (-17.1799 -17.1799 -1.01708e+07) (3.9449 3.9449 -9.08627e+06) (12.4992 12.4992 -8.05463e+06) (9.91061 9.91061 -7.24536e+06) (10.7421 10.7421 -6.77271e+06) (23.2067 23.2067 -6.6537e+06) (-7.58287 -7.58287 -6.7973e+06)
200           (3.40067 3.40067 -1.40152e+07) (14.5896 14.5896 -1.11899e+07) (10.3246 10.3246 -1.09783e+07) (-24.1027 -24.1027 -1.06058e+07) (-5.5821 -5.5821 -1.00882e+07) (-47.7751 -47.7751 -9.46205e+06) (-16.0228 -16.0228 -8.7867e+06) (-13.2696 -13.2696 -8.14044e+06) (-16.001 -16.001 -7.60689e+06) (13.2716 13.2716 -7.2508e+06) (-0.672121 -0.672118 -7.10428e+06)
250           (1.10062 1.10062 -1.32676e+07) (2.87246 2.87246 -1.048e+07) (4.11899 4.11899 -1.03845e+07) (4.96074 4.96074 -1.01876e+07) (5.24998 5.24998 -9.89349e+06) (4.93936 4.93936 -9.51514e+06) (4.07118 4.07118 -9.07607e+06) (2.88788 2.88788 -8.6124e+06) (1.82168 1.82168 -8.17119e+06) (1.47426 1.47426 -7.80869e+06) (2.85451 2.85451 -7.58996e+06)
300           (0.709399 0.709399 -1.27814e+07) (1.0335 1.0335 -1.00114e+07) (1.14212 1.14212 -9.97716e+06) (1.17412 1.17412 -9.87486e+06) (1.06271 1.06271 -9.70508e+06) (0.799513 0.799513 -9.473e+06) (0.396764 0.396764 -9.18939e+06) (-0.101609 -0.101609 -8.87309e+06) (-0.601864 -0.601864 -8.55161e+06) (-0.964296 -0.964296 -8.26495e+06) (-1.5225 -1.5225 -8.07451e+06)
350           (-1.73023 -1.73023 -1.24453e+07) (-0.335736 -0.335736 -9.68479e+06) (0.872282 0.872282 -9.68714e+06) (1.66165 1.66165 -9.64227e+06) (2.31354 2.31354 -9.54986e+06) (2.78697 2.78697 -9.41236e+06) (3.02809 3.02809 -9.23557e+06) (2.98313 2.98313 -9.03083e+06) (2.56779 2.56779 -8.81565e+06) (1.75349 1.75349 -8.61797e+06) (0.433165 0.433165 -8.48612e+06)
400           (7.46424 7.46424 -1.22051e+07) (6.1514 6.1514 -9.45031e+06) (8.64679 8.64679 -9.47671e+06) (10.9557 10.9557 -9.46996e+06) (12.5559 12.5559 -9.42969e+06) (13.4893 13.4893 -9.35732e+06) (13.5644 13.5644 -9.25642e+06) (12.337 12.337 -9.13467e+06) (10.6375 10.6375 -9.00392e+06) (6.97819 6.97819 -8.884e+06) (-1.69437 -1.69437 -8.81068e+06)
450           (-2.95765 -2.95765 -1.20308e+07) (6.44114 6.44114 -9.27945e+06) (4.27083 4.27083 -9.32315e+06) (15.9721 15.9721 -9.34269e+06) (15.7934 15.7934 -9.33947e+06) (19.5553 19.5553 -9.31354e+06) (23.905 23.905 -9.26732e+06) (19.3328 19.3328 -9.20713e+06) (23.1333 23.1333 -9.14007e+06) (14.7841 14.7841 -9.08167e+06) (9.35453 9.35453 -9.05678e+06)
500           (1.30512 1.30512 -1.19034e+07) (7.23667 7.23667 -9.15459e+06) (-3.64363 -3.64363 -9.2106e+06) (4.2431 4.2431 -9.24931e+06) (0.0879328 0.0879328 -9.27259e+06) (-1.5008 -1.5008 -9.28048e+06) (2.03544 2.03544 -9.27416e+06) (-2.44503 -2.44503 -9.25887e+06) (0.575867 0.575867 -9.2395e+06) (-1.69113 -1.69113 -9.22701e+06) (-3.81941 -3.81941 -9.23977e+06)
550           (-2.33749 -2.33749 -1.18102e+07) (3.40246 3.40246 -9.06353e+06) (-0.106942 -0.106942 -9.12801e+06) (5.35629 5.35629 -9.18112e+06) (7.20821 7.20821 -9.22353e+06) (5.37937 5.37937 -9.25606e+06) (10.1817 10.1817 -9.27898e+06) (7.34898 7.34898 -9.29641e+06) (7.97993 7.97993 -9.3121e+06) (7.53179 7.53179 -9.33344e+06) (2.60588 2.60588 -9.37434e+06)
600           (3.69413 3.69413 -1.17421e+07) (1.97389 1.97389 -8.99699e+06) (-1.62389 -1.62389 -9.06774e+06) (-3.49035 -3.49035 -9.13131e+06) (-3.37705 -3.37705 -9.18782e+06) (-6.86486 -6.86486 -9.2382e+06) (-7.24588 -7.24588 -9.2826e+06) (-6.62163 -6.62163 -9.32378e+06) (-9.34975 -9.34975 -9.36505e+06) (-6.38219 -6.38219 -9.41119e+06) (-8.02742 -8.02742 -9.47254e+06)
650           (1.32439 1.32439 -1.16925e+07) (6.49782 6.49782 -8.94823e+06) (0.25648 0.25648 -9.02402e+06) (-0.0928203 -0.0928204 -9.09503e+06) (3.91022 3.91022 -9.16175e+06) (-2.5483 -2.5483 -9.22545e+06) (-0.433449 -0.433449 -9.28519e+06) (1.18091 1.18092 -9.34381e+06) (-4.83451 -4.83451 -9.40371e+06) (0.00737759 0.00737914 -9.46773e+06) (-4.59875 -4.59875 -9.54409e+06)
700           (-4.52493 -4.52493 -1.16562e+07) (4.25982 4.25982 -8.91311e+06) (4.66529 4.66529 -8.99192e+06) (-5.88638 -5.88638 -9.06864e+06) (0.895911 0.895911 -9.14293e+06) (2.21974 2.21974 -9.21597e+06) (-2.47208 -2.47208 -9.28717e+06) (-2.43434 -2.43434 -9.35841e+06) (-2.00273 -2.00273 -9.43164e+06) (2.1363 2.1363 -9.50891e+06) (1.02571 1.02572 -9.59607e+06)
750           (-2.40799 -2.40799 -1.163e+07) (6.35689 6.35689 -8.88729e+06) (0.125982 0.125982 -8.96902e+06) (3.22728 3.22728 -9.04929e+06) (-1.79719 -1.79719 -9.12938e+06) (-0.991975 -0.991975 -9.20929e+06) (6.79809 6.79809 -9.28848e+06) (-0.230875 -0.230875 -9.36923e+06) (-0.9882 -0.9882 -9.45188e+06) (-0.602941 -0.602937 -9.5388e+06) (0.661722 0.66172 -9.63382e+06)
800           (18.5694 18.5695 -1.16109e+07) (25.1175 25.1175 -8.86867e+06) (7.56156 7.56156 -8.95213e+06) (15.1974 15.1974 -9.03547e+06) (21.4216 21.4216 -9.11937e+06) (6.67022 6.67022 -9.20445e+06) (9.47729 9.47729 -9.28956e+06) (6.7863 6.78629 -9.37686e+06) (3.45626 3.45628 -9.46674e+06) (-4.62085 -4.62083 -9.56039e+06) (-25.8148 -25.8148 -9.66114e+06)
850           (-8.17767 -8.17767 -1.15971e+07) (-11.2175 -11.2175 -8.85537e+06) (-13.8395 -13.8395 -8.93994e+06) (-13.9473 -13.9473 -9.02542e+06) (-13.6949 -13.6949 -9.11232e+06) (-14.3902 -14.3902 -9.20078e+06) (-9.67075 -9.67075 -9.29034e+06) (-8.61991 -8.61991 -9.38244e+06) (-2.6587 -2.6587 -9.47728e+06) (2.3029 2.30289 -9.57606e+06) (5.14201 5.14202 -9.68084e+06)
900           (-5.13342 -5.13342 -1.15875e+07) (-8.1596 -8.1596 -8.84646e+06) (17.8437 17.8437 -8.93139e+06) (14.7079 14.7079 -9.01851e+06) (6.37348 6.37349 -9.10742e+06) (8.68973 8.68973 -9.1981e+06) (4.52414 4.52413 -9.29091e+06) (6.19875 6.19877 -9.38606e+06) (2.92413 2.92413 -9.48465e+06) (17.5591 17.5591 -9.58685e+06) (23.1947 23.1948 -9.69456e+06)
950           (6.41743 6.41743 -1.15807e+07) (7.2533 7.2533 -8.83947e+06) (-4.11271 -4.11271 -8.92533e+06) (2.18348 2.18348 -9.01342e+06) (1.33064 1.33064 -9.10371e+06) (-1.10499 -1.105 -9.19632e+06) (3.3771 3.37712 -9.29121e+06) (-0.220617 -0.220635 -9.38893e+06) (3.01658 3.01658 -9.48998e+06) (-0.969101 -0.96905 -9.59487e+06) (-10.5873 -10.5874 -9.70467e+06)
1000          (0.498323 0.498322 -1.15758e+07) (2.09363 2.09363 -8.83456e+06) (-1.44164 -1.44164 -8.92109e+06) (2.66697 2.66697 -9.00978e+06) (1.90931 1.90931 -9.1011e+06) (-0.204543 -0.204549 -9.19518e+06) (6.62574 6.62574 -9.29126e+06) (-1.56346 -1.56346 -9.39117e+06) (5.69226 5.69225 -9.49361e+06) (-0.167247 -0.16723 -9.60068e+06) (0.195007 0.194988 -9.71177e+06)
1050          (-7.14596 -7.14596 -1.15723e+07) (-2.9253 -2.9253 -8.83125e+06) (4.31103 4.31103 -8.91785e+06) (-1.15135 -1.15134 -9.00728e+06) (3.46992 3.46989 -9.09919e+06) (3.92503 3.92505 -9.19413e+06) (0.280536 0.280521 -9.29152e+06) (2.93103 2.93102 -9.39229e+06) (0.0633904 0.0634433 -9.49646e+06) (-3.7403 -3.74037 -9.60443e+06) (14.4446 14.4447 -9.7169e+06)
1100          (4.56606 4.56605 -1.15702e+07) (-4.74306 -4.74307 -8.82907e+06) (-0.245405 -0.245422 -8.91583e+06) (-23.0441 -23.0441 -9.00562e+06) (-3.19865 -3.19863 -9.09789e+06) (-13.2295 -13.2296 -9.19354e+06) (-15.2413 -15.2413 -9.29145e+06) (0.669175 0.669136 -9.39322e+06) (10.9191 10.9191 -9.49812e+06) (6.20487 6.20486 -9.60708e+06) (7.22579 7.22574 -9.72023e+06)
1150          (10.0675 10.0675 -1.15683e+07) (10.329 10.329 -8.82715e+06) (14.9481 14.9481 -8.91431e+06) (6.2273 6.2273 -9.00408e+06) (16.195 16.195 -9.09707e+06) (10.0981 10.0981 -9.19291e+06) (12.8767 12.8767 -9.29163e+06) (9.06614 9.06613 -9.39404e+06) (0.653447 0.653447 -9.49956e+06) (1.5792 1.5792 -9.60939e+06) (-9.12358 -9.12359 -9.72312e+06)
1200          (-3.24815 -3.24815 -1.15672e+07) (-0.301329 -0.301329 -8.82611e+06) (-2.60182 -2.60182 -8.91333e+06) (-5.24542 -5.24542 -9.00328e+06) (-5.95987 -5.95987 -9.09645e+06) (-8.1692 -8.1692 -9.19259e+06) (-9.24518 -9.24518 -9.29159e+06) (-12.6427 -12.6427 -9.39444e+06) (-9.29515 -9.2951 -9.50029e+06) (-12.2164 -12.2167 -9.61056e+06) (-5.88008 -5.87998 -9.7247e+06)
1250          (-2.64771 -2.64771 -1.15667e+07) (-6.5273 -6.5273 -8.82563e+06) (-4.83055 -4.83055 -8.91282e+06) (-2.33114 -2.33114 -9.00294e+06) (-6.63744 -6.63744 -9.09612e+06) (-4.64406 -4.64406 -9.19245e+06) (-3.6178 -3.6178 -9.29164e+06) (-4.44209 -4.44209 -9.39453e+06) (1.6092 1.60922 -9.50089e+06) (-0.0564024 -0.0567716 -9.61124e+06) (3.80295 3.8031 -9.72572e+06)
1300          (-23.0259 -23.0259 -1.1566e+07) (18.4435 18.4435 -8.82503e+06) (-13.1927 -13.1927 -8.9122e+06) (-33.1924 -33.1924 -9.00248e+06) (2.31973 2.31973 -9.09576e+06) (-8.72744 -8.72744 -9.19219e+06) (-27.3956 -27.3956 -9.29181e+06) (-8.60722 -8.60721 -9.39456e+06) (-2.6083 -2.60833 -9.50156e+06) (12.6444 12.6441 -9.61187e+06) (1.11511 1.11543 -9.72635e+06)
1350          (-23.0259 -23.0259 -1.1566e+07) (18.4435 18.4435 -8.82503e+06) (-13.1927 -13.1927 -8.9122e+06) (-33.1924 -33.1924 -9.00248e+06) (2.31973 2.31973 -9.09576e+06) (-8.72744 -8.72744 -9.19219e+06) (-27.3956 -27.3956 -9.29181e+06) (-8.60722 -8.60721 -9.39456e+06) (-2.6083 -2.60833 -9.50156e+06) (12.6444 12.6441 -9.61187e+06) (1.11511 1.11543 -9.72635e+06)
1400          (-23.0259 -23.0259 -1.1566e+07) (18.4435 18.4435 -8.82503e+06) (-13.1927 -13.1927 -8.9122e+06) (-33.1924 -33.1924 -9.00248e+06) (2.31973 2.31973 -9.09576e+06) (-8.72744 -8.72744 -9.19219e+06) (-27.3956 -27.3956 -9.29181e+06) (-8.60722 -8.60721 -9.39456e+06) (-2.6083 -2.60833 -9.50156e+06) (12.6444 12.6441 -9.61187e+06) (1.11511 1.11543 -9.72635e+06)
1450          (-23.0259 -23.0259 -1.1566e+07) (18.4435 18.4435 -8.82503e+06) (-13.1927 -13.1927 -8.9122e+06) (-33.1924 -33.1924 -9.00248e+06) (2.31973 2.31973 -9.09576e+06) (-8.72744 -8.72744 -9.19219e+06) (-27.3956 -27.3956 -9.29181e+06) (-8.60722 -8.60721 -9.39456e+06) (-2.6083 -2.60833 -9.50156e+06) (12.6444 12.6441 -9.61187e+06) (1.11511 1.11543 -9.72635e+06)
1500          (-23.0259 -23.0259 -1.1566e+07) (18.4435 18.4435 -8.82503e+06) (-13.1927 -13.1927 -8.9122e+06) (-33.1924 -33.1924 -9.00248e+06) (2.31973 2.31973 -9.09576e+06) (-8.72744 -8.72744 -9.19219e+06) (-27.3956 -27.3956 -9.29181e+06) (-8.60722 -8.60721 -9.39456e+06) (-2.6083 -2.60833 -9.50156e+06) (12.6444 12.6441 -9.61187e+06) (1.11511 1.11543 -9.72635e+06)
1550          (-23.0259 -23.0259 -1.1566e+07) (18.4435 18.4435 -8.82503e+06) (-13.1927 -13.1927 -8.9122e+06) (-33.1924 -33.1924 -9.00248e+06) (2.31973 2.31973 -9.09576e+06) (-8.72744 -8.72744 -9.19219e+06) (-27.3956 -27.3956 -9.29181e+06) (-8.60722 -8.60721 -9.39456e+06) (-2.6083 -2.60833 -9.50156e+06) (12.6444 12.6441 -9.61187e+06) (1.11511 1.11543 -9.72635e+06)
1600          (-23.0259 -23.0259 -1.1566e+07) (18.4435 18.4435 -8.82503e+06) (-13.1927 -13.1927 -8.9122e+06) (-33.1924 -33.1924 -9.00248e+06) (2.31973 2.31973 -9.09576e+06) (-8.72744 -8.72744 -9.19219e+06) (-27.3956 -27.3956 -9.29181e+06) (-8.60722 -8.60721 -9.39456e+06) (-2.6083 -2.60833 -9.50156e+06) (12.6444 12.6441 -9.61187e+06) (1.11511 1.11543 -9.72635e+06)
1650          (-23.0259 -23.0259 -1.1566e+07) (18.4435 18.4435 -8.82503e+06) (-13.1927 -13.1927 -8.9122e+06) (-33.1924 -33.1924 -9.00248e+06) (2.31973 2.31973 -9.09576e+06) (-8.72744 -8.72744 -9.19219e+06) (-27.3956 -27.3956 -9.29181e+06) (-8.60722 -8.60721 -9.39456e+06) (-2.6083 -2.60833 -9.50156e+06) (12.6444 12.6441 -9.61187e+06) (1.11511 1.11543 -9.72635e+06)
1700          (-23.0259 -23.0259 -1.1566e+07) (18.4435 18.4435 -8.82503e+06) (-13.1927 -13.1927 -8.9122e+06) (-33.1924 -33.1924 -9.00248e+06) (2.31973 2.31973 -9.09576e+06) (-8.72744 -8.72744 -9.19219e+06) (-27.3956 -27.3956 -9.29181e+06) (-8.60722 -8.60721 -9.39456e+06) (-2.6083 -2.60833 -9.50156e+06) (12.6444 12.6441 -9.61187e+06) (1.11511 1.11543 -9.72635e+06)
1750          (-23.0259 -23.0259 -1.1566e+07) (18.4435 18.4435 -8.82503e+06) (-13.1927 -13.1927 -8.9122e+06) (-33.1924 -33.1924 -9.00248e+06) (2.31973 2.31973 -9.09576e+06) (-8.72744 -8.72744 -9.19219e+06) (-27.3956 -27.3956 -9.29181e+06) (-8.60722 -8.60721 -9.39456e+06) (-2.6083 -2.60833 -9.50156e+06) (12.6444 12.6441 -9.61187e+06) (1.11511 1.11543 -9.72635e+06)
1800          (-23.0259 -23.0259 -1.1566e+07) (18.4435 18.4435 -8.82503e+06) (-13.1927 -13.1927 -8.9122e+06) (-33.1924 -33.1924 -9.00248e+06) (2.31973 2.31973 -9.09576e+06) (-8.72744 -8.72744 -9.19219e+06) (-27.3956 -27.3956 -9.29181e+06) (-8.60722 -8.60721 -9.39456e+06) (-2.6083 -2.60833 -9.50156e+06) (12.6444 12.6441 -9.61187e+06) (1.11511 1.11543 -9.72635e+06)
1850          (-23.0259 -23.0259 -1.1566e+07) (18.4435 18.4435 -8.82503e+06) (-13.1927 -13.1927 -8.9122e+06) (-33.1924 -33.1924 -9.00248e+06) (2.31973 2.31973 -9.09576e+06) (-8.72744 -8.72744 -9.19219e+06) (-27.3956 -27.3956 -9.29181e+06) (-8.60722 -8.60721 -9.39456e+06) (-2.6083 -2.60833 -9.50156e+06) (12.6444 12.6441 -9.61187e+06) (1.11511 1.11543 -9.72635e+06)
1900          (-23.0259 -23.0259 -1.1566e+07) (18.4435 18.4435 -8.82503e+06) (-13.1927 -13.1927 -8.9122e+06) (-33.1924 -33.1924 -9.00248e+06) (2.31973 2.31973 -9.09576e+06) (-8.72744 -8.72744 -9.19219e+06) (-27.3956 -27.3956 -9.29181e+06) (-8.60722 -8.60721 -9.39456e+06) (-2.6083 -2.60833 -9.50156e+06) (12.6444 12.6441 -9.61187e+06) (1.11511 1.11543 -9.72635e+06)
1950          (-23.0259 -23.0259 -1.1566e+07) (18.4435 18.4435 -8.82503e+06) (-13.1927 -13.1927 -8.9122e+06) (-33.1924 -33.1924 -9.00248e+06) (2.31973 2.31973 -9.09576e+06) (-8.72744 -8.72744 -9.19219e+06) (-27.3956 -27.3956 -9.29181e+06) (-8.60722 -8.60721 -9.39456e+06) (-2.6083 -2.60833 -9.50156e+06) (12.6444 12.6441 -9.61187e+06) (1.11511 1.11543 -9.72635e+06)
2000          (-23.0259 -23.0259 -1.1566e+07) (18.4435 18.4435 -8.82503e+06) (-13.1927 -13.1927 -8.9122e+06) (-33.1924 -33.1924 -9.00248e+06) (2.31973 2.31973 -9.09576e+06) (-8.72744 -8.72744 -9.19219e+06) (-27.3956 -27.3956 -9.29181e+06) (-8.60722 -8.60721 -9.39456e+06) (-2.6083 -2.60833 -9.50156e+06) (12.6444 12.6441 -9.61187e+06) (1.11511 1.11543 -9.72635e+06)
2050          (-23.0259 -23.0259 -1.1566e+07) (18.4435 18.4435 -8.82503e+06) (-13.1927 -13.1927 -8.9122e+06) (-33.1924 -33.1924 -9.00248e+06) (2.31973 2.31973 -9.09576e+06) (-8.72744 -8.72744 -9.19219e+06) (-27.3956 -27.3956 -9.29181e+06) (-8.60722 -8.60721 -9.39456e+06) (-2.6083 -2.60833 -9.50156e+06) (12.6444 12.6441 -9.61187e+06) (1.11511 1.11543 -9.72635e+06)
2100          (-23.0259 -23.0259 -1.1566e+07) (18.4435 18.4435 -8.82503e+06) (-13.1927 -13.1927 -8.9122e+06) (-33.1924 -33.1924 -9.00248e+06) (2.31973 2.31973 -9.09576e+06) (-8.72744 -8.72744 -9.19219e+06) (-27.3956 -27.3956 -9.29181e+06) (-8.60722 -8.60721 -9.39456e+06) (-2.6083 -2.60833 -9.50156e+06) (12.6444 12.6441 -9.61187e+06) (1.11511 1.11543 -9.72635e+06)
2150          (-23.0259 -23.0259 -1.1566e+07) (18.4435 18.4435 -8.82503e+06) (-13.1927 -13.1927 -8.9122e+06) (-33.1924 -33.1924 -9.00248e+06) (2.31973 2.31973 -9.09576e+06) (-8.72744 -8.72744 -9.19219e+06) (-27.3956 -27.3956 -9.29181e+06) (-8.60722 -8.60721 -9.39456e+06) (-2.6083 -2.60833 -9.50156e+06) (12.6444 12.6441 -9.61187e+06) (1.11511 1.11543 -9.72635e+06)
2200          (-23.0259 -23.0259 -1.1566e+07) (18.4435 18.4435 -8.82503e+06) (-13.1927 -13.1927 -8.9122e+06) (-33.1924 -33.1924 -9.00248e+06) (2.31973 2.31973 -9.09576e+06) (-8.72744 -8.72744 -9.19219e+06) (-27.3956 -27.3956 -9.29181e+06) (-8.60722 -8.60721 -9.39456e+06) (-2.6083 -2.60833 -9.50156e+06) (12.6444 12.6441 -9.61187e+06) (1.11511 1.11543 -9.72635e+06)
2250          (-23.0259 -23.0259 -1.1566e+07) (18.4435 18.4435 -8.82503e+06) (-13.1927 -13.1927 -8.9122e+06) (-33.1924 -33.1924 -9.00248e+06) (2.31973 2.31973 -9.09576e+06) (-8.72744 -8.72744 -9.19219e+06) (-27.3956 -27.3956 -9.29181e+06) (-8.60722 -8.60721 -9.39456e+06) (-2.6083 -2.60833 -9.50156e+06) (12.6444 12.6441 -9.61187e+06) (1.11511 1.11543 -9.72635e+06)
2300          (-23.0259 -23.0259 -1.1566e+07) (18.4435 18.4435 -8.82503e+06) (-13.1927 -13.1927 -8.9122e+06) (-33.1924 -33.1924 -9.00248e+06) (2.31973 2.31973 -9.09576e+06) (-8.72744 -8.72744 -9.19219e+06) (-27.3956 -27.3956 -9.29181e+06) (-8.60722 -8.60721 -9.39456e+06) (-2.6083 -2.60833 -9.50156e+06) (12.6444 12.6441 -9.61187e+06) (1.11511 1.11543 -9.72635e+06)
2350          (-23.0259 -23.0259 -1.1566e+07) (18.4435 18.4435 -8.82503e+06) (-13.1927 -13.1927 -8.9122e+06) (-33.1924 -33.1924 -9.00248e+06) (2.31973 2.31973 -9.09576e+06) (-8.72744 -8.72744 -9.19219e+06) (-27.3956 -27.3956 -9.29181e+06) (-8.60722 -8.60721 -9.39456e+06) (-2.6083 -2.60833 -9.50156e+06) (12.6444 12.6441 -9.61187e+06) (1.11511 1.11543 -9.72635e+06)
2400          (-23.0259 -23.0259 -1.1566e+07) (18.4435 18.4435 -8.82503e+06) (-13.1927 -13.1927 -8.9122e+06) (-33.1924 -33.1924 -9.00248e+06) (2.31973 2.31973 -9.09576e+06) (-8.72744 -8.72744 -9.19219e+06) (-27.3956 -27.3956 -9.29181e+06) (-8.60722 -8.60721 -9.39456e+06) (-2.6083 -2.60833 -9.50156e+06) (12.6444 12.6441 -9.61187e+06) (1.11511 1.11543 -9.72635e+06)
2450          (-23.0259 -23.0259 -1.1566e+07) (18.4435 18.4435 -8.82503e+06) (-13.1927 -13.1927 -8.9122e+06) (-33.1924 -33.1924 -9.00248e+06) (2.31973 2.31973 -9.09576e+06) (-8.72744 -8.72744 -9.19219e+06) (-27.3956 -27.3956 -9.29181e+06) (-8.60722 -8.60721 -9.39456e+06) (-2.6083 -2.60833 -9.50156e+06) (12.6444 12.6441 -9.61187e+06) (1.11511 1.11543 -9.72635e+06)
2500          (-23.0259 -23.0259 -1.1566e+07) (18.4435 18.4435 -8.82503e+06) (-13.1927 -13.1927 -8.9122e+06) (-33.1924 -33.1924 -9.00248e+06) (2.31973 2.31973 -9.09576e+06) (-8.72744 -8.72744 -9.19219e+06) (-27.3956 -27.3956 -9.29181e+06) (-8.60722 -8.60721 -9.39456e+06) (-2.6083 -2.60833 -9.50156e+06) (12.6444 12.6441 -9.61187e+06) (1.11511 1.11543 -9.72635e+06)
2550          (-23.0259 -23.0259 -1.1566e+07) (18.4435 18.4435 -8.82503e+06) (-13.1927 -13.1927 -8.9122e+06) (-33.1924 -33.1924 -9.00248e+06) (2.31973 2.31973 -9.09576e+06) (-8.72744 -8.72744 -9.19219e+06) (-27.3956 -27.3956 -9.29181e+06) (-8.60722 -8.60721 -9.39456e+06) (-2.6083 -2.60833 -9.50156e+06) (12.6444 12.6441 -9.61187e+06) (1.11511 1.11543 -9.72635e+06)
2600          (-23.0259 -23.0259 -1.1566e+07) (18.4435 18.4435 -8.82503e+06) (-13.1927 -13.1927 -8.9122e+06) (-33.1924 -33.1924 -9.00248e+06) (2.31973 2.31973 -9.09576e+06) (-8.72744 -8.72744 -9.19219e+06) (-27.3956 -27.3956 -9.29181e+06) (-8.60722 -8.60721 -9.39456e+06) (-2.6083 -2.60833 -9.50156e+06) (12.6444 12.6441 -9.61187e+06) (1.11511 1.11543 -9.72635e+06)
2650          (-23.0259 -23.0259 -1.1566e+07) (18.4435 18.4435 -8.82503e+06) (-13.1927 -13.1927 -8.9122e+06) (-33.1924 -33.1924 -9.00248e+06) (2.31973 2.31973 -9.09576e+06) (-8.72744 -8.72744 -9.19219e+06) (-27.3956 -27.3956 -9.29181e+06) (-8.60722 -8.60721 -9.39456e+06) (-2.6083 -2.60833 -9.50156e+06) (12.6444 12.6441 -9.61187e+06) (1.11511 1.11543 -9.72635e+06)
2700          (-23.0259 -23.0259 -1.1566e+07) (18.4435 18.4435 -8.82503e+06) (-13.1927 -13.1927 -8.9122e+06) (-33.1924 -33.1924 -9.00248e+06) (2.31973 2.31973 -9.09576e+06) (-8.72744 -8.72744 -9.19219e+06) (-27.3956 -27.3956 -9.29181e+06) (-8.60722 -8.60721 -9.39456e+06) (-2.6083 -2.60833 -9.50156e+06) (12.6444 12.6441 -9.61187e+06) (1.11511 1.11543 -9.72635e+06)
2750          (-23.0259 -23.0259 -1.1566e+07) (18.4435 18.4435 -8.82503e+06) (-13.1927 -13.1927 -8.9122e+06) (-33.1924 -33.1924 -9.00248e+06) (2.31973 2.31973 -9.09576e+06) (-8.72744 -8.72744 -9.19219e+06) (-27.3956 -27.3956 -9.29181e+06) (-8.60722 -8.60721 -9.39456e+06) (-2.6083 -2.60833 -9.50156e+06) (12.6444 12.6441 -9.61187e+06) (1.11511 1.11543 -9.72635e+06)
2800          (-23.0259 -23.0259 -1.1566e+07) (18.4435 18.4435 -8.82503e+06) (-13.1927 -13.1927 -8.9122e+06) (-33.1924 -33.1924 -9.00248e+06) (2.31973 2.31973 -9.09576e+06) (-8.72744 -8.72744 -9.19219e+06) (-27.3956 -27.3956 -9.29181e+06) (-8.60722 -8.60721 -9.39456e+06) (-2.6083 -2.60833 -9.50156e+06) (12.6444 12.6441 -9.61187e+06) (1.11511 1.11543 -9.72635e+06)
2850          (-23.0259 -23.0259 -1.1566e+07) (18.4435 18.4435 -8.82503e+06) (-13.1927 -13.1927 -8.9122e+06) (-33.1924 -33.1924 -9.00248e+06) (2.31973 2.31973 -9.09576e+06) (-8.72744 -8.72744 -9.19219e+06) (-27.3956 -27.3956 -9.29181e+06) (-8.60722 -8.60721 -9.39456e+06) (-2.6083 -2.60833 -9.50156e+06) (12.6444 12.6441 -9.61187e+06) (1.11511 1.11543 -9.72635e+06)
2900          (-23.0259 -23.0259 -1.1566e+07) (18.4435 18.4435 -8.82503e+06) (-13.1927 -13.1927 -8.9122e+06) (-33.1924 -33.1924 -9.00248e+06) (2.31973 2.31973 -9.09576e+06) (-8.72744 -8.72744 -9.19219e+06) (-27.3956 -27.3956 -9.29181e+06) (-8.60722 -8.60721 -9.39456e+06) (-2.6083 -2.60833 -9.50156e+06) (12.6444 12.6441 -9.61187e+06) (1.11511 1.11543 -9.72635e+06)
2950          (-23.0259 -23.0259 -1.1566e+07) (18.4435 18.4435 -8.82503e+06) (-13.1927 -13.1927 -8.9122e+06) (-33.1924 -33.1924 -9.00248e+06) (2.31973 2.31973 -9.09576e+06) (-8.72744 -8.72744 -9.19219e+06) (-27.3956 -27.3956 -9.29181e+06) (-8.60722 -8.60721 -9.39456e+06) (-2.6083 -2.60833 -9.50156e+06) (12.6444 12.6441 -9.61187e+06) (1.11511 1.11543 -9.72635e+06)
3000          (-23.0259 -23.0259 -1.1566e+07) (18.4435 18.4435 -8.82503e+06) (-13.1927 -13.1927 -8.9122e+06) (-33.1924 -33.1924 -9.00248e+06) (2.31973 2.31973 -9.09576e+06) (-8.72744 -8.72744 -9.19219e+06) (-27.3956 -27.3956 -9.29181e+06) (-8.60722 -8.60721 -9.39456e+06) (-2.6083 -2.60833 -9.50156e+06) (12.6444 12.6441 -9.61187e+06) (1.11511 1.11543 -9.72635e+06)
3050          (-23.0259 -23.0259 -1.1566e+07) (18.4435 18.4435 -8.82503e+06) (-13.1927 -13.1927 -8.9122e+06) (-33.1924 -33.1924 -9.00248e+06) (2.31973 2.31973 -9.09576e+06) (-8.72744 -8.72744 -9.19219e+06) (-27.3956 -27.3956 -9.29181e+06) (-8.60722 -8.60721 -9.39456e+06) (-2.6083 -2.60833 -9.50156e+06) (12.6444 12.6441 -9.61187e+06) (1.11511 1.11543 -9.72635e+06)
3100          (-23.0259 -23.0259 -1.1566e+07) (18.4435 18.4435 -8.82503e+06) (-13.1927 -13.1927 -8.9122e+06) (-33.1924 -33.1924 -9.00248e+06) (2.31973 2.31973 -9.09576e+06) (-8.72744 -8.72744 -9.19219e+06) (-27.3956 -27.3956 -9.29181e+06) (-8.60722 -8.60721 -9.39456e+06) (-2.6083 -2.60833 -9.50156e+06) (12.6444 12.6441 -9.61187e+06) (1.11511 1.11543 -9.72635e+06)
3150          (-23.0259 -23.0259 -1.1566e+07) (18.4435 18.4435 -8.82503e+06) (-13.1927 -13.1927 -8.9122e+06) (-33.1924 -33.1924 -9.00248e+06) (2.31973 2.31973 -9.09576e+06) (-8.72744 -8.72744 -9.19219e+06) (-27.3956 -27.3956 -9.29181e+06) (-8.60722 -8.60721 -9.39456e+06) (-2.6083 -2.60833 -9.50156e+06) (12.6444 12.6441 -9.61187e+06) (1.11511 1.11543 -9.72635e+06)
3200          (-23.0259 -23.0259 -1.1566e+07) (18.4435 18.4435 -8.82503e+06) (-13.1927 -13.1927 -8.9122e+06) (-33.1924 -33.1924 -9.00248e+06) (2.31973 2.31973 -9.09576e+06) (-8.72744 -8.72744 -9.19219e+06) (-27.3956 -27.3956 -9.29181e+06) (-8.60722 -8.60721 -9.39456e+06) (-2.6083 -2.60833 -9.50156e+06) (12.6444 12.6441 -9.61187e+06) (1.11511 1.11543 -9.72635e+06)
3250          (-23.0259 -23.0259 -1.1566e+07) (18.4435 18.4435 -8.82503e+06) (-13.1927 -13.1927 -8.9122e+06) (-33.1924 -33.1924 -9.00248e+06) (2.31973 2.31973 -9.09576e+06) (-8.72744 -8.72744 -9.19219e+06) (-27.3956 -27.3956 -9.29181e+06) (-8.60722 -8.60721 -9.39456e+06) (-2.6083 -2.60833 -9.50156e+06) (12.6444 12.6441 -9.61187e+06) (1.11511 1.11543 -9.72635e+06)
3300          (-23.0259 -23.0259 -1.1566e+07) (18.4435 18.4435 -8.82503e+06) (-13.1927 -13.1927 -8.9122e+06) (-33.1924 -33.1924 -9.00248e+06) (2.31973 2.31973 -9.09576e+06) (-8.72744 -8.72744 -9.19219e+06) (-27.3956 -27.3956 -9.29181e+06) (-8.60722 -8.60721 -9.39456e+06) (-2.6083 -2.60833 -9.50156e+06) (12.6444 12.6441 -9.61187e+06) (1.11511 1.11543 -9.72635e+06)
3350          (-23.0259 -23.0259 -1.1566e+07) (18.4435 18.4435 -8.82503e+06) (-13.1927 -13.1927 -8.9122e+06) (-33.1924 -33.1924 -9.00248e+06) (2.31973 2.31973 -9.09576e+06) (-8.72744 -8.72744 -9.19219e+06) (-27.3956 -27.3956 -9.29181e+06) (-8.60722 -8.60721 -9.39456e+06) (-2.6083 -2.60833 -9.50156e+06) (12.6444 12.6441 -9.61187e+06) (1.11511 1.11543 -9.72635e+06)
3400          (-23.0259 -23.0259 -1.1566e+07) (18.4435 18.4435 -8.82503e+06) (-13.1927 -13.1927 -8.9122e+06) (-33.1924 -33.1924 -9.00248e+06) (2.31973 2.31973 -9.09576e+06) (-8.72744 -8.72744 -9.19219e+06) (-27.3956 -27.3956 -9.29181e+06) (-8.60722 -8.60721 -9.39456e+06) (-2.6083 -2.60833 -9.50156e+06) (12.6444 12.6441 -9.61187e+06) (1.11511 1.11543 -9.72635e+06)
3450          (-23.0259 -23.0259 -1.1566e+07) (18.4435 18.4435 -8.82503e+06) (-13.1927 -13.1927 -8.9122e+06) (-33.1924 -33.1924 -9.00248e+06) (2.31973 2.31973 -9.09576e+06) (-8.72744 -8.72744 -9.19219e+06) (-27.3956 -27.3956 -9.29181e+06) (-8.60722 -8.60721 -9.39456e+06) (-2.6083 -2.60833 -9.50156e+06) (12.6444 12.6441 -9.61187e+06) (1.11511 1.11543 -9.72635e+06)
3500          (-23.0259 -23.0259 -1.1566e+07) (18.4435 18.4435 -8.82503e+06) (-13.1927 -13.1927 -8.9122e+06) (-33.1924 -33.1924 -9.00248e+06) (2.31973 2.31973 -9.09576e+06) (-8.72744 -8.72744 -9.19219e+06) (-27.3956 -27.3956 -9.29181e+06) (-8.60722 -8.60721 -9.39456e+06) (-2.6083 -2.60833 -9.50156e+06) (12.6444 12.6441 -9.61187e+06) (1.11511 1.11543 -9.72635e+06)
3550          (-23.0259 -23.0259 -1.1566e+07) (18.4435 18.4435 -8.82503e+06) (-13.1927 -13.1927 -8.9122e+06) (-33.1924 -33.1924 -9.00248e+06) (2.31973 2.31973 -9.09576e+06) (-8.72744 -8.72744 -9.19219e+06) (-27.3956 -27.3956 -9.29181e+06) (-8.60722 -8.60721 -9.39456e+06) (-2.6083 -2.60833 -9.50156e+06) (12.6444 12.6441 -9.61187e+06) (1.11511 1.11543 -9.72635e+06)
3600          (-23.0259 -23.0259 -1.1566e+07) (18.4435 18.4435 -8.82503e+06) (-13.1927 -13.1927 -8.9122e+06) (-33.1924 -33.1924 -9.00248e+06) (2.31973 2.31973 -9.09576e+06) (-8.72744 -8.72744 -9.19219e+06) (-27.3956 -27.3956 -9.29181e+06) (-8.60722 -8.60721 -9.39456e+06) (-2.6083 -2.60833 -9.50156e+06) (12.6444 12.6441 -9.61187e+06) (1.11511 1.11543 -9.72635e+06)
3650          (-23.0259 -23.0259 -1.1566e+07) (18.4435 18.4435 -8.82503e+06) (-13.1927 -13.1927 -8.9122e+06) (-33.1924 -33.1924 -9.00248e+06) (2.31973 2.31973 -9.09576e+06) (-8.72744 -8.72744 -9.19219e+06) (-27.3956 -27.3956 -9.29181e+06) (-8.60722 -8.60721 -9.39456e+06) (-2.6083 -2.60833 -9.50156e+06) (12.6444 12.6441 -9.61187e+06) (1.11511 1.11543 -9.72635e+06)
3700          (-23.0259 -23.0259 -1.1566e+07) (18.4435 18.4435 -8.82503e+06) (-13.1927 -13.1927 -8.9122e+06) (-33.1924 -33.1924 -9.00248e+06) (2.31973 2.31973 -9.09576e+06) (-8.72744 -8.72744 -9.19219e+06) (-27.3956 -27.3956 -9.29181e+06) (-8.60722 -8.60721 -9.39456e+06) (-2.6083 -2.60833 -9.50156e+06) (12.6444 12.6441 -9.61187e+06) (1.11511 1.11543 -9.72635e+06)
3750          (-23.0259 -23.0259 -1.1566e+07) (18.4435 18.4435 -8.82503e+06) (-13.1927 -13.1927 -8.9122e+06) (-33.1924 -33.1924 -9.00248e+06) (2.31973 2.31973 -9.09576e+06) (-8.72744 -8.72744 -9.19219e+06) (-27.3956 -27.3956 -9.29181e+06) (-8.60722 -8.60721 -9.39456e+06) (-2.6083 -2.60833 -9.50156e+06) (12.6444 12.6441 -9.61187e+06) (1.11511 1.11543 -9.72635e+06)
3800          (-23.0259 -23.0259 -1.1566e+07) (18.4435 18.4435 -8.82503e+06) (-13.1927 -13.1927 -8.9122e+06) (-33.1924 -33.1924 -9.00248e+06) (2.31973 2.31973 -9.09576e+06) (-8.72744 -8.72744 -9.19219e+06) (-27.3956 -27.3956 -9.29181e+06) (-8.60722 -8.60721 -9.39456e+06) (-2.6083 -2.60833 -9.50156e+06) (12.6444 12.6441 -9.61187e+06) (1.11511 1.11543 -9.72635e+06)
3850          (-23.0259 -23.0259 -1.1566e+07) (18.4435 18.4435 -8.82503e+06) (-13.1927 -13.1927 -8.9122e+06) (-33.1924 -33.1924 -9.00248e+06) (2.31973 2.31973 -9.09576e+06) (-8.72744 -8.72744 -9.19219e+06) (-27.3956 -27.3956 -9.29181e+06) (-8.60722 -8.60721 -9.39456e+06) (-2.6083 -2.60833 -9.50156e+06) (12.6444 12.6441 -9.61187e+06) (1.11511 1.11543 -9.72635e+06)
3900          (-23.0259 -23.0259 -1.1566e+07) (18.4435 18.4435 -8.82503e+06) (-13.1927 -13.1927 -8.9122e+06) (-33.1924 -33.1924 -9.00248e+06) (2.31973 2.31973 -9.09576e+06) (-8.72744 -8.72744 -9.19219e+06) (-27.3956 -27.3956 -9.29181e+06) (-8.60722 -8.60721 -9.39456e+06) (-2.6083 -2.60833 -9.50156e+06) (12.6444 12.6441 -9.61187e+06) (1.11511 1.11543 -9.72635e+06)
3950          (-23.0259 -23.0259 -1.1566e+07) (18.4435 18.4435 -8.82503e+06) (-13.1927 -13.1927 -8.9122e+06) (-33.1924 -33.1924 -9.00248e+06) (2.31973 2.31973 -9.09576e+06) (-8.72744 -8.72744 -9.19219e+06) (-27.3956 -27.3956 -9.29181e+06) (-8.60722 -8.60721 -9.39456e+06) (-2.6083 -2.60833 -9.50156e+06) (12.6444 12.6441 -9.61187e+06) (1.11511 1.11543 -9.72635e+06)
4000          (-23.0259 -23.0259 -1.1566e+07) (18.4435 18.4435 -8.82503e+06) (-13.1927 -13.1927 -8.9122e+06) (-33.1924 -33.1924 -9.00248e+06) (2.31973 2.31973 -9.09576e+06) (-8.72744 -8.72744 -9.19219e+06) (-27.3956 -27.3956 -9.29181e+06) (-8.60722 -8.60721 -9.39456e+06) (-2.6083 -2.60833 -9.50156e+06) (12.6444 12.6441 -9.61187e+06) (1.11511 1.11543 -9.72635e+06)
4050          (-23.0259 -23.0259 -1.1566e+07) (18.4435 18.4435 -8.82503e+06) (-13.1927 -13.1927 -8.9122e+06) (-33.1924 -33.1924 -9.00248e+06) (2.31973 2.31973 -9.09576e+06) (-8.72744 -8.72744 -9.19219e+06) (-27.3956 -27.3956 -9.29181e+06) (-8.60722 -8.60721 -9.39456e+06) (-2.6083 -2.60833 -9.50156e+06) (12.6444 12.6441 -9.61187e+06) (1.11511 1.11543 -9.72635e+06)
4100          (-23.0259 -23.0259 -1.1566e+07) (18.4435 18.4435 -8.82503e+06) (-13.1927 -13.1927 -8.9122e+06) (-33.1924 -33.1924 -9.00248e+06) (2.31973 2.31973 -9.09576e+06) (-8.72744 -8.72744 -9.19219e+06) (-27.3956 -27.3956 -9.29181e+06) (-8.60722 -8.60721 -9.39456e+06) (-2.6083 -2.60833 -9.50156e+06) (12.6444 12.6441 -9.61187e+06) (1.11511 1.11543 -9.72635e+06)
4150          (-23.0259 -23.0259 -1.1566e+07) (18.4435 18.4435 -8.82503e+06) (-13.1927 -13.1927 -8.9122e+06) (-33.1924 -33.1924 -9.00248e+06) (2.31973 2.31973 -9.09576e+06) (-8.72744 -8.72744 -9.19219e+06) (-27.3956 -27.3956 -9.29181e+06) (-8.60722 -8.60721 -9.39456e+06) (-2.6083 -2.60833 -9.50156e+06) (12.6444 12.6441 -9.61187e+06) (1.11511 1.11543 -9.72635e+06)
4200          (-23.0259 -23.0259 -1.1566e+07) (18.4435 18.4435 -8.82503e+06) (-13.1927 -13.1927 -8.9122e+06) (-33.1924 -33.1924 -9.00248e+06) (2.31973 2.31973 -9.09576e+06) (-8.72744 -8.72744 -9.19219e+06) (-27.3956 -27.3956 -9.29181e+06) (-8.60722 -8.60721 -9.39456e+06) (-2.6083 -2.60833 -9.50156e+06) (12.6444 12.6441 -9.61187e+06) (1.11511 1.11543 -9.72635e+06)
4250          (-23.0259 -23.0259 -1.1566e+07) (18.4435 18.4435 -8.82503e+06) (-13.1927 -13.1927 -8.9122e+06) (-33.1924 -33.1924 -9.00248e+06) (2.31973 2.31973 -9.09576e+06) (-8.72744 -8.72744 -9.19219e+06) (-27.3956 -27.3956 -9.29181e+06) (-8.60722 -8.60721 -9.39456e+06) (-2.6083 -2.60833 -9.50156e+06) (12.6444 12.6441 -9.61187e+06) (1.11511 1.11543 -9.72635e+06)
4300          (-23.0259 -23.0259 -1.1566e+07) (18.4435 18.4435 -8.82503e+06) (-13.1927 -13.1927 -8.9122e+06) (-33.1924 -33.1924 -9.00248e+06) (2.31973 2.31973 -9.09576e+06) (-8.72744 -8.72744 -9.19219e+06) (-27.3956 -27.3956 -9.29181e+06) (-8.60722 -8.60721 -9.39456e+06) (-2.6083 -2.60833 -9.50156e+06) (12.6444 12.6441 -9.61187e+06) (1.11511 1.11543 -9.72635e+06)
4350          (-23.0259 -23.0259 -1.1566e+07) (18.4435 18.4435 -8.82503e+06) (-13.1927 -13.1927 -8.9122e+06) (-33.1924 -33.1924 -9.00248e+06) (2.31973 2.31973 -9.09576e+06) (-8.72744 -8.72744 -9.19219e+06) (-27.3956 -27.3956 -9.29181e+06) (-8.60722 -8.60721 -9.39456e+06) (-2.6083 -2.60833 -9.50156e+06) (12.6444 12.6441 -9.61187e+06) (1.11511 1.11543 -9.72635e+06)
4400          (-23.0259 -23.0259 -1.1566e+07) (18.4435 18.4435 -8.82503e+06) (-13.1927 -13.1927 -8.9122e+06) (-33.1924 -33.1924 -9.00248e+06) (2.31973 2.31973 -9.09576e+06) (-8.72744 -8.72744 -9.19219e+06) (-27.3956 -27.3956 -9.29181e+06) (-8.60722 -8.60721 -9.39456e+06) (-2.6083 -2.60833 -9.50156e+06) (12.6444 12.6441 -9.61187e+06) (1.11511 1.11543 -9.72635e+06)
4450          (-23.0259 -23.0259 -1.1566e+07) (18.4435 18.4435 -8.82503e+06) (-13.1927 -13.1927 -8.9122e+06) (-33.1924 -33.1924 -9.00248e+06) (2.31973 2.31973 -9.09576e+06) (-8.72744 -8.72744 -9.19219e+06) (-27.3956 -27.3956 -9.29181e+06) (-8.60722 -8.60721 -9.39456e+06) (-2.6083 -2.60833 -9.50156e+06) (12.6444 12.6441 -9.61187e+06) (1.11511 1.11543 -9.72635e+06)
4500          (-23.0259 -23.0259 -1.1566e+07) (18.4435 18.4435 -8.82503e+06) (-13.1927 -13.1927 -8.9122e+06) (-33.1924 -33.1924 -9.00248e+06) (2.31973 2.31973 -9.09576e+06) (-8.72744 -8.72744 -9.19219e+06) (-27.3956 -27.3956 -9.29181e+06) (-8.60722 -8.60721 -9.39456e+06) (-2.6083 -2.60833 -9.50156e+06) (12.6444 12.6441 -9.61187e+06) (1.11511 1.11543 -9.72635e+06)
4550          (-23.0259 -23.0259 -1.1566e+07) (18.4435 18.4435 -8.82503e+06) (-13.1927 -13.1927 -8.9122e+06) (-33.1924 -33.1924 -9.00248e+06) (2.31973 2.31973 -9.09576e+06) (-8.72744 -8.72744 -9.19219e+06) (-27.3956 -27.3956 -9.29181e+06) (-8.60722 -8.60721 -9.39456e+06) (-2.6083 -2.60833 -9.50156e+06) (12.6444 12.6441 -9.61187e+06) (1.11511 1.11543 -9.72635e+06)
4600          (-23.0259 -23.0259 -1.1566e+07) (18.4435 18.4435 -8.82503e+06) (-13.1927 -13.1927 -8.9122e+06) (-33.1924 -33.1924 -9.00248e+06) (2.31973 2.31973 -9.09576e+06) (-8.72744 -8.72744 -9.19219e+06) (-27.3956 -27.3956 -9.29181e+06) (-8.60722 -8.60721 -9.39456e+06) (-2.6083 -2.60833 -9.50156e+06) (12.6444 12.6441 -9.61187e+06) (1.11511 1.11543 -9.72635e+06)
4650          (-23.0259 -23.0259 -1.1566e+07) (18.4435 18.4435 -8.82503e+06) (-13.1927 -13.1927 -8.9122e+06) (-33.1924 -33.1924 -9.00248e+06) (2.31973 2.31973 -9.09576e+06) (-8.72744 -8.72744 -9.19219e+06) (-27.3956 -27.3956 -9.29181e+06) (-8.60722 -8.60721 -9.39456e+06) (-2.6083 -2.60833 -9.50156e+06) (12.6444 12.6441 -9.61187e+06) (1.11511 1.11543 -9.72635e+06)
4700          (-23.0259 -23.0259 -1.1566e+07) (18.4435 18.4435 -8.82503e+06) (-13.1927 -13.1927 -8.9122e+06) (-33.1924 -33.1924 -9.00248e+06) (2.31973 2.31973 -9.09576e+06) (-8.72744 -8.72744 -9.19219e+06) (-27.3956 -27.3956 -9.29181e+06) (-8.60722 -8.60721 -9.39456e+06) (-2.6083 -2.60833 -9.50156e+06) (12.6444 12.6441 -9.61187e+06) (1.11511 1.11543 -9.72635e+06)
4750          (-23.0259 -23.0259 -1.1566e+07) (18.4435 18.4435 -8.82503e+06) (-13.1927 -13.1927 -8.9122e+06) (-33.1924 -33.1924 -9.00248e+06) (2.31973 2.31973 -9.09576e+06) (-8.72744 -8.72744 -9.19219e+06) (-27.3956 -27.3956 -9.29181e+06) (-8.60722 -8.60721 -9.39456e+06) (-2.6083 -2.60833 -9.50156e+06) (12.6444 12.6441 -9.61187e+06) (1.11511 1.11543 -9.72635e+06)
4800          (-23.0259 -23.0259 -1.1566e+07) (18.4435 18.4435 -8.82503e+06) (-13.1927 -13.1927 -8.9122e+06) (-33.1924 -33.1924 -9.00248e+06) (2.31973 2.31973 -9.09576e+06) (-8.72744 -8.72744 -9.19219e+06) (-27.3956 -27.3956 -9.29181e+06) (-8.60722 -8.60721 -9.39456e+06) (-2.6083 -2.60833 -9.50156e+06) (12.6444 12.6441 -9.61187e+06) (1.11511 1.11543 -9.72635e+06)
4850          (-23.0259 -23.0259 -1.1566e+07) (18.4435 18.4435 -8.82503e+06) (-13.1927 -13.1927 -8.9122e+06) (-33.1924 -33.1924 -9.00248e+06) (2.31973 2.31973 -9.09576e+06) (-8.72744 -8.72744 -9.19219e+06) (-27.3956 -27.3956 -9.29181e+06) (-8.60722 -8.60721 -9.39456e+06) (-2.6083 -2.60833 -9.50156e+06) (12.6444 12.6441 -9.61187e+06) (1.11511 1.11543 -9.72635e+06)
4900          (-23.0259 -23.0259 -1.1566e+07) (18.4435 18.4435 -8.82503e+06) (-13.1927 -13.1927 -8.9122e+06) (-33.1924 -33.1924 -9.00248e+06) (2.31973 2.31973 -9.09576e+06) (-8.72744 -8.72744 -9.19219e+06) (-27.3956 -27.3956 -9.29181e+06) (-8.60722 -8.60721 -9.39456e+06) (-2.6083 -2.60833 -9.50156e+06) (12.6444 12.6441 -9.61187e+06) (1.11511 1.11543 -9.72635e+06)
4950          (-23.0259 -23.0259 -1.1566e+07) (18.4435 18.4435 -8.82503e+06) (-13.1927 -13.1927 -8.9122e+06) (-33.1924 -33.1924 -9.00248e+06) (2.31973 2.31973 -9.09576e+06) (-8.72744 -8.72744 -9.19219e+06) (-27.3956 -27.3956 -9.29181e+06) (-8.60722 -8.60721 -9.39456e+06) (-2.6083 -2.60833 -9.50156e+06) (12.6444 12.6441 -9.61187e+06) (1.11511 1.11543 -9.72635e+06)
5000          (-23.0259 -23.0259 -1.1566e+07) (18.4435 18.4435 -8.82503e+06) (-13.1927 -13.1927 -8.9122e+06) (-33.1924 -33.1924 -9.00248e+06) (2.31973 2.31973 -9.09576e+06) (-8.72744 -8.72744 -9.19219e+06) (-27.3956 -27.3956 -9.29181e+06) (-8.60722 -8.60721 -9.39456e+06) (-2.6083 -2.60833 -9.50156e+06) (12.6444 12.6441 -9.61187e+06) (1.11511 1.11543 -9.72635e+06)
