# Probe 0 (0.0015 0.0015 0)
# Probe 1 (0.0015 0.0015 0.002)
# Probe 2 (0.0015 0.0015 0.004)
# Probe 3 (0.0015 0.0015 0.006)
# Probe 4 (0.0015 0.0015 0.008)
# Probe 5 (0.0015 0.0015 0.01)
# Probe 6 (0.0015 0.0015 0.012)
# Probe 7 (0.0015 0.0015 0.014)
# Probe 8 (0.0015 0.0015 0.016)
# Probe 9 (0.0015 0.0015 0.018)
# Probe 10 (0.0015 0.0015 0.02)
# Time        0             1             2             3             4             5             6             7             8             9             10           
50            (-0.0183377 -0.0183377 21704.7) (-0.052542 -0.052542 16563.7) (-0.0342512 -0.0342512 13148.8) (-0.0129705 -0.0129705 9055.43) (0.00185966 0.00185966 5589.22) (0.00725797 0.00725797 3378.58) (0.0110676 0.0110676 2423.43) (0.011337 0.011337 2530.13) (0.00992713 0.00992713 3538.28) (0.00941909 0.00941909 5312.11) (0.0010763 0.0010763 7590.98)
100           (-0.00160816 -0.00160816 16317.2) (-0.0137527 -0.0137527 12216.8) (-0.0132671 -0.0132671 11315.6) (-0.0148307 -0.0148307 9899.21) (-0.0122173 -0.0122173 8192.77) (-0.0078061 -0.0078061 6556.4) (-0.00305529 -0.00305529 5341.81) (0.000244687 0.000244687 4748.17) (0.00119795 0.00119795 4787.18) (0.00431256 0.00431256 5327.05) (0.00169091 0.00169091 6112.07)
150           (0.0137725 0.0137725 14169.7) (0.0193665 0.0193665 10248.6) (0.00880856 0.00880856 9933.15) (0.0121705 0.0121705 9362.45) (0.00894404 0.00894404 8584.57) (-0.00205376 -0.00205376 7698.31) (-0.00650726 -0.00650726 6845.99) (-0.00515959 -0.00515959 6178.5) (-0.00559248 -0.00559248 5800.5) (-0.0120817 -0.0120817 5732.28) (0.00394774 0.00394774 5899.16)
200           (-0.00177043 -0.00177043 13065.9) (-0.00759555 -0.00759555 9198.38) (-0.00537513 -0.00537513 9097.08) (0.0125482 0.0125482 8850.91) (0.00290611 0.00290611 8472.46) (0.0248723 0.0248723 7992.37) (0.00834166 0.00834166 7461.88) (0.00690833 0.00690833 6949.61) (0.00833032 0.00833032 6529.84) (-0.00690934 -0.00690935 6261.37) (0.000349915 0.000349914 6174.8)
250           (-0.000572993 -0.000572993 12412.6) (-0.00149544 -0.00149544 8563.07) (-0.0021444 -0.0021444 8558.05) (-0.00258263 -0.00258263 8461.86) (-0.00273321 -0.00273321 8277.27) (-0.00257149 -0.00257149 8014.9) (-0.00211951 -0.00211951 7694.65) (-0.00150347 -0.00150347 7347.88) (-0.00094839 -0.00094839 7015.73) (-0.000767517 -0.000767517 6747.89) (-0.0014861 -0.0014861 6602.05)
300           (-0.000369322 -0.000369322 11987.5) (-0.000538052 -0.000538052 8144.11) (-0.000594604 -0.000594604 8189.28) (-0.000611262 -0.000611262 8173.18) (-0.000553262 -0.000553262 8095.8) (-0.000416238 -0.000416238 7961.16) (-0.000206562 -0.000206562 7778.15) (5.28979e-05 5.28979e-05 7562.99) (0.000313337 0.000313337 7339.5) (0.000502024 0.000502024 7142.6) (0.000792631 0.000792631 7025.98)
350           (0.000900781 0.000900781 11693.7) (0.000174788 0.000174788 7852.24) (-0.000454122 -0.000454122 7927.05) (-0.000865074 -0.000865074 7959.3) (-0.00120446 -0.00120446 7948.34) (-0.00145093 -0.00145093 7895.95) (-0.00157646 -0.00157646 7806.81) (-0.00155305 -0.00155305 7690.65) (-0.00133682 -0.00133682 7562.54) (-0.000912889 -0.000912889 7446.74) (-0.000225511 -0.000225511 7385.26)
400           (-0.00388597 -0.00388597 11483.6) (-0.0032025 -0.0032025 7642.77) (-0.00450163 -0.00450163 7736.95) (-0.00570366 -0.00570366 7801.17) (-0.00653674 -0.00653674 7834.84) (-0.00702268 -0.00702268 7838.96) (-0.00706179 -0.00706179 7816.36) (-0.00642282 -0.00642282 7773.64) (-0.005538 -0.005538 7720.94) (-0.00363293 -0.00363293 7675.48) (0.00088211 0.00088211 7668.27)
450           (0.00153979 0.00153979 11331.2) (-0.00335334 -0.00335334 7490.13) (-0.00222345 -0.00222345 7598.23) (-0.00831526 -0.00831526 7684.43) (-0.00822223 -0.00822223 7749.76) (-0.0101807 -0.0101807 7794.16) (-0.0124452 -0.0124452 7819.43) (-0.0100649 -0.0100649 7831.12) (-0.0120435 -0.0120435 7835.24) (-0.00769679 -0.00769679 7845.26) (-0.00487008 -0.00487008 7882.75)
500           (-0.000679461 -0.000679461 11219.8) (-0.0037675 -0.0037675 7378.59) (0.00189692 0.00189692 7496.56) (-0.00220901 -0.00220901 7598.81) (-4.57802e-05 -4.57802e-05 7686.77) (0.000781334 0.000781334 7760.46) (-0.00105968 -0.00105968 7820.66) (0.00127291 0.00127291 7872.01) (-0.000299805 -0.000299805 7918.64) (0.000880422 0.000880422 7970.04) (0.00198843 0.00198843 8042.18)
550           (0.00121692 0.00121692 11138.2) (-0.00177136 -0.00177136 7297.26) (5.56749e-05 5.56749e-05 7421.98) (-0.00278855 -0.00278855 7536.27) (-0.00375268 -0.00375268 7640.58) (-0.00280057 -0.00280057 7735.61) (-0.00530071 -0.00530071 7821.43) (-0.00382597 -0.00382597 7901.66) (-0.00415445 -0.00415445 7979.52) (-0.00392114 -0.00392114 8061.42) (-0.00135666 -0.00135666 8159.41)
600           (-0.00192321 -0.00192321 11078.7) (-0.00102763 -0.00102763 7237.81) (0.000845415 0.000845415 7367.54) (0.00181712 0.00181712 7490.57) (0.00175813 0.00175813 7606.93) (0.00357393 0.00357393 7717.42) (0.00377229 0.00377229 7822.02) (0.0034473 0.0034473 7923.25) (0.00486759 0.0048676 8023.91) (0.00332265 0.00332265 8128.14) (0.00417917 0.00417917 8244.96)
650           (-0.00068949 -0.00068949 11035.4) (-0.00338285 -0.00338285 7194.25) (-0.000133527 -0.000133527 7328.06) (4.83228e-05 4.83228e-05 7457.33) (-0.00203571 -0.00203571 7582.38) (0.00132668 0.00132668 7704.45) (0.000225659 0.000225659 7822.46) (-0.000614799 -0.000614799 7939.09) (0.0025169 0.0025169 8056.35) (-3.84104e-06 -3.84185e-06 8176.69) (0.00239416 0.00239416 8307.3)
700           (0.00235574 0.00235574 11003.6) (-0.00221771 -0.00221771 7162.88) (-0.00242881 -0.00242881 7299.06) (0.00306452 0.00306452 7433.09) (-0.000466423 -0.000466423 7564.64) (-0.00115563 -0.00115563 7694.76) (0.00128699 0.00128699 7822.83) (0.00126735 0.00126734 7950.6) (0.00104265 0.00104265 8079.75) (-0.00111219 -0.00111218 8212.04) (-0.000533998 -0.000534003 8352.57)
750           (0.00125363 0.00125363 10980.7) (-0.00330947 -0.00330947 7139.83) (-6.55873e-05 -6.55873e-05 7278.37) (-0.00168016 -0.00168016 7415.38) (0.00093564 0.00093564 7551.89) (0.000516435 0.000516435 7687.95) (-0.00353917 -0.00353917 7823.04) (0.000120197 0.000120197 7959.2) (0.00051447 0.00051447 8096.74) (0.000313899 0.000313897 8237.72) (-0.0003445 -0.000344499 8385.46)
800           (-0.00966748 -0.00966749 10964) (-0.0130765 -0.0130765 7123.21) (-0.00393664 -0.00393664 7263.13) (-0.00791196 -0.00791196 7402.71) (-0.0111524 -0.0111524 7542.48) (-0.0034726 -0.0034726 7683.02) (-0.00493399 -0.00493399 7823.29) (-0.00353303 -0.00353302 7965.24) (-0.00179937 -0.00179938 8109.22) (0.00240567 0.00240566 8256.25) (0.0134395 0.0134395 8409.25)
850           (0.0042574 0.0042574 10952) (0.00583996 0.00583996 7111.3) (0.007205 0.007205 7252.11) (0.00726112 0.00726112 7393.47) (0.00712974 0.00712974 7535.8) (0.00749173 0.00749173 7679.28) (0.00503471 0.00503471 7823.43) (0.00448763 0.00448763 7969.63) (0.00138415 0.00138415 8118.03) (-0.00119892 -0.00119891 8269.7) (-0.00267699 -0.002677 8426.43)
900           (0.00267252 0.00267252 10943.5) (0.00424799 0.00424799 7103.35) (-0.00928967 -0.00928967 7244.41) (-0.00765713 -0.00765713 7387.13) (-0.00331811 -0.00331812 7531.23) (-0.00452398 -0.00452398 7676.58) (-0.00235532 -0.00235532 7823.59) (-0.00322714 -0.00322716 7972.5) (-0.00152234 -0.00152234 8124.21) (-0.0091415 -0.00914148 8278.97) (-0.0120754 -0.0120755 8438.39)
950           (-0.00334099 -0.00334099 10937.6) (-0.00377616 -0.00377616 7097.1) (0.00214113 0.00214113 7238.92) (-0.00113675 -0.00113675 7382.46) (-0.000692745 -0.000692746 7527.71) (0.000575272 0.000575278 7674.77) (-0.00175816 -0.00175817 7823.58) (0.000114856 0.000114866 7974.75) (-0.00157047 -0.00157047 8128.68) (0.000504526 0.0005045 8285.84) (0.00551187 0.00551191 8447.17)
1000          (-0.000259433 -0.000259433 10933.3) (-0.00108997 -0.00108997 7092.71) (0.000750537 0.000750537 7235.09) (-0.00138846 -0.00138846 7379.14) (-0.000994011 -0.000994013 7525.25) (0.000106487 0.00010649 7673.61) (-0.00344944 -0.00344944 7823.45) (0.000813958 0.000813959 7976.55) (-0.00296346 -0.00296346 8131.73) (8.7071e-05 8.70621e-05 8290.82) (-0.000101523 -0.000101513 8453.37)
1050          (0.00372028 0.00372027 10930.3) (0.00152295 0.00152294 7089.75) (-0.00224438 -0.00224438 7232.16) (0.000599409 0.000599399 7376.82) (-0.00180648 -0.00180647 7523.44) (-0.00204342 -0.00204343 7672.52) (-0.000146052 -0.000146044 7823.52) (-0.00152593 -0.00152593 7977.38) (-3.30024e-05 -3.303e-05 8134.1) (0.00194725 0.00194728 8294.03) (-0.00752001 -0.00752007 8457.83)
1100          (-0.00237715 -0.00237714 10928.4) (0.0024693 0.0024693 7087.8) (0.000127761 0.00012777 7230.35) (0.011997 0.011997 7375.28) (0.00166526 0.00166525 7522.24) (0.00688746 0.00688747 7671.9) (0.00793481 0.00793481 7823.38) (-0.00034838 -0.00034836 7978.11) (-0.00568464 -0.00568463 8135.49) (-0.00323033 -0.00323033 8296.31) (-0.00376183 -0.00376181 8460.73)
1150          (-0.00524124 -0.00524124 10926.7) (-0.00537738 -0.00537739 7086.1) (-0.00778217 -0.00778217 7228.98) (-0.00324201 -0.00324201 7373.91) (-0.00843131 -0.0084313 7521.47) (-0.0052572 -0.0052572 7671.33) (-0.00670375 -0.00670375 7823.5) (-0.00471995 -0.00471994 7978.8) (-0.000340193 -0.000340192 8136.7) (-0.000822149 -0.000822153 8298.32) (0.00474985 0.00474985 8463.24)
1200          (0.00169103 0.00169103 10925.8) (0.000156876 0.000156876 7085.16) (0.00135454 0.00135454 7228.08) (0.00273083 0.00273083 7373.16) (0.00310278 0.00310278 7520.87) (0.00425299 0.00425299 7670.98) (0.00481316 0.00481316 7823.41) (0.00658197 0.00658197 7979.09) (0.00483917 0.00483914 8137.29) (0.00636 0.00636018 8299.32) (0.00306124 0.00306119 8464.6)
1250          (0.00137843 0.00137843 10925.3) (0.00339819 0.00339819 7084.73) (0.00251484 0.00251484 7227.63) (0.00121362 0.00121362 7372.86) (0.00345553 0.00345553 7520.56) (0.00241775 0.00241775 7670.85) (0.00188347 0.00188347 7823.43) (0.00231261 0.00231261 7979.16) (-0.00083777 -0.000837778 8137.82) (2.93635e-05 2.95557e-05 8299.89) (-0.00197986 -0.00197994 8465.51)
1300          (0.0119875 0.0119875 10924.7) (-0.00960193 -0.00960193 7084.2) (0.00686828 0.00686828 7227.06) (0.0172804 0.0172804 7372.42) (-0.00120768 -0.00120768 7520.22) (0.00454361 0.00454361 7670.59) (0.0142625 0.0142625 7823.53) (0.00448103 0.00448102 7979.15) (0.00135791 0.00135793 8138.39) (-0.00658285 -0.00658268 8300.4) (-0.000580539 -0.000580707 8466.08)
1350          (0.0119875 0.0119875 10924.7) (-0.00960193 -0.00960193 7084.2) (0.00686828 0.00686828 7227.06) (0.0172804 0.0172804 7372.42) (-0.00120768 -0.00120768 7520.22) (0.00454361 0.00454361 7670.59) (0.0142625 0.0142625 7823.53) (0.00448103 0.00448102 7979.15) (0.00135791 0.00135793 8138.39) (-0.00658285 -0.00658268 8300.4) (-0.000580539 -0.000580707 8466.08)
1400          (0.0119875 0.0119875 10924.7) (-0.00960193 -0.00960193 7084.2) (0.00686828 0.00686828 7227.06) (0.0172804 0.0172804 7372.42) (-0.00120768 -0.00120768 7520.22) (0.00454361 0.00454361 7670.59) (0.0142625 0.0142625 7823.53) (0.00448103 0.00448102 7979.15) (0.00135791 0.00135793 8138.39) (-0.00658285 -0.00658268 8300.4) (-0.000580539 -0.000580707 8466.08)
1450          (0.0119875 0.0119875 10924.7) (-0.00960193 -0.00960193 7084.2) (0.00686828 0.00686828 7227.06) (0.0172804 0.0172804 7372.42) (-0.00120768 -0.00120768 7520.22) (0.00454361 0.00454361 7670.59) (0.0142625 0.0142625 7823.53) (0.00448103 0.00448102 7979.15) (0.00135791 0.00135793 8138.39) (-0.00658285 -0.00658268 8300.4) (-0.000580539 -0.000580707 8466.08)
1500          (0.0119875 0.0119875 10924.7) (-0.00960193 -0.00960193 7084.2) (0.00686828 0.00686828 7227.06) (0.0172804 0.0172804 7372.42) (-0.00120768 -0.00120768 7520.22) (0.00454361 0.00454361 7670.59) (0.0142625 0.0142625 7823.53) (0.00448103 0.00448102 7979.15) (0.00135791 0.00135793 8138.39) (-0.00658285 -0.00658268 8300.4) (-0.000580539 -0.000580707 8466.08)
1550          (0.0119875 0.0119875 10924.7) (-0.00960193 -0.00960193 7084.2) (0.00686828 0.00686828 7227.06) (0.0172804 0.0172804 7372.42) (-0.00120768 -0.00120768 7520.22) (0.00454361 0.00454361 7670.59) (0.0142625 0.0142625 7823.53) (0.00448103 0.00448102 7979.15) (0.00135791 0.00135793 8138.39) (-0.00658285 -0.00658268 8300.4) (-0.000580539 -0.000580707 8466.08)
1600          (0.0119875 0.0119875 10924.7) (-0.00960193 -0.00960193 7084.2) (0.00686828 0.00686828 7227.06) (0.0172804 0.0172804 7372.42) (-0.00120768 -0.00120768 7520.22) (0.00454361 0.00454361 7670.59) (0.0142625 0.0142625 7823.53) (0.00448103 0.00448102 7979.15) (0.00135791 0.00135793 8138.39) (-0.00658285 -0.00658268 8300.4) (-0.000580539 -0.000580707 8466.08)
1650          (0.0119875 0.0119875 10924.7) (-0.00960193 -0.00960193 7084.2) (0.00686828 0.00686828 7227.06) (0.0172804 0.0172804 7372.42) (-0.00120768 -0.00120768 7520.22) (0.00454361 0.00454361 7670.59) (0.0142625 0.0142625 7823.53) (0.00448103 0.00448102 7979.15) (0.00135791 0.00135793 8138.39) (-0.00658285 -0.00658268 8300.4) (-0.000580539 -0.000580707 8466.08)
1700          (0.0119875 0.0119875 10924.7) (-0.00960193 -0.00960193 7084.2) (0.00686828 0.00686828 7227.06) (0.0172804 0.0172804 7372.42) (-0.00120768 -0.00120768 7520.22) (0.00454361 0.00454361 7670.59) (0.0142625 0.0142625 7823.53) (0.00448103 0.00448102 7979.15) (0.00135791 0.00135793 8138.39) (-0.00658285 -0.00658268 8300.4) (-0.000580539 -0.000580707 8466.08)
1750          (0.0119875 0.0119875 10924.7) (-0.00960193 -0.00960193 7084.2) (0.00686828 0.00686828 7227.06) (0.0172804 0.0172804 7372.42) (-0.00120768 -0.00120768 7520.22) (0.00454361 0.00454361 7670.59) (0.0142625 0.0142625 7823.53) (0.00448103 0.00448102 7979.15) (0.00135791 0.00135793 8138.39) (-0.00658285 -0.00658268 8300.4) (-0.000580539 -0.000580707 8466.08)
1800          (0.0119875 0.0119875 10924.7) (-0.00960193 -0.00960193 7084.2) (0.00686828 0.00686828 7227.06) (0.0172804 0.0172804 7372.42) (-0.00120768 -0.00120768 7520.22) (0.00454361 0.00454361 7670.59) (0.0142625 0.0142625 7823.53) (0.00448103 0.00448102 7979.15) (0.00135791 0.00135793 8138.39) (-0.00658285 -0.00658268 8300.4) (-0.000580539 -0.000580707 8466.08)
1850          (0.0119875 0.0119875 10924.7) (-0.00960193 -0.00960193 7084.2) (0.00686828 0.00686828 7227.06) (0.0172804 0.0172804 7372.42) (-0.00120768 -0.00120768 7520.22) (0.00454361 0.00454361 7670.59) (0.0142625 0.0142625 7823.53) (0.00448103 0.00448102 7979.15) (0.00135791 0.00135793 8138.39) (-0.00658285 -0.00658268 8300.4) (-0.000580539 -0.000580707 8466.08)
1900          (0.0119875 0.0119875 10924.7) (-0.00960193 -0.00960193 7084.2) (0.00686828 0.00686828 7227.06) (0.0172804 0.0172804 7372.42) (-0.00120768 -0.00120768 7520.22) (0.00454361 0.00454361 7670.59) (0.0142625 0.0142625 7823.53) (0.00448103 0.00448102 7979.15) (0.00135791 0.00135793 8138.39) (-0.00658285 -0.00658268 8300.4) (-0.000580539 -0.000580707 8466.08)
1950          (0.0119875 0.0119875 10924.7) (-0.00960193 -0.00960193 7084.2) (0.00686828 0.00686828 7227.06) (0.0172804 0.0172804 7372.42) (-0.00120768 -0.00120768 7520.22) (0.00454361 0.00454361 7670.59) (0.0142625 0.0142625 7823.53) (0.00448103 0.00448102 7979.15) (0.00135791 0.00135793 8138.39) (-0.00658285 -0.00658268 8300.4) (-0.000580539 -0.000580707 8466.08)
2000          (0.0119875 0.0119875 10924.7) (-0.00960193 -0.00960193 7084.2) (0.00686828 0.00686828 7227.06) (0.0172804 0.0172804 7372.42) (-0.00120768 -0.00120768 7520.22) (0.00454361 0.00454361 7670.59) (0.0142625 0.0142625 7823.53) (0.00448103 0.00448102 7979.15) (0.00135791 0.00135793 8138.39) (-0.00658285 -0.00658268 8300.4) (-0.000580539 -0.000580707 8466.08)
2050          (0.0119875 0.0119875 10924.7) (-0.00960193 -0.00960193 7084.2) (0.00686828 0.00686828 7227.06) (0.0172804 0.0172804 7372.42) (-0.00120768 -0.00120768 7520.22) (0.00454361 0.00454361 7670.59) (0.0142625 0.0142625 7823.53) (0.00448103 0.00448102 7979.15) (0.00135791 0.00135793 8138.39) (-0.00658285 -0.00658268 8300.4) (-0.000580539 -0.000580707 8466.08)
2100          (0.0119875 0.0119875 10924.7) (-0.00960193 -0.00960193 7084.2) (0.00686828 0.00686828 7227.06) (0.0172804 0.0172804 7372.42) (-0.00120768 -0.00120768 7520.22) (0.00454361 0.00454361 7670.59) (0.0142625 0.0142625 7823.53) (0.00448103 0.00448102 7979.15) (0.00135791 0.00135793 8138.39) (-0.00658285 -0.00658268 8300.4) (-0.000580539 -0.000580707 8466.08)
2150          (0.0119875 0.0119875 10924.7) (-0.00960193 -0.00960193 7084.2) (0.00686828 0.00686828 7227.06) (0.0172804 0.0172804 7372.42) (-0.00120768 -0.00120768 7520.22) (0.00454361 0.00454361 7670.59) (0.0142625 0.0142625 7823.53) (0.00448103 0.00448102 7979.15) (0.00135791 0.00135793 8138.39) (-0.00658285 -0.00658268 8300.4) (-0.000580539 -0.000580707 8466.08)
2200          (0.0119875 0.0119875 10924.7) (-0.00960193 -0.00960193 7084.2) (0.00686828 0.00686828 7227.06) (0.0172804 0.0172804 7372.42) (-0.00120768 -0.00120768 7520.22) (0.00454361 0.00454361 7670.59) (0.0142625 0.0142625 7823.53) (0.00448103 0.00448102 7979.15) (0.00135791 0.00135793 8138.39) (-0.00658285 -0.00658268 8300.4) (-0.000580539 -0.000580707 8466.08)
2250          (0.0119875 0.0119875 10924.7) (-0.00960193 -0.00960193 7084.2) (0.00686828 0.00686828 7227.06) (0.0172804 0.0172804 7372.42) (-0.00120768 -0.00120768 7520.22) (0.00454361 0.00454361 7670.59) (0.0142625 0.0142625 7823.53) (0.00448103 0.00448102 7979.15) (0.00135791 0.00135793 8138.39) (-0.00658285 -0.00658268 8300.4) (-0.000580539 -0.000580707 8466.08)
2300          (0.0119875 0.0119875 10924.7) (-0.00960193 -0.00960193 7084.2) (0.00686828 0.00686828 7227.06) (0.0172804 0.0172804 7372.42) (-0.00120768 -0.00120768 7520.22) (0.00454361 0.00454361 7670.59) (0.0142625 0.0142625 7823.53) (0.00448103 0.00448102 7979.15) (0.00135791 0.00135793 8138.39) (-0.00658285 -0.00658268 8300.4) (-0.000580539 -0.000580707 8466.08)
2350          (0.0119875 0.0119875 10924.7) (-0.00960193 -0.00960193 7084.2) (0.00686828 0.00686828 7227.06) (0.0172804 0.0172804 7372.42) (-0.00120768 -0.00120768 7520.22) (0.00454361 0.00454361 7670.59) (0.0142625 0.0142625 7823.53) (0.00448103 0.00448102 7979.15) (0.00135791 0.00135793 8138.39) (-0.00658285 -0.00658268 8300.4) (-0.000580539 -0.000580707 8466.08)
2400          (0.0119875 0.0119875 10924.7) (-0.00960193 -0.00960193 7084.2) (0.00686828 0.00686828 7227.06) (0.0172804 0.0172804 7372.42) (-0.00120768 -0.00120768 7520.22) (0.00454361 0.00454361 7670.59) (0.0142625 0.0142625 7823.53) (0.00448103 0.00448102 7979.15) (0.00135791 0.00135793 8138.39) (-0.00658285 -0.00658268 8300.4) (-0.000580539 -0.000580707 8466.08)
2450          (0.0119875 0.0119875 10924.7) (-0.00960193 -0.00960193 7084.2) (0.00686828 0.00686828 7227.06) (0.0172804 0.0172804 7372.42) (-0.00120768 -0.00120768 7520.22) (0.00454361 0.00454361 7670.59) (0.0142625 0.0142625 7823.53) (0.00448103 0.00448102 7979.15) (0.00135791 0.00135793 8138.39) (-0.00658285 -0.00658268 8300.4) (-0.000580539 -0.000580707 8466.08)
2500          (0.0119875 0.0119875 10924.7) (-0.00960193 -0.00960193 7084.2) (0.00686828 0.00686828 7227.06) (0.0172804 0.0172804 7372.42) (-0.00120768 -0.00120768 7520.22) (0.00454361 0.00454361 7670.59) (0.0142625 0.0142625 7823.53) (0.00448103 0.00448102 7979.15) (0.00135791 0.00135793 8138.39) (-0.00658285 -0.00658268 8300.4) (-0.000580539 -0.000580707 8466.08)
2550          (0.0119875 0.0119875 10924.7) (-0.00960193 -0.00960193 7084.2) (0.00686828 0.00686828 7227.06) (0.0172804 0.0172804 7372.42) (-0.00120768 -0.00120768 7520.22) (0.00454361 0.00454361 7670.59) (0.0142625 0.0142625 7823.53) (0.00448103 0.00448102 7979.15) (0.00135791 0.00135793 8138.39) (-0.00658285 -0.00658268 8300.4) (-0.000580539 -0.000580707 8466.08)
2600          (0.0119875 0.0119875 10924.7) (-0.00960193 -0.00960193 7084.2) (0.00686828 0.00686828 7227.06) (0.0172804 0.0172804 7372.42) (-0.00120768 -0.00120768 7520.22) (0.00454361 0.00454361 7670.59) (0.0142625 0.0142625 7823.53) (0.00448103 0.00448102 7979.15) (0.00135791 0.00135793 8138.39) (-0.00658285 -0.00658268 8300.4) (-0.000580539 -0.000580707 8466.08)
2650          (0.0119875 0.0119875 10924.7) (-0.00960193 -0.00960193 7084.2) (0.00686828 0.00686828 7227.06) (0.0172804 0.0172804 7372.42) (-0.00120768 -0.00120768 7520.22) (0.00454361 0.00454361 7670.59) (0.0142625 0.0142625 7823.53) (0.00448103 0.00448102 7979.15) (0.00135791 0.00135793 8138.39) (-0.00658285 -0.00658268 8300.4) (-0.000580539 -0.000580707 8466.08)
2700          (0.0119875 0.0119875 10924.7) (-0.00960193 -0.00960193 7084.2) (0.00686828 0.00686828 7227.06) (0.0172804 0.0172804 7372.42) (-0.00120768 -0.00120768 7520.22) (0.00454361 0.00454361 7670.59) (0.0142625 0.0142625 7823.53) (0.00448103 0.00448102 7979.15) (0.00135791 0.00135793 8138.39) (-0.00658285 -0.00658268 8300.4) (-0.000580539 -0.000580707 8466.08)
2750          (0.0119875 0.0119875 10924.7) (-0.00960193 -0.00960193 7084.2) (0.00686828 0.00686828 7227.06) (0.0172804 0.0172804 7372.42) (-0.00120768 -0.00120768 7520.22) (0.00454361 0.00454361 7670.59) (0.0142625 0.0142625 7823.53) (0.00448103 0.00448102 7979.15) (0.00135791 0.00135793 8138.39) (-0.00658285 -0.00658268 8300.4) (-0.000580539 -0.000580707 8466.08)
2800          (0.0119875 0.0119875 10924.7) (-0.00960193 -0.00960193 7084.2) (0.00686828 0.00686828 7227.06) (0.0172804 0.0172804 7372.42) (-0.00120768 -0.00120768 7520.22) (0.00454361 0.00454361 7670.59) (0.0142625 0.0142625 7823.53) (0.00448103 0.00448102 7979.15) (0.00135791 0.00135793 8138.39) (-0.00658285 -0.00658268 8300.4) (-0.000580539 -0.000580707 8466.08)
2850          (0.0119875 0.0119875 10924.7) (-0.00960193 -0.00960193 7084.2) (0.00686828 0.00686828 7227.06) (0.0172804 0.0172804 7372.42) (-0.00120768 -0.00120768 7520.22) (0.00454361 0.00454361 7670.59) (0.0142625 0.0142625 7823.53) (0.00448103 0.00448102 7979.15) (0.00135791 0.00135793 8138.39) (-0.00658285 -0.00658268 8300.4) (-0.000580539 -0.000580707 8466.08)
2900          (0.0119875 0.0119875 10924.7) (-0.00960193 -0.00960193 7084.2) (0.00686828 0.00686828 7227.06) (0.0172804 0.0172804 7372.42) (-0.00120768 -0.00120768 7520.22) (0.00454361 0.00454361 7670.59) (0.0142625 0.0142625 7823.53) (0.00448103 0.00448102 7979.15) (0.00135791 0.00135793 8138.39) (-0.00658285 -0.00658268 8300.4) (-0.000580539 -0.000580707 8466.08)
2950          (0.0119875 0.0119875 10924.7) (-0.00960193 -0.00960193 7084.2) (0.00686828 0.00686828 7227.06) (0.0172804 0.0172804 7372.42) (-0.00120768 -0.00120768 7520.22) (0.00454361 0.00454361 7670.59) (0.0142625 0.0142625 7823.53) (0.00448103 0.00448102 7979.15) (0.00135791 0.00135793 8138.39) (-0.00658285 -0.00658268 8300.4) (-0.000580539 -0.000580707 8466.08)
3000          (0.0119875 0.0119875 10924.7) (-0.00960193 -0.00960193 7084.2) (0.00686828 0.00686828 7227.06) (0.0172804 0.0172804 7372.42) (-0.00120768 -0.00120768 7520.22) (0.00454361 0.00454361 7670.59) (0.0142625 0.0142625 7823.53) (0.00448103 0.00448102 7979.15) (0.00135791 0.00135793 8138.39) (-0.00658285 -0.00658268 8300.4) (-0.000580539 -0.000580707 8466.08)
3050          (0.0119875 0.0119875 10924.7) (-0.00960193 -0.00960193 7084.2) (0.00686828 0.00686828 7227.06) (0.0172804 0.0172804 7372.42) (-0.00120768 -0.00120768 7520.22) (0.00454361 0.00454361 7670.59) (0.0142625 0.0142625 7823.53) (0.00448103 0.00448102 7979.15) (0.00135791 0.00135793 8138.39) (-0.00658285 -0.00658268 8300.4) (-0.000580539 -0.000580707 8466.08)
3100          (0.0119875 0.0119875 10924.7) (-0.00960193 -0.00960193 7084.2) (0.00686828 0.00686828 7227.06) (0.0172804 0.0172804 7372.42) (-0.00120768 -0.00120768 7520.22) (0.00454361 0.00454361 7670.59) (0.0142625 0.0142625 7823.53) (0.00448103 0.00448102 7979.15) (0.00135791 0.00135793 8138.39) (-0.00658285 -0.00658268 8300.4) (-0.000580539 -0.000580707 8466.08)
3150          (0.0119875 0.0119875 10924.7) (-0.00960193 -0.00960193 7084.2) (0.00686828 0.00686828 7227.06) (0.0172804 0.0172804 7372.42) (-0.00120768 -0.00120768 7520.22) (0.00454361 0.00454361 7670.59) (0.0142625 0.0142625 7823.53) (0.00448103 0.00448102 7979.15) (0.00135791 0.00135793 8138.39) (-0.00658285 -0.00658268 8300.4) (-0.000580539 -0.000580707 8466.08)
3200          (0.0119875 0.0119875 10924.7) (-0.00960193 -0.00960193 7084.2) (0.00686828 0.00686828 7227.06) (0.0172804 0.0172804 7372.42) (-0.00120768 -0.00120768 7520.22) (0.00454361 0.00454361 7670.59) (0.0142625 0.0142625 7823.53) (0.00448103 0.00448102 7979.15) (0.00135791 0.00135793 8138.39) (-0.00658285 -0.00658268 8300.4) (-0.000580539 -0.000580707 8466.08)
3250          (0.0119875 0.0119875 10924.7) (-0.00960193 -0.00960193 7084.2) (0.00686828 0.00686828 7227.06) (0.0172804 0.0172804 7372.42) (-0.00120768 -0.00120768 7520.22) (0.00454361 0.00454361 7670.59) (0.0142625 0.0142625 7823.53) (0.00448103 0.00448102 7979.15) (0.00135791 0.00135793 8138.39) (-0.00658285 -0.00658268 8300.4) (-0.000580539 -0.000580707 8466.08)
3300          (0.0119875 0.0119875 10924.7) (-0.00960193 -0.00960193 7084.2) (0.00686828 0.00686828 7227.06) (0.0172804 0.0172804 7372.42) (-0.00120768 -0.00120768 7520.22) (0.00454361 0.00454361 7670.59) (0.0142625 0.0142625 7823.53) (0.00448103 0.00448102 7979.15) (0.00135791 0.00135793 8138.39) (-0.00658285 -0.00658268 8300.4) (-0.000580539 -0.000580707 8466.08)
3350          (0.0119875 0.0119875 10924.7) (-0.00960193 -0.00960193 7084.2) (0.00686828 0.00686828 7227.06) (0.0172804 0.0172804 7372.42) (-0.00120768 -0.00120768 7520.22) (0.00454361 0.00454361 7670.59) (0.0142625 0.0142625 7823.53) (0.00448103 0.00448102 7979.15) (0.00135791 0.00135793 8138.39) (-0.00658285 -0.00658268 8300.4) (-0.000580539 -0.000580707 8466.08)
3400          (0.0119875 0.0119875 10924.7) (-0.00960193 -0.00960193 7084.2) (0.00686828 0.00686828 7227.06) (0.0172804 0.0172804 7372.42) (-0.00120768 -0.00120768 7520.22) (0.00454361 0.00454361 7670.59) (0.0142625 0.0142625 7823.53) (0.00448103 0.00448102 7979.15) (0.00135791 0.00135793 8138.39) (-0.00658285 -0.00658268 8300.4) (-0.000580539 -0.000580707 8466.08)
3450          (0.0119875 0.0119875 10924.7) (-0.00960193 -0.00960193 7084.2) (0.00686828 0.00686828 7227.06) (0.0172804 0.0172804 7372.42) (-0.00120768 -0.00120768 7520.22) (0.00454361 0.00454361 7670.59) (0.0142625 0.0142625 7823.53) (0.00448103 0.00448102 7979.15) (0.00135791 0.00135793 8138.39) (-0.00658285 -0.00658268 8300.4) (-0.000580539 -0.000580707 8466.08)
3500          (0.0119875 0.0119875 10924.7) (-0.00960193 -0.00960193 7084.2) (0.00686828 0.00686828 7227.06) (0.0172804 0.0172804 7372.42) (-0.00120768 -0.00120768 7520.22) (0.00454361 0.00454361 7670.59) (0.0142625 0.0142625 7823.53) (0.00448103 0.00448102 7979.15) (0.00135791 0.00135793 8138.39) (-0.00658285 -0.00658268 8300.4) (-0.000580539 -0.000580707 8466.08)
3550          (0.0119875 0.0119875 10924.7) (-0.00960193 -0.00960193 7084.2) (0.00686828 0.00686828 7227.06) (0.0172804 0.0172804 7372.42) (-0.00120768 -0.00120768 7520.22) (0.00454361 0.00454361 7670.59) (0.0142625 0.0142625 7823.53) (0.00448103 0.00448102 7979.15) (0.00135791 0.00135793 8138.39) (-0.00658285 -0.00658268 8300.4) (-0.000580539 -0.000580707 8466.08)
3600          (0.0119875 0.0119875 10924.7) (-0.00960193 -0.00960193 7084.2) (0.00686828 0.00686828 7227.06) (0.0172804 0.0172804 7372.42) (-0.00120768 -0.00120768 7520.22) (0.00454361 0.00454361 7670.59) (0.0142625 0.0142625 7823.53) (0.00448103 0.00448102 7979.15) (0.00135791 0.00135793 8138.39) (-0.00658285 -0.00658268 8300.4) (-0.000580539 -0.000580707 8466.08)
3650          (0.0119875 0.0119875 10924.7) (-0.00960193 -0.00960193 7084.2) (0.00686828 0.00686828 7227.06) (0.0172804 0.0172804 7372.42) (-0.00120768 -0.00120768 7520.22) (0.00454361 0.00454361 7670.59) (0.0142625 0.0142625 7823.53) (0.00448103 0.00448102 7979.15) (0.00135791 0.00135793 8138.39) (-0.00658285 -0.00658268 8300.4) (-0.000580539 -0.000580707 8466.08)
3700          (0.0119875 0.0119875 10924.7) (-0.00960193 -0.00960193 7084.2) (0.00686828 0.00686828 7227.06) (0.0172804 0.0172804 7372.42) (-0.00120768 -0.00120768 7520.22) (0.00454361 0.00454361 7670.59) (0.0142625 0.0142625 7823.53) (0.00448103 0.00448102 7979.15) (0.00135791 0.00135793 8138.39) (-0.00658285 -0.00658268 8300.4) (-0.000580539 -0.000580707 8466.08)
3750          (0.0119875 0.0119875 10924.7) (-0.00960193 -0.00960193 7084.2) (0.00686828 0.00686828 7227.06) (0.0172804 0.0172804 7372.42) (-0.00120768 -0.00120768 7520.22) (0.00454361 0.00454361 7670.59) (0.0142625 0.0142625 7823.53) (0.00448103 0.00448102 7979.15) (0.00135791 0.00135793 8138.39) (-0.00658285 -0.00658268 8300.4) (-0.000580539 -0.000580707 8466.08)
3800          (0.0119875 0.0119875 10924.7) (-0.00960193 -0.00960193 7084.2) (0.00686828 0.00686828 7227.06) (0.0172804 0.0172804 7372.42) (-0.00120768 -0.00120768 7520.22) (0.00454361 0.00454361 7670.59) (0.0142625 0.0142625 7823.53) (0.00448103 0.00448102 7979.15) (0.00135791 0.00135793 8138.39) (-0.00658285 -0.00658268 8300.4) (-0.000580539 -0.000580707 8466.08)
3850          (0.0119875 0.0119875 10924.7) (-0.00960193 -0.00960193 7084.2) (0.00686828 0.00686828 7227.06) (0.0172804 0.0172804 7372.42) (-0.00120768 -0.00120768 7520.22) (0.00454361 0.00454361 7670.59) (0.0142625 0.0142625 7823.53) (0.00448103 0.00448102 7979.15) (0.00135791 0.00135793 8138.39) (-0.00658285 -0.00658268 8300.4) (-0.000580539 -0.000580707 8466.08)
3900          (0.0119875 0.0119875 10924.7) (-0.00960193 -0.00960193 7084.2) (0.00686828 0.00686828 7227.06) (0.0172804 0.0172804 7372.42) (-0.00120768 -0.00120768 7520.22) (0.00454361 0.00454361 7670.59) (0.0142625 0.0142625 7823.53) (0.00448103 0.00448102 7979.15) (0.00135791 0.00135793 8138.39) (-0.00658285 -0.00658268 8300.4) (-0.000580539 -0.000580707 8466.08)
3950          (0.0119875 0.0119875 10924.7) (-0.00960193 -0.00960193 7084.2) (0.00686828 0.00686828 7227.06) (0.0172804 0.0172804 7372.42) (-0.00120768 -0.00120768 7520.22) (0.00454361 0.00454361 7670.59) (0.0142625 0.0142625 7823.53) (0.00448103 0.00448102 7979.15) (0.00135791 0.00135793 8138.39) (-0.00658285 -0.00658268 8300.4) (-0.000580539 -0.000580707 8466.08)
4000          (0.0119875 0.0119875 10924.7) (-0.00960193 -0.00960193 7084.2) (0.00686828 0.00686828 7227.06) (0.0172804 0.0172804 7372.42) (-0.00120768 -0.00120768 7520.22) (0.00454361 0.00454361 7670.59) (0.0142625 0.0142625 7823.53) (0.00448103 0.00448102 7979.15) (0.00135791 0.00135793 8138.39) (-0.00658285 -0.00658268 8300.4) (-0.000580539 -0.000580707 8466.08)
4050          (0.0119875 0.0119875 10924.7) (-0.00960193 -0.00960193 7084.2) (0.00686828 0.00686828 7227.06) (0.0172804 0.0172804 7372.42) (-0.00120768 -0.00120768 7520.22) (0.00454361 0.00454361 7670.59) (0.0142625 0.0142625 7823.53) (0.00448103 0.00448102 7979.15) (0.00135791 0.00135793 8138.39) (-0.00658285 -0.00658268 8300.4) (-0.000580539 -0.000580707 8466.08)
4100          (0.0119875 0.0119875 10924.7) (-0.00960193 -0.00960193 7084.2) (0.00686828 0.00686828 7227.06) (0.0172804 0.0172804 7372.42) (-0.00120768 -0.00120768 7520.22) (0.00454361 0.00454361 7670.59) (0.0142625 0.0142625 7823.53) (0.00448103 0.00448102 7979.15) (0.00135791 0.00135793 8138.39) (-0.00658285 -0.00658268 8300.4) (-0.000580539 -0.000580707 8466.08)
4150          (0.0119875 0.0119875 10924.7) (-0.00960193 -0.00960193 7084.2) (0.00686828 0.00686828 7227.06) (0.0172804 0.0172804 7372.42) (-0.00120768 -0.00120768 7520.22) (0.00454361 0.00454361 7670.59) (0.0142625 0.0142625 7823.53) (0.00448103 0.00448102 7979.15) (0.00135791 0.00135793 8138.39) (-0.00658285 -0.00658268 8300.4) (-0.000580539 -0.000580707 8466.08)
4200          (0.0119875 0.0119875 10924.7) (-0.00960193 -0.00960193 7084.2) (0.00686828 0.00686828 7227.06) (0.0172804 0.0172804 7372.42) (-0.00120768 -0.00120768 7520.22) (0.00454361 0.00454361 7670.59) (0.0142625 0.0142625 7823.53) (0.00448103 0.00448102 7979.15) (0.00135791 0.00135793 8138.39) (-0.00658285 -0.00658268 8300.4) (-0.000580539 -0.000580707 8466.08)
4250          (0.0119875 0.0119875 10924.7) (-0.00960193 -0.00960193 7084.2) (0.00686828 0.00686828 7227.06) (0.0172804 0.0172804 7372.42) (-0.00120768 -0.00120768 7520.22) (0.00454361 0.00454361 7670.59) (0.0142625 0.0142625 7823.53) (0.00448103 0.00448102 7979.15) (0.00135791 0.00135793 8138.39) (-0.00658285 -0.00658268 8300.4) (-0.000580539 -0.000580707 8466.08)
4300          (0.0119875 0.0119875 10924.7) (-0.00960193 -0.00960193 7084.2) (0.00686828 0.00686828 7227.06) (0.0172804 0.0172804 7372.42) (-0.00120768 -0.00120768 7520.22) (0.00454361 0.00454361 7670.59) (0.0142625 0.0142625 7823.53) (0.00448103 0.00448102 7979.15) (0.00135791 0.00135793 8138.39) (-0.00658285 -0.00658268 8300.4) (-0.000580539 -0.000580707 8466.08)
4350          (0.0119875 0.0119875 10924.7) (-0.00960193 -0.00960193 7084.2) (0.00686828 0.00686828 7227.06) (0.0172804 0.0172804 7372.42) (-0.00120768 -0.00120768 7520.22) (0.00454361 0.00454361 7670.59) (0.0142625 0.0142625 7823.53) (0.00448103 0.00448102 7979.15) (0.00135791 0.00135793 8138.39) (-0.00658285 -0.00658268 8300.4) (-0.000580539 -0.000580707 8466.08)
4400          (0.0119875 0.0119875 10924.7) (-0.00960193 -0.00960193 7084.2) (0.00686828 0.00686828 7227.06) (0.0172804 0.0172804 7372.42) (-0.00120768 -0.00120768 7520.22) (0.00454361 0.00454361 7670.59) (0.0142625 0.0142625 7823.53) (0.00448103 0.00448102 7979.15) (0.00135791 0.00135793 8138.39) (-0.00658285 -0.00658268 8300.4) (-0.000580539 -0.000580707 8466.08)
4450          (0.0119875 0.0119875 10924.7) (-0.00960193 -0.00960193 7084.2) (0.00686828 0.00686828 7227.06) (0.0172804 0.0172804 7372.42) (-0.00120768 -0.00120768 7520.22) (0.00454361 0.00454361 7670.59) (0.0142625 0.0142625 7823.53) (0.00448103 0.00448102 7979.15) (0.00135791 0.00135793 8138.39) (-0.00658285 -0.00658268 8300.4) (-0.000580539 -0.000580707 8466.08)
4500          (0.0119875 0.0119875 10924.7) (-0.00960193 -0.00960193 7084.2) (0.00686828 0.00686828 7227.06) (0.0172804 0.0172804 7372.42) (-0.00120768 -0.00120768 7520.22) (0.00454361 0.00454361 7670.59) (0.0142625 0.0142625 7823.53) (0.00448103 0.00448102 7979.15) (0.00135791 0.00135793 8138.39) (-0.00658285 -0.00658268 8300.4) (-0.000580539 -0.000580707 8466.08)
4550          (0.0119875 0.0119875 10924.7) (-0.00960193 -0.00960193 7084.2) (0.00686828 0.00686828 7227.06) (0.0172804 0.0172804 7372.42) (-0.00120768 -0.00120768 7520.22) (0.00454361 0.00454361 7670.59) (0.0142625 0.0142625 7823.53) (0.00448103 0.00448102 7979.15) (0.00135791 0.00135793 8138.39) (-0.00658285 -0.00658268 8300.4) (-0.000580539 -0.000580707 8466.08)
4600          (0.0119875 0.0119875 10924.7) (-0.00960193 -0.00960193 7084.2) (0.00686828 0.00686828 7227.06) (0.0172804 0.0172804 7372.42) (-0.00120768 -0.00120768 7520.22) (0.00454361 0.00454361 7670.59) (0.0142625 0.0142625 7823.53) (0.00448103 0.00448102 7979.15) (0.00135791 0.00135793 8138.39) (-0.00658285 -0.00658268 8300.4) (-0.000580539 -0.000580707 8466.08)
4650          (0.0119875 0.0119875 10924.7) (-0.00960193 -0.00960193 7084.2) (0.00686828 0.00686828 7227.06) (0.0172804 0.0172804 7372.42) (-0.00120768 -0.00120768 7520.22) (0.00454361 0.00454361 7670.59) (0.0142625 0.0142625 7823.53) (0.00448103 0.00448102 7979.15) (0.00135791 0.00135793 8138.39) (-0.00658285 -0.00658268 8300.4) (-0.000580539 -0.000580707 8466.08)
4700          (0.0119875 0.0119875 10924.7) (-0.00960193 -0.00960193 7084.2) (0.00686828 0.00686828 7227.06) (0.0172804 0.0172804 7372.42) (-0.00120768 -0.00120768 7520.22) (0.00454361 0.00454361 7670.59) (0.0142625 0.0142625 7823.53) (0.00448103 0.00448102 7979.15) (0.00135791 0.00135793 8138.39) (-0.00658285 -0.00658268 8300.4) (-0.000580539 -0.000580707 8466.08)
4750          (0.0119875 0.0119875 10924.7) (-0.00960193 -0.00960193 7084.2) (0.00686828 0.00686828 7227.06) (0.0172804 0.0172804 7372.42) (-0.00120768 -0.00120768 7520.22) (0.00454361 0.00454361 7670.59) (0.0142625 0.0142625 7823.53) (0.00448103 0.00448102 7979.15) (0.00135791 0.00135793 8138.39) (-0.00658285 -0.00658268 8300.4) (-0.000580539 -0.000580707 8466.08)
4800          (0.0119875 0.0119875 10924.7) (-0.00960193 -0.00960193 7084.2) (0.00686828 0.00686828 7227.06) (0.0172804 0.0172804 7372.42) (-0.00120768 -0.00120768 7520.22) (0.00454361 0.00454361 7670.59) (0.0142625 0.0142625 7823.53) (0.00448103 0.00448102 7979.15) (0.00135791 0.00135793 8138.39) (-0.00658285 -0.00658268 8300.4) (-0.000580539 -0.000580707 8466.08)
4850          (0.0119875 0.0119875 10924.7) (-0.00960193 -0.00960193 7084.2) (0.00686828 0.00686828 7227.06) (0.0172804 0.0172804 7372.42) (-0.00120768 -0.00120768 7520.22) (0.00454361 0.00454361 7670.59) (0.0142625 0.0142625 7823.53) (0.00448103 0.00448102 7979.15) (0.00135791 0.00135793 8138.39) (-0.00658285 -0.00658268 8300.4) (-0.000580539 -0.000580707 8466.08)
4900          (0.0119875 0.0119875 10924.7) (-0.00960193 -0.00960193 7084.2) (0.00686828 0.00686828 7227.06) (0.0172804 0.0172804 7372.42) (-0.00120768 -0.00120768 7520.22) (0.00454361 0.00454361 7670.59) (0.0142625 0.0142625 7823.53) (0.00448103 0.00448102 7979.15) (0.00135791 0.00135793 8138.39) (-0.00658285 -0.00658268 8300.4) (-0.000580539 -0.000580707 8466.08)
4950          (0.0119875 0.0119875 10924.7) (-0.00960193 -0.00960193 7084.2) (0.00686828 0.00686828 7227.06) (0.0172804 0.0172804 7372.42) (-0.00120768 -0.00120768 7520.22) (0.00454361 0.00454361 7670.59) (0.0142625 0.0142625 7823.53) (0.00448103 0.00448102 7979.15) (0.00135791 0.00135793 8138.39) (-0.00658285 -0.00658268 8300.4) (-0.000580539 -0.000580707 8466.08)
5000          (0.0119875 0.0119875 10924.7) (-0.00960193 -0.00960193 7084.2) (0.00686828 0.00686828 7227.06) (0.0172804 0.0172804 7372.42) (-0.00120768 -0.00120768 7520.22) (0.00454361 0.00454361 7670.59) (0.0142625 0.0142625 7823.53) (0.00448103 0.00448102 7979.15) (0.00135791 0.00135793 8138.39) (-0.00658285 -0.00658268 8300.4) (-0.000580539 -0.000580707 8466.08)
