# Probe 0 (0.0015 0.0015 0)
# Probe 1 (0.0015 0.0015 0.002)
# Probe 2 (0.0015 0.0015 0.004)
# Probe 3 (0.0015 0.0015 0.006)
# Probe 4 (0.0015 0.0015 0.008)
# Probe 5 (0.0015 0.0015 0.01)
# Probe 6 (0.0015 0.0015 0.012)
# Probe 7 (0.0015 0.0015 0.014)
# Probe 8 (0.0015 0.0015 0.016)
# Probe 9 (0.0015 0.0015 0.018)
# Probe 10 (0.0015 0.0015 0.02)
# Time        0             1             2             3             4             5             6             7             8             9             10           
50            0.000675117   0.000675117   0.000675117   0.000675117   0.000675117   0.000675117   0.00065632    0.00065632    0.00065632    0.00065632    0.00065632   
100           0.000675117   0.000675117   0.000675117   0.000675117   0.000675117   0.000675117   0.00065632    0.00065632    0.00065632    0.00065632    0.00065632   
150           0.000675117   0.000675117   0.000675117   0.000675117   0.000675117   0.000675117   0.00065632    0.00065632    0.00065632    0.00065632    0.00065632   
200           0.000675117   0.000675117   0.000675117   0.000675117   0.000675117   0.000675117   0.00065632    0.00065632    0.00065632    0.00065632    0.00065632   
250           0.000675117   0.000675117   0.000675117   0.000675117   0.000675117   0.000675117   0.00065632    0.00065632    0.00065632    0.00065632    0.00065632   
300           0.000675117   0.000675117   0.000675117   0.000675117   0.000675117   0.000675117   0.00065632    0.00065632    0.00065632    0.00065632    0.00065632   
350           0.000675117   0.000675117   0.000675117   0.000675117   0.000675117   0.000675117   0.00065632    0.00065632    0.00065632    0.00065632    0.00065632   
400           0.000675117   0.000675117   0.000675117   0.000675117   0.000675117   0.000675117   0.00065632    0.00065632    0.00065632    0.00065632    0.00065632   
450           0.000675117   0.000675117   0.000675117   0.000675117   0.000675117   0.000675117   0.00065632    0.00065632    0.00065632    0.00065632    0.00065632   
500           0.000675117   0.000675117   0.000675117   0.000675117   0.000675117   0.000675117   0.00065632    0.00065632    0.00065632    0.00065632    0.00065632   
550           0.000675117   0.000675117   0.000675117   0.000675117   0.000675117   0.000675117   0.00065632    0.00065632    0.00065632    0.00065632    0.00065632   
600           0.000675117   0.000675117   0.000675117   0.000675117   0.000675117   0.000675117   0.00065632    0.00065632    0.00065632    0.00065632    0.00065632   
650           0.000675117   0.000675117   0.000675117   0.000675117   0.000675117   0.000675117   0.00065632    0.00065632    0.00065632    0.00065632    0.00065632   
700           0.000675117   0.000675117   0.000675117   0.000675117   0.000675117   0.000675117   0.00065632    0.00065632    0.00065632    0.00065632    0.00065632   
750           0.000675117   0.000675117   0.000675117   0.000675117   0.000675117   0.000675117   0.00065632    0.00065632    0.00065632    0.00065632    0.00065632   
800           0.000675117   0.000675117   0.000675117   0.000675117   0.000675117   0.000675117   0.00065632    0.00065632    0.00065632    0.00065632    0.00065632   
850           0.000675117   0.000675117   0.000675117   0.000675117   0.000675117   0.000675117   0.00065632    0.00065632    0.00065632    0.00065632    0.00065632   
900           0.000675117   0.000675117   0.000675117   0.000675117   0.000675117   0.000675117   0.00065632    0.00065632    0.00065632    0.00065632    0.00065632   
950           0.000675117   0.000675117   0.000675117   0.000675117   0.000675117   0.000675117   0.00065632    0.00065632    0.00065632    0.00065632    0.00065632   
1000          0.000675117   0.000675117   0.000675117   0.000675117   0.000675117   0.000675117   0.00065632    0.00065632    0.00065632    0.00065632    0.00065632   
1050          0.000675117   0.000675117   0.000675117   0.000675117   0.000675117   0.000675117   0.00065632    0.00065632    0.00065632    0.00065632    0.00065632   
1100          0.000675117   0.000675117   0.000675117   0.000675117   0.000675117   0.000675117   0.00065632    0.00065632    0.00065632    0.00065632    0.00065632   
1150          0.000675117   0.000675117   0.000675117   0.000675117   0.000675117   0.000675117   0.00065632    0.00065632    0.00065632    0.00065632    0.00065632   
1200          0.000675117   0.000675117   0.000675117   0.000675117   0.000675117   0.000675117   0.00065632    0.00065632    0.00065632    0.00065632    0.00065632   
1250          0.000675117   0.000675117   0.000675117   0.000675117   0.000675117   0.000675117   0.00065632    0.00065632    0.00065632    0.00065632    0.00065632   
1300          0.000675117   0.000675117   0.000675117   0.000675117   0.000675117   0.000675117   0.00065632    0.00065632    0.00065632    0.00065632    0.00065632   
1350          0.000675117   0.000675117   0.000675117   0.000675117   0.000675117   0.000675117   0.00065632    0.00065632    0.00065632    0.00065632    0.00065632   
1400          0.000675117   0.000675117   0.000675117   0.000675117   0.000675117   0.000675117   0.00065632    0.00065632    0.00065632    0.00065632    0.00065632   
1450          0.000675117   0.000675117   0.000675117   0.000675117   0.000675117   0.000675117   0.00065632    0.00065632    0.00065632    0.00065632    0.00065632   
1500          0.000675117   0.000675117   0.000675117   0.000675117   0.000675117   0.000675117   0.00065632    0.00065632    0.00065632    0.00065632    0.00065632   
1550          0.000675117   0.000675117   0.000675117   0.000675117   0.000675117   0.000675117   0.00065632    0.00065632    0.00065632    0.00065632    0.00065632   
1600          0.000675117   0.000675117   0.000675117   0.000675117   0.000675117   0.000675117   0.00065632    0.00065632    0.00065632    0.00065632    0.00065632   
1650          0.000675117   0.000675117   0.000675117   0.000675117   0.000675117   0.000675117   0.00065632    0.00065632    0.00065632    0.00065632    0.00065632   
1700          0.000675117   0.000675117   0.000675117   0.000675117   0.000675117   0.000675117   0.00065632    0.00065632    0.00065632    0.00065632    0.00065632   
1750          0.000675117   0.000675117   0.000675117   0.000675117   0.000675117   0.000675117   0.00065632    0.00065632    0.00065632    0.00065632    0.00065632   
1800          0.000675117   0.000675117   0.000675117   0.000675117   0.000675117   0.000675117   0.00065632    0.00065632    0.00065632    0.00065632    0.00065632   
1850          0.000675117   0.000675117   0.000675117   0.000675117   0.000675117   0.000675117   0.00065632    0.00065632    0.00065632    0.00065632    0.00065632   
1900          0.000675117   0.000675117   0.000675117   0.000675117   0.000675117   0.000675117   0.00065632    0.00065632    0.00065632    0.00065632    0.00065632   
1950          0.000675117   0.000675117   0.000675117   0.000675117   0.000675117   0.000675117   0.00065632    0.00065632    0.00065632    0.00065632    0.00065632   
2000          0.000675117   0.000675117   0.000675117   0.000675117   0.000675117   0.000675117   0.00065632    0.00065632    0.00065632    0.00065632    0.00065632   
2050          0.000675117   0.000675117   0.000675117   0.000675117   0.000675117   0.000675117   0.00065632    0.00065632    0.00065632    0.00065632    0.00065632   
2100          0.000675117   0.000675117   0.000675117   0.000675117   0.000675117   0.000675117   0.00065632    0.00065632    0.00065632    0.00065632    0.00065632   
2150          0.000675117   0.000675117   0.000675117   0.000675117   0.000675117   0.000675117   0.00065632    0.00065632    0.00065632    0.00065632    0.00065632   
2200          0.000675117   0.000675117   0.000675117   0.000675117   0.000675117   0.000675117   0.00065632    0.00065632    0.00065632    0.00065632    0.00065632   
2250          0.000675117   0.000675117   0.000675117   0.000675117   0.000675117   0.000675117   0.00065632    0.00065632    0.00065632    0.00065632    0.00065632   
2300          0.000675117   0.000675117   0.000675117   0.000675117   0.000675117   0.000675117   0.00065632    0.00065632    0.00065632    0.00065632    0.00065632   
2350          0.000675117   0.000675117   0.000675117   0.000675117   0.000675117   0.000675117   0.00065632    0.00065632    0.00065632    0.00065632    0.00065632   
2400          0.000675117   0.000675117   0.000675117   0.000675117   0.000675117   0.000675117   0.00065632    0.00065632    0.00065632    0.00065632    0.00065632   
2450          0.000675117   0.000675117   0.000675117   0.000675117   0.000675117   0.000675117   0.00065632    0.00065632    0.00065632    0.00065632    0.00065632   
2500          0.000675117   0.000675117   0.000675117   0.000675117   0.000675117   0.000675117   0.00065632    0.00065632    0.00065632    0.00065632    0.00065632   
2550          0.000675117   0.000675117   0.000675117   0.000675117   0.000675117   0.000675117   0.00065632    0.00065632    0.00065632    0.00065632    0.00065632   
2600          0.000675117   0.000675117   0.000675117   0.000675117   0.000675117   0.000675117   0.00065632    0.00065632    0.00065632    0.00065632    0.00065632   
2650          0.000675117   0.000675117   0.000675117   0.000675117   0.000675117   0.000675117   0.00065632    0.00065632    0.00065632    0.00065632    0.00065632   
2700          0.000675117   0.000675117   0.000675117   0.000675117   0.000675117   0.000675117   0.00065632    0.00065632    0.00065632    0.00065632    0.00065632   
2750          0.000675117   0.000675117   0.000675117   0.000675117   0.000675117   0.000675117   0.00065632    0.00065632    0.00065632    0.00065632    0.00065632   
2800          0.000675117   0.000675117   0.000675117   0.000675117   0.000675117   0.000675117   0.00065632    0.00065632    0.00065632    0.00065632    0.00065632   
2850          0.000675117   0.000675117   0.000675117   0.000675117   0.000675117   0.000675117   0.00065632    0.00065632    0.00065632    0.00065632    0.00065632   
2900          0.000675117   0.000675117   0.000675117   0.000675117   0.000675117   0.000675117   0.00065632    0.00065632    0.00065632    0.00065632    0.00065632   
2950          0.000675117   0.000675117   0.000675117   0.000675117   0.000675117   0.000675117   0.00065632    0.00065632    0.00065632    0.00065632    0.00065632   
3000          0.000675117   0.000675117   0.000675117   0.000675117   0.000675117   0.000675117   0.00065632    0.00065632    0.00065632    0.00065632    0.00065632   
3050          0.000675117   0.000675117   0.000675117   0.000675117   0.000675117   0.000675117   0.00065632    0.00065632    0.00065632    0.00065632    0.00065632   
3100          0.000675117   0.000675117   0.000675117   0.000675117   0.000675117   0.000675117   0.00065632    0.00065632    0.00065632    0.00065632    0.00065632   
3150          0.000675117   0.000675117   0.000675117   0.000675117   0.000675117   0.000675117   0.00065632    0.00065632    0.00065632    0.00065632    0.00065632   
3200          0.000675117   0.000675117   0.000675117   0.000675117   0.000675117   0.000675117   0.00065632    0.00065632    0.00065632    0.00065632    0.00065632   
3250          0.000675117   0.000675117   0.000675117   0.000675117   0.000675117   0.000675117   0.00065632    0.00065632    0.00065632    0.00065632    0.00065632   
3300          0.000675117   0.000675117   0.000675117   0.000675117   0.000675117   0.000675117   0.00065632    0.00065632    0.00065632    0.00065632    0.00065632   
3350          0.000675117   0.000675117   0.000675117   0.000675117   0.000675117   0.000675117   0.00065632    0.00065632    0.00065632    0.00065632    0.00065632   
3400          0.000675117   0.000675117   0.000675117   0.000675117   0.000675117   0.000675117   0.00065632    0.00065632    0.00065632    0.00065632    0.00065632   
3450          0.000675117   0.000675117   0.000675117   0.000675117   0.000675117   0.000675117   0.00065632    0.00065632    0.00065632    0.00065632    0.00065632   
3500          0.000675117   0.000675117   0.000675117   0.000675117   0.000675117   0.000675117   0.00065632    0.00065632    0.00065632    0.00065632    0.00065632   
3550          0.000675117   0.000675117   0.000675117   0.000675117   0.000675117   0.000675117   0.00065632    0.00065632    0.00065632    0.00065632    0.00065632   
3600          0.000675117   0.000675117   0.000675117   0.000675117   0.000675117   0.000675117   0.00065632    0.00065632    0.00065632    0.00065632    0.00065632   
3650          0.000675117   0.000675117   0.000675117   0.000675117   0.000675117   0.000675117   0.00065632    0.00065632    0.00065632    0.00065632    0.00065632   
3700          0.000675117   0.000675117   0.000675117   0.000675117   0.000675117   0.000675117   0.00065632    0.00065632    0.00065632    0.00065632    0.00065632   
3750          0.000675117   0.000675117   0.000675117   0.000675117   0.000675117   0.000675117   0.00065632    0.00065632    0.00065632    0.00065632    0.00065632   
3800          0.000675117   0.000675117   0.000675117   0.000675117   0.000675117   0.000675117   0.00065632    0.00065632    0.00065632    0.00065632    0.00065632   
3850          0.000675117   0.000675117   0.000675117   0.000675117   0.000675117   0.000675117   0.00065632    0.00065632    0.00065632    0.00065632    0.00065632   
3900          0.000675117   0.000675117   0.000675117   0.000675117   0.000675117   0.000675117   0.00065632    0.00065632    0.00065632    0.00065632    0.00065632   
3950          0.000675117   0.000675117   0.000675117   0.000675117   0.000675117   0.000675117   0.00065632    0.00065632    0.00065632    0.00065632    0.00065632   
4000          0.000675117   0.000675117   0.000675117   0.000675117   0.000675117   0.000675117   0.00065632    0.00065632    0.00065632    0.00065632    0.00065632   
4050          0.000675117   0.000675117   0.000675117   0.000675117   0.000675117   0.000675117   0.00065632    0.00065632    0.00065632    0.00065632    0.00065632   
4100          0.000675117   0.000675117   0.000675117   0.000675117   0.000675117   0.000675117   0.00065632    0.00065632    0.00065632    0.00065632    0.00065632   
4150          0.000675117   0.000675117   0.000675117   0.000675117   0.000675117   0.000675117   0.00065632    0.00065632    0.00065632    0.00065632    0.00065632   
4200          0.000675117   0.000675117   0.000675117   0.000675117   0.000675117   0.000675117   0.00065632    0.00065632    0.00065632    0.00065632    0.00065632   
4250          0.000675117   0.000675117   0.000675117   0.000675117   0.000675117   0.000675117   0.00065632    0.00065632    0.00065632    0.00065632    0.00065632   
4300          0.000675117   0.000675117   0.000675117   0.000675117   0.000675117   0.000675117   0.00065632    0.00065632    0.00065632    0.00065632    0.00065632   
4350          0.000675117   0.000675117   0.000675117   0.000675117   0.000675117   0.000675117   0.00065632    0.00065632    0.00065632    0.00065632    0.00065632   
4400          0.000675117   0.000675117   0.000675117   0.000675117   0.000675117   0.000675117   0.00065632    0.00065632    0.00065632    0.00065632    0.00065632   
4450          0.000675117   0.000675117   0.000675117   0.000675117   0.000675117   0.000675117   0.00065632    0.00065632    0.00065632    0.00065632    0.00065632   
4500          0.000675117   0.000675117   0.000675117   0.000675117   0.000675117   0.000675117   0.00065632    0.00065632    0.00065632    0.00065632    0.00065632   
4550          0.000675117   0.000675117   0.000675117   0.000675117   0.000675117   0.000675117   0.00065632    0.00065632    0.00065632    0.00065632    0.00065632   
4600          0.000675117   0.000675117   0.000675117   0.000675117   0.000675117   0.000675117   0.00065632    0.00065632    0.00065632    0.00065632    0.00065632   
4650          0.000675117   0.000675117   0.000675117   0.000675117   0.000675117   0.000675117   0.00065632    0.00065632    0.00065632    0.00065632    0.00065632   
4700          0.000675117   0.000675117   0.000675117   0.000675117   0.000675117   0.000675117   0.00065632    0.00065632    0.00065632    0.00065632    0.00065632   
4750          0.000675117   0.000675117   0.000675117   0.000675117   0.000675117   0.000675117   0.00065632    0.00065632    0.00065632    0.00065632    0.00065632   
4800          0.000675117   0.000675117   0.000675117   0.000675117   0.000675117   0.000675117   0.00065632    0.00065632    0.00065632    0.00065632    0.00065632   
4850          0.000675117   0.000675117   0.000675117   0.000675117   0.000675117   0.000675117   0.00065632    0.00065632    0.00065632    0.00065632    0.00065632   
4900          0.000675117   0.000675117   0.000675117   0.000675117   0.000675117   0.000675117   0.00065632    0.00065632    0.00065632    0.00065632    0.00065632   
4950          0.000675117   0.000675117   0.000675117   0.000675117   0.000675117   0.000675117   0.00065632    0.00065632    0.00065632    0.00065632    0.00065632   
5000          0.000675117   0.000675117   0.000675117   0.000675117   0.000675117   0.000675117   0.00065632    0.00065632    0.00065632    0.00065632    0.00065632   
