# Probe 0 (0.0015 0.0015 0)
# Probe 1 (0.0015 0.0015 0.002)
# Probe 2 (0.0015 0.0015 0.004)
# Probe 3 (0.0015 0.0015 0.006)
# Probe 4 (0.0015 0.0015 0.008)
# Probe 5 (0.0015 0.0015 0.01)
# Probe 6 (0.0015 0.0015 0.012)
# Probe 7 (0.0015 0.0015 0.014)
# Probe 8 (0.0015 0.0015 0.016)
# Probe 9 (0.0015 0.0015 0.018)
# Probe 10 (0.0015 0.0015 0.02)
# Time        0             1             2             3             4             5             6             7             8             9             10           
50            (518607 -125378 -1.587e+07) (518607 -125378 -1.587e+07) (518607 -125378 -1.587e+07) (518607 -125378 -1.587e+07) (518607 -125378 -1.587e+07) (518607 -125378 -1.587e+07) (12470.4 839.882 -2.07399e+06) (12470.4 839.882 -2.07399e+06) (12470.4 839.882 -2.07399e+06) (12470.4 839.882 -2.07399e+06) (12470.4 839.882 -2.07399e+06)
100           (823139 -219512 -1.40682e+07) (823139 -219512 -1.40682e+07) (823139 -219512 -1.40682e+07) (823139 -219512 -1.40682e+07) (823139 -219512 -1.40682e+07) (823139 -219512 -1.40682e+07) (39488.7 -45300.1 -4.69098e+06) (39488.7 -45300.1 -4.69098e+06) (39488.7 -45300.1 -4.69098e+06) (39488.7 -45300.1 -4.69098e+06) (39488.7 -45300.1 -4.69098e+06)
150           (1.07297e+06 -215608 -1.23814e+07) (1.07297e+06 -215608 -1.23814e+07) (1.07297e+06 -215608 -1.23814e+07) (1.07297e+06 -215608 -1.23814e+07) (1.07297e+06 -215608 -1.23814e+07) (1.07297e+06 -215608 -1.23814e+07) (184402 -104917 -6.61251e+06) (184402 -104917 -6.61251e+06) (184402 -104917 -6.61251e+06) (184402 -104917 -6.61251e+06) (184402 -104917 -6.61251e+06)
200           (1.19059e+06 -241488 -1.10517e+07) (1.19059e+06 -241488 -1.10517e+07) (1.19059e+06 -241488 -1.10517e+07) (1.19059e+06 -241488 -1.10517e+07) (1.19059e+06 -241488 -1.10517e+07) (1.19059e+06 -241488 -1.10517e+07) (360807 -126935 -7.86626e+06) (360807 -126935 -7.86626e+06) (360807 -126935 -7.86626e+06) (360807 -126935 -7.86626e+06) (360807 -126935 -7.86626e+06)
250           (1.24539e+06 -255344 -1.01745e+07) (1.24539e+06 -255344 -1.01745e+07) (1.24539e+06 -255344 -1.01745e+07) (1.24539e+06 -255344 -1.01745e+07) (1.24539e+06 -255344 -1.01745e+07) (1.24539e+06 -255344 -1.01745e+07) (472778 -129718 -8.63356e+06) (472778 -129718 -8.63356e+06) (472778 -129718 -8.63356e+06) (472778 -129718 -8.63356e+06) (472778 -129718 -8.63356e+06)
300           (1.27455e+06 -261503 -9.67408e+06) (1.27455e+06 -261503 -9.67408e+06) (1.27455e+06 -261503 -9.67408e+06) (1.27455e+06 -261503 -9.67408e+06) (1.27455e+06 -261503 -9.67408e+06) (1.27455e+06 -261503 -9.67408e+06) (531691 -137286 -9.06811e+06) (531691 -137286 -9.06811e+06) (531691 -137286 -9.06811e+06) (531691 -137286 -9.06811e+06) (531691 -137286 -9.06811e+06)
350           (1.28982e+06 -264496 -9.42098e+06) (1.28982e+06 -264496 -9.42098e+06) (1.28982e+06 -264496 -9.42098e+06) (1.28982e+06 -264496 -9.42098e+06) (1.28982e+06 -264496 -9.42098e+06) (1.28982e+06 -264496 -9.42098e+06) (560165 -143958 -9.29005e+06) (560165 -143958 -9.29005e+06) (560165 -143958 -9.29005e+06) (560165 -143958 -9.29005e+06) (560165 -143958 -9.29005e+06)
400           (1.29722e+06 -265917 -9.30245e+06) (1.29722e+06 -265917 -9.30245e+06) (1.29722e+06 -265917 -9.30245e+06) (1.29722e+06 -265917 -9.30245e+06) (1.29722e+06 -265917 -9.30245e+06) (1.29722e+06 -265917 -9.30245e+06) (573140 -147402 -9.39501e+06) (573140 -147402 -9.39501e+06) (573140 -147402 -9.39501e+06) (573140 -147402 -9.39501e+06) (573140 -147402 -9.39501e+06)
450           (1.30064e+06 -266571 -9.24919e+06) (1.30064e+06 -266571 -9.24919e+06) (1.30064e+06 -266571 -9.24919e+06) (1.30064e+06 -266571 -9.24919e+06) (1.30064e+06 -266571 -9.24919e+06) (1.30064e+06 -266571 -9.24919e+06) (578891 -148915 -9.44247e+06) (578891 -148915 -9.44247e+06) (578891 -148915 -9.44247e+06) (578891 -148915 -9.44247e+06) (578891 -148915 -9.44247e+06)
500           (1.30216e+06 -266857 -9.22574e+06) (1.30216e+06 -266857 -9.22574e+06) (1.30216e+06 -266857 -9.22574e+06) (1.30216e+06 -266857 -9.22574e+06) (1.30216e+06 -266857 -9.22574e+06) (1.30216e+06 -266857 -9.22574e+06) (581403 -149542 -9.46344e+06) (581403 -149542 -9.46344e+06) (581403 -149542 -9.46344e+06) (581403 -149542 -9.46344e+06) (581403 -149542 -9.46344e+06)
550           (1.30283e+06 -266981 -9.21553e+06) (1.30283e+06 -266981 -9.21553e+06) (1.30283e+06 -266981 -9.21553e+06) (1.30283e+06 -266981 -9.21553e+06) (1.30283e+06 -266981 -9.21553e+06) (1.30283e+06 -266981 -9.21553e+06) (582497 -149803 -9.47259e+06) (582497 -149803 -9.47259e+06) (582497 -149803 -9.47259e+06) (582497 -149803 -9.47259e+06) (582497 -149803 -9.47259e+06)
600           (1.30312e+06 -267033 -9.21119e+06) (1.30312e+06 -267033 -9.21119e+06) (1.30312e+06 -267033 -9.21119e+06) (1.30312e+06 -267033 -9.21119e+06) (1.30312e+06 -267033 -9.21119e+06) (1.30312e+06 -267033 -9.21119e+06) (582954 -149908 -9.47648e+06) (582954 -149908 -9.47648e+06) (582954 -149908 -9.47648e+06) (582954 -149908 -9.47648e+06) (582954 -149908 -9.47648e+06)
650           (1.30324e+06 -267059 -9.20927e+06) (1.30324e+06 -267059 -9.20927e+06) (1.30324e+06 -267059 -9.20927e+06) (1.30324e+06 -267059 -9.20927e+06) (1.30324e+06 -267059 -9.20927e+06) (1.30324e+06 -267059 -9.20927e+06) (583162 -149959 -9.4782e+06) (583162 -149959 -9.4782e+06) (583162 -149959 -9.4782e+06) (583162 -149959 -9.4782e+06) (583162 -149959 -9.4782e+06)
700           (1.30329e+06 -267067 -9.20851e+06) (1.30329e+06 -267067 -9.20851e+06) (1.30329e+06 -267067 -9.20851e+06) (1.30329e+06 -267067 -9.20851e+06) (1.30329e+06 -267067 -9.20851e+06) (1.30329e+06 -267067 -9.20851e+06) (583239 -149975 -9.47888e+06) (583239 -149975 -9.47888e+06) (583239 -149975 -9.47888e+06) (583239 -149975 -9.47888e+06) (583239 -149975 -9.47888e+06)
750           (1.30332e+06 -267073 -9.20811e+06) (1.30332e+06 -267073 -9.20811e+06) (1.30332e+06 -267073 -9.20811e+06) (1.30332e+06 -267073 -9.20811e+06) (1.30332e+06 -267073 -9.20811e+06) (1.30332e+06 -267073 -9.20811e+06) (583286 -149987 -9.47924e+06) (583286 -149987 -9.47924e+06) (583286 -149987 -9.47924e+06) (583286 -149987 -9.47924e+06) (583286 -149987 -9.47924e+06)
800           (1.30332e+06 -267073 -9.20804e+06) (1.30332e+06 -267073 -9.20804e+06) (1.30332e+06 -267073 -9.20804e+06) (1.30332e+06 -267073 -9.20804e+06) (1.30332e+06 -267073 -9.20804e+06) (1.30332e+06 -267073 -9.20804e+06) (583290 -149987 -9.4793e+06) (583290 -149987 -9.4793e+06) (583290 -149987 -9.4793e+06) (583290 -149987 -9.4793e+06) (583290 -149987 -9.4793e+06)
850           (1.30333e+06 -267075 -9.20796e+06) (1.30333e+06 -267075 -9.20796e+06) (1.30333e+06 -267075 -9.20796e+06) (1.30333e+06 -267075 -9.20796e+06) (1.30333e+06 -267075 -9.20796e+06) (1.30333e+06 -267075 -9.20796e+06) (583302 -149991 -9.47937e+06) (583302 -149991 -9.47937e+06) (583302 -149991 -9.47937e+06) (583302 -149991 -9.47937e+06) (583302 -149991 -9.47937e+06)
900           (1.30333e+06 -267075 -9.20796e+06) (1.30333e+06 -267075 -9.20796e+06) (1.30333e+06 -267075 -9.20796e+06) (1.30333e+06 -267075 -9.20796e+06) (1.30333e+06 -267075 -9.20796e+06) (1.30333e+06 -267075 -9.20796e+06) (583302 -149991 -9.47937e+06) (583302 -149991 -9.47937e+06) (583302 -149991 -9.47937e+06) (583302 -149991 -9.47937e+06) (583302 -149991 -9.47937e+06)
950           (1.30333e+06 -267075 -9.20796e+06) (1.30333e+06 -267075 -9.20796e+06) (1.30333e+06 -267075 -9.20796e+06) (1.30333e+06 -267075 -9.20796e+06) (1.30333e+06 -267075 -9.20796e+06) (1.30333e+06 -267075 -9.20796e+06) (583302 -149991 -9.47937e+06) (583302 -149991 -9.47937e+06) (583302 -149991 -9.47937e+06) (583302 -149991 -9.47937e+06) (583302 -149991 -9.47937e+06)
1000          (1.30333e+06 -267075 -9.20796e+06) (1.30333e+06 -267075 -9.20796e+06) (1.30333e+06 -267075 -9.20796e+06) (1.30333e+06 -267075 -9.20796e+06) (1.30333e+06 -267075 -9.20796e+06) (1.30333e+06 -267075 -9.20796e+06) (583302 -149991 -9.47937e+06) (583302 -149991 -9.47937e+06) (583302 -149991 -9.47937e+06) (583302 -149991 -9.47937e+06) (583302 -149991 -9.47937e+06)
1050          (1.30333e+06 -267075 -9.20796e+06) (1.30333e+06 -267075 -9.20796e+06) (1.30333e+06 -267075 -9.20796e+06) (1.30333e+06 -267075 -9.20796e+06) (1.30333e+06 -267075 -9.20796e+06) (1.30333e+06 -267075 -9.20796e+06) (583302 -149991 -9.47937e+06) (583302 -149991 -9.47937e+06) (583302 -149991 -9.47937e+06) (583302 -149991 -9.47937e+06) (583302 -149991 -9.47937e+06)
1100          (1.30333e+06 -267075 -9.20796e+06) (1.30333e+06 -267075 -9.20796e+06) (1.30333e+06 -267075 -9.20796e+06) (1.30333e+06 -267075 -9.20796e+06) (1.30333e+06 -267075 -9.20796e+06) (1.30333e+06 -267075 -9.20796e+06) (583302 -149991 -9.47937e+06) (583302 -149991 -9.47937e+06) (583302 -149991 -9.47937e+06) (583302 -149991 -9.47937e+06) (583302 -149991 -9.47937e+06)
1150          (1.30333e+06 -267075 -9.20796e+06) (1.30333e+06 -267075 -9.20796e+06) (1.30333e+06 -267075 -9.20796e+06) (1.30333e+06 -267075 -9.20796e+06) (1.30333e+06 -267075 -9.20796e+06) (1.30333e+06 -267075 -9.20796e+06) (583302 -149991 -9.47937e+06) (583302 -149991 -9.47937e+06) (583302 -149991 -9.47937e+06) (583302 -149991 -9.47937e+06) (583302 -149991 -9.47937e+06)
1200          (1.30333e+06 -267075 -9.20796e+06) (1.30333e+06 -267075 -9.20796e+06) (1.30333e+06 -267075 -9.20796e+06) (1.30333e+06 -267075 -9.20796e+06) (1.30333e+06 -267075 -9.20796e+06) (1.30333e+06 -267075 -9.20796e+06) (583302 -149991 -9.47937e+06) (583302 -149991 -9.47937e+06) (583302 -149991 -9.47937e+06) (583302 -149991 -9.47937e+06) (583302 -149991 -9.47937e+06)
1250          (1.30333e+06 -267075 -9.20796e+06) (1.30333e+06 -267075 -9.20796e+06) (1.30333e+06 -267075 -9.20796e+06) (1.30333e+06 -267075 -9.20796e+06) (1.30333e+06 -267075 -9.20796e+06) (1.30333e+06 -267075 -9.20796e+06) (583302 -149991 -9.47937e+06) (583302 -149991 -9.47937e+06) (583302 -149991 -9.47937e+06) (583302 -149991 -9.47937e+06) (583302 -149991 -9.47937e+06)
1300          (1.30333e+06 -267075 -9.20796e+06) (1.30333e+06 -267075 -9.20796e+06) (1.30333e+06 -267075 -9.20796e+06) (1.30333e+06 -267075 -9.20796e+06) (1.30333e+06 -267075 -9.20796e+06) (1.30333e+06 -267075 -9.20796e+06) (583302 -149991 -9.47937e+06) (583302 -149991 -9.47937e+06) (583302 -149991 -9.47937e+06) (583302 -149991 -9.47937e+06) (583302 -149991 -9.47937e+06)
1350          (1.30333e+06 -267075 -9.20796e+06) (1.30333e+06 -267075 -9.20796e+06) (1.30333e+06 -267075 -9.20796e+06) (1.30333e+06 -267075 -9.20796e+06) (1.30333e+06 -267075 -9.20796e+06) (1.30333e+06 -267075 -9.20796e+06) (583302 -149991 -9.47937e+06) (583302 -149991 -9.47937e+06) (583302 -149991 -9.47937e+06) (583302 -149991 -9.47937e+06) (583302 -149991 -9.47937e+06)
1400          (1.30333e+06 -267075 -9.20796e+06) (1.30333e+06 -267075 -9.20796e+06) (1.30333e+06 -267075 -9.20796e+06) (1.30333e+06 -267075 -9.20796e+06) (1.30333e+06 -267075 -9.20796e+06) (1.30333e+06 -267075 -9.20796e+06) (583302 -149991 -9.47937e+06) (583302 -149991 -9.47937e+06) (583302 -149991 -9.47937e+06) (583302 -149991 -9.47937e+06) (583302 -149991 -9.47937e+06)
1450          (1.30333e+06 -267075 -9.20796e+06) (1.30333e+06 -267075 -9.20796e+06) (1.30333e+06 -267075 -9.20796e+06) (1.30333e+06 -267075 -9.20796e+06) (1.30333e+06 -267075 -9.20796e+06) (1.30333e+06 -267075 -9.20796e+06) (583302 -149991 -9.47937e+06) (583302 -149991 -9.47937e+06) (583302 -149991 -9.47937e+06) (583302 -149991 -9.47937e+06) (583302 -149991 -9.47937e+06)
1500          (1.30333e+06 -267075 -9.20796e+06) (1.30333e+06 -267075 -9.20796e+06) (1.30333e+06 -267075 -9.20796e+06) (1.30333e+06 -267075 -9.20796e+06) (1.30333e+06 -267075 -9.20796e+06) (1.30333e+06 -267075 -9.20796e+06) (583302 -149991 -9.47937e+06) (583302 -149991 -9.47937e+06) (583302 -149991 -9.47937e+06) (583302 -149991 -9.47937e+06) (583302 -149991 -9.47937e+06)
1550          (1.30333e+06 -267075 -9.20796e+06) (1.30333e+06 -267075 -9.20796e+06) (1.30333e+06 -267075 -9.20796e+06) (1.30333e+06 -267075 -9.20796e+06) (1.30333e+06 -267075 -9.20796e+06) (1.30333e+06 -267075 -9.20796e+06) (583302 -149991 -9.47937e+06) (583302 -149991 -9.47937e+06) (583302 -149991 -9.47937e+06) (583302 -149991 -9.47937e+06) (583302 -149991 -9.47937e+06)
1600          (1.30333e+06 -267075 -9.20796e+06) (1.30333e+06 -267075 -9.20796e+06) (1.30333e+06 -267075 -9.20796e+06) (1.30333e+06 -267075 -9.20796e+06) (1.30333e+06 -267075 -9.20796e+06) (1.30333e+06 -267075 -9.20796e+06) (583302 -149991 -9.47937e+06) (583302 -149991 -9.47937e+06) (583302 -149991 -9.47937e+06) (583302 -149991 -9.47937e+06) (583302 -149991 -9.47937e+06)
1650          (1.30333e+06 -267075 -9.20796e+06) (1.30333e+06 -267075 -9.20796e+06) (1.30333e+06 -267075 -9.20796e+06) (1.30333e+06 -267075 -9.20796e+06) (1.30333e+06 -267075 -9.20796e+06) (1.30333e+06 -267075 -9.20796e+06) (583302 -149991 -9.47937e+06) (583302 -149991 -9.47937e+06) (583302 -149991 -9.47937e+06) (583302 -149991 -9.47937e+06) (583302 -149991 -9.47937e+06)
1700          (1.30333e+06 -267075 -9.20796e+06) (1.30333e+06 -267075 -9.20796e+06) (1.30333e+06 -267075 -9.20796e+06) (1.30333e+06 -267075 -9.20796e+06) (1.30333e+06 -267075 -9.20796e+06) (1.30333e+06 -267075 -9.20796e+06) (583302 -149991 -9.47937e+06) (583302 -149991 -9.47937e+06) (583302 -149991 -9.47937e+06) (583302 -149991 -9.47937e+06) (583302 -149991 -9.47937e+06)
1750          (1.30333e+06 -267075 -9.20796e+06) (1.30333e+06 -267075 -9.20796e+06) (1.30333e+06 -267075 -9.20796e+06) (1.30333e+06 -267075 -9.20796e+06) (1.30333e+06 -267075 -9.20796e+06) (1.30333e+06 -267075 -9.20796e+06) (583302 -149991 -9.47937e+06) (583302 -149991 -9.47937e+06) (583302 -149991 -9.47937e+06) (583302 -149991 -9.47937e+06) (583302 -149991 -9.47937e+06)
1800          (1.30333e+06 -267075 -9.20796e+06) (1.30333e+06 -267075 -9.20796e+06) (1.30333e+06 -267075 -9.20796e+06) (1.30333e+06 -267075 -9.20796e+06) (1.30333e+06 -267075 -9.20796e+06) (1.30333e+06 -267075 -9.20796e+06) (583302 -149991 -9.47937e+06) (583302 -149991 -9.47937e+06) (583302 -149991 -9.47937e+06) (583302 -149991 -9.47937e+06) (583302 -149991 -9.47937e+06)
1850          (1.30333e+06 -267075 -9.20796e+06) (1.30333e+06 -267075 -9.20796e+06) (1.30333e+06 -267075 -9.20796e+06) (1.30333e+06 -267075 -9.20796e+06) (1.30333e+06 -267075 -9.20796e+06) (1.30333e+06 -267075 -9.20796e+06) (583302 -149991 -9.47937e+06) (583302 -149991 -9.47937e+06) (583302 -149991 -9.47937e+06) (583302 -149991 -9.47937e+06) (583302 -149991 -9.47937e+06)
1900          (1.30333e+06 -267075 -9.20796e+06) (1.30333e+06 -267075 -9.20796e+06) (1.30333e+06 -267075 -9.20796e+06) (1.30333e+06 -267075 -9.20796e+06) (1.30333e+06 -267075 -9.20796e+06) (1.30333e+06 -267075 -9.20796e+06) (583302 -149991 -9.47937e+06) (583302 -149991 -9.47937e+06) (583302 -149991 -9.47937e+06) (583302 -149991 -9.47937e+06) (583302 -149991 -9.47937e+06)
1950          (1.30333e+06 -267075 -9.20796e+06) (1.30333e+06 -267075 -9.20796e+06) (1.30333e+06 -267075 -9.20796e+06) (1.30333e+06 -267075 -9.20796e+06) (1.30333e+06 -267075 -9.20796e+06) (1.30333e+06 -267075 -9.20796e+06) (583302 -149991 -9.47937e+06) (583302 -149991 -9.47937e+06) (583302 -149991 -9.47937e+06) (583302 -149991 -9.47937e+06) (583302 -149991 -9.47937e+06)
2000          (1.30333e+06 -267075 -9.20796e+06) (1.30333e+06 -267075 -9.20796e+06) (1.30333e+06 -267075 -9.20796e+06) (1.30333e+06 -267075 -9.20796e+06) (1.30333e+06 -267075 -9.20796e+06) (1.30333e+06 -267075 -9.20796e+06) (583302 -149991 -9.47937e+06) (583302 -149991 -9.47937e+06) (583302 -149991 -9.47937e+06) (583302 -149991 -9.47937e+06) (583302 -149991 -9.47937e+06)
2050          (1.30333e+06 -267075 -9.20796e+06) (1.30333e+06 -267075 -9.20796e+06) (1.30333e+06 -267075 -9.20796e+06) (1.30333e+06 -267075 -9.20796e+06) (1.30333e+06 -267075 -9.20796e+06) (1.30333e+06 -267075 -9.20796e+06) (583302 -149991 -9.47937e+06) (583302 -149991 -9.47937e+06) (583302 -149991 -9.47937e+06) (583302 -149991 -9.47937e+06) (583302 -149991 -9.47937e+06)
2100          (1.30333e+06 -267075 -9.20796e+06) (1.30333e+06 -267075 -9.20796e+06) (1.30333e+06 -267075 -9.20796e+06) (1.30333e+06 -267075 -9.20796e+06) (1.30333e+06 -267075 -9.20796e+06) (1.30333e+06 -267075 -9.20796e+06) (583302 -149991 -9.47937e+06) (583302 -149991 -9.47937e+06) (583302 -149991 -9.47937e+06) (583302 -149991 -9.47937e+06) (583302 -149991 -9.47937e+06)
2150          (1.30333e+06 -267075 -9.20796e+06) (1.30333e+06 -267075 -9.20796e+06) (1.30333e+06 -267075 -9.20796e+06) (1.30333e+06 -267075 -9.20796e+06) (1.30333e+06 -267075 -9.20796e+06) (1.30333e+06 -267075 -9.20796e+06) (583302 -149991 -9.47937e+06) (583302 -149991 -9.47937e+06) (583302 -149991 -9.47937e+06) (583302 -149991 -9.47937e+06) (583302 -149991 -9.47937e+06)
2200          (1.30333e+06 -267075 -9.20796e+06) (1.30333e+06 -267075 -9.20796e+06) (1.30333e+06 -267075 -9.20796e+06) (1.30333e+06 -267075 -9.20796e+06) (1.30333e+06 -267075 -9.20796e+06) (1.30333e+06 -267075 -9.20796e+06) (583302 -149991 -9.47937e+06) (583302 -149991 -9.47937e+06) (583302 -149991 -9.47937e+06) (583302 -149991 -9.47937e+06) (583302 -149991 -9.47937e+06)
2250          (1.30333e+06 -267075 -9.20796e+06) (1.30333e+06 -267075 -9.20796e+06) (1.30333e+06 -267075 -9.20796e+06) (1.30333e+06 -267075 -9.20796e+06) (1.30333e+06 -267075 -9.20796e+06) (1.30333e+06 -267075 -9.20796e+06) (583302 -149991 -9.47937e+06) (583302 -149991 -9.47937e+06) (583302 -149991 -9.47937e+06) (583302 -149991 -9.47937e+06) (583302 -149991 -9.47937e+06)
2300          (1.30333e+06 -267075 -9.20796e+06) (1.30333e+06 -267075 -9.20796e+06) (1.30333e+06 -267075 -9.20796e+06) (1.30333e+06 -267075 -9.20796e+06) (1.30333e+06 -267075 -9.20796e+06) (1.30333e+06 -267075 -9.20796e+06) (583302 -149991 -9.47937e+06) (583302 -149991 -9.47937e+06) (583302 -149991 -9.47937e+06) (583302 -149991 -9.47937e+06) (583302 -149991 -9.47937e+06)
2350          (1.30333e+06 -267075 -9.20796e+06) (1.30333e+06 -267075 -9.20796e+06) (1.30333e+06 -267075 -9.20796e+06) (1.30333e+06 -267075 -9.20796e+06) (1.30333e+06 -267075 -9.20796e+06) (1.30333e+06 -267075 -9.20796e+06) (583302 -149991 -9.47937e+06) (583302 -149991 -9.47937e+06) (583302 -149991 -9.47937e+06) (583302 -149991 -9.47937e+06) (583302 -149991 -9.47937e+06)
2400          (1.30333e+06 -267075 -9.20796e+06) (1.30333e+06 -267075 -9.20796e+06) (1.30333e+06 -267075 -9.20796e+06) (1.30333e+06 -267075 -9.20796e+06) (1.30333e+06 -267075 -9.20796e+06) (1.30333e+06 -267075 -9.20796e+06) (583302 -149991 -9.47937e+06) (583302 -149991 -9.47937e+06) (583302 -149991 -9.47937e+06) (583302 -149991 -9.47937e+06) (583302 -149991 -9.47937e+06)
2450          (1.30333e+06 -267075 -9.20796e+06) (1.30333e+06 -267075 -9.20796e+06) (1.30333e+06 -267075 -9.20796e+06) (1.30333e+06 -267075 -9.20796e+06) (1.30333e+06 -267075 -9.20796e+06) (1.30333e+06 -267075 -9.20796e+06) (583302 -149991 -9.47937e+06) (583302 -149991 -9.47937e+06) (583302 -149991 -9.47937e+06) (583302 -149991 -9.47937e+06) (583302 -149991 -9.47937e+06)
2500          (1.30333e+06 -267075 -9.20796e+06) (1.30333e+06 -267075 -9.20796e+06) (1.30333e+06 -267075 -9.20796e+06) (1.30333e+06 -267075 -9.20796e+06) (1.30333e+06 -267075 -9.20796e+06) (1.30333e+06 -267075 -9.20796e+06) (583302 -149991 -9.47937e+06) (583302 -149991 -9.47937e+06) (583302 -149991 -9.47937e+06) (583302 -149991 -9.47937e+06) (583302 -149991 -9.47937e+06)
2550          (1.30333e+06 -267075 -9.20796e+06) (1.30333e+06 -267075 -9.20796e+06) (1.30333e+06 -267075 -9.20796e+06) (1.30333e+06 -267075 -9.20796e+06) (1.30333e+06 -267075 -9.20796e+06) (1.30333e+06 -267075 -9.20796e+06) (583302 -149991 -9.47937e+06) (583302 -149991 -9.47937e+06) (583302 -149991 -9.47937e+06) (583302 -149991 -9.47937e+06) (583302 -149991 -9.47937e+06)
2600          (1.30333e+06 -267075 -9.20796e+06) (1.30333e+06 -267075 -9.20796e+06) (1.30333e+06 -267075 -9.20796e+06) (1.30333e+06 -267075 -9.20796e+06) (1.30333e+06 -267075 -9.20796e+06) (1.30333e+06 -267075 -9.20796e+06) (583302 -149991 -9.47937e+06) (583302 -149991 -9.47937e+06) (583302 -149991 -9.47937e+06) (583302 -149991 -9.47937e+06) (583302 -149991 -9.47937e+06)
2650          (1.30333e+06 -267075 -9.20796e+06) (1.30333e+06 -267075 -9.20796e+06) (1.30333e+06 -267075 -9.20796e+06) (1.30333e+06 -267075 -9.20796e+06) (1.30333e+06 -267075 -9.20796e+06) (1.30333e+06 -267075 -9.20796e+06) (583302 -149991 -9.47937e+06) (583302 -149991 -9.47937e+06) (583302 -149991 -9.47937e+06) (583302 -149991 -9.47937e+06) (583302 -149991 -9.47937e+06)
2700          (1.30333e+06 -267075 -9.20796e+06) (1.30333e+06 -267075 -9.20796e+06) (1.30333e+06 -267075 -9.20796e+06) (1.30333e+06 -267075 -9.20796e+06) (1.30333e+06 -267075 -9.20796e+06) (1.30333e+06 -267075 -9.20796e+06) (583302 -149991 -9.47937e+06) (583302 -149991 -9.47937e+06) (583302 -149991 -9.47937e+06) (583302 -149991 -9.47937e+06) (583302 -149991 -9.47937e+06)
2750          (1.30333e+06 -267075 -9.20796e+06) (1.30333e+06 -267075 -9.20796e+06) (1.30333e+06 -267075 -9.20796e+06) (1.30333e+06 -267075 -9.20796e+06) (1.30333e+06 -267075 -9.20796e+06) (1.30333e+06 -267075 -9.20796e+06) (583302 -149991 -9.47937e+06) (583302 -149991 -9.47937e+06) (583302 -149991 -9.47937e+06) (583302 -149991 -9.47937e+06) (583302 -149991 -9.47937e+06)
2800          (1.30333e+06 -267075 -9.20796e+06) (1.30333e+06 -267075 -9.20796e+06) (1.30333e+06 -267075 -9.20796e+06) (1.30333e+06 -267075 -9.20796e+06) (1.30333e+06 -267075 -9.20796e+06) (1.30333e+06 -267075 -9.20796e+06) (583302 -149991 -9.47937e+06) (583302 -149991 -9.47937e+06) (583302 -149991 -9.47937e+06) (583302 -149991 -9.47937e+06) (583302 -149991 -9.47937e+06)
2850          (1.30333e+06 -267075 -9.20796e+06) (1.30333e+06 -267075 -9.20796e+06) (1.30333e+06 -267075 -9.20796e+06) (1.30333e+06 -267075 -9.20796e+06) (1.30333e+06 -267075 -9.20796e+06) (1.30333e+06 -267075 -9.20796e+06) (583302 -149991 -9.47937e+06) (583302 -149991 -9.47937e+06) (583302 -149991 -9.47937e+06) (583302 -149991 -9.47937e+06) (583302 -149991 -9.47937e+06)
2900          (1.30333e+06 -267075 -9.20796e+06) (1.30333e+06 -267075 -9.20796e+06) (1.30333e+06 -267075 -9.20796e+06) (1.30333e+06 -267075 -9.20796e+06) (1.30333e+06 -267075 -9.20796e+06) (1.30333e+06 -267075 -9.20796e+06) (583302 -149991 -9.47937e+06) (583302 -149991 -9.47937e+06) (583302 -149991 -9.47937e+06) (583302 -149991 -9.47937e+06) (583302 -149991 -9.47937e+06)
2950          (1.30333e+06 -267075 -9.20796e+06) (1.30333e+06 -267075 -9.20796e+06) (1.30333e+06 -267075 -9.20796e+06) (1.30333e+06 -267075 -9.20796e+06) (1.30333e+06 -267075 -9.20796e+06) (1.30333e+06 -267075 -9.20796e+06) (583302 -149991 -9.47937e+06) (583302 -149991 -9.47937e+06) (583302 -149991 -9.47937e+06) (583302 -149991 -9.47937e+06) (583302 -149991 -9.47937e+06)
3000          (1.30333e+06 -267075 -9.20796e+06) (1.30333e+06 -267075 -9.20796e+06) (1.30333e+06 -267075 -9.20796e+06) (1.30333e+06 -267075 -9.20796e+06) (1.30333e+06 -267075 -9.20796e+06) (1.30333e+06 -267075 -9.20796e+06) (583302 -149991 -9.47937e+06) (583302 -149991 -9.47937e+06) (583302 -149991 -9.47937e+06) (583302 -149991 -9.47937e+06) (583302 -149991 -9.47937e+06)
3050          (1.30333e+06 -267075 -9.20796e+06) (1.30333e+06 -267075 -9.20796e+06) (1.30333e+06 -267075 -9.20796e+06) (1.30333e+06 -267075 -9.20796e+06) (1.30333e+06 -267075 -9.20796e+06) (1.30333e+06 -267075 -9.20796e+06) (583302 -149991 -9.47937e+06) (583302 -149991 -9.47937e+06) (583302 -149991 -9.47937e+06) (583302 -149991 -9.47937e+06) (583302 -149991 -9.47937e+06)
3100          (1.30333e+06 -267075 -9.20796e+06) (1.30333e+06 -267075 -9.20796e+06) (1.30333e+06 -267075 -9.20796e+06) (1.30333e+06 -267075 -9.20796e+06) (1.30333e+06 -267075 -9.20796e+06) (1.30333e+06 -267075 -9.20796e+06) (583302 -149991 -9.47937e+06) (583302 -149991 -9.47937e+06) (583302 -149991 -9.47937e+06) (583302 -149991 -9.47937e+06) (583302 -149991 -9.47937e+06)
3150          (1.30333e+06 -267075 -9.20796e+06) (1.30333e+06 -267075 -9.20796e+06) (1.30333e+06 -267075 -9.20796e+06) (1.30333e+06 -267075 -9.20796e+06) (1.30333e+06 -267075 -9.20796e+06) (1.30333e+06 -267075 -9.20796e+06) (583302 -149991 -9.47937e+06) (583302 -149991 -9.47937e+06) (583302 -149991 -9.47937e+06) (583302 -149991 -9.47937e+06) (583302 -149991 -9.47937e+06)
3200          (1.30333e+06 -267075 -9.20796e+06) (1.30333e+06 -267075 -9.20796e+06) (1.30333e+06 -267075 -9.20796e+06) (1.30333e+06 -267075 -9.20796e+06) (1.30333e+06 -267075 -9.20796e+06) (1.30333e+06 -267075 -9.20796e+06) (583302 -149991 -9.47937e+06) (583302 -149991 -9.47937e+06) (583302 -149991 -9.47937e+06) (583302 -149991 -9.47937e+06) (583302 -149991 -9.47937e+06)
3250          (1.30333e+06 -267075 -9.20796e+06) (1.30333e+06 -267075 -9.20796e+06) (1.30333e+06 -267075 -9.20796e+06) (1.30333e+06 -267075 -9.20796e+06) (1.30333e+06 -267075 -9.20796e+06) (1.30333e+06 -267075 -9.20796e+06) (583302 -149991 -9.47937e+06) (583302 -149991 -9.47937e+06) (583302 -149991 -9.47937e+06) (583302 -149991 -9.47937e+06) (583302 -149991 -9.47937e+06)
3300          (1.30333e+06 -267075 -9.20796e+06) (1.30333e+06 -267075 -9.20796e+06) (1.30333e+06 -267075 -9.20796e+06) (1.30333e+06 -267075 -9.20796e+06) (1.30333e+06 -267075 -9.20796e+06) (1.30333e+06 -267075 -9.20796e+06) (583302 -149991 -9.47937e+06) (583302 -149991 -9.47937e+06) (583302 -149991 -9.47937e+06) (583302 -149991 -9.47937e+06) (583302 -149991 -9.47937e+06)
3350          (1.30333e+06 -267075 -9.20796e+06) (1.30333e+06 -267075 -9.20796e+06) (1.30333e+06 -267075 -9.20796e+06) (1.30333e+06 -267075 -9.20796e+06) (1.30333e+06 -267075 -9.20796e+06) (1.30333e+06 -267075 -9.20796e+06) (583302 -149991 -9.47937e+06) (583302 -149991 -9.47937e+06) (583302 -149991 -9.47937e+06) (583302 -149991 -9.47937e+06) (583302 -149991 -9.47937e+06)
3400          (1.30333e+06 -267075 -9.20796e+06) (1.30333e+06 -267075 -9.20796e+06) (1.30333e+06 -267075 -9.20796e+06) (1.30333e+06 -267075 -9.20796e+06) (1.30333e+06 -267075 -9.20796e+06) (1.30333e+06 -267075 -9.20796e+06) (583302 -149991 -9.47937e+06) (583302 -149991 -9.47937e+06) (583302 -149991 -9.47937e+06) (583302 -149991 -9.47937e+06) (583302 -149991 -9.47937e+06)
3450          (1.30333e+06 -267075 -9.20796e+06) (1.30333e+06 -267075 -9.20796e+06) (1.30333e+06 -267075 -9.20796e+06) (1.30333e+06 -267075 -9.20796e+06) (1.30333e+06 -267075 -9.20796e+06) (1.30333e+06 -267075 -9.20796e+06) (583302 -149991 -9.47937e+06) (583302 -149991 -9.47937e+06) (583302 -149991 -9.47937e+06) (583302 -149991 -9.47937e+06) (583302 -149991 -9.47937e+06)
3500          (1.30333e+06 -267075 -9.20796e+06) (1.30333e+06 -267075 -9.20796e+06) (1.30333e+06 -267075 -9.20796e+06) (1.30333e+06 -267075 -9.20796e+06) (1.30333e+06 -267075 -9.20796e+06) (1.30333e+06 -267075 -9.20796e+06) (583302 -149991 -9.47937e+06) (583302 -149991 -9.47937e+06) (583302 -149991 -9.47937e+06) (583302 -149991 -9.47937e+06) (583302 -149991 -9.47937e+06)
3550          (1.30333e+06 -267075 -9.20796e+06) (1.30333e+06 -267075 -9.20796e+06) (1.30333e+06 -267075 -9.20796e+06) (1.30333e+06 -267075 -9.20796e+06) (1.30333e+06 -267075 -9.20796e+06) (1.30333e+06 -267075 -9.20796e+06) (583302 -149991 -9.47937e+06) (583302 -149991 -9.47937e+06) (583302 -149991 -9.47937e+06) (583302 -149991 -9.47937e+06) (583302 -149991 -9.47937e+06)
3600          (1.30333e+06 -267075 -9.20796e+06) (1.30333e+06 -267075 -9.20796e+06) (1.30333e+06 -267075 -9.20796e+06) (1.30333e+06 -267075 -9.20796e+06) (1.30333e+06 -267075 -9.20796e+06) (1.30333e+06 -267075 -9.20796e+06) (583302 -149991 -9.47937e+06) (583302 -149991 -9.47937e+06) (583302 -149991 -9.47937e+06) (583302 -149991 -9.47937e+06) (583302 -149991 -9.47937e+06)
3650          (1.30333e+06 -267075 -9.20796e+06) (1.30333e+06 -267075 -9.20796e+06) (1.30333e+06 -267075 -9.20796e+06) (1.30333e+06 -267075 -9.20796e+06) (1.30333e+06 -267075 -9.20796e+06) (1.30333e+06 -267075 -9.20796e+06) (583302 -149991 -9.47937e+06) (583302 -149991 -9.47937e+06) (583302 -149991 -9.47937e+06) (583302 -149991 -9.47937e+06) (583302 -149991 -9.47937e+06)
3700          (1.30333e+06 -267075 -9.20796e+06) (1.30333e+06 -267075 -9.20796e+06) (1.30333e+06 -267075 -9.20796e+06) (1.30333e+06 -267075 -9.20796e+06) (1.30333e+06 -267075 -9.20796e+06) (1.30333e+06 -267075 -9.20796e+06) (583302 -149991 -9.47937e+06) (583302 -149991 -9.47937e+06) (583302 -149991 -9.47937e+06) (583302 -149991 -9.47937e+06) (583302 -149991 -9.47937e+06)
3750          (1.30333e+06 -267075 -9.20796e+06) (1.30333e+06 -267075 -9.20796e+06) (1.30333e+06 -267075 -9.20796e+06) (1.30333e+06 -267075 -9.20796e+06) (1.30333e+06 -267075 -9.20796e+06) (1.30333e+06 -267075 -9.20796e+06) (583302 -149991 -9.47937e+06) (583302 -149991 -9.47937e+06) (583302 -149991 -9.47937e+06) (583302 -149991 -9.47937e+06) (583302 -149991 -9.47937e+06)
3800          (1.30333e+06 -267075 -9.20796e+06) (1.30333e+06 -267075 -9.20796e+06) (1.30333e+06 -267075 -9.20796e+06) (1.30333e+06 -267075 -9.20796e+06) (1.30333e+06 -267075 -9.20796e+06) (1.30333e+06 -267075 -9.20796e+06) (583302 -149991 -9.47937e+06) (583302 -149991 -9.47937e+06) (583302 -149991 -9.47937e+06) (583302 -149991 -9.47937e+06) (583302 -149991 -9.47937e+06)
3850          (1.30333e+06 -267075 -9.20796e+06) (1.30333e+06 -267075 -9.20796e+06) (1.30333e+06 -267075 -9.20796e+06) (1.30333e+06 -267075 -9.20796e+06) (1.30333e+06 -267075 -9.20796e+06) (1.30333e+06 -267075 -9.20796e+06) (583302 -149991 -9.47937e+06) (583302 -149991 -9.47937e+06) (583302 -149991 -9.47937e+06) (583302 -149991 -9.47937e+06) (583302 -149991 -9.47937e+06)
3900          (1.30333e+06 -267075 -9.20796e+06) (1.30333e+06 -267075 -9.20796e+06) (1.30333e+06 -267075 -9.20796e+06) (1.30333e+06 -267075 -9.20796e+06) (1.30333e+06 -267075 -9.20796e+06) (1.30333e+06 -267075 -9.20796e+06) (583302 -149991 -9.47937e+06) (583302 -149991 -9.47937e+06) (583302 -149991 -9.47937e+06) (583302 -149991 -9.47937e+06) (583302 -149991 -9.47937e+06)
3950          (1.30333e+06 -267075 -9.20796e+06) (1.30333e+06 -267075 -9.20796e+06) (1.30333e+06 -267075 -9.20796e+06) (1.30333e+06 -267075 -9.20796e+06) (1.30333e+06 -267075 -9.20796e+06) (1.30333e+06 -267075 -9.20796e+06) (583302 -149991 -9.47937e+06) (583302 -149991 -9.47937e+06) (583302 -149991 -9.47937e+06) (583302 -149991 -9.47937e+06) (583302 -149991 -9.47937e+06)
4000          (1.30333e+06 -267075 -9.20796e+06) (1.30333e+06 -267075 -9.20796e+06) (1.30333e+06 -267075 -9.20796e+06) (1.30333e+06 -267075 -9.20796e+06) (1.30333e+06 -267075 -9.20796e+06) (1.30333e+06 -267075 -9.20796e+06) (583302 -149991 -9.47937e+06) (583302 -149991 -9.47937e+06) (583302 -149991 -9.47937e+06) (583302 -149991 -9.47937e+06) (583302 -149991 -9.47937e+06)
4050          (1.30333e+06 -267075 -9.20796e+06) (1.30333e+06 -267075 -9.20796e+06) (1.30333e+06 -267075 -9.20796e+06) (1.30333e+06 -267075 -9.20796e+06) (1.30333e+06 -267075 -9.20796e+06) (1.30333e+06 -267075 -9.20796e+06) (583302 -149991 -9.47937e+06) (583302 -149991 -9.47937e+06) (583302 -149991 -9.47937e+06) (583302 -149991 -9.47937e+06) (583302 -149991 -9.47937e+06)
4100          (1.30333e+06 -267075 -9.20796e+06) (1.30333e+06 -267075 -9.20796e+06) (1.30333e+06 -267075 -9.20796e+06) (1.30333e+06 -267075 -9.20796e+06) (1.30333e+06 -267075 -9.20796e+06) (1.30333e+06 -267075 -9.20796e+06) (583302 -149991 -9.47937e+06) (583302 -149991 -9.47937e+06) (583302 -149991 -9.47937e+06) (583302 -149991 -9.47937e+06) (583302 -149991 -9.47937e+06)
4150          (1.30333e+06 -267075 -9.20796e+06) (1.30333e+06 -267075 -9.20796e+06) (1.30333e+06 -267075 -9.20796e+06) (1.30333e+06 -267075 -9.20796e+06) (1.30333e+06 -267075 -9.20796e+06) (1.30333e+06 -267075 -9.20796e+06) (583302 -149991 -9.47937e+06) (583302 -149991 -9.47937e+06) (583302 -149991 -9.47937e+06) (583302 -149991 -9.47937e+06) (583302 -149991 -9.47937e+06)
4200          (1.30333e+06 -267075 -9.20796e+06) (1.30333e+06 -267075 -9.20796e+06) (1.30333e+06 -267075 -9.20796e+06) (1.30333e+06 -267075 -9.20796e+06) (1.30333e+06 -267075 -9.20796e+06) (1.30333e+06 -267075 -9.20796e+06) (583302 -149991 -9.47937e+06) (583302 -149991 -9.47937e+06) (583302 -149991 -9.47937e+06) (583302 -149991 -9.47937e+06) (583302 -149991 -9.47937e+06)
4250          (1.30333e+06 -267075 -9.20796e+06) (1.30333e+06 -267075 -9.20796e+06) (1.30333e+06 -267075 -9.20796e+06) (1.30333e+06 -267075 -9.20796e+06) (1.30333e+06 -267075 -9.20796e+06) (1.30333e+06 -267075 -9.20796e+06) (583302 -149991 -9.47937e+06) (583302 -149991 -9.47937e+06) (583302 -149991 -9.47937e+06) (583302 -149991 -9.47937e+06) (583302 -149991 -9.47937e+06)
4300          (1.30333e+06 -267075 -9.20796e+06) (1.30333e+06 -267075 -9.20796e+06) (1.30333e+06 -267075 -9.20796e+06) (1.30333e+06 -267075 -9.20796e+06) (1.30333e+06 -267075 -9.20796e+06) (1.30333e+06 -267075 -9.20796e+06) (583302 -149991 -9.47937e+06) (583302 -149991 -9.47937e+06) (583302 -149991 -9.47937e+06) (583302 -149991 -9.47937e+06) (583302 -149991 -9.47937e+06)
4350          (1.30333e+06 -267075 -9.20796e+06) (1.30333e+06 -267075 -9.20796e+06) (1.30333e+06 -267075 -9.20796e+06) (1.30333e+06 -267075 -9.20796e+06) (1.30333e+06 -267075 -9.20796e+06) (1.30333e+06 -267075 -9.20796e+06) (583302 -149991 -9.47937e+06) (583302 -149991 -9.47937e+06) (583302 -149991 -9.47937e+06) (583302 -149991 -9.47937e+06) (583302 -149991 -9.47937e+06)
4400          (1.30333e+06 -267075 -9.20796e+06) (1.30333e+06 -267075 -9.20796e+06) (1.30333e+06 -267075 -9.20796e+06) (1.30333e+06 -267075 -9.20796e+06) (1.30333e+06 -267075 -9.20796e+06) (1.30333e+06 -267075 -9.20796e+06) (583302 -149991 -9.47937e+06) (583302 -149991 -9.47937e+06) (583302 -149991 -9.47937e+06) (583302 -149991 -9.47937e+06) (583302 -149991 -9.47937e+06)
4450          (1.30333e+06 -267075 -9.20796e+06) (1.30333e+06 -267075 -9.20796e+06) (1.30333e+06 -267075 -9.20796e+06) (1.30333e+06 -267075 -9.20796e+06) (1.30333e+06 -267075 -9.20796e+06) (1.30333e+06 -267075 -9.20796e+06) (583302 -149991 -9.47937e+06) (583302 -149991 -9.47937e+06) (583302 -149991 -9.47937e+06) (583302 -149991 -9.47937e+06) (583302 -149991 -9.47937e+06)
4500          (1.30333e+06 -267075 -9.20796e+06) (1.30333e+06 -267075 -9.20796e+06) (1.30333e+06 -267075 -9.20796e+06) (1.30333e+06 -267075 -9.20796e+06) (1.30333e+06 -267075 -9.20796e+06) (1.30333e+06 -267075 -9.20796e+06) (583302 -149991 -9.47937e+06) (583302 -149991 -9.47937e+06) (583302 -149991 -9.47937e+06) (583302 -149991 -9.47937e+06) (583302 -149991 -9.47937e+06)
4550          (1.30333e+06 -267075 -9.20796e+06) (1.30333e+06 -267075 -9.20796e+06) (1.30333e+06 -267075 -9.20796e+06) (1.30333e+06 -267075 -9.20796e+06) (1.30333e+06 -267075 -9.20796e+06) (1.30333e+06 -267075 -9.20796e+06) (583302 -149991 -9.47937e+06) (583302 -149991 -9.47937e+06) (583302 -149991 -9.47937e+06) (583302 -149991 -9.47937e+06) (583302 -149991 -9.47937e+06)
4600          (1.30333e+06 -267075 -9.20796e+06) (1.30333e+06 -267075 -9.20796e+06) (1.30333e+06 -267075 -9.20796e+06) (1.30333e+06 -267075 -9.20796e+06) (1.30333e+06 -267075 -9.20796e+06) (1.30333e+06 -267075 -9.20796e+06) (583302 -149991 -9.47937e+06) (583302 -149991 -9.47937e+06) (583302 -149991 -9.47937e+06) (583302 -149991 -9.47937e+06) (583302 -149991 -9.47937e+06)
4650          (1.30333e+06 -267075 -9.20796e+06) (1.30333e+06 -267075 -9.20796e+06) (1.30333e+06 -267075 -9.20796e+06) (1.30333e+06 -267075 -9.20796e+06) (1.30333e+06 -267075 -9.20796e+06) (1.30333e+06 -267075 -9.20796e+06) (583302 -149991 -9.47937e+06) (583302 -149991 -9.47937e+06) (583302 -149991 -9.47937e+06) (583302 -149991 -9.47937e+06) (583302 -149991 -9.47937e+06)
4700          (1.30333e+06 -267075 -9.20796e+06) (1.30333e+06 -267075 -9.20796e+06) (1.30333e+06 -267075 -9.20796e+06) (1.30333e+06 -267075 -9.20796e+06) (1.30333e+06 -267075 -9.20796e+06) (1.30333e+06 -267075 -9.20796e+06) (583302 -149991 -9.47937e+06) (583302 -149991 -9.47937e+06) (583302 -149991 -9.47937e+06) (583302 -149991 -9.47937e+06) (583302 -149991 -9.47937e+06)
4750          (1.30333e+06 -267075 -9.20796e+06) (1.30333e+06 -267075 -9.20796e+06) (1.30333e+06 -267075 -9.20796e+06) (1.30333e+06 -267075 -9.20796e+06) (1.30333e+06 -267075 -9.20796e+06) (1.30333e+06 -267075 -9.20796e+06) (583302 -149991 -9.47937e+06) (583302 -149991 -9.47937e+06) (583302 -149991 -9.47937e+06) (583302 -149991 -9.47937e+06) (583302 -149991 -9.47937e+06)
4800          (1.30333e+06 -267075 -9.20796e+06) (1.30333e+06 -267075 -9.20796e+06) (1.30333e+06 -267075 -9.20796e+06) (1.30333e+06 -267075 -9.20796e+06) (1.30333e+06 -267075 -9.20796e+06) (1.30333e+06 -267075 -9.20796e+06) (583302 -149991 -9.47937e+06) (583302 -149991 -9.47937e+06) (583302 -149991 -9.47937e+06) (583302 -149991 -9.47937e+06) (583302 -149991 -9.47937e+06)
4850          (1.30333e+06 -267075 -9.20796e+06) (1.30333e+06 -267075 -9.20796e+06) (1.30333e+06 -267075 -9.20796e+06) (1.30333e+06 -267075 -9.20796e+06) (1.30333e+06 -267075 -9.20796e+06) (1.30333e+06 -267075 -9.20796e+06) (583302 -149991 -9.47937e+06) (583302 -149991 -9.47937e+06) (583302 -149991 -9.47937e+06) (583302 -149991 -9.47937e+06) (583302 -149991 -9.47937e+06)
4900          (1.30333e+06 -267075 -9.20796e+06) (1.30333e+06 -267075 -9.20796e+06) (1.30333e+06 -267075 -9.20796e+06) (1.30333e+06 -267075 -9.20796e+06) (1.30333e+06 -267075 -9.20796e+06) (1.30333e+06 -267075 -9.20796e+06) (583302 -149991 -9.47937e+06) (583302 -149991 -9.47937e+06) (583302 -149991 -9.47937e+06) (583302 -149991 -9.47937e+06) (583302 -149991 -9.47937e+06)
4950          (1.30333e+06 -267075 -9.20796e+06) (1.30333e+06 -267075 -9.20796e+06) (1.30333e+06 -267075 -9.20796e+06) (1.30333e+06 -267075 -9.20796e+06) (1.30333e+06 -267075 -9.20796e+06) (1.30333e+06 -267075 -9.20796e+06) (583302 -149991 -9.47937e+06) (583302 -149991 -9.47937e+06) (583302 -149991 -9.47937e+06) (583302 -149991 -9.47937e+06) (583302 -149991 -9.47937e+06)
5000          (1.30333e+06 -267075 -9.20796e+06) (1.30333e+06 -267075 -9.20796e+06) (1.30333e+06 -267075 -9.20796e+06) (1.30333e+06 -267075 -9.20796e+06) (1.30333e+06 -267075 -9.20796e+06) (1.30333e+06 -267075 -9.20796e+06) (583302 -149991 -9.47937e+06) (583302 -149991 -9.47937e+06) (583302 -149991 -9.47937e+06) (583302 -149991 -9.47937e+06) (583302 -149991 -9.47937e+06)
