# Probe 0 (0.0015 0.0015 0)
# Probe 1 (0.0015 0.0015 0.002)
# Probe 2 (0.0015 0.0015 0.004)
# Probe 3 (0.0015 0.0015 0.006)
# Probe 4 (0.0015 0.0015 0.008)
# Probe 5 (0.0015 0.0015 0.01)
# Probe 6 (0.0015 0.0015 0.012)
# Probe 7 (0.0015 0.0015 0.014)
# Probe 8 (0.0015 0.0015 0.016)
# Probe 9 (0.0015 0.0015 0.018)
# Probe 10 (0.0015 0.0015 0.02)
# Time        0             1             2             3             4             5             6             7             8             9             10           
50            499.983       499.983       499.983       499.983       499.983       499.983       499.975       499.975       499.975       499.975       499.975      
100           499.995       499.995       499.995       499.995       499.995       499.995       499.992       499.992       499.992       499.992       499.992      
150           499.995       499.995       499.995       499.995       499.995       499.995       499.992       499.992       499.992       499.992       499.992      
200           499.995       499.995       499.995       499.995       499.995       499.995       499.992       499.992       499.992       499.992       499.992      
250           499.995       499.995       499.995       499.995       499.995       499.995       499.992       499.992       499.992       499.992       499.992      
300           499.995       499.995       499.995       499.995       499.995       499.995       499.992       499.992       499.992       499.992       499.992      
350           499.995       499.995       499.995       499.995       499.995       499.995       499.992       499.992       499.992       499.992       499.992      
400           499.995       499.995       499.995       499.995       499.995       499.995       499.992       499.992       499.992       499.992       499.992      
450           499.995       499.995       499.995       499.995       499.995       499.995       499.992       499.992       499.992       499.992       499.992      
500           499.995       499.995       499.995       499.995       499.995       499.995       499.992       499.992       499.992       499.992       499.992      
550           499.995       499.995       499.995       499.995       499.995       499.995       499.992       499.992       499.992       499.992       499.992      
600           499.995       499.995       499.995       499.995       499.995       499.995       499.992       499.992       499.992       499.992       499.992      
650           499.995       499.995       499.995       499.995       499.995       499.995       499.992       499.992       499.992       499.992       499.992      
700           499.994       499.994       499.994       499.994       499.994       499.994       499.992       499.992       499.992       499.992       499.992      
750           499.994       499.994       499.994       499.994       499.994       499.994       499.992       499.992       499.992       499.992       499.992      
800           499.994       499.994       499.994       499.994       499.994       499.994       499.992       499.992       499.992       499.992       499.992      
850           499.994       499.994       499.994       499.994       499.994       499.994       499.992       499.992       499.992       499.992       499.992      
900           499.995       499.995       499.995       499.995       499.995       499.995       499.992       499.992       499.992       499.992       499.992      
950           499.995       499.995       499.995       499.995       499.995       499.995       499.992       499.992       499.992       499.992       499.992      
1000          499.995       499.995       499.995       499.995       499.995       499.995       499.992       499.992       499.992       499.992       499.992      
1050          499.995       499.995       499.995       499.995       499.995       499.995       499.992       499.992       499.992       499.992       499.992      
1100          499.995       499.995       499.995       499.995       499.995       499.995       499.992       499.992       499.992       499.992       499.992      
1150          499.995       499.995       499.995       499.995       499.995       499.995       499.992       499.992       499.992       499.992       499.992      
1200          499.995       499.995       499.995       499.995       499.995       499.995       499.992       499.992       499.992       499.992       499.992      
1250          499.995       499.995       499.995       499.995       499.995       499.995       499.992       499.992       499.992       499.992       499.992      
1300          499.995       499.995       499.995       499.995       499.995       499.995       499.992       499.992       499.992       499.992       499.992      
1350          499.995       499.995       499.995       499.995       499.995       499.995       499.992       499.992       499.992       499.992       499.992      
1400          499.995       499.995       499.995       499.995       499.995       499.995       499.992       499.992       499.992       499.992       499.992      
1450          499.995       499.995       499.995       499.995       499.995       499.995       499.992       499.992       499.992       499.992       499.992      
1500          499.995       499.995       499.995       499.995       499.995       499.995       499.992       499.992       499.992       499.992       499.992      
1550          499.995       499.995       499.995       499.995       499.995       499.995       499.992       499.992       499.992       499.992       499.992      
1600          499.995       499.995       499.995       499.995       499.995       499.995       499.992       499.992       499.992       499.992       499.992      
1650          499.995       499.995       499.995       499.995       499.995       499.995       499.992       499.992       499.992       499.992       499.992      
1700          499.995       499.995       499.995       499.995       499.995       499.995       499.992       499.992       499.992       499.992       499.992      
1750          499.995       499.995       499.995       499.995       499.995       499.995       499.992       499.992       499.992       499.992       499.992      
1800          499.995       499.995       499.995       499.995       499.995       499.995       499.992       499.992       499.992       499.992       499.992      
1850          499.995       499.995       499.995       499.995       499.995       499.995       499.992       499.992       499.992       499.992       499.992      
1900          499.994       499.994       499.994       499.994       499.994       499.994       499.992       499.992       499.992       499.992       499.992      
1950          499.995       499.995       499.995       499.995       499.995       499.995       499.992       499.992       499.992       499.992       499.992      
2000          499.994       499.994       499.994       499.994       499.994       499.994       499.992       499.992       499.992       499.992       499.992      
2050          499.995       499.995       499.995       499.995       499.995       499.995       499.992       499.992       499.992       499.992       499.992      
2100          499.995       499.995       499.995       499.995       499.995       499.995       499.992       499.992       499.992       499.992       499.992      
2150          499.995       499.995       499.995       499.995       499.995       499.995       499.992       499.992       499.992       499.992       499.992      
2200          499.995       499.995       499.995       499.995       499.995       499.995       499.992       499.992       499.992       499.992       499.992      
2250          499.995       499.995       499.995       499.995       499.995       499.995       499.992       499.992       499.992       499.992       499.992      
2300          499.995       499.995       499.995       499.995       499.995       499.995       499.992       499.992       499.992       499.992       499.992      
2350          499.995       499.995       499.995       499.995       499.995       499.995       499.992       499.992       499.992       499.992       499.992      
2400          499.995       499.995       499.995       499.995       499.995       499.995       499.992       499.992       499.992       499.992       499.992      
2450          499.995       499.995       499.995       499.995       499.995       499.995       499.992       499.992       499.992       499.992       499.992      
2500          499.995       499.995       499.995       499.995       499.995       499.995       499.992       499.992       499.992       499.992       499.992      
2550          499.995       499.995       499.995       499.995       499.995       499.995       499.992       499.992       499.992       499.992       499.992      
2600          499.995       499.995       499.995       499.995       499.995       499.995       499.992       499.992       499.992       499.992       499.992      
2650          499.995       499.995       499.995       499.995       499.995       499.995       499.992       499.992       499.992       499.992       499.992      
2700          499.995       499.995       499.995       499.995       499.995       499.995       499.992       499.992       499.992       499.992       499.992      
2750          499.995       499.995       499.995       499.995       499.995       499.995       499.992       499.992       499.992       499.992       499.992      
2800          499.995       499.995       499.995       499.995       499.995       499.995       499.992       499.992       499.992       499.992       499.992      
2850          499.995       499.995       499.995       499.995       499.995       499.995       499.992       499.992       499.992       499.992       499.992      
2900          499.995       499.995       499.995       499.995       499.995       499.995       499.992       499.992       499.992       499.992       499.992      
2950          499.994       499.994       499.994       499.994       499.994       499.994       499.992       499.992       499.992       499.992       499.992      
3000          499.995       499.995       499.995       499.995       499.995       499.995       499.992       499.992       499.992       499.992       499.992      
3050          499.994       499.994       499.994       499.994       499.994       499.994       499.992       499.992       499.992       499.992       499.992      
3100          499.995       499.995       499.995       499.995       499.995       499.995       499.992       499.992       499.992       499.992       499.992      
3150          499.995       499.995       499.995       499.995       499.995       499.995       499.992       499.992       499.992       499.992       499.992      
3200          499.995       499.995       499.995       499.995       499.995       499.995       499.992       499.992       499.992       499.992       499.992      
3250          499.995       499.995       499.995       499.995       499.995       499.995       499.992       499.992       499.992       499.992       499.992      
3300          499.995       499.995       499.995       499.995       499.995       499.995       499.992       499.992       499.992       499.992       499.992      
3350          499.995       499.995       499.995       499.995       499.995       499.995       499.992       499.992       499.992       499.992       499.992      
3400          499.995       499.995       499.995       499.995       499.995       499.995       499.992       499.992       499.992       499.992       499.992      
3450          499.995       499.995       499.995       499.995       499.995       499.995       499.992       499.992       499.992       499.992       499.992      
3500          499.995       499.995       499.995       499.995       499.995       499.995       499.992       499.992       499.992       499.992       499.992      
3550          499.995       499.995       499.995       499.995       499.995       499.995       499.992       499.992       499.992       499.992       499.992      
3600          499.995       499.995       499.995       499.995       499.995       499.995       499.992       499.992       499.992       499.992       499.992      
3650          499.995       499.995       499.995       499.995       499.995       499.995       499.992       499.992       499.992       499.992       499.992      
3700          499.995       499.995       499.995       499.995       499.995       499.995       499.992       499.992       499.992       499.992       499.992      
3750          499.995       499.995       499.995       499.995       499.995       499.995       499.992       499.992       499.992       499.992       499.992      
3800          499.995       499.995       499.995       499.995       499.995       499.995       499.992       499.992       499.992       499.992       499.992      
3850          499.995       499.995       499.995       499.995       499.995       499.995       499.992       499.992       499.992       499.992       499.992      
3900          499.995       499.995       499.995       499.995       499.995       499.995       499.992       499.992       499.992       499.992       499.992      
3950          499.995       499.995       499.995       499.995       499.995       499.995       499.992       499.992       499.992       499.992       499.992      
4000          499.994       499.994       499.994       499.994       499.994       499.994       499.992       499.992       499.992       499.992       499.992      
4050          499.994       499.994       499.994       499.994       499.994       499.994       499.992       499.992       499.992       499.992       499.992      
4100          499.995       499.995       499.995       499.995       499.995       499.995       499.992       499.992       499.992       499.992       499.992      
4150          499.995       499.995       499.995       499.995       499.995       499.995       499.992       499.992       499.992       499.992       499.992      
4200          499.995       499.995       499.995       499.995       499.995       499.995       499.992       499.992       499.992       499.992       499.992      
4250          499.995       499.995       499.995       499.995       499.995       499.995       499.992       499.992       499.992       499.992       499.992      
4300          499.994       499.994       499.994       499.994       499.994       499.994       499.992       499.992       499.992       499.992       499.992      
4350          499.995       499.995       499.995       499.995       499.995       499.995       499.992       499.992       499.992       499.992       499.992      
4400          499.995       499.995       499.995       499.995       499.995       499.995       499.992       499.992       499.992       499.992       499.992      
4450          499.994       499.994       499.994       499.994       499.994       499.994       499.992       499.992       499.992       499.992       499.992      
4500          499.994       499.994       499.994       499.994       499.994       499.994       499.992       499.992       499.992       499.992       499.992      
4550          499.994       499.994       499.994       499.994       499.994       499.994       499.992       499.992       499.992       499.992       499.992      
4600          499.995       499.995       499.995       499.995       499.995       499.995       499.992       499.992       499.992       499.992       499.992      
4650          499.995       499.995       499.995       499.995       499.995       499.995       499.992       499.992       499.992       499.992       499.992      
4700          499.995       499.995       499.995       499.995       499.995       499.995       499.992       499.992       499.992       499.992       499.992      
4750          499.995       499.995       499.995       499.995       499.995       499.995       499.992       499.992       499.992       499.992       499.992      
4800          499.995       499.995       499.995       499.995       499.995       499.995       499.992       499.992       499.992       499.992       499.992      
4850          499.994       499.994       499.994       499.994       499.994       499.994       499.992       499.992       499.992       499.992       499.992      
4900          499.995       499.995       499.995       499.995       499.995       499.995       499.992       499.992       499.992       499.992       499.992      
4950          499.995       499.995       499.995       499.995       499.995       499.995       499.992       499.992       499.992       499.992       499.992      
5000          499.995       499.995       499.995       499.995       499.995       499.995       499.992       499.992       499.992       499.992       499.992      
