# Probe 0 (0.0015 0.0015 0)
# Probe 1 (0.0015 0.0015 0.002)
# Probe 2 (0.0015 0.0015 0.004)
# Probe 3 (0.0015 0.0015 0.006)
# Probe 4 (0.0015 0.0015 0.008)
# Probe 5 (0.0015 0.0015 0.01)
# Probe 6 (0.0015 0.0015 0.012)
# Probe 7 (0.0015 0.0015 0.014)
# Probe 8 (0.0015 0.0015 0.016)
# Probe 9 (0.0015 0.0015 0.018)
# Probe 10 (0.0015 0.0015 0.02)
# Time        0             1             2             3             4             5             6             7             8             9             10           
50            132464        61384.2       20193.5       7439.51       3042.47       1712.03       1321.11       1332.62       1760.46       3303.44       7890.88      
100           156419        92167.6       35129         13042.5       4891.75       2338.07       1514.08       1439.21       1903          3590.13       8205.31      
150           169129        115358        53731.7       21306         7783.47       3339.18       1821.23       1590.81       2072.68       3912.29       8550.55      
200           176876        130566        71718.9       31912.6       11930.2       4829.02       2283.16       1802.36       2272.21       4258.73       8897.23      
250           182141        141046        86412.2       43774.5       17466.3       6942.31       2954.12       2094.79       2507.29       4622.12       9228.01      
300           186006        148793        97955         55433.5       24310.5       9816.2        3902.9        2495.7        2786.94       4999.44       9536.68      
350           189003        154829        107208        65927.8       32077.4       13552         5213.36       3040.9        3124.23       5391.46       9823.6       
400           191421        159713        114822        75055.4       40158         18153.6       6978.74       3776.23       3537.65       5802.7        10092.8      
450           193428        163777        121227        82961.6       47997.9       23483         9286.77       4753.93       4050.03       6241.1        10350.6      
500           195130        167229        126709        89855.2       55307.5       29281.9       12201.1       6034.11       4692          6719.36       10605.3      
550           196599        170211        131473        95925.6       62014.9       35253.7       15734.8       7678.48       5500          7254.42       10866.6      
600           197886        172826        135671        101328        68149.9       41155.3       19826.8       9744.71       6517.78       7868.32       11145.9      
650           199028        175149        139415        106186        73775         46845.7       24345.2       12270.4       7793.07       8588.02       11456        
700           200053        177237        142792        110595        78956.7       52266.7       29123.7       15263.4       9374.08       9444.56       11811.2      
750           200983        179132        145866        114632        83756.2       57407.4       34009.3       18693.5       11302.3       10471.1       12226.7      
800           201835        180869        148691        118359        88227.3       62282         38894.7       22492.3       13601.9       11699         12717.3      
850           202622        182474        151306        121823        92416.7       66913.4       43715.4       26562.6       16267.7       13151.5       13295.5      
900           203354        183967        153746        125065        96363.1       71324.7       48432.9       30793.3       19257.7       14837.2       13968.8      
950           204039        185367        156035        128116        100097        75533.2       53018.6       35076.8       22495.1       16743.7       14737.5      
1000          204684        186685        158193        130999        103637        79547.6       57446.6       39320.5       25881.9       18835.9       15592.7      
1050          205294        187929        160234        133728        106996        83369.1       61691.7       43451.3       29315.9       21059.3       16516.6      
1100          205870        189107        162164        136311        110178        86993.4       65730.8       47414.6       32705.5       23347.4       17484.5      
1150          206414        190219        163988        138750        113182        90413.7       69544.4       51170.7       35976.7       25631.7       18467.6      
1200          206928        191268        165705        141045        116004        93622.7       73116.9       54691.9       39075.7       27850.8       19437.8      
1250          207410        192251        167315        143194        118641        96613.9       76437.5       57960.1       41966.2       29956         20370.4      
1300          207859        193169        168815        145193        121088        99383         79500.9       60966.9       44628.5       31914.6       21246.5      
1350          208276        194021        170206        147042        123346        101929        82304.6       63708.3       47052.1       33707         22054.2      
1400          208661        194806        171486        148742        125415        104254        84853.2       66189.3       49239.2       35326.9       22787.1      
1450          209014        195525        172657        150293        127298        106363        87154         68419.3       51197         36775.8       23444.5      
1500          209335        196180        173723        151702        129003        108264        89218.6       70411.1       52938         38061.7       24028.6      
1550          209626        196773        174685        152972        130536        109968        91060.9       72180.8       54478         39195.9       24543.9      
1600          209888        197306        175550        154110        131906        111487        92696.8       73745.9       55834.5       40191.9       24996        
1650          210122        197783        176322        155126        133126        112836        94143.2       75124.5       57024.6       41063.1       25391.3      
1700          210331        198207        177009        156028        134207        114027        95417         76334.7       58065.6       41823         25735.8      
1750          210516        198584        177618        156826        135160        115076        96535.2       77393.9       58974         42484.3       26035.4      
1800          210679        198916        178154        157528        135999        115997        97513.9       78318.7       59765         43058.8       26295.4      
1850          210823        199207        178625        158144        136734        116803        98368.5       79124.4       60452.5       43557.2       26520.8      
1900          210948        199463        179038        158684        137376        117506        99113.5       79825.3       61049.6       43989.1       26715.9      
1950          211058        199687        179399        159155        137937        118119        99761         80433.7       61566.9       44362.9       26884.7      
2000          211154        199882        179713        159566        138425        118651        100323        80961.3       62014.8       44686.2       27030.7      
2050          211238        200052        179987        159923        138849        119114        100811        81418.3       62402.2       44965.6       27156.7      
2100          211311        200200        180225        160233        139217        119515        101233        81813.7       62737.1       45206.8       27265.6      
2150          211374        200328        180431        160501        139535        119862        101598        82155.5       63026.4       45415.1       27359.5      
2200          211428        200439        180610        160734        139811        120162        101914        82450.8       63276.1       45594.7       27440.5      
2250          211476        200535        180765        160936        140050        120422        102187        82705.8       63491.6       45749.7       27510.3      
2300          211516        200618        180898        161110        140256        120646        102423        82925.8       63677.4       45883.2       27570.5      
2350          211552        200690        181014        161260        140434        120840        102626        83115.5       63837.6       45998.2       27622.4      
2400          211582        200752        181113        161390        140588        121006        102801        83279         63975.5       46097.4       27667        
2450          211608        200805        181199        161501        140720        121150        102952        83419.8       64094.4       46182.7       27705.4      
2500          211631        200851        181273        161598        140834        121274        103082        83540.9       64196.8       46256.1       27738.5      
2550          211651        200891        181337        161681        140932        121381        103194        83645.1       64284.7       46319.2       27767        
2600          211667        200925        181391        161751        141016        121472        103289        83734.4       64359.7       46373.3       27791.4      
2650          211682        200954        181438        161812        141088        121550        103372        83811.2       64424.9       46420.1       27812.3      
2700          211694        200978        181477        161863        141148        121616        103440        83875.5       64479.1       46458.9       27829.9      
2750          211704        201000        181512        161908        141201        121674        103501        83932.3       64527         46493.5       27845.3      
2800          211713        201019        181542        161948        141248        121725        103555        83981.9       64568.9       46523.4       27858.9      
2850          211721        201034        181568        161981        141287        121767        103599        84023.4       64603.8       46548.7       27870.3      
2900          211728        201047        181589        162009        141320        121803        103637        84058.7       64633.5       46569.8       27879.8      
2950          211734        201059        181608        162033        141349        121834        103669        84088.9       64659.2       46588.3       27888.1      
3000          211738        201069        181624        162054        141373        121861        103697        84115         64681.1       46604         27895.2      
3050          211743        201077        181637        162072        141395        121884        103721        84137.5       64700.1       46617.7       27901.3      
3100          211746        201085        181649        162087        141413        121904        103743        84157.2       64716.8       46629.6       27906.7      
3150          211749        201091        181659        162100        141428        121920        103760        84173.5       64730.4       46639.4       27911.1      
3200          211752        201097        181668        162112        141442        121935        103776        84188         64742.7       46648.3       27915.1      
3250          211754        201101        181676        162121        141454        121948        103789        84200.5       64753.3       46655.9       27918.5      
3300          211756        201105        181682        162130        141464        121959        103800        84211.5       64762.5       46662.6       27921.5      
3350          211758        201109        181687        162137        141472        121967        103809        84219.5       64769.4       46667.5       27923.8      
3400          211759        201112        181692        162143        141479        121976        103818        84227.8       64776.4       46672.5       27926        
3450          211760        201114        181696        162147        141485        121981        103824        84233.4       64781         46675.8       27927.6      
3500          211761        201116        181699        162152        141490        121987        103830        84238.9       64785.7       46679.1       27929.1      
3550          211762        201118        181702        162156        141495        121992        103835        84244.1       64790         46682.2       27930.5      
3600          211763        201119        181705        162159        141498        121996        103840        84248.1       64793.4       46684.7       27931.6      
3650          211763        201120        181706        162161        141500        121998        103842        84250.1       64795.3       46686.2       27932.2      
3700          211764        201121        181708        162163        141503        122002        103846        84253.8       64798.5       46688.4       27933.2      
3750          211764        201122        181709        162165        141505        122003        103847        84255.2       64799.5       46689.2       27933.6      
3800          211765        201123        181710        162166        141507        122005        103850        84257.3       64801.4       46690.6       27934.2      
3850          211765        201123        181711        162167        141508        122007        103851        84258.5       64802.4       46691.3       27934.6      
3900          211765        201124        181712        162168        141509        122008        103853        84260.3       64804         46692.5       27935.1      
3950          211765        201124        181712        162168        141509        122008        103853        84260.3       64804         46692.5       27935.1      
4000          211765        201124        181712        162168        141509        122008        103853        84260.3       64804         46692.5       27935.1      
4050          211765        201124        181712        162168        141509        122008        103853        84260.3       64804         46692.5       27935.1      
4100          211765        201124        181712        162168        141509        122008        103853        84260.3       64804         46692.5       27935.1      
4150          211765        201124        181712        162168        141509        122008        103853        84260.3       64804         46692.5       27935.1      
4200          211765        201124        181712        162168        141509        122008        103853        84260.3       64804         46692.5       27935.1      
4250          211765        201124        181712        162168        141509        122008        103853        84260.3       64804         46692.5       27935.1      
4300          211765        201124        181712        162168        141509        122008        103853        84260.3       64804         46692.5       27935.1      
4350          211765        201124        181712        162168        141509        122008        103853        84260.3       64804         46692.5       27935.1      
4400          211765        201124        181712        162168        141509        122008        103853        84260.3       64804         46692.5       27935.1      
4450          211765        201124        181712        162168        141509        122008        103853        84260.3       64804         46692.5       27935.1      
4500          211765        201124        181712        162168        141509        122008        103853        84260.3       64804         46692.5       27935.1      
4550          211765        201124        181712        162168        141509        122008        103853        84260.3       64804         46692.5       27935.1      
4600          211765        201124        181712        162168        141509        122008        103853        84260.3       64804         46692.5       27935.1      
4650          211765        201124        181712        162168        141509        122008        103853        84260.3       64804         46692.5       27935.1      
4700          211765        201124        181712        162168        141509        122008        103853        84260.3       64804         46692.5       27935.1      
4750          211765        201124        181712        162168        141509        122008        103853        84260.3       64804         46692.5       27935.1      
4800          211765        201124        181712        162168        141509        122008        103853        84260.3       64804         46692.5       27935.1      
4850          211765        201124        181712        162168        141509        122008        103853        84260.3       64804         46692.5       27935.1      
4900          211765        201124        181712        162168        141509        122008        103853        84260.3       64804         46692.5       27935.1      
4950          211765        201124        181712        162168        141509        122008        103853        84260.3       64804         46692.5       27935.1      
5000          211765        201124        181712        162168        141509        122008        103853        84260.3       64804         46692.5       27935.1      
