# Probe 0 (0.0015 0.0015 0)
# Probe 1 (0.0015 0.0015 0.002)
# Probe 2 (0.0015 0.0015 0.004)
# Probe 3 (0.0015 0.0015 0.006)
# Probe 4 (0.0015 0.0015 0.008)
# Probe 5 (0.0015 0.0015 0.01)
# Probe 6 (0.0015 0.0015 0.012)
# Probe 7 (0.0015 0.0015 0.014)
# Probe 8 (0.0015 0.0015 0.016)
# Probe 9 (0.0015 0.0015 0.018)
# Probe 10 (0.0015 0.0015 0.02)
# Time        0             1             2             3             4             5             6             7             8             9             10           
50            (2.08536e+06 7942.21 -5.38079e+07) (-1.06163e+06 -153876 -3.49042e+07) (-59619.2 -6857.42 -1.04557e+07) (-67699.3 180175 -4.15718e+06) (-23985 -26205.3 -1.07593e+06) (-3989 -13225.2 -378787) (-6186.52 1156.59 -109730) (-5176.26 -16287.1 84388) (5148.03 -7449.91 367498) (-27190.3 -38203.1 1.37894e+06) (2772.27 29091.8 3.93797e+06)
100           (3.06951e+06 -146750 -4.12639e+07) (-36789 -86259.1 -3.99601e+07) (-72644 -65488.1 -1.71403e+07) (-106696 297607 -7.52805e+06) (-47986.5 -48748.6 -2.04899e+06) (-13274.2 -17133.8 -736752) (-12012.7 532.166 -211622) (-5767.18 -15629 74178.9) (5508.22 -8120.39 409302) (-29177.1 -32643.1 1.46259e+06) (17111.2 34866.8 3.77922e+06)
150           (3.16421e+06 -204895 -3.38561e+07) (833383 37710.7 -3.68513e+07) (-46046.5 -339632 -2.25477e+07) (-146277 391269 -1.19752e+07) (-79263.4 -82698.5 -3.52174e+06) (-27332.7 -23680.5 -1.3017e+06) (-21300.9 -577.243 -381413) (-6743.28 -14511.1 45264) (5783.44 -8771.05 449818) (-31118.9 -26356.2 1.55264e+06) (31995.3 41477.6 3.59933e+06)
200           (3.16293e+06 -243492 -2.92976e+07) (1.23307e+06 84944.7 -3.31326e+07) (88096.1 -690977 -2.44291e+07) (-197231 389731 -1.64405e+07) (-108117 -126695 -5.50857e+06) (-46518.4 -34018 -2.12398e+06) (-35032.2 -2433.24 -642458) (-8244.46 -12827.9 -10503.4) (5878.64 -9366.03 483860) (-32691 -19250.1 1.63836e+06) (44852.3 47197.9 3.40729e+06)
250           (3.15276e+06 -271753 -2.6192e+07) (1.49146e+06 99402.3 -3.02394e+07) (213916 -898545 -2.41068e+07) (-292975 301552 -1.95115e+07) (-114666 -173766 -7.87364e+06) (-70072.9 -49776.5 -3.25e+06) (-54324.9 -5441.39 -1.0246e+06) (-10455.1 -10443.6 -103797) (5701.91 -9854.42 505683) (-33666.4 -11318.1 1.71114e+06) (54660.5 50781.3 3.21149e+06)
300           (3.14187e+06 -292993 -2.39092e+07) (1.67917e+06 106593 -2.80014e+07) (278393 -1.01617e+06 -2.31265e+07) (-396599 198586 -2.07031e+07) (-81692 -213725 -1.02552e+07) (-94766.3 -73198.3 -4.69632e+06) (-80195.1 -10260.6 -1.56402e+06) (-13603.9 -7240.45 -247867) (5140.01 -10188.5 508795) (-33926.5 -2583.49 1.76484e+06) (61674.7 52151 3.01815e+06)
350           (3.13159e+06 -309665 -2.21368e+07) (1.82277e+06 110815 -2.62144e+07) (311062 -1.09413e+06 -2.20699e+07) (-472285 107226 -2.06531e+07) (-17676.6 -239240 -1.2188e+07) (-113466 -106999 -6.40922e+06) (-113124 -17858.5 -2.30017e+06) (-17969.3 -3164.23 -458928) (4071.32 -10314.7 485481) (-33460.6 6861.44 1.79483e+06) (66604.6 51871.1 2.83062e+06)
400           (3.1224e+06 -323178 -2.07059e+07) (1.93745e+06 113511 -2.47461e+07) (331371 -1.152e+06 -2.10855e+07) (-529145 23439.2 -2.00906e+07) (52541 -249424 -1.34051e+07) (-115391 -154686 -8.22828e+06) (-152128 -29317 -3.26557e+06) (-23850.4 1612.93 -755232) (2333.33 -10189.9 426157) (-32316.3 16888.1 1.79686e+06) (70151.9 50586 2.6493e+06)
450           (3.1143e+06 -334411 -1.95174e+07) (2.03205e+06 115362 -2.35118e+07) (346017 -1.19763e+06 -2.02003e+07) (-576464 -52464.1 -1.93772e+07) (115965 -251044 -1.39728e+07) (-90641.8 -221345 -9.91025e+06) (-193996 -45016.6 -4.46994e+06) (-31547.2 6494.69 -1.15489e+06) (-211.781 -9791.28 319952) (-30577.9 27356.8 1.76697e+06) (72834.7 48725.3 2.47212e+06)
500           (3.10699e+06 -344003 -1.8509e+07) (2.11185e+06 116683 -2.24557e+07) (357461 -1.23479e+06 -1.94096e+07) (-616934 -119700 -1.86418e+07) (172489 -250951 -1.41142e+07) (-37951.6 -309108 -1.12372e+07) (-233337 -63348 -5.87637e+06) (-41235.7 10280 -1.6721e+06) (-3707.17 -9125.27 154049) (-28319.4 38144.8 1.70022e+06) (74979.4 46465.4 2.29476e+06)
550           (3.10042e+06 -352283 -1.76386e+07) (2.18042e+06 117678 -2.1538e+07) (366687 -1.26594e+06 -1.87008e+07) (-652105 -179383 -1.79274e+07) (223394 -251095 -1.40203e+07) (32117.2 -408473 -1.21249e+07) (-263981 -80203.7 -7.38478e+06) (-53009.2 10731.2 -2.31301e+06) (-8240.7 -8263.21 -85281.7) (-25571.7 49249.1 1.59079e+06) (76822.1 43852.7 2.11129e+06)
600           (3.0945e+06 -359561 -1.6876e+07) (2.24031e+06 118419 -2.07294e+07) (374377 -1.2926e+06 -1.80617e+07) (-683183 -232826 -1.72474e+07) (269234 -251301 -1.38057e+07) (104689 -503070 -1.26322e+07) (-281989 -90833.5 -8.84595e+06) (-66756.3 4489.48 -3.06696e+06) (-13837 -7370.49 -412512) (-22328 60852.2 1.43142e+06) (78539 40831.4 1.91426e+06)
650           (3.08911e+06 -366030 -1.6199e+07) (2.29332e+06 118991 -2.00082e+07) (380907 -1.31581e+06 -1.74806e+07) (-710965 -281089 -1.66053e+07) (310565 -251372 -1.35305e+07) (170337 -583699 -1.2873e+07) (-288052 -93311.7 -1.01203e+07) (-82334 -12679 -3.89979e+06) (-20375.4 -6701.92 -839149) (-18523.3 73290.1 1.21378e+06) (80245 37271.3 1.69482e+06)
700           (3.08416e+06 -371845 -1.5591e+07) (2.34082e+06 119440 -1.93578e+07) (386553 -1.33632e+06 -1.69483e+07) (-736077 -325060 -1.60002e+07) (348118 -251277 -1.32255e+07) (227159 -650792 -1.29465e+07) (-285825 -89003.7 -1.11322e+07) (-99829.2 -44817.3 -4.75376e+06) (-27602.8 -6576.18 -1.3712e+06) (-14059.2 87137.5 928893) (82048.2 33023.5 1.44305e+06)
750           (3.0796e+06 -377137 -1.50394e+07) (2.38383e+06 119786 -1.87655e+07) (391530 -1.35467e+06 -1.64575e+07) (-759019 -365471 -1.54293e+07) (382578 -251039 -1.29068e+07) (276605 -708097 -1.29179e+07) (-279092 -80727.6 -1.18811e+07) (-119569 -94191.8 -5.55877e+06) (-35157.4 -7281.38 -2.00493e+06) (-8825.92 103238 568464) (84066.4 27948.1 1.14829e+06)
800           (3.07534e+06 -381978 -1.4534e+07) (2.42315e+06 120072 -1.82213e+07) (395938 -1.37131e+06 -1.60014e+07) (-780099 -402857 -1.48899e+07) (414400 -250733 -1.25837e+07) (320338 -758530 -1.28243e+07) (-270511 -71114.8 -1.24111e+07) (-141408 -159855 -6.25448e+06) (-42712.4 -8959.16 -2.72221e+06) (-2714.02 122600 127078) (86395.8 21924.8 800176)
850           (3.07135e+06 -386451 -1.40673e+07) (2.4594e+06 120303 -1.77173e+07) (399911 -1.38649e+06 -1.5575e+07) (-799655 -437678 -1.43783e+07) (444040 -250368 -1.22607e+07) (359787 -804070 -1.2688e+07) (-261697 -61582.6 -1.27787e+07) (-164288 -237616 -6.80849e+06) (-50103.4 -11495.8 -3.49013e+06) (4321.66 146434 -394904) (89161.8 14912.5 389932)
900           (3.06759e+06 -390615 -1.3633e+07) (2.49308e+06 120491 -1.72473e+07) (403526 -1.40049e+06 -1.51741e+07) (-817920 -470332 -1.38913e+07) (471837 -249957 -1.19407e+07) (395967 -845908 -1.25238e+07) (-253264 -52659.7 -1.3033e+07) (-186828 -321989 -7.22198e+06) (-57413.5 -14572.5 -4.2654e+06) (12263.2 175872 -988791) (92484.1 6973.48 -87612.6)
950           (3.06403e+06 -394517 -1.32263e+07) (2.52458e+06 120645 -1.68061e+07) (406849 -1.4135e+06 -1.47953e+07) (-835081 -501115 -1.34268e+07) (498049 -249517 -1.16264e+07) (429584 -884807 -1.23428e+07) (-245322 -44363.1 -1.32121e+07) (-208313 -408200 -7.51908e+06) (-64838.5 -17839.3 -5.00552e+06) (21024.9 211651 -1.63692e+06) (96460.5 -1723.53 -632332)
1000          (3.06066e+06 -398192 -1.28435e+07) (2.55422e+06 120775 -1.63902e+07) (409932 -1.42568e+06 -1.44363e+07) (-851274 -530234 -1.29836e+07) (522853 -249063 -1.13206e+07) (461101 -921274 -1.21545e+07) (-237829 -36585.4 -1.33438e+07) (-228731 -493057 -7.73126e+06) (-72427.4 -21123.6 -5.68061e+06) (30469.9 253757 -2.31489e+06) (101143 -10923.5 -1.23773e+06)
1050          (3.05746e+06 -401664 -1.24818e+07) (2.58219e+06 120889 -1.59969e+07) (412817 -1.43714e+06 -1.40958e+07) (-866588 -557820 -1.25617e+07) (546355 -248613 -1.10261e+07) (490793 -955631 -1.19667e+07) (-230767 -29257.7 -1.34471e+07) (-248251 -574721 -7.88659e+06) (-79990.8 -24464.7 -6.27856e+06) (40418.5 301253 -2.99614e+06) (106517 -20330.9 -1.891e+06)
1100          (3.05443e+06 -404947 -1.21397e+07) (2.60865e+06 120994 -1.56248e+07) (415536 -1.44797e+06 -1.37735e+07) (-881077 -583935 -1.21616e+07) (568602 -248182 -1.07456e+07) (518798 -988053 -1.17851e+07) (-224156 -22367.5 -1.35344e+07) (-266910 -652197 -8.006e+06) (-87238.1 -27967.7 -6.80205e+06) (50643.9 352409 -3.65717e+06) (112482 -29662.6 -2.57442e+06)
1150          (3.05156e+06 -408050 -1.18165e+07) (2.63365e+06 121096 -1.52734e+07) (418108 -1.45821e+06 -1.34692e+07) (-894761 -608593 -1.17842e+07) (589601 -247782 -1.04814e+07) (545166 -1.01862e+06 -1.16139e+07) (-218027 -15930.2 -1.36136e+07) (-284620 -724934 -8.10373e+06) (-93950.9 -31656.1 -7.26137e+06) (60879.5 405099 -4.281e+06) (118866 -38686.9 -3.26774e+06)
1200          (3.04888e+06 -410974 -1.15119e+07) (2.65722e+06 121198 -1.49424e+07) (420546 -1.46789e+06 -1.31833e+07) (-907641 -631780 -1.14305e+07) (609336 -247422 -1.02352e+07) (569899 -1.04735e+06 -1.1456e+07) (-212405 -9965.94 -1.36893e+07) (-301262 -792619 -8.18895e+06) (-100044 -35444.7 -7.66826e+06) (70851.4 457266 -4.85801e+06) (125447 -47238.6 -3.951e+06)
1250          (3.04638e+06 -413717 -1.1226e+07) (2.67936e+06 121302 -1.46322e+07) (422853 -1.477e+06 -1.29162e+07) (-919710 -653472 -1.11013e+07) (627783 -247105 -1.00078e+07) (592983 -1.07423e+06 -1.13128e+07) (-207300 -4487.97 -1.3764e+07) (-316747 -855086 -8.2673e+06) (-105528 -39197.7 -8.03261e+06) (80323.1 507255 -5.38462e+06) (131993 -55214.6 -4.60694e+06)
1300          (3.04403e+06 -416280 -1.09593e+07) (2.7e+06 121411 -1.43431e+07) (425042 -1.48552e+06 -1.26683e+07) (-930864 -673564 -1.07973e+07) (644881 -246846 -9.79957e+06) (614382 -1.09914e+06 -1.11842e+07) (-202717 426.266 -1.38384e+07) (-331008 -912137 -8.34185e+06) (-110436 -42787.2 -8.36152e+06) (89096.6 553852 -5.86141e+06) (138256 -62585.3 -5.2226e+06)
1350          (3.0419e+06 -418655 -1.07116e+07) (2.71921e+06 121519 -1.40752e+07) (427083 -1.49349e+06 -1.24396e+07) (-941280 -692204 -1.05182e+07) (660702 -246617 -9.611e+06) (634126 -1.12227e+06 -1.10712e+07) (-198620 4942.02 -1.39131e+07) (-344063 -964127 -8.4141e+06) (-114868 -46128.3 -8.65973e+06) (97142.9 596613 -6.28997e+06) (144178 -69275.2 -5.78961e+06)
1400          (3.03991e+06 -420895 -1.04833e+07) (2.73696e+06 121635 -1.38286e+07) (429014 -1.50084e+06 -1.22301e+07) (-950859 -709293 -1.0264e+07) (675227 -246423 -9.44132e+06) (652211 -1.14349e+06 -1.09723e+07) (-195012 8996.95 -1.39875e+07) (-355980 -1.01109e+06 -8.48436e+06) (-118837 -49166.1 -8.9301e+06) (104453 635218 -6.67396e+06) (149575 -75356.6 -6.30387e+06)
1450          (3.03815e+06 -422894 -1.0274e+07) (2.75322e+06 121740 -1.3603e+07) (430777 -1.50763e+06 -1.20394e+07) (-959620 -724892 -1.00338e+07) (688437 -246273 -9.28974e+06) (668665 -1.16288e+06 -1.08871e+07) (-191827 12616 -1.40605e+07) (-366640 -1.05311e+06 -8.55242e+06) (-122414 -51897.4 -9.17506e+06) (110910 669628 -7.01606e+06) (154487 -80762.1 -6.76492e+06)
1500          (3.03656e+06 -424716 -1.00834e+07) (2.76805e+06 121846 -1.33979e+07) (432401 -1.51385e+06 -1.1867e+07) (-967581 -739037 -9.82687e+06) (700397 -246157 -9.15531e+06) (683538 -1.18048e+06 -1.08143e+07) (-189049 15810.7 -1.41312e+07) (-376196 -1.09057e+06 -8.61771e+06) (-125609 -54318.7 -9.39604e+06) (116644 700086 -7.31977e+06) (158873 -85563.6 -7.17439e+06)
1550          (3.03514e+06 -426364 -9.91079e+06) (2.78149e+06 121950 -1.32126e+07) (433889 -1.51951e+06 -1.17119e+07) (-974769 -751779 -9.64184e+06) (711160 -246070 -9.03668e+06) (696903 -1.19633e+06 -1.07523e+07) (-186638 18625.8 -1.41987e+07) (-384708 -1.12377e+06 -8.67962e+06) (-128456 -56449.4 -9.59447e+06) (121697 726871 -7.58839e+06) (162750 -89807.7 -7.53554e+06)
1600          (3.03393e+06 -427822 -9.75566e+06) (2.79359e+06 122027 -1.30463e+07) (435205 -1.5247e+06 -1.15733e+07) (-981293 -763302 -9.47717e+06) (720796 -245996 -8.9324e+06) (708878 -1.21066e+06 -1.06994e+07) (-184492 21112.8 -1.42626e+07) (-392193 -1.15318e+06 -8.73748e+06) (-131000 -58318.2 -9.77177e+06) (126131 750374 -7.82529e+06) (166242 -93473.3 -7.85251e+06)
1650          (3.0328e+06 -429150 -9.61677e+06) (2.80442e+06 122122 -1.28976e+07) (436429 -1.52928e+06 -1.145e+07) (-987045 -773458 -9.33146e+06) (729368 -245950 -8.84112e+06) (719496 -1.22332e+06 -1.06549e+07) (-182699 23273.1 -1.43217e+07) (-398862 -1.17894e+06 -8.79112e+06) (-133232 -59943.1 -9.92951e+06) (130007 770826 -8.03333e+06) (169203 -96755.7 -8.12952e+06)
1700          (3.0318e+06 -430333 -9.4931e+06) (2.81407e+06 122211 -1.27654e+07) (437529 -1.53337e+06 -1.13408e+07) (-992157 -782467 -9.20299e+06) (736966 -245919 -8.76147e+06) (728895 -1.23454e+06 -1.06172e+07) (-181156 25157.1 -1.43761e+07) (-404728 -1.20151e+06 -8.84025e+06) (-135199 -61355.3 -1.00692e+07) (133387 788622 -8.21557e+06) (171780 -99623.9 -8.37094e+06)
1750          (3.03092e+06 -431382 -9.38349e+06) (2.82263e+06 122293 -1.26483e+07) (438510 -1.53701e+06 -1.12445e+07) (-996680 -790425 -9.0901e+06) (743672 -245899 -8.69214e+06) (737182 -1.24446e+06 -1.05854e+07) (-179830 26796.5 -1.44256e+07) (-409871 -1.22124e+06 -8.88482e+06) (-136927 -62580.2 -1.01924e+07) (136328 804076 -8.37481e+06) (174019 -102124 -8.58087e+06)
1800          (3.03015e+06 -432307 -9.28674e+06) (2.83019e+06 122368 -1.25452e+07) (439383 -1.54024e+06 -1.11598e+07) (-1.00067e+06 -797428 -8.99122e+06) (749569 -245887 -8.63191e+06) (744463 -1.25319e+06 -1.05586e+07) (-178690 28220.4 -1.44703e+07) (-414368 -1.23844e+06 -8.92493e+06) (-138440 -63641.1 -1.03007e+07) (138883 817478 -8.51366e+06) (175959 -104299 -8.76309e+06)
1850          (3.02947e+06 -433120 -9.20165e+06) (2.83684e+06 122436 -1.24545e+07) (440154 -1.54308e+06 -1.10856e+07) (-1.00417e+06 -803572 -8.90482e+06) (754740 -245880 -8.57967e+06) (750841 -1.26086e+06 -1.05358e+07) (-177712 29455.4 -1.45104e+07) (-418291 -1.25341e+06 -8.96077e+06) (-139762 -64558.8 -1.03956e+07) (141099 829084 -8.63449e+06) (177639 -106188 -8.92104e+06)
1900          (3.02884e+06 -433861 -9.12706e+06) (2.84265e+06 122510 -1.2375e+07) (440853 -1.54554e+06 -1.10208e+07) (-1.00717e+06 -808879 -8.82961e+06) (759243 -245881 -8.53441e+06) (756404 -1.26746e+06 -1.05162e+07) (-176884 30484.6 -1.4546e+07) (-421714 -1.26635e+06 -8.99262e+06) (-140915 -65355.6 -1.04785e+07) (143023 839069 -8.73961e+06) (179042 -107855 -9.05777e+06)
1950          (3.02833e+06 -434479 -9.06186e+06) (2.84775e+06 122562 -1.23057e+07) (441447 -1.54772e+06 -1.09642e+07) (-1.00985e+06 -813573 -8.76407e+06) (763188 -245880 -8.49523e+06) (761264 -1.27331e+06 -1.04998e+07) (-176162 31419.7 -1.45775e+07) (-424680 -1.27763e+06 -9.02074e+06) (-141919 -66040.9 -1.05508e+07) (144679 847753 -8.8307e+06) (180300 -109273 -9.1761e+06)
2000          (3.02789e+06 -435020 -9.00496e+06) (2.85221e+06 122608 -1.22452e+07) (441967 -1.54963e+06 -1.0915e+07) (-1.01219e+06 -817665 -8.70715e+06) (766623 -245882 -8.46137e+06) (765491 -1.27842e+06 -1.0486e+07) (-175540 32224.4 -1.46054e+07) (-427255 -1.28742e+06 -9.04549e+06) (-142790 -66632.1 -1.06137e+07) (146117 855262 -8.90963e+06) (181391 -110498 -9.27839e+06)
2050          (3.02751e+06 -435491 -8.95543e+06) (2.85609e+06 122649 -1.21926e+07) (442421 -1.5513e+06 -1.08723e+07) (-1.01423e+06 -821223 -8.65778e+06) (769609 -245885 -8.43213e+06) (769163 -1.28286e+06 -1.04742e+07) (-175007 32919.5 -1.46299e+07) (-429487 -1.29589e+06 -9.0672e+06) (-143545 -67142.2 -1.06683e+07) (147359 861746 -8.97795e+06) (182333 -111556 -9.36674e+06)
2100          (3.02718e+06 -435900 -8.91237e+06) (2.85946e+06 122686 -1.21468e+07) (442817 -1.55275e+06 -1.08352e+07) (-1.016e+06 -824312 -8.61501e+06) (772200 -245888 -8.40688e+06) (772349 -1.28671e+06 -1.04641e+07) (-174548 33519.6 -1.46513e+07) (-431420 -1.30322e+06 -9.08618e+06) (-144199 -67582.1 -1.07157e+07) (148433 867342 -9.03703e+06) (183145 -112471 -9.44302e+06)
2150          (3.02689e+06 -436255 -8.87501e+06) (2.86239e+06 122717 -1.21072e+07) (443161 -1.55401e+06 -1.08031e+07) (-1.01754e+06 -826989 -8.57799e+06) (774445 -245892 -8.3851e+06) (775108 -1.29005e+06 -1.04555e+07) (-174155 34037.4 -1.467e+07) (-433092 -1.30955e+06 -9.10273e+06) (-144765 -67961.3 -1.07568e+07) (149360 872169 -9.08809e+06) (183846 -113261 -9.50884e+06)
2200          (3.02664e+06 -436563 -8.84263e+06) (2.86493e+06 122745 -1.20728e+07) (443459 -1.55511e+06 -1.07752e+07) (-1.01887e+06 -829308 -8.54599e+06) (776389 -245896 -8.36632e+06) (777496 -1.29295e+06 -1.04482e+07) (-173816 34484.1 -1.46863e+07) (-434536 -1.31501e+06 -9.11714e+06) (-145255 -68288.2 -1.07923e+07) (150159 876331 -9.13219e+06) (184450 -113942 -9.56561e+06)
2250          (3.02643e+06 -436829 -8.81459e+06) (2.86712e+06 122769 -1.20431e+07) (443718 -1.55605e+06 -1.07512e+07) (-1.02002e+06 -831313 -8.51833e+06) (778070 -245900 -8.35013e+06) (779561 -1.29545e+06 -1.04419e+07) (-173525 34869.2 -1.47005e+07) (-435784 -1.31973e+06 -9.12966e+06) (-145678 -68569.9 -1.08231e+07) (150848 879919 -9.17026e+06) (184971 -114530 -9.61455e+06)
2300          (3.02625e+06 -437060 -8.79037e+06) (2.86903e+06 122791 -1.20174e+07) (443949 -1.55685e+06 -1.07305e+07) (-1.02102e+06 -833036 -8.49441e+06) (779529 -245904 -8.33617e+06) (781342 -1.29761e+06 -1.04366e+07) (-173305 35217.3 -1.47128e+07) (-436885 -1.32379e+06 -9.14049e+06) (-146036 -68806.5 -1.08497e+07) (151438 883027 -9.20306e+06) (185420 -115042 -9.65675e+06)
2350          (3.0261e+06 -437245 -8.76947e+06) (2.87068e+06 122815 -1.19951e+07) (444135 -1.55757e+06 -1.07126e+07) (-1.02188e+06 -834523 -8.47374e+06) (780769 -245920 -8.32424e+06) (782870 -1.29946e+06 -1.04319e+07) (-173101 35498.6 -1.47235e+07) (-437811 -1.32728e+06 -9.14983e+06) (-146353 -69012.2 -1.08726e+07) (151952 885677 -9.23134e+06) (185799 -115486 -9.69309e+06)
2400          (3.02596e+06 -437416 -8.75141e+06) (2.87209e+06 122831 -1.19759e+07) (444302 -1.55817e+06 -1.06972e+07) (-1.02262e+06 -835802 -8.456e+06) (781848 -245923 -8.31387e+06) (784187 -1.30106e+06 -1.0428e+07) (-172929 35750 -1.47326e+07) (-438609 -1.33029e+06 -9.158e+06) (-146623 -69190.4 -1.08923e+07) (152389 887957 -9.25574e+06) (186127 -115864 -9.72437e+06)
2450          (3.02584e+06 -437567 -8.73582e+06) (2.87331e+06 122846 -1.19594e+07) (444446 -1.5587e+06 -1.06838e+07) (-1.02326e+06 -836929 -8.44069e+06) (782780 -245916 -8.30498e+06) (785341 -1.30246e+06 -1.04246e+07) (-172752 35954.8 -1.47406e+07) (-439296 -1.33291e+06 -9.16502e+06) (-146867 -69349.4 -1.09093e+07) (152772 889937 -9.27677e+06) (186420 -116180 -9.75131e+06)
2500          (3.02576e+06 -437658 -8.72241e+06) (2.87437e+06 122872 -1.19451e+07) (444580 -1.5591e+06 -1.06725e+07) (-1.0238e+06 -837840 -8.42745e+06) (783579 -245932 -8.29742e+06) (786315 -1.3036e+06 -1.04216e+07) (-172691 36164 -1.47475e+07) (-439902 -1.33505e+06 -9.17103e+06) (-147066 -69466.8 -1.0924e+07) (153059 891585 -9.29487e+06) (186654 -116465 -9.77448e+06)
2550          (3.02562e+06 -437828 -8.71086e+06) (2.87525e+06 122863 -1.19329e+07) (444715 -1.55949e+06 -1.06625e+07) (-1.02425e+06 -838652 -8.41618e+06) (784277 -245921 -8.29074e+06) (787187 -1.30464e+06 -1.04192e+07) (-172550 36287 -1.47535e+07) (-440428 -1.337e+06 -9.17624e+06) (-147234 -69597.5 -1.09367e+07) (153335 893077 -9.31036e+06) (186875 -116703 -9.79443e+06)
2600          (3.02557e+06 -437928 -8.70103e+06) (2.87604e+06 122853 -1.19224e+07) (444752 -1.55993e+06 -1.06541e+07) (-1.02472e+06 -839479 -8.40634e+06) (784885 -245915 -8.28512e+06) (787931 -1.30565e+06 -1.04171e+07) (-172342 36443.7 -1.47585e+07) (-440770 -1.33881e+06 -9.18058e+06) (-147407 -69701.7 -1.09474e+07) (153621 894372 -9.3236e+06) (187120 -116862 -9.81156e+06)
2650          (3.02551e+06 -437983 -8.69249e+06) (2.87672e+06 122890 -1.19136e+07) (444873 -1.56015e+06 -1.06467e+07) (-1.02504e+06 -840008 -8.39825e+06) (785394 -245932 -8.28011e+06) (788559 -1.30631e+06 -1.04152e+07) (-172336 36559.7 -1.47629e+07) (-441259 -1.34015e+06 -9.18449e+06) (-147481 -69770.1 -1.09567e+07) (153825 895457 -9.33524e+06) (187201 -117093 -9.82623e+06)
2700          (3.02545e+06 -438057 -8.6854e+06) (2.87725e+06 122884 -1.19061e+07) (444921 -1.56041e+06 -1.06405e+07) (-1.02532e+06 -840536 -8.39131e+06) (785804 -245914 -8.27603e+06) (789053 -1.30696e+06 -1.04137e+07) (-172212 36636.2 -1.47663e+07) (-441521 -1.34135e+06 -9.18771e+06) (-147626 -69852.6 -1.09644e+07) (154004 896325 -9.34477e+06) (187352 -117224 -9.83854e+06)
2750          (3.02541e+06 -438121 -8.67911e+06) (2.87776e+06 122907 -1.18995e+07) (444979 -1.5606e+06 -1.06352e+07) (-1.02561e+06 -841008 -8.38514e+06) (786206 -245879 -8.27239e+06) (789534 -1.30754e+06 -1.04123e+07) (-172171 36779.5 -1.47696e+07) (-441835 -1.34242e+06 -9.19057e+06) (-147721 -69916.9 -1.09713e+07) (154148 897154 -9.35328e+06) (187474 -117339 -9.84939e+06)
2800          (3.02535e+06 -438168 -8.6736e+06) (2.87817e+06 122894 -1.18935e+07) (445057 -1.56076e+06 -1.06305e+07) (-1.02578e+06 -841326 -8.3798e+06) (786510 -245917 -8.26925e+06) (789919 -1.30796e+06 -1.04112e+07) (-172151 36787 -1.47723e+07) (-442076 -1.34326e+06 -9.19305e+06) (-147796 -69966.3 -1.09773e+07) (154253 897792 -9.36062e+06) (187557 -117479 -9.85888e+06)
2850          (3.02533e+06 -438230 -8.66904e+06) (2.87855e+06 122878 -1.18888e+07) (445077 -1.56098e+06 -1.06266e+07) (-1.02603e+06 -841749 -8.37511e+06) (786815 -245907 -8.26666e+06) (790303 -1.3085e+06 -1.04102e+07) (-172035 36888.1 -1.47749e+07) (-442242 -1.34414e+06 -9.19505e+06) (-147866 -70016.2 -1.09824e+07) (154387 898460 -9.36677e+06) (187701 -117530 -9.86688e+06)
2900          (3.02527e+06 -438257 -8.6651e+06) (2.87881e+06 122884 -1.18846e+07) (445126 -1.56108e+06 -1.06232e+07) (-1.02611e+06 -841947 -8.37148e+06) (786997 -245916 -8.26443e+06) (790526 -1.30874e+06 -1.04093e+07) (-172020 36875.8 -1.47766e+07) (-442412 -1.34467e+06 -9.19689e+06) (-147933 -70066.9 -1.09865e+07) (154456 898836 -9.37211e+06) (187728 -117642 -9.87354e+06)
2950          (3.02529e+06 -438253 -8.66176e+06) (2.87913e+06 122918 -1.18809e+07) (445120 -1.56126e+06 -1.06204e+07) (-1.02628e+06 -842240 -8.36801e+06) (787211 -245950 -8.26263e+06) (790854 -1.30907e+06 -1.04083e+07) (-171973 36932.8 -1.47787e+07) (-442521 -1.3453e+06 -9.19836e+06) (-147942 -70068.6 -1.09901e+07) (154573 899347 -9.37681e+06) (187814 -117687 -9.87933e+06)
3000          (3.02522e+06 -438342 -8.65887e+06) (2.87932e+06 122896 -1.1878e+07) (445197 -1.56127e+06 -1.06179e+07) (-1.0264e+06 -842402 -8.36526e+06) (787418 -245899 -8.26088e+06) (791040 -1.3093e+06 -1.0408e+07) (-171965 37013 -1.478e+07) (-442697 -1.34577e+06 -9.19966e+06) (-148032 -70124.9 -1.09934e+07) (154606 899667 -9.3805e+06) (187846 -117767 -9.88434e+06)
3050          (3.0253e+06 -438265 -8.65638e+06) (2.87955e+06 122914 -1.18753e+07) (445174 -1.56145e+06 -1.06157e+07) (-1.02653e+06 -842643 -8.36282e+06) (787537 -245939 -8.25946e+06) (791205 -1.30959e+06 -1.04074e+07) (-171904 37022.8 -1.47813e+07) (-442789 -1.34622e+06 -9.20078e+06) (-148049 -70144.8 -1.09961e+07) (154694 900016 -9.38386e+06) (187916 -117800 -9.88866e+06)
3100          (3.0252e+06 -438346 -8.65419e+06) (2.87969e+06 122912 -1.1873e+07) (445236 -1.5614e+06 -1.06139e+07) (-1.02659e+06 -842698 -8.36073e+06) (787667 -245929 -8.25821e+06) (791327 -1.30968e+06 -1.04069e+07) (-171977 37077 -1.47823e+07) (-442928 -1.34645e+06 -9.20181e+06) (-148086 -70147.6 -1.09985e+07) (154719 900225 -9.38678e+06) (187906 -117887 -9.8924e+06)
3150          (3.02524e+06 -438332 -8.65238e+06) (2.87986e+06 122925 -1.18711e+07) (445217 -1.56158e+06 -1.06123e+07) (-1.02667e+06 -842928 -8.35893e+06) (787783 -245922 -8.2572e+06) (791512 -1.30993e+06 -1.04065e+07) (-171832 37072.8 -1.47832e+07) (-442961 -1.34693e+06 -9.20257e+06) (-148128 -70197.2 -1.10004e+07) (154811 900512 -9.38924e+06) (187972 -117892 -9.89552e+06)
3200          (3.02517e+06 -438409 -8.65081e+06) (2.87997e+06 122912 -1.18694e+07) (445245 -1.56161e+06 -1.06109e+07) (-1.02673e+06 -843022 -8.35733e+06) (787888 -245908 -8.25622e+06) (791636 -1.31009e+06 -1.04063e+07) (-171816 37084.9 -1.47841e+07) (-443038 -1.34715e+06 -9.20334e+06) (-148142 -70201.8 -1.10023e+07) (154854 900755 -9.39136e+06) (188008 -117919 -9.89831e+06)
3250          (3.02516e+06 -438413 -8.64943e+06) (2.88007e+06 122909 -1.1868e+07) (445267 -1.56162e+06 -1.06098e+07) (-1.02679e+06 -843092 -8.35601e+06) (787962 -245924 -8.25543e+06) (791713 -1.31017e+06 -1.04059e+07) (-171850 37117.9 -1.47847e+07) (-443124 -1.34734e+06 -9.20394e+06) (-148146 -70205.8 -1.10037e+07) (154869 900895 -9.39326e+06) (188013 -117969 -9.9007e+06)
3300          (3.02517e+06 -438399 -8.6482e+06) (2.88017e+06 122908 -1.18667e+07) (445249 -1.56171e+06 -1.06087e+07) (-1.02687e+06 -843223 -8.35479e+06) (788025 -245940 -8.25481e+06) (791788 -1.3103e+06 -1.04056e+07) (-171823 37145 -1.47853e+07) (-443128 -1.34761e+06 -9.20446e+06) (-148183 -70224.6 -1.10049e+07) (154917 901015 -9.39494e+06) (188047 -117998 -9.90281e+06)
3350          (3.02516e+06 -438421 -8.64732e+06) (2.88025e+06 122918 -1.18657e+07) (445281 -1.56171e+06 -1.0608e+07) (-1.02688e+06 -843268 -8.35391e+06) (788094 -245917 -8.25426e+06) (791888 -1.31037e+06 -1.04054e+07) (-171806 37158.1 -1.47858e+07) (-443210 -1.34775e+06 -9.20485e+06) (-148188 -70235.2 -1.1006e+07) (154928 901174 -9.39611e+06) (188059 -118006 -9.90436e+06)
3400          (3.02514e+06 -438435 -8.64643e+06) (2.8803e+06 122915 -1.18648e+07) (445289 -1.56173e+06 -1.06072e+07) (-1.02692e+06 -843314 -8.35303e+06) (788141 -245928 -8.25373e+06) (791938 -1.31043e+06 -1.04052e+07) (-171810 37173.7 -1.47862e+07) (-443242 -1.34785e+06 -9.20525e+06) (-148194 -70233.5 -1.1007e+07) (154940 901268 -9.39736e+06) (188067 -118030 -9.90596e+06)
3450          (3.02515e+06 -438451 -8.6458e+06) (2.88037e+06 122902 -1.18642e+07) (445305 -1.56176e+06 -1.06067e+07) (-1.02697e+06 -843399 -8.35237e+06) (788192 -245911 -8.25332e+06) (791980 -1.31057e+06 -1.04052e+07) (-171815 37172.9 -1.47868e+07) (-443309 -1.34805e+06 -9.20558e+06) (-148220 -70264.1 -1.10078e+07) (154981 901407 -9.39808e+06) (188119 -118041 -9.90704e+06)
3500          (3.02515e+06 -438427 -8.64521e+06) (2.8804e+06 122914 -1.18635e+07) (445307 -1.56176e+06 -1.06061e+07) (-1.02697e+06 -843395 -8.35185e+06) (788210 -245915 -8.25298e+06) (791994 -1.31055e+06 -1.0405e+07) (-171837 37181.3 -1.47868e+07) (-443316 -1.34805e+06 -9.20587e+06) (-148241 -70261.5 -1.10084e+07) (154970 901410 -9.39892e+06) (188104 -118063 -9.90808e+06)
3550          (3.02512e+06 -438465 -8.64462e+06) (2.88044e+06 122905 -1.1863e+07) (445312 -1.5618e+06 -1.06056e+07) (-1.027e+06 -843483 -8.35127e+06) (788249 -245892 -8.25262e+06) (792036 -1.31066e+06 -1.0405e+07) (-171796 37163 -1.47872e+07) (-443356 -1.34824e+06 -9.20618e+06) (-148265 -70289.7 -1.10091e+07) (155028 901536 -9.39963e+06) (188139 -118068 -9.90907e+06)
3600          (3.02515e+06 -438433 -8.64419e+06) (2.88049e+06 122922 -1.18624e+07) (445297 -1.56183e+06 -1.06053e+07) (-1.02702e+06 -843499 -8.35083e+06) (788277 -245928 -8.25244e+06) (792101 -1.31065e+06 -1.04048e+07) (-171765 37204.5 -1.47873e+07) (-443334 -1.34827e+06 -9.20627e+06) (-148246 -70265.6 -1.10094e+07) (155010 901555 -9.40033e+06) (188112 -118079 -9.90983e+06)
3650          (3.02516e+06 -438419 -8.64399e+06) (2.88052e+06 122931 -1.18622e+07) (445312 -1.56183e+06 -1.06051e+07) (-1.02702e+06 -843501 -8.3506e+06) (788292 -245924 -8.25232e+06) (792139 -1.31066e+06 -1.04046e+07) (-171787 37210.6 -1.47875e+07) (-443368 -1.3483e+06 -9.2063e+06) (-148231 -70267.2 -1.10097e+07) (154993 901599 -9.4007e+06) (188109 -118085 -9.91028e+06)
3700          (3.02518e+06 -438402 -8.64361e+06) (2.88054e+06 122929 -1.18618e+07) (445286 -1.56187e+06 -1.06047e+07) (-1.02704e+06 -843553 -8.35024e+06) (788304 -245936 -8.25209e+06) (792148 -1.3107e+06 -1.04045e+07) (-171732 37216.9 -1.47876e+07) (-443323 -1.34835e+06 -9.20647e+06) (-148254 -70278.2 -1.101e+07) (155009 901614 -9.40125e+06) (188126 -118078 -9.911e+06)
3750          (3.02514e+06 -438450 -8.64345e+06) (2.88057e+06 122921 -1.18616e+07) (445329 -1.56186e+06 -1.06047e+07) (-1.02706e+06 -843555 -8.35e+06) (788336 -245915 -8.25194e+06) (792189 -1.31076e+06 -1.04046e+07) (-171790 37202.7 -1.47879e+07) (-443428 -1.34845e+06 -9.20656e+06) (-148240 -70274.4 -1.10104e+07) (155030 901731 -9.40136e+06) (188144 -118098 -9.91127e+06)
3800          (3.02509e+06 -438526 -8.64322e+06) (2.88057e+06 122912 -1.18614e+07) (445338 -1.56186e+06 -1.06044e+07) (-1.02704e+06 -843586 -8.34978e+06) (788367 -245900 -8.25182e+06) (792235 -1.31078e+06 -1.04045e+07) (-171718 37194.5 -1.4788e+07) (-443412 -1.34854e+06 -9.20663e+06) (-148247 -70299 -1.10106e+07) (155061 901773 -9.40172e+06) (188151 -118084 -9.9117e+06)
3850          (3.02509e+06 -438504 -8.64309e+06) (2.88057e+06 122916 -1.18612e+07) (445332 -1.56185e+06 -1.06043e+07) (-1.02705e+06 -843573 -8.34969e+06) (788361 -245911 -8.25176e+06) (792213 -1.31076e+06 -1.04044e+07) (-171746 37215.1 -1.47879e+07) (-443407 -1.3485e+06 -9.20669e+06) (-148251 -70282.2 -1.10106e+07) (155050 901742 -9.40192e+06) (188138 -118098 -9.91193e+06)
3900          (3.02512e+06 -438463 -8.64291e+06) (2.88059e+06 122920 -1.1861e+07) (445322 -1.56186e+06 -1.06042e+07) (-1.02707e+06 -843583 -8.34951e+06) (788361 -245918 -8.25165e+06) (792211 -1.31077e+06 -1.04044e+07) (-171760 37228.9 -1.4788e+07) (-443409 -1.3485e+06 -9.20676e+06) (-148257 -70275.8 -1.10108e+07) (155043 901757 -9.40219e+06) (188143 -118103 -9.91232e+06)
3950          (3.02512e+06 -438463 -8.64291e+06) (2.88059e+06 122920 -1.1861e+07) (445322 -1.56186e+06 -1.06042e+07) (-1.02707e+06 -843583 -8.34951e+06) (788361 -245918 -8.25165e+06) (792211 -1.31077e+06 -1.04044e+07) (-171760 37228.9 -1.4788e+07) (-443409 -1.3485e+06 -9.20676e+06) (-148257 -70275.8 -1.10108e+07) (155043 901757 -9.40219e+06) (188143 -118103 -9.91232e+06)
4000          (3.02512e+06 -438463 -8.64291e+06) (2.88059e+06 122920 -1.1861e+07) (445322 -1.56186e+06 -1.06042e+07) (-1.02707e+06 -843583 -8.34951e+06) (788361 -245918 -8.25165e+06) (792211 -1.31077e+06 -1.04044e+07) (-171760 37228.9 -1.4788e+07) (-443409 -1.3485e+06 -9.20676e+06) (-148257 -70275.8 -1.10108e+07) (155043 901757 -9.40219e+06) (188143 -118103 -9.91232e+06)
4050          (3.02512e+06 -438463 -8.64291e+06) (2.88059e+06 122920 -1.1861e+07) (445322 -1.56186e+06 -1.06042e+07) (-1.02707e+06 -843583 -8.34951e+06) (788361 -245918 -8.25165e+06) (792211 -1.31077e+06 -1.04044e+07) (-171760 37228.9 -1.4788e+07) (-443409 -1.3485e+06 -9.20676e+06) (-148257 -70275.8 -1.10108e+07) (155043 901757 -9.40219e+06) (188143 -118103 -9.91232e+06)
4100          (3.02512e+06 -438463 -8.64291e+06) (2.88059e+06 122920 -1.1861e+07) (445322 -1.56186e+06 -1.06042e+07) (-1.02707e+06 -843583 -8.34951e+06) (788361 -245918 -8.25165e+06) (792211 -1.31077e+06 -1.04044e+07) (-171760 37228.9 -1.4788e+07) (-443409 -1.3485e+06 -9.20676e+06) (-148257 -70275.8 -1.10108e+07) (155043 901757 -9.40219e+06) (188143 -118103 -9.91232e+06)
4150          (3.02512e+06 -438463 -8.64291e+06) (2.88059e+06 122920 -1.1861e+07) (445322 -1.56186e+06 -1.06042e+07) (-1.02707e+06 -843583 -8.34951e+06) (788361 -245918 -8.25165e+06) (792211 -1.31077e+06 -1.04044e+07) (-171760 37228.9 -1.4788e+07) (-443409 -1.3485e+06 -9.20676e+06) (-148257 -70275.8 -1.10108e+07) (155043 901757 -9.40219e+06) (188143 -118103 -9.91232e+06)
4200          (3.02512e+06 -438463 -8.64291e+06) (2.88059e+06 122920 -1.1861e+07) (445322 -1.56186e+06 -1.06042e+07) (-1.02707e+06 -843583 -8.34951e+06) (788361 -245918 -8.25165e+06) (792211 -1.31077e+06 -1.04044e+07) (-171760 37228.9 -1.4788e+07) (-443409 -1.3485e+06 -9.20676e+06) (-148257 -70275.8 -1.10108e+07) (155043 901757 -9.40219e+06) (188143 -118103 -9.91232e+06)
4250          (3.02512e+06 -438463 -8.64291e+06) (2.88059e+06 122920 -1.1861e+07) (445322 -1.56186e+06 -1.06042e+07) (-1.02707e+06 -843583 -8.34951e+06) (788361 -245918 -8.25165e+06) (792211 -1.31077e+06 -1.04044e+07) (-171760 37228.9 -1.4788e+07) (-443409 -1.3485e+06 -9.20676e+06) (-148257 -70275.8 -1.10108e+07) (155043 901757 -9.40219e+06) (188143 -118103 -9.91232e+06)
4300          (3.02512e+06 -438463 -8.64291e+06) (2.88059e+06 122920 -1.1861e+07) (445322 -1.56186e+06 -1.06042e+07) (-1.02707e+06 -843583 -8.34951e+06) (788361 -245918 -8.25165e+06) (792211 -1.31077e+06 -1.04044e+07) (-171760 37228.9 -1.4788e+07) (-443409 -1.3485e+06 -9.20676e+06) (-148257 -70275.8 -1.10108e+07) (155043 901757 -9.40219e+06) (188143 -118103 -9.91232e+06)
4350          (3.02512e+06 -438463 -8.64291e+06) (2.88059e+06 122920 -1.1861e+07) (445322 -1.56186e+06 -1.06042e+07) (-1.02707e+06 -843583 -8.34951e+06) (788361 -245918 -8.25165e+06) (792211 -1.31077e+06 -1.04044e+07) (-171760 37228.9 -1.4788e+07) (-443409 -1.3485e+06 -9.20676e+06) (-148257 -70275.8 -1.10108e+07) (155043 901757 -9.40219e+06) (188143 -118103 -9.91232e+06)
4400          (3.02512e+06 -438463 -8.64291e+06) (2.88059e+06 122920 -1.1861e+07) (445322 -1.56186e+06 -1.06042e+07) (-1.02707e+06 -843583 -8.34951e+06) (788361 -245918 -8.25165e+06) (792211 -1.31077e+06 -1.04044e+07) (-171760 37228.9 -1.4788e+07) (-443409 -1.3485e+06 -9.20676e+06) (-148257 -70275.8 -1.10108e+07) (155043 901757 -9.40219e+06) (188143 -118103 -9.91232e+06)
4450          (3.02512e+06 -438463 -8.64291e+06) (2.88059e+06 122920 -1.1861e+07) (445322 -1.56186e+06 -1.06042e+07) (-1.02707e+06 -843583 -8.34951e+06) (788361 -245918 -8.25165e+06) (792211 -1.31077e+06 -1.04044e+07) (-171760 37228.9 -1.4788e+07) (-443409 -1.3485e+06 -9.20676e+06) (-148257 -70275.8 -1.10108e+07) (155043 901757 -9.40219e+06) (188143 -118103 -9.91232e+06)
4500          (3.02512e+06 -438463 -8.64291e+06) (2.88059e+06 122920 -1.1861e+07) (445322 -1.56186e+06 -1.06042e+07) (-1.02707e+06 -843583 -8.34951e+06) (788361 -245918 -8.25165e+06) (792211 -1.31077e+06 -1.04044e+07) (-171760 37228.9 -1.4788e+07) (-443409 -1.3485e+06 -9.20676e+06) (-148257 -70275.8 -1.10108e+07) (155043 901757 -9.40219e+06) (188143 -118103 -9.91232e+06)
4550          (3.02512e+06 -438463 -8.64291e+06) (2.88059e+06 122920 -1.1861e+07) (445322 -1.56186e+06 -1.06042e+07) (-1.02707e+06 -843583 -8.34951e+06) (788361 -245918 -8.25165e+06) (792211 -1.31077e+06 -1.04044e+07) (-171760 37228.9 -1.4788e+07) (-443409 -1.3485e+06 -9.20676e+06) (-148257 -70275.8 -1.10108e+07) (155043 901757 -9.40219e+06) (188143 -118103 -9.91232e+06)
4600          (3.02512e+06 -438463 -8.64291e+06) (2.88059e+06 122920 -1.1861e+07) (445322 -1.56186e+06 -1.06042e+07) (-1.02707e+06 -843583 -8.34951e+06) (788361 -245918 -8.25165e+06) (792211 -1.31077e+06 -1.04044e+07) (-171760 37228.9 -1.4788e+07) (-443409 -1.3485e+06 -9.20676e+06) (-148257 -70275.8 -1.10108e+07) (155043 901757 -9.40219e+06) (188143 -118103 -9.91232e+06)
4650          (3.02512e+06 -438463 -8.64291e+06) (2.88059e+06 122920 -1.1861e+07) (445322 -1.56186e+06 -1.06042e+07) (-1.02707e+06 -843583 -8.34951e+06) (788361 -245918 -8.25165e+06) (792211 -1.31077e+06 -1.04044e+07) (-171760 37228.9 -1.4788e+07) (-443409 -1.3485e+06 -9.20676e+06) (-148257 -70275.8 -1.10108e+07) (155043 901757 -9.40219e+06) (188143 -118103 -9.91232e+06)
4700          (3.02512e+06 -438463 -8.64291e+06) (2.88059e+06 122920 -1.1861e+07) (445322 -1.56186e+06 -1.06042e+07) (-1.02707e+06 -843583 -8.34951e+06) (788361 -245918 -8.25165e+06) (792211 -1.31077e+06 -1.04044e+07) (-171760 37228.9 -1.4788e+07) (-443409 -1.3485e+06 -9.20676e+06) (-148257 -70275.8 -1.10108e+07) (155043 901757 -9.40219e+06) (188143 -118103 -9.91232e+06)
4750          (3.02512e+06 -438463 -8.64291e+06) (2.88059e+06 122920 -1.1861e+07) (445322 -1.56186e+06 -1.06042e+07) (-1.02707e+06 -843583 -8.34951e+06) (788361 -245918 -8.25165e+06) (792211 -1.31077e+06 -1.04044e+07) (-171760 37228.9 -1.4788e+07) (-443409 -1.3485e+06 -9.20676e+06) (-148257 -70275.8 -1.10108e+07) (155043 901757 -9.40219e+06) (188143 -118103 -9.91232e+06)
4800          (3.02512e+06 -438463 -8.64291e+06) (2.88059e+06 122920 -1.1861e+07) (445322 -1.56186e+06 -1.06042e+07) (-1.02707e+06 -843583 -8.34951e+06) (788361 -245918 -8.25165e+06) (792211 -1.31077e+06 -1.04044e+07) (-171760 37228.9 -1.4788e+07) (-443409 -1.3485e+06 -9.20676e+06) (-148257 -70275.8 -1.10108e+07) (155043 901757 -9.40219e+06) (188143 -118103 -9.91232e+06)
4850          (3.02512e+06 -438463 -8.64291e+06) (2.88059e+06 122920 -1.1861e+07) (445322 -1.56186e+06 -1.06042e+07) (-1.02707e+06 -843583 -8.34951e+06) (788361 -245918 -8.25165e+06) (792211 -1.31077e+06 -1.04044e+07) (-171760 37228.9 -1.4788e+07) (-443409 -1.3485e+06 -9.20676e+06) (-148257 -70275.8 -1.10108e+07) (155043 901757 -9.40219e+06) (188143 -118103 -9.91232e+06)
4900          (3.02512e+06 -438463 -8.64291e+06) (2.88059e+06 122920 -1.1861e+07) (445322 -1.56186e+06 -1.06042e+07) (-1.02707e+06 -843583 -8.34951e+06) (788361 -245918 -8.25165e+06) (792211 -1.31077e+06 -1.04044e+07) (-171760 37228.9 -1.4788e+07) (-443409 -1.3485e+06 -9.20676e+06) (-148257 -70275.8 -1.10108e+07) (155043 901757 -9.40219e+06) (188143 -118103 -9.91232e+06)
4950          (3.02512e+06 -438463 -8.64291e+06) (2.88059e+06 122920 -1.1861e+07) (445322 -1.56186e+06 -1.06042e+07) (-1.02707e+06 -843583 -8.34951e+06) (788361 -245918 -8.25165e+06) (792211 -1.31077e+06 -1.04044e+07) (-171760 37228.9 -1.4788e+07) (-443409 -1.3485e+06 -9.20676e+06) (-148257 -70275.8 -1.10108e+07) (155043 901757 -9.40219e+06) (188143 -118103 -9.91232e+06)
5000          (3.02512e+06 -438463 -8.64291e+06) (2.88059e+06 122920 -1.1861e+07) (445322 -1.56186e+06 -1.06042e+07) (-1.02707e+06 -843583 -8.34951e+06) (788361 -245918 -8.25165e+06) (792211 -1.31077e+06 -1.04044e+07) (-171760 37228.9 -1.4788e+07) (-443409 -1.3485e+06 -9.20676e+06) (-148257 -70275.8 -1.10108e+07) (155043 901757 -9.40219e+06) (188143 -118103 -9.91232e+06)
