# Probe 0 (0.0015 0.0015 0)
# Probe 1 (0.0015 0.0015 0.002)
# Probe 2 (0.0015 0.0015 0.004)
# Probe 3 (0.0015 0.0015 0.006)
# Probe 4 (0.0015 0.0015 0.008)
# Probe 5 (0.0015 0.0015 0.01)
# Probe 6 (0.0015 0.0015 0.012)
# Probe 7 (0.0015 0.0015 0.014)
# Probe 8 (0.0015 0.0015 0.016)
# Probe 9 (0.0015 0.0015 0.018)
# Probe 10 (0.0015 0.0015 0.02)
# Time        0             1             2             3             4             5             6             7             8             9             10           
50            151024        117575        78343.5       61960.1       55618.7       53181.6       52041.4       50935.9       48756         43665.7       32231.4      
100           170865        142877        99432.8       74048.7       61362.4       55385.9       52270.3       49743.9       46138.6       39728.1       28585        
150           180732        156887        115876        86724.9       68992.2       59142.5       53462.8       49177.7       44271         37134         26543.1      
200           186725        165664        127756        97850.7       76991.6       63752.3       55385.2       49193.6       43044.2       35380         25251.7      
250           190820        171746        136531        107039        84534.5       68718.1       57885.3       49796.9       42422.9       34251.3       24414.1      
300           193819        176234        143233        114523        91265         73651.1       60751.2       50900.6       42329         33610.5       23890.6      
350           196114        179686        148501        120646        97124.8       78318.1       63785.8       52382.3       42669.5       33358.5       23600.9      
400           197927        182422        152737        125706        102186        82613.9       66839.6       54120.8       43351.4       33416.7       23493.1      
450           199393        184640        156209        129938        106560        86512.8       69814.5       56011.5       44289.2       33719.5       23528.1      
500           200601        186471        159099        133518        110355        90029.9       72653.7       57972.6       45407.8       34210.7       23675.3      
550           201612        188006        161539        136578        113668        93196.8       75328.8       59943.9       46644.4       34841.9       23909.1      
600           202469        189309        163623        139221        116577        96049.9       77828.8       61882.7       47948.3       35572         24207.5      
650           203205        190429        165424        141524        119148        98625         80153.3       63760         49279.3       36366.3       24551.7      
700           203843        191402        166993        143548        121434        100954        82307.6       65557.3       50606.7       37196.2       24926        
750           204401        192253        168373        145338        123477        103066        84299.6       67262.7       51907         38038.4       25316.7      
800           204893        193005        169595        146933        125313        104987        86140.4       68871.4       53164.5       38874.6       25713.1      
850           205331        193673        170684        148361        126968        106734        87837.8       70380.1       54367.9       39692.6       26107.5      
900           205721        194270        171659        149644        128464        108328        89402.2       71789.2       55509.9       40481.9       26493.1      
950           206071        194806        172536        150803        129822        109783        90842.9       73100.7       56585.9       41235.3       26864.9      
1000          206387        195289        173329        151853        131056        111114        92168.6       74317.6       57593.8       41948         27219.4      
1050          206673        195726        174047        152806        132180        112330        93387.8       75443.8       58533.6       42617.7       27554.5      
1100          206932        196123        174699        153673        133206        113444        94508.1       76483.9       59406.3       43243.3       27869.1      
1150          207168        196484        175293        154463        134142        114463        95536.8       77442.5       60214.2       43825         28162.7      
1200          207382        196813        175834        155184        134998        115396        96480.7       78324.7       60960         44363.8       28435.4      
1250          207578        197112        176327        155842        135780        116250        97346.3       79135.3       61647         44861.4       28687.7      
1300          207757        197386        176778        156443        136494        117031        98139.3       79879.2       62278.6       45319.8       28920.7      
1350          207920        197635        177189        156993        137148        117746        98865.7       80561.4       62858.5       45741.2       29135        
1400          208068        197863        177565        157495        137745        118400        99530.5       81186.1       63390         46127.8       29331.8      
1450          208205        198072        177909        157954        138291        118998        100139        81757.8       63876.7       46482.1       29512.2      
1500          208329        198262        178223        158373        138791        119545        100695        82280.7       64321.9       46806.2       29677.4      
1550          208442        198436        178509        158756        139247        120045        101203        82758.5       64728.9       47102.5       29828.4      
1600          208546        198596        178772        159106        139664        120501        101667        83194.9       65100.5       47373.2       29966.4      
1650          208641        198741        179011        159426        140044        120918        102090        83593.3       65439.8       47620.3       30092.4      
1700          208728        198873        179230        159718        140391        121298        102477        83956.8       65749.4       47845.8       30207.3      
1750          208807        198995        179429        159984        140708        121645        102830        84288.4       66031.8       48051.4       30312.1      
1800          208879        199105        179611        160228        140998        121961        103152        84590.8       66289.2       48238.9       30407.7      
1850          208945        199206        179778        160449        141262        122250        103445        84866.5       66523.8       48409.7       30494.8      
1900          209005        199298        179929        160652        141502        122513        103712        85117.7       66737.6       48565.3       30574.1      
1950          209060        199382        180067        160836        141722        122753        103956        85346.6       66932.3       48707         30646.3      
2000          209110        199459        180193        161004        141921        122972        104178        85555.1       67109.7       48836.1       30712.1      
2050          209155        199528        180308        161158        142104        123171        104380        85745         67271.2       48953.6       30772        
2100          209197        199592        180413        161297        142270        123353        104564        85918         67418.2       49060.5       30826.5      
2150          209235        199650        180508        161425        142421        123518        104732        86075.4       67552.1       49157.9       30876.1      
2200          209269        199703        180595        161540        142559        123668        104885        86218.6       67673.8       49246.4       30921.2      
2250          209300        199751        180674        161646        142684        123805        105024        86349.1       67784.8       49327.1       30962.3      
2300          209329        199794        180746        161742        142798        123930        105150        86467.8       67885.6       49400.5       30999.7      
2350          209355        199834        180812        161829        142902        124044        105266        86575.9       67977.4       49467.2       31033.7      
2400          209379        199870        180872        161909        142997        124147        105370        86674.2       68061         49527.9       31064.6      
2450          209400        199904        180926        161982        143083        124241        105466        86763.6       68136.9       49583.1       31092.7      
2500          209420        199934        180976        162048        143161        124327        105553        86845         68206.1       49633.4       31118.3      
2550          209438        199961        181021        162108        143232        124404        105632        86919         68268.9       49679.1       31141.6      
2600          209454        199986        181062        162162        143297        124475        105703        86986.4       68326.1       49720.7       31162.8      
2650          209469        200009        181099        162212        143356        124540        105769        87047.6       68378.1       49758.4       31182        
2700          209482        200029        181133        162257        143410        124598        105828        87103.4       68425.5       49792.8       31199.5      
2750          209495        200048        181164        162298        143459        124652        105882        87154         68468.5       49824.1       31215.4      
2800          209506        200065        181192        162336        143503        124700        105931        87200.1       68507.6       49852.5       31229.9      
2850          209516        200081        181218        162370        143544        124744        105976        87242         68543.2       49878.3       31243        
2900          209525        200095        181241        162401        143581        124785        106017        87280.2       68575.6       49901.9       31255        
2950          209533        200108        181262        162429        143614        124821        106054        87314.8       68605         49923.2       31265.9      
3000          209541        200119        181281        162455        143645        124855        106088        87346.7       68632         49942.9       31275.9      
3050          209548        200130        181299        162478        143672        124884        106118        87375.1       68656.2       49960.4       31284.9      
3100          209554        200139        181314        162499        143697        124912        106146        87400.9       68678.1       49976.4       31292.9      
3150          209560        200148        181329        162518        143720        124937        106171        87424.6       68698.2       49990.9       31300.4      
3200          209565        200156        181342        162536        143740        124959        106194        87446         68716.3       50004.1       31307.1      
3250          209571        200164        181353        162552        143759        124980        106214        87465.4       68732.8       50016.1       31313.2      
3300          209574        200169        181365        162566        143776        124998        106233        87483.1       68747.8       50027         31318.7      
3350          209579        200176        181374        162579        143792        125015        106250        87498.9       68761.3       50036.8       31323.7      
3400          209581        200181        181383        162590        143805        125030        106266        87513.5       68773.7       50045.8       31328.3      
3450          209585        200186        181390        162601        143818        125044        106279        87526.3       68784.6       50053.8       31332.4      
3500          209586        200190        181399        162610        143829        125056        106292        87538.2       68794.7       50061.1       31336.1      
3550          209591        200195        181404        162619        143839        125067        106303        87548.5       68803.5       50067.5       31339.4      
3600          209591        200197        181410        162626        143848        125077        106313        87557.9       68811.4       50073.3       31342.4      
3650          209595        200201        181415        162633        143856        125086        106322        87566.4       68818.7       50078.6       31345.1      
3700          209595        200203        181420        162639        143864        125094        106330        87574.3       68825.4       50083.5       31347.5      
3750          209599        200206        181424        162645        143871        125101        106338        87581.5       68831.5       50087.9       31349.8      
3800          209599        200208        181428        162651        143877        125108        106345        87588.1       68837.1       50092         31351.9      
3850          209602        200211        181432        162656        143883        125115        106352        87594.2       68842.2       50095.7       31353.8      
3900          209601        200213        181435        162660        143888        125121        106358        87599.7       68847         50099.1       31355.5      
3950          209604        200215        181438        162664        143893        125126        106363        87604.8       68851.3       50102.3       31357.1      
4000          209604        200216        181441        162668        143897        125130        106367        87608.8       68854.6       50104.7       31358.3      
4050          209606        200218        181444        162672        143902        125135        106372        87613.5       68858.6       50107.6       31359.8      
4100          209607        200219        181446        162674        143905        125139        106376        87616.5       68861.1       50109.4       31360.7      
4150          209607        200221        181448        162678        143909        125143        106380        87620.6       68864.6       50111.9       31362        
4200          209608        200222        181450        162679        143911        125145        106382        87622.8       68866.5       50113.3       31362.7      
4250          209609        200223        181452        162682        143914        125149        106386        87626.2       68869.4       50115.4       31363.8      
4300          209609        200223        181453        162683        143916        125150        106388        87627.7       68870.7       50116.4       31364.3      
4350          209609        200224        181454        162686        143918        125153        106391        87630.7       68873.3       50118.2       31365.2      
4400          209610        200225        181455        162686        143919        125155        106392        87631.8       68874.2       50119         31365.6      
4450          209610        200225        181456        162688        143921        125156        106394        87633.4       68875.5       50119.9       31366.1      
4500          209611        200226        181457        162689        143923        125159        106396        87635.9       68877.7       50121.5       31366.9      
4550          209611        200226        181457        162689        143923        125159        106396        87635.9       68877.7       50121.5       31366.9      
4600          209611        200226        181458        162690        143924        125160        106397        87637.1       68878.8       50122.4       31367.4      
4650          209611        200227        181459        162691        143925        125161        106399        87638.4       68879.9       50123.2       31367.8      
4700          209611        200227        181459        162691        143925        125161        106399        87638.4       68879.9       50123.2       31367.8      
4750          209611        200227        181459        162691        143925        125161        106399        87638.4       68879.9       50123.2       31367.8      
4800          209611        200227        181459        162691        143925        125161        106399        87638.4       68879.9       50123.2       31367.8      
4850          209611        200227        181459        162691        143925        125161        106399        87638.4       68879.9       50123.2       31367.8      
4900          209611        200227        181459        162691        143925        125161        106399        87638.4       68879.9       50123.2       31367.8      
4950          209611        200227        181459        162691        143925        125161        106399        87638.4       68879.9       50123.2       31367.8      
5000          209611        200227        181459        162691        143925        125161        106399        87638.4       68879.9       50123.2       31367.8      
