# Probe 0 (0.0015 0.0015 0)
# Probe 1 (0.0015 0.0015 0.002)
# Probe 2 (0.0015 0.0015 0.004)
# Probe 3 (0.0015 0.0015 0.006)
# Probe 4 (0.0015 0.0015 0.008)
# Probe 5 (0.0015 0.0015 0.01)
# Probe 6 (0.0015 0.0015 0.012)
# Probe 7 (0.0015 0.0015 0.014)
# Probe 8 (0.0015 0.0015 0.016)
# Probe 9 (0.0015 0.0015 0.018)
# Probe 10 (0.0015 0.0015 0.02)
# Time        0             1             2             3             4             5             6             7             8             9             10           
50            (-0.0343188 -0.0343188 24929.9) (0.0375241 0.0375241 19006.5) (0.00043318 0.00043318 8572.97) (0.000249579 0.000249579 3416.31) (0.00110238 0.00110238 1303.56) (-0.00339016 -0.00339016 527.514) (-0.00185524 -0.00185524 332.065) (0.000863809 0.000863809 492.99) (0.000380065 0.000380065 1108.48) (-0.00179852 -0.00179852 2568.08) (-0.00317033 -0.00317033 5551.65)
100           (0.0383072 0.0383072 19502.3) (0.0497607 0.0497607 17354) (-0.016726 -0.016726 11358.7) (-0.0376017 -0.0376017 6062.79) (-0.0224203 -0.0224203 2904.31) (-0.0146518 -0.0146518 1396.06) (-0.0100179 -0.0100179 864.957) (-0.005954 -0.005954 954.761) (-0.00826863 -0.00826863 1591.61) (-0.00732237 -0.00732237 2846.29) (0.00172146 0.00172146 4712.83)
150           (-0.0883926 -0.0883926 16327.4) (-0.021468 -0.021468 15224) (-0.00399745 -0.00399745 11774.6) (0.0238896 0.0238896 7705.39) (0.0234502 0.0234502 4428.94) (0.0147826 0.0147826 2451.78) (0.00922025 0.00922025 1564.25) (0.00884009 0.00884009 1458.37) (0.00904945 0.00904945 1946.56) (-2.83731e-05 -2.83731e-05 2916.14) (-0.016795 -0.016795 4174.67)
200           (0.10242 0.10242 14309.6) (0.0516645 0.0516645 13619.2) (0.0290965 0.0290965 11396.4) (-0.0184678 -0.0184678 8449.67) (-0.0363533 -0.0363533 5582.81) (-0.034276 -0.034276 3480.19) (-0.0281771 -0.0281771 2324.84) (-0.0199898 -0.0199898 1980.38) (-0.00854773 -0.00854773 2248.95) (-0.00302576 -0.00302576 2941.24) (0.0172868 0.0172868 3814.24)
250           (-0.0346438 -0.0346438 12902.8) (-0.0122097 -0.0122097 12423.7) (-0.00983732 -0.00983732 10863.1) (-0.000496575 -0.000496575 8689.04) (0.00876107 0.00876107 6339.8) (0.00983516 0.00983516 4351.78) (0.00823083 0.00823083 3060.69) (0.00643829 0.00643829 2502.12) (0.00436872 0.00436872 2540.34) (0.0033829 0.0033829 2980.75) (-0.00860151 -0.00860151 3578.57)
300           (-0.0202779 -0.0202779 11861.3) (-0.00639983 -0.00639983 11507.4) (-0.00570008 -0.00570008 10348.3) (-0.00191515 -0.00191515 8692.56) (0.00348801 0.00348801 6795.69) (0.0057552 0.0057552 5026.67) (0.00491783 0.00491783 3715.55) (0.00347176 0.00347176 3001.37) (0.00254768 0.00254768 2832.86) (0.00305568 0.00305568 3051.52) (-0.00363992 -0.00363992 3436.83)
350           (-0.107408 -0.107408 11058.3) (-0.0662836 -0.0662836 10786) (-0.0579236 -0.0579236 9891.1) (-0.0238613 -0.0238613 8593.71) (0.0138606 0.0138606 7053.91) (0.0421035 0.0421035 5521.06) (0.0509981 0.0509981 4264.93) (0.0431846 0.0431846 3459.64) (0.0267584 0.0267584 3124.42) (0.0108423 0.0108423 3154.53) (-0.0145304 -0.0145304 3368.61)
400           (0.107596 0.107596 10420.9) (0.0604345 0.0604345 10205) (0.0585168 0.0585168 9494.35) (0.0339236 0.0339236 8453.66) (-0.000256404 -0.000256404 7188.96) (-0.0322546 -0.0322546 5871.61) (-0.0481377 -0.0481377 4707.7) (-0.0450295 -0.0450295 3865.64) (-0.0328725 -0.0328725 3408.37) (-0.0178061 -0.0178061 3284.4) (0.00990335 0.00990335 3358.82)
450           (0.0834481 0.0834481 9903.72) (0.0476574 0.0476574 9728.62) (0.0475752 0.0475752 9151.54) (0.0309723 0.0309723 8300.27) (0.0069311 0.0069311 7247.91) (-0.0177941 -0.0177941 6114.99) (-0.0341829 -0.0341829 5055.59) (-0.0367386 -0.0367386 4215.65) (-0.0297169 -0.0297169 3677.95) (-0.0182227 -0.0182227 3434.07) (0.00160085 0.00160085 3395.27)
500           (0.0643175 0.0643175 9476.42) (0.0375997 0.0375997 9331.8) (0.0380152 0.0380152 8854.59) (0.026699 0.026699 8146.55) (0.00996616 0.00996616 7259.71) (-0.00831653 -0.00831653 6280.74) (-0.023001 -0.023001 5324.71) (-0.0290113 -0.0290113 4511.72) (-0.0266271 -0.0266271 3928.35) (-0.0183491 -0.0183491 3596.17) (-0.00435873 -0.00435873 3467.79)
550           (0.0502763 0.0502763 9117.98) (0.0299737 0.0299737 8996.68) (0.0306193 0.0306193 8595.96) (0.0226694 0.0226694 7998.55) (0.0107766 0.0107766 7242.32) (-0.00255242 -0.00255242 6390.93) (-0.0145482 -0.0145482 5530.99) (-0.0216973 -0.0216973 4759.14) (-0.0226958 -0.0226958 4157.03) (-0.0175952 -0.0175952 3764.36) (-0.00856767 -0.00856767 3567.65)
600           (0.0395306 0.0395306 8813.34) (0.0239489 0.0239489 8710.24) (0.0247053 0.0247053 8369.29) (0.0190328 0.0190328 7858.87) (0.0104388 0.0104388 7207.07) (0.000704369 0.000704369 6461.55) (-0.00868609 -0.00868609 5688.3) (-0.0156206 -0.0156206 4964.55) (-0.0185962 -0.0185962 4363.36) (-0.0161393 -0.0161393 3933.58) (-0.0112509 -0.0112509 3687.37)
650           (0.0312598 0.0312598 8551.45) (0.0191893 0.0191893 8462.79) (0.019974 0.019974 8169.33) (0.0158645 0.0158645 7728.43) (0.00956082 0.00956082 7161.24) (0.00239148 0.00239148 6504.09) (-0.00482789 -0.00482789 5807.96) (-0.0109389 -0.0109389 5134.73) (-0.0147749 -0.0147749 4548.09) (-0.0142505 -0.0142505 4100.01) (-0.0127047 -0.0127047 3820.57)
700           (0.0249128 0.0249128 8324.01) (0.0154711 0.0154711 8247.01) (0.016218 0.016218 7991.87) (0.0131735 0.0131735 7607.34) (0.00847806 0.00847806 7109.61) (0.00313219 0.00313219 6526.79) (-0.00239337 -0.00239337 5898.92) (-0.00750279 -0.00750279 5275.98) (-0.0114543 -0.0114543 4712.82) (-0.012198 -0.012198 4260.95) (-0.0132604 -0.0132604 3961.92)
750           (-0.0425717 -0.0425717 8124.79) (-0.026649 -0.026649 8057.28) (-0.0264523 -0.0264523 7833.52) (-0.0213272 -0.0213272 7495.34) (-0.014286 -0.014286 7055.32) (-0.00539583 -0.00539583 6535.62) (0.00392965 0.00392965 5968.14) (0.0119155 0.0119155 5393.73) (0.0163934 0.0163934 4859.51) (0.0177609 0.0177609 4414.58) (0.0246372 0.0246372 4106.99)
800           (0.00728337 0.00728337 7948.76) (0.00505438 0.00505438 7889.2) (0.005195 0.005195 7691.4) (0.00382773 0.00382773 7391.8) (0.00296334 0.00296334 7000.39) (0.00237371 0.00237371 6534.85) (0.00211476 0.00211476 6021.04) (0.00192681 0.00192681 5492.74) (0.000845456 0.000845456 4990.51) (-0.0026914 -0.0026914 4559.98) (-0.00835991 -0.00835991 4252.26)
850           (0.00812952 0.00812952 7792.37) (0.00573833 0.00573833 7739.43) (0.00566679 0.00566679 7563.45) (0.00420963 0.00420963 7296.4) (0.00300707 0.00300707 6946.31) (0.00186979 0.00186979 6527.56) (0.000949948 0.000949948 6061.46) (0.000229424 0.000229424 5576.33) (-0.000868935 -0.000868935 5107.35) (-0.00363438 -0.00363438 4696.5) (-0.00770358 -0.00770358 4395.33)
900           (0.00767016 0.00767016 7652.59) (0.00543542 0.00543542 7605.25) (0.00534037 0.00534037 7447.81) (0.00399364 0.00399364 7208.54) (0.00278989 0.00278989 6893.96) (0.00153956 0.00153956 6516.01) (0.000388432 0.000388432 6092.52) (-0.000594655 -0.000594655 5647.59) (-0.00173324 -0.00173324 5211.99) (-0.00389984 -0.00389984 4824.07) (-0.006477 -0.006477 4534.1)
950           (0.00703508 0.00703508 7527.05) (0.0050774 0.0050774 7484.5) (0.00505924 0.00505924 7342.98) (0.00385854 0.00385854 7127.65) (0.00272636 0.00272636 6843.93) (0.00146731 0.00146731 6501.85) (0.000211974 0.000211974 6116.59) (-0.000925075 -0.000925075 5708.95) (-0.00210416 -0.00210416 5306.02) (-0.00382047 -0.00382047 4942.75) (-0.00515452 -0.00515452 4667.08)
1000          (0.00638872 0.00638872 7413.81) (0.0047215 0.0047215 7375.42) (0.00480495 0.00480495 7247.72) (0.00375146 0.00375146 7053.25) (0.00271706 0.00271706 6796.57) (0.0015023 0.0015023 6486.27) (0.000219887 0.000219887 6135.46) (-0.000996125 -0.000996125 5762.3) (-0.00220603 -0.00220603 5390.82) (-0.00360016 -0.00360016 5052.79) (-0.00400786 -0.00400786 4793.28)
1050          (0.00581378 0.00581378 7311.32) (0.00440048 0.00440048 7276.58) (0.00457326 0.00457326 7160.98) (0.00365071 0.00365071 6984.84) (0.00271435 0.00271435 6752.07) (0.00156465 0.00156465 6470.12) (0.000297818 0.000297818 6150.46) (-0.000947332 -0.000947332 5809.1) (-0.00217337 -0.00217337 5467.51) (-0.00334368 -0.00334368 5154.55) (-0.00312652 -0.00312652 4912.14)
1100          (0.00531973 0.00531973 7218.32) (0.00411304 0.00411304 7186.8) (0.00435163 0.00435163 7081.89) (0.00353982 0.00353982 6921.99) (0.00269251 0.00269251 6710.5) (0.00161423 0.00161423 6453.98) (0.000387114 0.000387114 6162.56) (-0.000853161 -0.000853161 5850.5) (-0.00207793 -0.00207793 5537.06) (-0.0030923 -0.0030923 5248.45) (-0.00249094 -0.00249094 5023.37)
1150          (0.0048895 0.0048895 7133.75) (0.00384692 0.00384692 7105.08) (0.0041275 0.0041275 7009.7) (0.00340822 0.00340822 6864.28) (0.00263978 0.00263978 6671.85) (0.00163392 0.00163392 6438.24) (0.000461161 0.000461161 6172.49) (-0.000749962 -0.000749962 5887.38) (-0.00195544 -0.00195544 5600.25) (-0.00285715 -0.00285715 5334.93) (-0.0020431 -0.0020431 5126.93)
1200          (0.00450411 0.00450411 7056.72) (0.00359217 0.00359217 7030.61) (0.00389484 0.00389484 6943.75) (0.0032532 0.0032532 6811.33) (0.0025546 0.0025546 6636.06) (0.00162016 0.00162016 6423.17) (0.000510858 0.000510858 6180.79) (-0.000653721 -0.000653721 5920.43) (-0.00182348 -0.00182348 5657.78) (-0.00263875 -0.00263875 5414.46) (-0.00172516 -0.00172516 5222.97)
1250          (0.00415049 0.00415049 6986.46) (0.00334404 0.00334404 6962.66) (0.00365367 0.00365367 6883.49) (0.00307792 0.00307792 6762.79) (0.00244167 0.00244167 6603.02) (0.00157666 0.00157666 6408.93) (0.000536053 0.000536053 6187.85) (-0.000570098 -0.000570098 5950.2) (-0.00169083 -0.00169083 5710.2) (-0.00243527 -0.00243527 5487.5) (-0.00149267 -0.00149267 5311.72)
1300          (0.0131076 0.0131076 6922.36) (0.00913974 0.00913974 6900.65) (0.00835979 0.00835979 6828.41) (0.00658381 0.00658381 6718.31) (0.00437451 0.00437451 6572.6) (0.00167093 0.00167093 6395.57) (-0.00137176 -0.00137176 6193.92) (-0.00452573 -0.00452573 5977.09) (-0.00752209 -0.00752209 5757.99) (-0.0101023 -0.0101023 5554.46) (-0.0125795 -0.0125795 5393.55)
1350          (0.0172625 0.0172625 6863.82) (0.0123739 0.0123739 6844) (0.0114495 0.0114495 6778.06) (0.00942792 0.00942792 6677.58) (0.00672178 0.00672178 6544.63) (0.00332913 0.00332913 6383.15) (-0.000583881 -0.000583881 6199.23) (-0.00476594 -0.00476594 6001.48) (-0.0088646 -0.0088646 5801.63) (-0.0125052 -0.0125052 5615.87) (-0.0174931 -0.0174931 5468.79)
1400          (0.0158888 0.0158888 6810.35) (0.0114015 0.0114015 6792.24) (0.0105578 0.0105578 6732.02) (0.00870387 0.00870387 6640.3) (0.00622454 0.00622454 6518.98) (0.00310632 0.00310632 6371.67) (-0.000505608 -0.000505608 6203.95) (-0.0043841 -0.0043841 6023.66) (-0.00820816 -0.00820816 5841.47) (-0.0116223 -0.0116223 5672.09) (-0.0162822 -0.0162822 5537.84)
1450          (0.0145787 0.0145787 6761.48) (0.0104669 0.0104669 6744.94) (0.0097007 0.0097007 6689.94) (0.00800298 0.00800298 6606.2) (0.00572937 0.00572937 6495.49) (0.00286896 0.00286896 6361.12) (-0.000446953 -0.000446953 6208.19) (-0.00401387 -0.00401387 6043.87) (-0.00754124 -0.00754124 5877.86) (-0.0107004 -0.0107004 5723.53) (-0.0150067 -0.0150067 5601.12)
1500          (0.0133549 0.0133549 6716.82) (0.00958872 0.00958872 6701.71) (0.00888731 0.00888731 6651.48) (0.00733603 0.00733603 6575.03) (0.00525681 0.00525681 6474) (0.00263823 0.00263823 6351.44) (-0.00039969 -0.00039969 6212.03) (-0.00367052 -0.00367052 6062.3) (-0.00691016 -0.00691016 5911.1) (-0.00981554 -0.00981554 5770.55) (-0.0137687 -0.0137687 5659.03)
1550          (0.0122126 0.0122126 6676.01) (0.0087699 0.0087699 6662.21) (0.00813024 0.00813024 6616.34) (0.00671111 0.00671111 6546.56) (0.00480959 0.00480959 6454.37) (0.00241569 0.00241569 6342.6) (-0.000361879 -0.000361879 6215.52) (-0.00335395 -0.00335395 6079.12) (-0.0063206 -0.0063206 5941.45) (-0.0089833 -0.0089833 5813.52) (-0.0125982 -0.0125982 5711.98)
1600          (0.0111558 0.0111558 6638.73) (0.00801008 0.00801008 6626.12) (0.00742492 0.00742492 6584.24) (0.0061288 0.0061288 6520.55) (0.00439222 0.00439222 6436.44) (0.002206 0.002206 6334.53) (-0.000330302 -0.000330302 6218.72) (-0.0030627 -0.0030627 6094.49) (-0.00577353 -0.00577353 5969.17) (-0.00820809 -0.00820809 5852.76) (-0.011506 -0.011506 5760.35)
1650          (0.0101799 0.0101799 6604.67) (0.00730871 0.00730871 6593.16) (0.0067741 0.0067741 6554.93) (0.00559005 0.00559005 6496.8) (0.00400466 0.00400466 6420.09) (0.00200995 0.00200995 6327.17) (-0.000303335 -0.000303335 6221.65) (-0.00279521 -0.00279521 6108.53) (-0.00526826 -0.00526826 5994.48) (-0.00749037 -0.00749037 5888.57) (-0.0104945 -0.0104945 5804.5)
1700          (0.00928273 0.00928273 6573.57) (0.00666326 0.00666326 6563.06) (0.0061744 0.0061744 6528.17) (0.0050936 0.0050936 6475.13) (0.00364731 0.00364731 6405.17) (0.00182855 0.00182855 6320.48) (-0.000279644 -0.000279644 6224.35) (-0.00254989 -0.00254989 6121.35) (-0.00480325 -0.00480325 6017.57) (-0.00682883 -0.00682883 5921.25) (-0.00956255 -0.00956255 5844.79)
1750          (0.0084594 0.0084594 6545.18) (0.00607103 0.00607103 6535.59) (0.00562426 0.00562426 6503.75) (0.00463786 0.00463786 6455.37) (0.00331896 0.00331896 6391.57) (0.00166159 0.00166159 6314.39) (-0.000258413 -0.000258413 6226.83) (-0.00232516 -0.00232516 6133.07) (-0.00437648 -0.00437648 6038.65) (-0.00622114 -0.00622114 5951.06) (-0.00870695 -0.00870695 5881.53)
1800          (0.00770555 0.00770555 6519.26) (0.0055287 0.0055287 6510.51) (0.00512037 0.00512037 6481.46) (0.00422055 0.00422055 6437.34) (0.00301836 0.00301836 6379.19) (0.0015087 0.0015087 6308.86) (-0.000239065 -0.000239065 6229.12) (-0.0021195 -0.0021195 6143.78) (-0.00398565 -0.00398565 6057.88) (-0.00566435 -0.00566435 5978.23) (-0.00792357 -0.00792357 5915.02)
1850          (0.00701624 0.00701624 6495.62) (0.00503292 0.00503292 6487.63) (0.00465986 0.00465986 6461.14) (0.00383922 0.00383922 6420.91) (0.00274376 0.00274376 6367.9) (0.00136914 0.00136914 6303.83) (-0.000221237 -0.000221237 6231.22) (-0.00193144 -0.00193144 6153.56) (-0.00362831 -0.00362831 6075.43) (-0.00515519 -0.00515519 6003.01) (-0.00720776 -0.00720776 5945.54)
1900          (0.00638674 0.00638674 6474.04) (0.00458024 0.00458024 6466.76) (0.00423948 0.00423948 6442.6) (0.0034913 0.0034913 6405.93) (0.00249338 0.00249338 6357.63) (0.00124207 0.00124207 6299.26) (-0.000204683 -0.000204683 6233.16) (-0.00175961 -0.00175961 6162.48) (-0.00330203 -0.00330203 6091.42) (-0.00469029 -0.00469029 6025.58) (-0.00655469 -0.00655469 5973.34)
1950          (0.00581237 0.00581237 6454.37) (0.00416734 0.00416734 6447.73) (0.00385617 0.00385617 6425.7) (0.00317422 0.00317422 6392.28) (0.00226538 0.00226538 6348.27) (0.00112657 0.00112657 6295.12) (-0.000189247 -0.000189247 6234.94) (-0.00160269 -0.00160269 6170.63) (-0.00300439 -0.00300439 6106) (-0.00426628 -0.00426628 6046.14) (-0.00595953 -0.00595953 5998.66)
2000          (0.00528869 0.00528869 6436.43) (0.00379098 0.00379098 6430.38) (0.00350693 0.00350693 6410.3) (0.0028855 0.0028855 6379.84) (0.00205796 0.00205796 6339.76) (0.00102173 0.00102173 6291.36) (-0.000174823 -0.000174823 6236.58) (-0.00145947 -0.00145947 6178.07) (-0.00273308 -0.00273308 6119.29) (-0.00387991 -0.00387991 6064.88) (-0.0054176 -0.0054176 6021.72)
2050          (0.00481148 0.00481148 6420.07) (0.00344815 0.00344815 6414.56) (0.00318893 0.00318893 6396.27) (0.00262277 0.00262277 6368.52) (0.00186939 0.00186939 6332.01) (0.00092663 0.00092663 6287.94) (-0.000161336 -0.000161336 6238.09) (-0.00132881 -0.00132881 6184.86) (-0.00248593 -0.00248593 6131.41) (-0.00352806 -0.00352806 6081.94) (-0.00492445 -0.00492445 6042.71)
2100          (0.00437682 0.00437682 6405.17) (0.00313599 0.00313599 6400.14) (0.0028995 0.0028995 6383.48) (0.0023838 0.0023838 6358.2) (0.00169804 0.00169804 6324.95) (0.00084042 0.00084042 6284.84) (-0.000148732 -0.000148732 6239.47) (-0.00120966 -0.00120966 6191.05) (-0.00226089 -0.00226089 6142.44) (-0.00320781 -0.00320781 6097.47) (-0.00447589 -0.00447589 6061.81)
2150          (0.00398106 0.00398106 6391.59) (0.00285186 0.00285186 6387.01) (0.00263617 0.00263617 6371.83) (0.00216651 0.00216651 6348.81) (0.00154239 0.00154239 6318.54) (0.000762292 0.000762292 6282.02) (-0.000136967 -0.000136967 6240.74) (-0.00110104 -0.00110104 6196.69) (-0.00205604 -0.00205604 6152.49) (-0.00291642 -0.00291642 6111.61) (-0.00406802 -0.00406802 6079.2)
2200          (0.00162707 0.00162707 6379.23) (0.0024795 0.0024795 6375.05) (0.00148301 0.00148301 6361.23) (0.00142071 0.00142071 6340.27) (0.00122276 0.00122276 6312.7) (0.00091201 0.00091201 6279.46) (0.000505409 0.000505409 6241.9) (3.32209e-05 3.32209e-05 6201.83) (-0.00043487 -0.00043487 6161.64) (-0.00107811 -0.00107811 6124.48) (-0.000609625 -0.000609625 6095.03)
2250          (0.0102143 0.0102143 6367.96) (0.00683919 0.00683919 6364.16) (0.00589142 0.00589142 6351.57) (0.00662855 0.00662855 6332.48) (0.00586506 0.00586506 6307.39) (0.00437761 0.00437761 6277.14) (0.00237668 0.00237668 6242.96) (-6.32647e-05 -6.32647e-05 6206.52) (-0.00206314 -0.00206314 6169.98) (-0.00482969 -0.00482969 6136.2) (-0.0135781 -0.0135781 6109.44)
2300          (-0.00598631 -0.00598631 6357.7) (-0.00296855 -0.00296855 6354.25) (-0.00322764 -0.00322764 6342.78) (-0.00473726 -0.00473726 6325.4) (-0.00594556 -0.00594556 6302.56) (-0.00571774 -0.00571774 6275.03) (-0.00447964 -0.00447964 6243.93) (-0.00277896 -0.00277896 6210.79) (-0.000102218 -0.000102218 6177.56) (0.00549318 0.00549318 6146.86) (0.0157829 0.0157829 6122.54)
2350          (-0.0104862 -0.0104862 6348.36) (-0.00774744 -0.00774744 6345.21) (-0.00752327 -0.00752327 6334.77) (-0.0053041 -0.0053041 6318.95) (-0.00246551 -0.00246551 6298.16) (0.000121589 0.000121589 6273.11) (0.0022327 0.0022327 6244.83) (0.00377367 0.00377367 6214.69) (0.00427241 0.00427241 6184.47) (0.00334967 0.00334967 6156.56) (0.00528589 0.00528589 6134.46)
2400          (-0.00437039 -0.00437039 6339.85) (-0.00267706 -0.00267706 6336.99) (-0.0040934 -0.0040934 6327.48) (-0.00502938 -0.00502938 6313.08) (-0.0057049 -0.0057049 6294.16) (-0.00555356 -0.00555356 6271.37) (-0.00426185 -0.00426185 6245.64) (-0.00173335 -0.00173335 6218.23) (0.00195215 0.00195215 6190.76) (0.0061604 0.0061604 6165.4) (0.0126594 0.0126594 6145.31)
2450          (-0.00961979 -0.00961979 6332.11) (-0.00681069 -0.00681069 6329.5) (-0.00584142 -0.00584142 6320.85) (-0.00381539 -0.00381539 6307.74) (-0.00159367 -0.00159367 6290.53) (0.000380601 0.000380601 6269.8) (0.00178675 0.00178675 6246.39) (0.00251368 0.00251368 6221.46) (0.0027041 0.0027041 6196.49) (0.00263148 0.00263148 6173.43) (0.00541891 0.00541891 6155.17)
2500          (-0.0031149 -0.0031149 6325.06) (-0.00201521 -0.00201521 6322.69) (-0.0037465 -0.0037465 6314.81) (-0.00474434 -0.00474434 6302.89) (-0.00519457 -0.00519457 6287.22) (-0.00477093 -0.00477093 6268.36) (-0.00330936 -0.00330936 6247.07) (-0.00088881 -0.00088881 6224.4) (0.00215213 0.00215213 6201.7) (0.00519004 0.00519004 6180.74) (0.0100621 0.0100621 6164.14)
2550          (-0.00839843 -0.00839843 6318.64) (-0.00584328 -0.00584328 6316.48) (-0.00464632 -0.00464632 6309.32) (-0.00277752 -0.00277752 6298.47) (-0.00101193 -0.00101193 6284.22) (0.000371301 0.000371301 6267.06) (0.00125147 0.00125147 6247.7) (0.00170007 0.00170007 6227.08) (0.00195819 0.00195819 6206.44) (0.00222269 0.00222269 6187.39) (0.00487753 0.00487753 6172.3)
2600          (-0.00232533 -0.00232533 6312.81) (-0.00156315 -0.00156315 6310.84) (-0.00328176 -0.00328176 6304.32) (-0.0042421 -0.0042421 6294.45) (-0.00454008 -0.00454008 6281.48) (-0.00397421 -0.00397421 6265.87) (-0.00254447 -0.00254447 6248.27) (-0.000447049 -0.000447049 6229.52) (0.00197956 0.00197956 6210.76) (0.00427497 0.00427497 6193.44) (0.00811021 0.00811021 6179.72)
2650          (-0.00715584 -0.00715584 6307.49) (-0.00492754 -0.00492754 6305.7) (-0.00373575 -0.00373575 6299.77) (-0.00209314 -0.00209314 6290.79) (-0.000685731 -0.000685731 6279) (0.000307766 0.000307766 6264.8) (0.00089175 0.00089175 6248.79) (0.00121628 0.00121628 6231.75) (0.00150704 0.00150704 6214.68) (0.00187703 0.00187703 6198.94) (0.00421002 0.00421002 6186.47)
2700          (-0.00179994 -0.00179994 6302.66) (-0.0012448 -0.0012448 6301.03) (-0.00281019 -0.00281019 6295.63) (-0.00366777 -0.00366777 6287.46) (-0.003867 -0.003867 6276.74) (-0.00328282 -0.00328282 6263.82) (-0.00199433 -0.00199433 6249.26) (-0.000228276 -0.000228276 6233.77) (0.00172227 0.00172227 6218.25) (0.00351587 0.00351587 6203.94) (0.0065998 0.0065998 6192.61)
2750          (-0.00601822 -0.00601822 6298.26) (-0.00411776 -0.00411776 6296.78) (-0.00303163 -0.00303163 6291.87) (-0.0016284 -0.0016284 6284.44) (-0.00049612 -0.00049612 6274.68) (0.000247708 0.000247708 6262.94) (0.000662176 0.000662176 6249.7) (0.000914304 0.000914304 6235.61) (0.00119663 0.00119663 6221.5) (0.00157389 0.00157389 6208.49) (0.00356368 0.00356368 6198.19)
2800          (-0.00142909 -0.00142909 6294.26) (-0.00100767 -0.00100767 6292.91) (-0.00237307 -0.00237307 6288.45) (-0.00311101 -0.00311101 6281.69) (-0.00324942 -0.00324942 6272.81) (-0.00270791 -0.00270791 6262.13) (-0.00159223 -0.00159223 6250.09) (-0.000120055 -0.000120055 6237.28) (0.00146308 0.00146308 6224.46) (0.00289564 0.00289564 6212.63) (0.00540411 0.00540411 6203.27)
2850          (-0.0050252 -0.0050252 6290.62) (-0.00342489 -0.00342489 6289.39) (-0.00247737 -0.00247737 6285.33) (-0.00129627 -0.00129627 6279.19) (-0.000376837 -0.000376837 6271.11) (0.000199839 0.000199839 6261.4) (0.000510158 0.000510158 6250.45) (0.000712286 0.000712286 6238.8) (0.000966765 0.000966765 6227.15) (0.00131254 0.00131254 6216.39) (0.00298563 0.00298563 6207.88)
2900          (-0.00115336 -0.00115336 6287.31) (-0.000823458 -0.000823458 6286.2) (-0.00198704 -0.00198704 6282.5) (-0.00261034 -0.00261034 6276.91) (-0.00271099 -0.00271099 6269.57) (-0.00223444 -0.00223444 6260.74) (-0.00128796 -0.00128796 6250.78) (-6.57932e-05 -6.57932e-05 6240.19) (0.00122822 0.00122822 6229.59) (0.00238816 0.00238816 6219.82) (0.00444211 0.00444211 6212.08)
2950          (-0.0161308 -0.0161308 6284.3) (-0.0139527 -0.0139527 6283.29) (-0.0121478 -0.0121478 6279.93) (-0.0109366 -0.0109366 6274.84) (-0.00906408 -0.00906408 6268.16) (-0.00652952 -0.00652952 6260.13) (-0.00333199 -0.00333199 6251.08) (0.00044242 0.00044242 6241.45) (0.00454851 0.00454851 6231.81) (0.00891451 0.00891451 6222.92) (0.0159344 0.0159344 6215.9)
3000          (0.0224992 0.0224992 6281.54) (0.0162597 0.0162597 6280.61) (0.0164191 0.0164191 6277.56) (0.0145597 0.0145597 6272.94) (0.0115666 0.0115666 6266.87) (0.0075758 0.0075758 6259.57) (0.00271333 0.00271333 6251.35) (-0.00284222 -0.00284222 6242.6) (-0.00879617 -0.00879617 6233.85) (-0.0145126 -0.0145126 6225.79) (-0.0263529 -0.0263529 6219.41)
3050          (0.0093676 0.0093676 6279.06) (0.00400898 0.00400898 6278.24) (0.00387623 0.00387623 6275.44) (0.0032948 0.0032948 6271.24) (0.00242495 0.00242495 6265.72) (0.00125661 0.00125661 6259.08) (-0.00015518 -0.00015518 6251.59) (-0.00177435 -0.00177435 6243.64) (-0.00341363 -0.00341363 6235.68) (-0.00522731 -0.00522731 6228.34) (-0.0115035 -0.0115035 6222.54)
3100          (-0.0158837 -0.0158837 6276.82) (-0.0108873 -0.0108873 6276.01) (-0.00968456 -0.00968456 6273.54) (-0.00930541 -0.00930541 6269.7) (-0.00766276 -0.00766276 6264.67) (-0.00527466 -0.00527466 6258.63) (-0.00250741 -0.00250741 6251.82) (0.00078625 0.00078625 6244.58) (0.00422564 0.00422564 6237.33) (0.00776407 0.00776407 6230.66) (0.0173483 0.0173483 6225.38)
3150          (-0.0244559 -0.0244559 6274.77) (-0.0140461 -0.0140461 6274.16) (-0.0186005 -0.0186005 6271.75) (-0.0157626 -0.0157626 6268.27) (-0.0124157 -0.0124157 6263.72) (-0.00880074 -0.00880074 6258.21) (-0.00371837 -0.00371837 6252.02) (0.0018263 0.0018263 6245.44) (0.00798967 0.00798967 6238.86) (0.0143402 0.0143402 6232.79) (0.0273766 0.0273766 6227.99)
3200          (0.000253273 0.000253273 6272.92) (-0.00329911 -0.00329911 6272.18) (3.38919e-05 3.38919e-05 6270.19) (0.000173154 0.000173154 6267.03) (-0.000828652 -0.000828652 6262.83) (-7.92418e-05 -7.92418e-05 6257.85) (-0.000412296 -0.000412296 6252.2) (-0.000354035 -0.000354035 6246.22) (-0.000469136 -0.000469136 6240.22) (-0.000552714 -0.000552714 6234.71) (-0.00165261 -0.00165261 6230.34)
3250          (0.00723724 0.00723724 6271.24) (0.0135214 0.0135214 6271.08) (-0.0136871 -0.0136871 6268.63) (-0.00308234 -0.00308234 6265.8) (-0.000647963 -0.000647963 6262.11) (-0.00330272 -0.00330272 6257.48) (-0.00102721 -0.00102721 6252.38) (0.000145108 0.000145108 6246.92) (0.00351618 0.00351618 6241.47) (0.0107059 0.0107059 6236.45) (0.00215679 0.00215679 6232.48)
3300          (0.0154256 0.0154256 6269.73) (0.00400776 0.00400776 6268.98) (0.00883404 0.00883404 6267.38) (0.0105239 0.0105239 6264.87) (0.00457077 0.00457077 6261.32) (0.00351171 0.00351171 6257.19) (0.00132527 0.00132527 6252.52) (-0.00208212 -0.00208212 6247.56) (-0.00567765 -0.00567765 6242.6) (-0.00600494 -0.00600494 6238.03) (-0.0224187 -0.0224187 6234.44)
3350          (0.00180079 0.00180079 6268.27) (0.0246385 0.0246385 6268.25) (0.00323345 0.00323345 6266.26) (-0.00263222 -0.00263222 6263.71) (0.00405783 0.00405783 6260.77) (-0.000877671 -0.000877671 6256.9) (-0.00160585 -0.00160585 6252.65) (-0.00198874 -0.00198874 6248.14) (-0.00358518 -0.00358518 6243.61) (-0.0042487 -0.0042487 6239.46) (-0.00660748 -0.00660748 6236.18)
3400          (0.0231988 0.0231988 6267.12) (-0.00426146 -0.00426146 6266.32) (0.0158561 0.0158561 6265.1) (0.018095 0.018095 6263.1) (0.00730661 0.00730661 6260.05) (0.00746778 0.00746778 6256.65) (0.00296516 0.00296516 6252.78) (-0.00250354 -0.00250354 6248.65) (-0.00769949 -0.00769949 6244.55) (-0.0123212 -0.0123212 6240.77) (-0.0272856 -0.0272856 6237.79)
3450          (-0.0169976 -0.0169976 6265.89) (-0.0125454 -0.0125454 6265.82) (-0.0156172 -0.0156172 6264.29) (-0.0132819 -0.0132819 6262.1) (-0.00923704 -0.00923704 6259.62) (-0.00710777 -0.00710777 6256.43) (-0.00291735 -0.00291735 6252.87) (0.00159444 0.00159444 6249.12) (0.00660628 0.00660628 6245.36) (0.0126234 0.0126234 6241.92) (0.0217385 0.0217385 6239.21)
3500          (0.0120692 0.0120692 6264.96) (-0.0122981 -0.0122981 6264.1) (0.00220979 0.00220979 6263.32) (0.00448491 0.00448491 6261.64) (-0.00291625 -0.00291625 6259.03) (1.65558e-05 1.65559e-05 6256.23) (-0.0013002 -0.0013002 6252.99) (-0.00188483 -0.00188483 6249.55) (-0.000181296 -0.000181296 6246.13) (0.00070924 0.00070924 6242.99) (-0.00479059 -0.00479059 6240.52)
3550          (0.00386579 0.00386579 6264.03) (0.0349053 0.0349053 6264.24) (-4.1628e-05 -4.16279e-05 6262.52) (-0.00379266 -0.00379266 6260.8) (0.00218796 0.00218796 6258.74) (-0.00222366 -0.00222366 6256.01) (-0.00179224 -0.00179224 6253.06) (-0.00204915 -0.00204915 6249.91) (-0.00174713 -0.00174713 6246.78) (-0.00236876 -0.00236876 6243.91) (-0.00503785 -0.00503785 6241.66)
3600          (0.0103059 0.0103059 6263.23) (-0.0269904 -0.0269904 6262.41) (0.00589781 0.00589781 6261.98) (0.00419601 0.00419601 6260.37) (-0.00141933 -0.00141933 6258.26) (0.000106782 0.000106782 6255.87) (-0.00143725 -0.00143725 6253.12) (-0.00177713 -0.00177713 6250.24) (-0.00234983 -0.00234983 6247.37) (-0.00335305 -0.00335305 6244.75) (-0.00501886 -0.00501886 6242.7)
3650          (0.00328596 0.00328596 6262.52) (0.0364546 0.0364546 6262.68) (-0.00015951 -0.00015951 6261.16) (0.000346752 0.000346752 6259.81) (0.00154212 0.00154212 6257.96) (-0.000712752 -0.000712752 6255.69) (-0.00108712 -0.00108712 6253.19) (-0.00200216 -0.00200216 6250.54) (-0.00273981 -0.00273981 6247.92) (-0.00373207 -0.00373207 6245.52) (-0.00504831 -0.00504831 6243.65)
3700          (0.00669854 0.00669854 6261.8) (-0.0254658 -0.0254658 6261.13) (0.00627234 0.00627234 6260.77) (0.00241161 0.00241161 6259.35) (0.000714441 0.000714441 6257.62) (0.000248634 0.000248634 6255.57) (-0.000857972 -0.000857972 6253.25) (-0.00168139 -0.00168139 6250.82) (-0.00262044 -0.00262044 6248.42) (-0.00355492 -0.00355492 6246.22) (-0.00473194 -0.00473194 6244.52)
3750          (0.00321169 0.00321169 6261.22) (0.0306974 0.0306974 6261.33) (-0.000420814 -0.000420814 6260.06) (0.00220961 0.00220961 6258.94) (0.000949237 0.000949237 6257.33) (2.75043e-05 2.75044e-05 6255.44) (-0.000856863 -0.000856863 6253.32) (-0.00178152 -0.00178152 6251.08) (-0.00265406 -0.00265406 6248.88) (-0.00354302 -0.00354302 6246.87) (-0.00457804 -0.00457804 6245.31)
3800          (0.00465172 0.00465172 6260.6) (-0.0214347 -0.0214347 6260.05) (0.00555891 0.00555891 6259.73) (0.00115207 0.00115207 6258.51) (0.00137234 0.00137234 6257.07) (0.000262592 0.000262592 6255.32) (-0.000536314 -0.000536314 6253.38) (-0.00142863 -0.00142863 6251.33) (-0.00228476 -0.00228476 6249.3) (-0.00310534 -0.00310534 6247.46) (-0.00407294 -0.00407294 6246.04)
3850          (0.00305873 0.00305873 6260.12) (0.0251359 0.0251359 6260.19) (-0.000477301 -0.000477301 6259.13) (0.00277004 0.00277004 6258.19) (0.00066829 0.00066829 6256.82) (0.000264054 0.000264054 6255.22) (-0.000698922 -0.000698921 6253.43) (-0.00152834 -0.00152834 6251.55) (-0.0023549 -0.0023549 6249.69) (-0.00312871 -0.00312871 6248.01) (-0.00400934 -0.00400934 6246.7)
3900          (0.00339518 0.00339518 6259.58) (-0.0175639 -0.0175639 6259.13) (0.00475368 0.00475368 6258.85) (0.000441852 0.000441852 6257.81) (0.00140352 0.00140352 6256.61) (0.00024041 0.00024041 6255.12) (-0.000378568 -0.000378568 6253.48) (-0.00118232 -0.00118232 6251.76) (-0.00191656 -0.00191656 6250.05) (-0.0026203 -0.0026203 6248.51) (-0.00343187 -0.00343187 6247.31)
3950          (0.00285631 0.00285631 6259.18) (0.0206078 0.0206078 6259.23) (-0.000476933 -0.000476933 6258.34) (0.00277311 0.00277311 6257.55) (0.000526266 0.000526266 6256.39) (0.000301728 0.000301728 6255.04) (-0.000574878 -0.000574878 6253.53) (-0.00129578 -0.00129578 6251.95) (-0.00202196 -0.00202196 6250.38) (-0.00268537 -0.00268537 6248.97) (-0.00343355 -0.00343355 6247.87)
4000          (0.00411027 0.00411027 6258.77) (-0.0167801 -0.0167801 6258.45) (0.00500575 0.00500575 6258.17) (0.000261129 0.000261129 6257.27) (0.00170676 0.00170676 6256.24) (0.000435674 0.000435674 6254.97) (-0.000166587 -0.000166587 6253.57) (-0.0010197 -0.0010197 6252.09) (-0.00180518 -0.00180518 6250.64) (-0.00258042 -0.00258042 6249.32) (-0.00339405 -0.00339405 6248.31)
4050          (0.00141071 0.00141071 6258.37) (0.017689 0.017689 6258.34) (0.00201566 0.00201566 6257.72) (0.00306877 0.00306877 6257.04) (0.00112071 0.00112071 6256.05) (0.00085997 0.00085997 6254.92) (-0.000264057 -0.000264057 6253.63) (-0.00119308 -0.00119308 6252.28) (-0.00220879 -0.00220879 6250.95) (-0.00315766 -0.00315766 6249.74) (-0.00459351 -0.00459351 6248.82)
4100          (0.00113067 0.00113067 6258.1) (0.013714 0.013714 6258.06) (0.00368477 0.00368477 6257.52) (0.00244035 0.00244035 6256.85) (0.001653 0.001653 6255.94) (0.00103437 0.00103437 6254.87) (-3.9806e-05 -3.9806e-05 6253.66) (-0.00105435 -0.00105435 6252.39) (-0.00218139 -0.00218139 6251.14) (-0.00326727 -0.00326727 6250.01) (-0.00486285 -0.00486285 6249.14)
4150          (0.0050602 0.0050602 6257.74) (-0.00319105 -0.00319105 6257.56) (-3.51199e-05 -3.51198e-05 6257.2) (0.00163149 0.00163149 6256.59) (0.000112764 0.000112764 6255.78) (-0.000324196 -0.000324196 6254.8) (-0.00107326 -0.00107326 6253.7) (-0.00163533 -0.00163533 6252.54) (-0.00205868 -0.00205868 6251.41) (-0.00239583 -0.00239583 6250.38) (-0.00270195 -0.00270195 6249.6)
4200          (0.00417106 0.00417106 6257.54) (0.00390446 0.00390446 6257.43) (0.00302937 0.00302938 6257.05) (0.00246935 0.00246935 6256.46) (0.00160178 0.00160178 6255.69) (0.000576447 0.000576447 6254.76) (-0.000606456 -0.000606456 6253.72) (-0.00183848 -0.00183848 6252.62) (-0.0030621 -0.0030621 6251.55) (-0.0042503 -0.0042503 6250.58) (-0.00580779 -0.00580779 6249.84)
4250          (-0.00437317 -0.00437317 6257.26) (-0.00110258 -0.00110258 6257.12) (8.37784e-05 8.37787e-05 6256.79) (0.00132362 0.00132362 6256.25) (0.00192559 0.00192559 6255.53) (0.00197946 0.00197946 6254.68) (0.00156319 0.00156319 6253.73) (0.000954938 0.000954938 6252.74) (0.000275809 0.000275809 6251.76) (-0.000151941 -0.000151941 6250.89) (-0.00119534 -0.00119534 6250.22)
4300          (0.00236848 0.00236848 6257.19) (0.00272392 0.00272392 6257.11) (-0.000233835 -0.000233835 6256.7) (-0.000848936 -0.000848936 6256.16) (-0.0011507 -0.0011507 6255.47) (-0.000713723 -0.000713723 6254.65) (-7.51123e-05 -7.51123e-05 6253.74) (0.00067269 0.00067269 6252.78) (0.00141628 0.00141628 6251.85) (0.00189448 0.00189448 6251.02) (0.00324998 0.00324998 6250.4)
4350          (-0.00657378 -0.00657378 6256.85) (-0.0156908 -0.0156908 6256.66) (-0.00176875 -0.00176875 6256.48) (0.00038525 0.00038525 6255.97) (0.00297122 0.00297122 6255.34) (0.002797 0.002797 6254.59) (0.00263966 0.00263966 6253.76) (0.00146317 0.00146317 6252.89) (-3.50338e-05 -3.50338e-05 6252.05) (-0.0014791 -0.0014791 6251.29) (-0.0058938 -0.0058938 6250.73)
4400          (-0.000371158 -0.000371158 6256.87) (0.0193392 0.0193392 6256.85) (-0.000113293 -0.000113294 6256.39) (0.00066439 0.00066439 6255.92) (-0.000667216 -0.000667216 6255.3) (0.000485385 0.000485385 6254.57) (0.000551414 0.000551414 6253.76) (0.00126401 0.00126401 6252.92) (0.00192721 0.00192721 6252.11) (0.00275796 0.00275796 6251.39) (0.00494534 0.00494534 6250.86)
4450          (-0.00303563 -0.00303563 6256.66) (-0.0237049 -0.0237049 6256.51) (-0.00279616 -0.00279616 6256.29) (-0.00248549 -0.00248549 6255.82) (0.00029739 0.00029739 6255.23) (0.000679213 0.000679213 6254.53) (0.00200562 0.00200562 6253.77) (0.00242257 0.00242257 6252.97) (0.00262733 0.00262733 6252.21) (0.00242993 0.00242993 6251.53) (0.000727538 0.000727538 6251.02)
4500          (-0.00222065 -0.00222065 6256.47) (-0.0174547 -0.0174547 6256.36) (-0.00180699 -0.00180699 6256.11) (-0.00187552 -0.00187552 6255.67) (0.000336229 0.000336229 6255.12) (0.000746352 0.000746352 6254.47) (0.00186596 0.00186596 6253.77) (0.00223519 0.00223519 6253.05) (0.00246441 0.00246441 6252.36) (0.00228734 0.00228734 6251.76) (0.00121431 0.00121431 6251.31)
4550          (-0.00222065 -0.00222065 6256.47) (-0.0174547 -0.0174547 6256.36) (-0.00180699 -0.00180699 6256.11) (-0.00187552 -0.00187552 6255.67) (0.000336229 0.000336229 6255.12) (0.000746352 0.000746352 6254.47) (0.00186596 0.00186596 6253.77) (0.00223519 0.00223519 6253.05) (0.00246441 0.00246441 6252.36) (0.00228734 0.00228734 6251.76) (0.00121431 0.00121431 6251.31)
4600          (-0.00312737 -0.00312737 6256.43) (0.0126244 0.0126244 6256.36) (-0.00110474 -0.00110474 6256.02) (0.00103273 0.00103273 6255.61) (0.0006496 0.0006496 6255.06) (0.00165632 0.00165632 6254.44) (0.00135714 0.00135714 6253.76) (0.00127996 0.00127996 6253.07) (0.000876916 0.000876916 6252.42) (0.000364564 0.000364564 6251.86) (0.000202893 0.000202893 6251.47)
4650          (-0.00227311 -0.00227311 6256.29) (-0.0107805 -0.0107805 6256.21) (-0.00138777 -0.00138777 6255.94) (-0.00119795 -0.00119795 6255.53) (0.000650281 0.000650281 6255.01) (0.00113642 0.00113642 6254.41) (0.00201942 0.00201942 6253.76) (0.00222122 0.00222122 6253.11) (0.00217796 0.00217796 6252.49) (0.00173464 0.00173464 6251.98) (0.000408355 0.000408355 6251.61)
4700          (-0.00227311 -0.00227311 6256.29) (-0.0107805 -0.0107805 6256.21) (-0.00138777 -0.00138777 6255.94) (-0.00119795 -0.00119795 6255.53) (0.000650281 0.000650281 6255.01) (0.00113642 0.00113642 6254.41) (0.00201942 0.00201942 6253.76) (0.00222122 0.00222122 6253.11) (0.00217796 0.00217796 6252.49) (0.00173464 0.00173464 6251.98) (0.000408355 0.000408355 6251.61)
4750          (-0.00227311 -0.00227311 6256.29) (-0.0107805 -0.0107805 6256.21) (-0.00138777 -0.00138777 6255.94) (-0.00119795 -0.00119795 6255.53) (0.000650281 0.000650281 6255.01) (0.00113642 0.00113642 6254.41) (0.00201942 0.00201942 6253.76) (0.00222122 0.00222122 6253.11) (0.00217796 0.00217796 6252.49) (0.00173464 0.00173464 6251.98) (0.000408355 0.000408355 6251.61)
4800          (-0.00227311 -0.00227311 6256.29) (-0.0107805 -0.0107805 6256.21) (-0.00138777 -0.00138777 6255.94) (-0.00119795 -0.00119795 6255.53) (0.000650281 0.000650281 6255.01) (0.00113642 0.00113642 6254.41) (0.00201942 0.00201942 6253.76) (0.00222122 0.00222122 6253.11) (0.00217796 0.00217796 6252.49) (0.00173464 0.00173464 6251.98) (0.000408355 0.000408355 6251.61)
4850          (-0.00227311 -0.00227311 6256.29) (-0.0107805 -0.0107805 6256.21) (-0.00138777 -0.00138777 6255.94) (-0.00119795 -0.00119795 6255.53) (0.000650281 0.000650281 6255.01) (0.00113642 0.00113642 6254.41) (0.00201942 0.00201942 6253.76) (0.00222122 0.00222122 6253.11) (0.00217796 0.00217796 6252.49) (0.00173464 0.00173464 6251.98) (0.000408355 0.000408355 6251.61)
4900          (-0.00227311 -0.00227311 6256.29) (-0.0107805 -0.0107805 6256.21) (-0.00138777 -0.00138777 6255.94) (-0.00119795 -0.00119795 6255.53) (0.000650281 0.000650281 6255.01) (0.00113642 0.00113642 6254.41) (0.00201942 0.00201942 6253.76) (0.00222122 0.00222122 6253.11) (0.00217796 0.00217796 6252.49) (0.00173464 0.00173464 6251.98) (0.000408355 0.000408355 6251.61)
4950          (-0.00227311 -0.00227311 6256.29) (-0.0107805 -0.0107805 6256.21) (-0.00138777 -0.00138777 6255.94) (-0.00119795 -0.00119795 6255.53) (0.000650281 0.000650281 6255.01) (0.00113642 0.00113642 6254.41) (0.00201942 0.00201942 6253.76) (0.00222122 0.00222122 6253.11) (0.00217796 0.00217796 6252.49) (0.00173464 0.00173464 6251.98) (0.000408355 0.000408355 6251.61)
5000          (-0.00227311 -0.00227311 6256.29) (-0.0107805 -0.0107805 6256.21) (-0.00138777 -0.00138777 6255.94) (-0.00119795 -0.00119795 6255.53) (0.000650281 0.000650281 6255.01) (0.00113642 0.00113642 6254.41) (0.00201942 0.00201942 6253.76) (0.00222122 0.00222122 6253.11) (0.00217796 0.00217796 6252.49) (0.00173464 0.00173464 6251.98) (0.000408355 0.000408355 6251.61)
