# Probe 0 (0.0015 0.0015 0)
# Probe 1 (0.0015 0.0015 0.002)
# Probe 2 (0.0015 0.0015 0.004)
# Probe 3 (0.0015 0.0015 0.006)
# Probe 4 (0.0015 0.0015 0.008)
# Probe 5 (0.0015 0.0015 0.01)
# Probe 6 (0.0015 0.0015 0.012)
# Probe 7 (0.0015 0.0015 0.014)
# Probe 8 (0.0015 0.0015 0.016)
# Probe 9 (0.0015 0.0015 0.018)
# Probe 10 (0.0015 0.0015 0.02)
# Time        0             1             2             3             4             5             6             7             8             9             10           
50            (9.96526e-12 -1.01134e-11 -2.753e-11) (8.13163e-13 -1.87202e-11 -2.80912e-11) (-1.75643e-11 -1.85539e-11 -5.1559e-11) (-8.23503e-12 -1.09541e-11 -6.40233e-11) (8.35503e-12 9.00638e-12 -5.2622e-11) (-1.83658e-12 -1.78231e-12 -6.36326e-11) (1.70705e-13 -9.98232e-12 -5.10152e-11) (-9.02101e-12 2.21221e-13 -6.98479e-11) (1.91609e-11 -1.01203e-11 -5.46895e-11) (-1.77766e-12 9.07428e-12 -6.57247e-11) (-8.16381e-12 1.16976e-12 -5.06668e-11)
100           (8.2063e-12 -1.2083e-11 -9.22394e-12) (-1.08761e-11 -9.33914e-12 -9.85484e-12) (-1.74716e-11 7.96665e-13 1.85753e-11) (-1.06609e-11 8.91125e-13 1.28463e-11) (-9.89713e-12 1.00272e-11 2.97155e-11) (-4.94357e-14 -9.2363e-12 6.05345e-11) (-1.08817e-11 -8.26535e-12 7.01897e-11) (-7.85683e-13 -1.83526e-11 1.50168e-11) (2.8644e-11 -2.12965e-11 4.43863e-11) (-5.95617e-14 -1.08484e-11 1.35745e-11) (-9.42694e-12 -8.94509e-12 -3.49355e-11)
150           (8.70472e-13 -1.00727e-11 7.61062e-13) (1.02796e-13 9.32126e-14 -4.62721e-13) (-8.97978e-13 -8.25805e-12 -1.30529e-12) (1.65238e-13 9.89208e-12 -1.017e-11) (1.10249e-11 7.42616e-13 9.25618e-12) (-1.003e-11 1.01899e-11 -2.0307e-11) (7.05502e-13 2.09841e-14 -2.42447e-11) (-1.06983e-11 9.36832e-13 -4.07097e-11) (-8.11775e-12 9.16906e-12 -2.14916e-11) (-6.63033e-12 7.17853e-13 -3.28228e-11) (-8.46129e-12 9.18407e-12 -2.39191e-11)
200           (1.73869e-12 7.37098e-12 4.8218e-13) (9.90093e-12 7.06334e-12 -1.05531e-11) (-5.29485e-14 -8.21786e-12 1.02148e-11) (-6.19881e-13 8.24616e-12 -1.16429e-11) (-8.69217e-13 8.90068e-12 -2.32806e-11) (-8.28615e-12 -1.01838e-11 -2.62125e-11) (2.75011e-11 -2.27105e-13 -6.36839e-11) (-8.17886e-15 1.11029e-11 -7.21106e-11) (-1.72371e-12 2.74164e-11 -3.57176e-11) (1.91059e-11 -3.95245e-13 -8.51287e-11) (-2.03541e-11 1.84769e-11 -6.5219e-11)
250           (-1.81553e-11 7.22958e-12 -2.01407e-12) (-1.11813e-11 -1.91164e-11 8.15894e-12) (9.97844e-12 1.75671e-11 4.72952e-11) (1.95679e-11 1.01483e-11 4.90149e-11) (2.02562e-11 -1.91816e-11 8.60828e-11) (-8.24038e-12 -8.05557e-12 6.04076e-11) (-1.0473e-13 3.43359e-12 6.24165e-11) (1.73892e-11 -9.17365e-12 6.82872e-11) (1.91284e-11 2.83532e-11 3.06665e-11) (7.81226e-12 -9.31358e-12 2.87074e-11) (-1.16779e-12 2.6631e-14 -6.37856e-12)
300           (-9.33074e-12 -8.21945e-12 -1.62067e-12) (-1.00413e-11 -9.50893e-13 -4.38512e-13) (-8.42343e-12 -1.03072e-12 -6.97679e-12) (-7.45934e-12 8.95322e-12 6.57949e-13) (1.01075e-11 1.76563e-12 -1.2291e-11) (8.24223e-12 2.6016e-13 -2.12228e-11) (1.76048e-11 -1.0319e-11 -3.21222e-11) (2.05816e-13 9.16645e-12 -9.90119e-11) (-6.78255e-13 7.59348e-13 -7.04343e-11) (9.1387e-12 8.11805e-12 -8.99786e-11) (-8.28095e-12 1.87788e-12 -9.05586e-11)
350           (2.8292e-11 -1.82407e-11 -9.10703e-12) (1.97985e-11 1.04965e-11 -3.87009e-11) (8.6407e-12 1.06587e-12 -6.79624e-12) (-6.17859e-13 7.45556e-13 -2.11802e-11) (-8.12609e-12 -4.41575e-13 -3.77896e-12) (-7.39425e-12 9.92959e-12 2.1575e-11) (1.10692e-12 9.96057e-12 4.62875e-11) (1.66251e-13 9.393e-12 1.95762e-11) (-6.44487e-13 7.43205e-12 -3.30063e-12) (-8.12496e-14 6.73532e-13 7.25414e-12) (-1.87005e-11 -5.9615e-12 -9.9843e-12)
400           (-2.01629e-11 -1.53498e-11 -2.91958e-11) (-9.24549e-12 2.85273e-11 -5.73123e-11) (8.98669e-12 -9.39823e-12 -6.88315e-11) (-8.77103e-12 9.75205e-12 -6.32143e-11) (-9.99151e-12 6.35615e-13 -8.24728e-11) (7.68204e-12 -2.57458e-11 -1.31317e-10) (-1.79626e-12 -8.7155e-15 -1.1161e-10) (-9.30496e-12 -9.24049e-12 -1.10934e-10) (8.61153e-13 1.64317e-12 -1.37385e-10) (1.06266e-11 8.11317e-12 -1.74308e-10) (1.88638e-13 1.76317e-11 -1.65813e-10)
450           (1.16115e-11 9.00794e-12 -1.18318e-12) (-8.5376e-13 -1.00442e-11 -1.30864e-11) (7.20723e-13 1.85878e-11 -1.05806e-11) (-7.22119e-13 -1.04963e-11 -1.16114e-11) (1.13033e-12 -1.00264e-12 -5.27401e-12) (9.87668e-13 -9.84675e-12 -1.85864e-11) (-1.0073e-11 -9.92586e-12 -5.78908e-11) (-8.35825e-12 1.0966e-11 -4.72079e-11) (1.13791e-12 9.72113e-13 -7.27048e-11) (8.95932e-12 -1.86433e-11 -7.50974e-11) (9.13986e-12 -1.02572e-11 -1.05413e-10)
500           (1.82096e-12 1.01116e-14 3.82047e-13) (1.98241e-12 1.86765e-12 -1.06386e-11) (1.10007e-11 8.4647e-12 -3.67664e-12) (-8.32712e-13 1.07761e-11 -2.35187e-11) (7.49728e-12 -1.08741e-11 5.80006e-12) (1.43745e-12 1.74922e-11 2.29081e-11) (1.15168e-11 -9.45623e-13 3.12607e-11) (-2.69497e-14 9.156e-12 1.37299e-11) (-9.31867e-12 1.0042e-11 -2.32899e-11) (1.37982e-12 -8.15133e-12 -6.27275e-11) (9.09746e-12 2.7832e-11 -3.45617e-11)
550           (-3.37389e-14 1.25877e-12 -2.35965e-13) (-2.01177e-11 -1.10403e-11 9.30021e-12) (-9.83019e-12 -7.9313e-13 -3.69378e-11) (3.26081e-13 1.90737e-11 -9.30625e-11) (7.68366e-12 -1.82284e-11 -9.94665e-11) (1.83519e-11 -8.11716e-12 -1.06492e-10) (-1.81624e-11 1.87243e-13 -1.43806e-10) (-1.30731e-14 -7.45057e-12 -1.87948e-10) (9.19444e-12 -1.86094e-12 -1.7894e-10) (8.12399e-13 -9.14391e-13 -1.99168e-10) (-1.7714e-11 -1.85949e-11 -2.03496e-10)
600           (9.0906e-12 4.62365e-13 -1.79099e-11) (1.1225e-12 -8.23002e-12 -1.83048e-11) (-9.0479e-13 9.75657e-13 -6.45249e-11) (1.00506e-11 -9.15814e-12 -9.61581e-11) (1.85951e-11 -1.93892e-11 -7.70203e-11) (9.9456e-12 -7.68487e-14 -4.39394e-11) (-1.10591e-12 1.82666e-11 -3.90578e-11) (1.75843e-11 1.7489e-12 -5.65809e-11) (2.23024e-13 -1.90791e-11 -2.09562e-11) (-4.48775e-14 -4.84784e-14 -1.32191e-11) (1.83056e-11 9.39892e-12 -2.41418e-11)
650           (9.4247e-12 -7.99099e-12 1.02741e-11) (-1.78519e-12 -1.74449e-11 1.89842e-11) (1.02552e-12 9.26532e-12 -1.04312e-11) (1.97691e-12 -2.02519e-11 2.55937e-11) (-9.01976e-12 -1.01576e-11 -2.36359e-11) (1.85071e-11 1.657e-12 -3.06227e-11) (2.00731e-11 -1.20349e-11 -4.84145e-11) (-2.58683e-13 7.41914e-13 -4.57635e-11) (-8.38606e-12 -9.99197e-12 -2.68288e-11) (9.87972e-12 9.23037e-12 -4.01813e-11) (1.10426e-11 9.15561e-12 -2.41635e-11)
700           (1.38848e-12 2.75576e-11 -1.92845e-11) (-7.50346e-12 -1.93414e-11 -1.82602e-11) (3.60699e-12 8.88872e-12 -2.8385e-11) (-1.51985e-12 -8.65497e-12 -6.62337e-11) (-8.89885e-12 -1.01892e-11 -5.51043e-13) (9.48673e-12 7.26909e-12 -5.87373e-13) (-1.82374e-11 2.65009e-14 -3.95113e-11) (8.56003e-13 -9.34585e-12 -6.77614e-11) (8.96457e-12 -8.6529e-12 -7.04466e-11) (8.1149e-12 -1.07074e-12 -4.55829e-11) (7.50626e-12 1.14285e-11 -9.4384e-11)
750           (8.12135e-12 -9.17122e-12 8.03652e-12) (1.10256e-11 9.15862e-12 6.75037e-12) (-7.29338e-13 8.30394e-12 -2.95421e-12) (-2.07278e-11 9.83722e-12 -6.4843e-11) (-1.65748e-11 -1.08639e-13 -1.36022e-12) (-1.78057e-11 9.22973e-12 -6.05694e-11) (-8.35636e-13 7.32651e-12 -4.10039e-11) (-9.2524e-12 2.88006e-11 -3.92064e-11) (-2.01979e-11 7.21966e-13 -7.51457e-11) (-9.80349e-13 1.74594e-11 -3.08418e-11) (7.20054e-13 5.53908e-12 -7.72126e-11)
800           (9.3939e-13 9.33976e-13 -2.71787e-11) (-9.13655e-12 -9.73527e-12 -4.44737e-11) (-8.65485e-13 -8.98288e-12 -4.78946e-11) (9.23965e-12 -8.39551e-12 -7.07519e-11) (-9.25398e-12 9.82609e-12 -8.54931e-11) (-9.98939e-12 9.00579e-12 -1.31658e-10) (1.08591e-11 -6.09215e-13 -1.68544e-10) (-9.30727e-12 -8.66287e-12 -1.77898e-10) (-8.17821e-13 -1.25068e-12 -1.48537e-10) (-1.79168e-11 -1.05773e-12 -1.91509e-10) (-9.47451e-13 8.19836e-12 -2.21977e-10)
850           (9.03701e-12 -1.01154e-11 9.72749e-15) (-1.04841e-12 8.47606e-13 9.2939e-12) (9.91705e-12 2.75322e-11 1.46837e-11) (1.30087e-12 9.99932e-12 4.25188e-11) (-6.66382e-13 1.0751e-11 2.68212e-11) (1.11471e-11 9.9553e-12 4.31036e-11) (-1.86889e-11 2.83842e-12 6.62305e-12) (1.99096e-11 -1.04496e-12 -8.12528e-13) (-1.73881e-11 -1.92249e-12 1.36941e-11) (-9.3571e-12 -8.28571e-12 1.60862e-11) (1.01837e-11 -1.76932e-11 -6.87924e-12)
900           (1.91101e-11 -1.11117e-11 -1.03218e-11) (-1.00195e-11 -2.01704e-11 -1.16845e-11) (-2.68917e-13 8.92863e-12 -9.81756e-12) (1.24402e-13 -2.03641e-11 3.84382e-11) (-1.87156e-12 -9.51091e-12 1.85205e-11) (1.01803e-11 1.19477e-13 -8.33247e-11) (-8.31195e-12 1.35747e-16 -5.52146e-11) (1.07438e-11 1.93748e-11 -5.71277e-11) (-9.50865e-13 1.82542e-11 -1.05191e-10) (9.65432e-12 -1.4453e-12 -8.67706e-11) (-1.12426e-11 1.02964e-11 -6.82158e-11)
950           (8.4321e-12 -9.1463e-12 9.35577e-12) (9.83038e-12 -9.1141e-12 1.04793e-11) (-1.10286e-11 1.04934e-12 -1.79147e-11) (-1.84134e-12 -9.90905e-12 -3.02475e-11) (-8.72588e-12 -8.21052e-12 -2.17315e-11) (1.85756e-11 -7.58189e-12 -6.06618e-11) (8.37746e-12 1.01025e-12 -5.94639e-11) (-7.26353e-12 -1.58083e-12 -6.20732e-11) (-7.2632e-12 -3.78134e-12 -7.0739e-11) (-9.63506e-12 1.08686e-11 -4.71107e-11) (-1.8834e-11 1.82294e-12 -6.30288e-11)
1000          (1.91345e-11 -1.21249e-12 -1.00576e-11) (8.14834e-12 9.23714e-12 -2.82387e-11) (-1.04521e-12 -1.01528e-11 -5.39369e-11) (9.02355e-13 2.62226e-14 -5.45053e-11) (1.01455e-11 9.49131e-13 -6.52697e-11) (1.84158e-11 -8.30761e-12 -7.01746e-11) (8.28228e-12 8.82996e-13 -6.06236e-11) (-1.09056e-11 9.14232e-12 -5.38233e-11) (-9.06974e-12 9.22242e-12 -6.93767e-11) (-2.0639e-13 -1.06884e-12 -1.01477e-10) (9.89949e-13 9.27987e-12 -1.69285e-10)
1050          (7.36143e-13 8.32627e-12 -1.68914e-12) (-2.11371e-16 2.12858e-15 -1.346e-11) (-1.95834e-13 -8.59511e-12 -2.56894e-12) (1.20433e-11 -7.76347e-12 1.46549e-13) (-1.73469e-11 9.2881e-12 2.11393e-11) (1.03302e-11 -1.02263e-12 2.39034e-11) (-9.55359e-13 -8.61622e-14 2.40283e-11) (8.29523e-12 1.82542e-11 -1.88018e-11) (-1.03831e-11 1.10577e-12 -1.0293e-11) (-1.8432e-11 -1.02653e-11 2.50936e-11) (-1.04797e-13 6.0169e-13 -3.55185e-11)
1100          (-1.83045e-11 -1.01853e-11 -1.19262e-13) (-6.61798e-13 1.76156e-11 -1.88283e-11) (9.1844e-12 1.77767e-12 -3.78372e-11) (7.99977e-13 -1.66453e-11 -6.89537e-11) (1.11094e-11 1.62442e-13 -8.56942e-11) (1.03439e-12 -1.75297e-11 -1.00044e-10) (1.80466e-14 -9.08679e-12 -6.57498e-11) (8.86807e-12 -2.17621e-13 -1.00995e-10) (-8.56533e-12 5.77511e-13 -1.58273e-10) (-1.93776e-11 -1.14772e-13 -1.52525e-10) (-1.06194e-12 -9.14952e-12 -1.35892e-10)
1150          (-1.00165e-11 -9.92409e-12 -1.273e-13) (-2.86676e-12 9.17226e-12 4.42015e-12) (-8.49159e-12 -2.74751e-13 -2.15648e-11) (1.87142e-12 -4.73753e-13 -4.61472e-11) (9.0178e-12 -1.47576e-12 -2.34775e-11) (-9.14368e-12 1.01872e-11 -3.59387e-11) (8.55221e-12 -8.57336e-12 -3.02781e-11) (-8.18153e-12 6.91277e-14 -4.03591e-11) (-4.73962e-14 1.10969e-12 -7.06061e-12) (-9.69986e-12 2.92005e-13 -1.92482e-11) (-1.98737e-12 1.68937e-12 -1.68959e-11)
1200          (1.00247e-11 9.11754e-12 2.52762e-14) (-3.22798e-13 -8.21215e-12 1.02464e-11) (-9.853e-12 7.66934e-13 2.50287e-11) (-1.29015e-12 -1.03026e-11 3.89984e-11) (-1.00524e-11 1.64515e-11 1.65159e-11) (-1.09857e-12 6.60252e-13 1.66543e-11) (-1.84984e-11 8.27499e-13 -2.90224e-11) (1.00468e-11 -4.3433e-14 -1.87209e-11) (-1.09252e-11 -8.50167e-12 -2.71829e-11) (9.80661e-13 2.84211e-11 -3.08439e-11) (-1.00939e-11 -1.85149e-14 -2.11117e-11)
1250          (-1.91628e-11 2.64945e-11 -8.14558e-12) (-9.94904e-12 -1.74266e-11 -7.82187e-12) (1.86526e-11 -7.53438e-12 -6.96754e-13) (-9.01041e-12 -1.51867e-13 -3.21339e-11) (-6.18566e-13 -1.77444e-12 -1.22674e-11) (9.96103e-12 -1.11056e-11 -4.5396e-11) (-1.10068e-11 8.2615e-12 -7.84312e-11) (-1.92719e-11 -3.82778e-13 -1.54691e-10) (-9.23463e-12 1.5848e-11 -1.56474e-10) (-9.26701e-12 -8.00172e-14 -1.76502e-10) (-1.80475e-12 1.85249e-11 -1.94057e-10)
1300          (-9.20481e-12 -2.67292e-14 4.3457e-14) (-9.2762e-12 9.12533e-12 9.47238e-12) (8.24086e-12 1.0416e-11 7.28105e-12) (-8.27048e-12 -1.73762e-11 3.39879e-12) (1.03179e-11 -9.33867e-12 2.52721e-11) (2.94814e-11 1.01497e-11 -8.71285e-12) (-2.79265e-12 3.44404e-13 -4.06854e-11) (9.90722e-13 1.03595e-11 -2.33013e-11) (-1.94085e-11 1.09179e-12 -2.15933e-11) (-5.59957e-14 -7.51291e-12 -4.29171e-11) (-1.0884e-11 1.08118e-13 -5.9579e-11)
1350          (7.3015e-12 9.92781e-12 -3.61825e-13) (-9.35661e-13 1.5883e-12 -2.02556e-11) (1.07034e-13 -1.01348e-11 3.80609e-11) (1.84358e-11 -3.10665e-13 3.05616e-11) (-5.40619e-13 -1.76364e-13 7.88942e-12) (-1.10374e-11 -7.0534e-13 3.64826e-11) (1.64926e-12 2.77064e-11 5.32963e-11) (-1.99935e-12 1.85085e-11 2.11622e-11) (-9.12297e-12 -9.94296e-12 4.62695e-11) (1.73013e-11 9.93403e-12 1.4324e-11) (1.64868e-11 -3.31576e-13 4.70177e-11)
1400          (-9.40894e-14 -9.29573e-12 8.87348e-12) (9.02981e-12 7.60506e-13 7.06199e-12) (1.76868e-14 5.04164e-13 7.48754e-12) (-1.83832e-11 8.00795e-12 2.45232e-11) (3.19342e-13 -9.53802e-12 -9.83527e-12) (9.44215e-12 -1.00894e-11 -1.18664e-12) (-9.17703e-12 7.9646e-13 6.11624e-12) (-6.49734e-14 8.96406e-12 1.97128e-12) (-9.12473e-12 9.90614e-12 -7.81424e-12) (-9.04904e-12 8.02811e-12 -1.88821e-11) (1.87918e-11 -9.31222e-12 -1.43799e-11)
1450          (9.18967e-13 8.58781e-14 5.75508e-14) (9.79947e-12 -7.72183e-12 2.47678e-13) (2.01707e-11 8.94031e-12 -1.01695e-11) (1.20067e-13 8.81359e-12 -2.41152e-11) (-9.87925e-12 -2.10904e-12 -5.31549e-11) (1.00538e-11 9.26956e-12 -5.88041e-11) (2.81058e-13 1.80776e-12 -4.13653e-11) (1.7657e-12 7.95116e-12 -7.60229e-11) (-9.96541e-12 1.92863e-11 -7.59933e-11) (1.82579e-11 -9.32035e-12 -9.33888e-11) (9.96197e-12 -7.51392e-12 -8.65025e-11)
1500          (-1.88171e-11 -1.94009e-11 1.17483e-13) (-9.1871e-12 1.11063e-13 -1.14263e-12) (1.8382e-11 -1.03904e-11 -1.82294e-11) (-1.91998e-11 9.6702e-12 3.33545e-11) (8.53862e-12 5.89198e-13 1.65578e-11) (1.43829e-12 -1.11968e-12 6.41464e-11) (-1.02045e-11 -1.85212e-11 7.21098e-11) (2.68565e-11 -7.64298e-13 4.82252e-11) (-7.78611e-12 -1.40291e-13 7.51985e-11) (1.8263e-11 1.82319e-11 3.54184e-11) (-2.72548e-11 9.0383e-12 4.419e-11)
1550          (-9.9698e-13 9.04543e-12 -8.95606e-12) (-1.1358e-11 -9.34313e-12 -9.69066e-12) (-9.32964e-12 -1.35232e-13 -3.03636e-11) (-9.85931e-12 2.00709e-11 -2.00921e-11) (-2.09491e-11 9.80215e-12 -2.24363e-11) (1.74487e-11 -1.66744e-11 5.02522e-12) (8.26708e-13 -1.82332e-11 4.00857e-11) (7.41618e-13 9.28922e-12 3.26401e-11) (-1.8719e-11 -9.12639e-12 2.08399e-11) (7.93762e-12 9.02557e-12 -2.42982e-11) (9.77924e-13 8.97033e-12 1.98866e-11)
1600          (-9.71173e-13 7.47214e-12 8.60538e-12) (1.00154e-11 5.39598e-14 1.75054e-11) (-9.34745e-12 8.4946e-12 -1.14219e-11) (1.02019e-11 -1.92972e-12 3.50923e-11) (-9.8718e-12 -2.00024e-12 -1.00709e-12) (3.70813e-13 -8.78733e-14 -1.28142e-12) (9.07219e-12 -9.25496e-12 -3.46203e-11) (1.1008e-11 -1.33094e-13 -5.07661e-11) (-7.41532e-12 3.04474e-11 -6.13138e-11) (-8.52803e-12 6.16916e-13 -8.36114e-11) (-1.66443e-11 9.17838e-12 -9.26147e-11)
1650          (7.25197e-15 8.1864e-12 -1.94298e-11) (-7.58441e-14 6.63179e-12 -2.89954e-12) (1.04095e-12 5.17648e-13 1.29458e-11) (8.96588e-12 1.81076e-11 4.76065e-11) (6.25979e-12 -5.54004e-14 3.4311e-12) (-2.12814e-11 -9.05377e-12 -1.92794e-11) (-1.01699e-11 8.13526e-13 -3.89162e-11) (-9.37807e-12 2.61804e-13 -2.70487e-11) (1.93264e-11 2.45597e-14 -1.71809e-12) (8.08067e-13 1.03712e-12 -9.7363e-11) (-1.92414e-12 1.11748e-11 -7.78574e-11)
1700          (1.00501e-11 1.02231e-11 1.10575e-12) (1.10081e-11 -1.02977e-11 -2.72753e-11) (1.01767e-11 -7.52325e-13 -2.88813e-11) (1.96896e-12 -9.66935e-12 -7.71669e-11) (-1.72713e-11 -1.92867e-11 -7.52272e-11) (9.07213e-12 8.45869e-12 -1.16882e-10) (1.74218e-11 8.70117e-12 -8.65724e-11) (1.03543e-11 -6.33725e-13 -7.06905e-11) (8.72567e-13 1.21128e-12 -1.08989e-10) (-2.03056e-12 -8.25896e-12 -1.44667e-10) (-2.02806e-11 1.024e-11 -1.38637e-10)
1750          (-8.80181e-12 8.20687e-12 -1.00014e-11) (9.70792e-14 1.10495e-12 -1.10384e-11) (4.36626e-13 -7.41419e-12 5.60742e-12) (3.29306e-13 -9.28467e-12 3.78315e-12) (-4.33343e-13 9.16332e-12 -1.61104e-11) (-1.82836e-11 -1.08779e-11 -1.06098e-11) (8.82705e-13 8.84827e-12 -4.80926e-11) (1.71056e-12 -7.42082e-12 -4.76e-11) (-1.7676e-11 -1.7246e-11 -1.12827e-10) (7.18942e-12 -1.63448e-13 -1.26009e-10) (1.93726e-11 -1.94283e-11 -1.91805e-10)
1800          (1.895e-11 -7.92947e-12 -1.03863e-12) (1.675e-12 -1.65191e-11 -2.22528e-12) (-9.93091e-12 8.41823e-12 -2.71e-11) (-9.06896e-12 -8.12268e-12 -6.54528e-11) (-8.03272e-12 9.20895e-12 -9.01233e-12) (1.27404e-13 -4.75745e-14 5.47754e-12) (1.00349e-11 1.02339e-12 3.65821e-11) (7.41321e-12 1.10898e-13 5.33311e-12) (-9.22884e-12 8.94994e-12 7.9701e-12) (-8.23679e-12 1.00857e-11 -3.79085e-11) (-1.01759e-11 9.17715e-12 -2.08832e-11)
1850          (-9.07224e-12 1.10405e-11 -1.09412e-12) (7.66532e-13 8.28529e-12 -1.12815e-11) (1.82687e-11 8.33821e-12 -1.34919e-11) (-1.2318e-12 1.82607e-11 -2.67977e-11) (-8.34637e-12 -7.4463e-12 -5.09849e-11) (-1.15259e-13 1.00819e-11 -4.16841e-11) (1.6394e-11 1.56751e-13 -2.09931e-11) (-9.30228e-12 -9.03901e-12 2.56786e-11) (1.67004e-12 7.13023e-13 2.7348e-11) (-9.29576e-12 6.42284e-13 -1.1611e-11) (8.28055e-14 -2.31418e-13 -3.73411e-11)
1900          (8.81984e-12 -4.75425e-13 6.70455e-13) (-8.06056e-13 -9.48579e-13 1.87633e-12) (8.28701e-12 -1.92139e-11 -3.91886e-12) (-1.63156e-12 -9.28822e-12 1.62297e-12) (1.01089e-11 -6.61248e-15 -4.21813e-11) (-1.84889e-11 1.83587e-11 -8.14842e-11) (-9.1824e-12 1.09052e-11 -1.003e-10) (-1.00523e-12 1.81458e-12 -8.89523e-11) (-1.0881e-11 8.61776e-12 -7.79865e-11) (2.09075e-11 -9.40131e-12 -1.009e-10) (-8.41753e-12 -7.42228e-12 -1.25133e-10)
1950          (8.29814e-13 -3.68018e-11 9.85868e-12) (-1.75437e-11 1.05833e-13 2.8469e-11) (-2.68041e-11 -1.01019e-11 -7.07498e-12) (-1.82982e-11 -9.20302e-13 -2.67839e-11) (7.431e-12 1.90712e-11 -1.90789e-11) (7.767e-12 1.01282e-11 -1.35308e-11) (1.27265e-13 7.76586e-13 -4.99447e-12) (2.01212e-11 1.21811e-11 -2.19277e-11) (2.83274e-11 -2.94539e-11 -3.22112e-11) (1.72759e-11 -7.71792e-12 9.61243e-12) (-1.65651e-11 2.67195e-12 -1.23815e-11)
2000          (-9.90817e-12 -8.86633e-12 2.45808e-13) (-8.21856e-12 -1.73581e-12 -8.08249e-12) (8.64261e-12 -9.06063e-12 2.70547e-11) (9.21065e-13 -8.20686e-12 9.21102e-12) (8.23483e-13 -8.35145e-12 3.37394e-11) (-9.95688e-14 -7.93567e-13 2.40148e-11) (1.71966e-12 8.40162e-12 2.40738e-11) (-1.85686e-11 2.93436e-11 1.94624e-12) (-7.24091e-12 9.23095e-12 -2.66865e-11) (8.10672e-12 1.00626e-11 -2.02806e-11) (-1.09191e-11 -9.76359e-12 -3.95727e-11)
2050          (7.978e-12 1.65073e-11 -8.47915e-12) (8.41884e-12 -5.10765e-13 -1.90549e-11) (7.55456e-13 8.25891e-12 1.9556e-11) (-8.971e-12 1.85389e-11 7.53316e-13) (2.69157e-11 9.19525e-12 -1.83444e-11) (1.93321e-11 1.01493e-11 -2.85679e-11) (-9.64643e-13 -1.66118e-11 -5.02698e-11) (-9.25179e-12 1.66382e-11 -4.62131e-11) (9.76858e-12 -7.43184e-12 -1.91723e-11) (9.8297e-12 1.15467e-11 -6.18528e-11) (2.83822e-11 1.15687e-11 -7.17724e-11)
2100          (1.01724e-11 -7.45999e-12 7.4017e-12) (1.011e-11 1.82716e-11 7.44312e-12) (-9.50417e-12 -7.4001e-12 -4.49374e-12) (2.86931e-11 9.90626e-12 -3.34122e-11) (1.11094e-11 1.02125e-11 -3.15843e-11) (-1.65875e-12 1.09838e-13 -5.23144e-11) (9.4666e-15 1.77942e-11 -2.05162e-11) (-1.83244e-11 1.80445e-12 -4.5834e-11) (9.06173e-12 9.22741e-12 -4.31034e-11) (-7.55915e-13 9.65659e-14 -3.17303e-11) (8.51075e-12 1.42095e-12 -6.45515e-11)
2150          (9.05612e-12 -8.14716e-12 8.90466e-12) (9.42716e-12 1.10318e-12 2.65139e-11) (-5.28663e-14 -9.329e-12 -2.07601e-11) (1.00918e-11 -2.67563e-11 -1.46292e-11) (1.04343e-12 1.26768e-13 -4.11906e-11) (-7.92292e-13 1.03356e-11 -5.04035e-11) (2.32423e-12 7.08679e-12 -1.04849e-10) (-8.98357e-12 8.50956e-12 -1.03778e-10) (-1.25106e-12 1.63526e-12 -7.75923e-11) (9.36161e-13 1.45372e-12 -8.77206e-11) (2.23637e-13 1.85047e-11 -8.75733e-11)
2200          (-1.91096e-11 -1.06669e-11 -9.39315e-12) (-1.01274e-11 -9.88648e-12 -1.46799e-12) (-8.36435e-12 8.33416e-12 -9.49668e-12) (-7.98746e-12 1.79237e-12 -9.34855e-12) (-9.27287e-12 1.01504e-11 -3.03127e-11) (-7.49073e-13 1.01611e-11 -4.87882e-11) (1.13798e-12 8.1397e-12 -5.06491e-11) (1.01685e-13 2.47086e-13 -2.40981e-11) (-1.77163e-11 -2.74344e-11 -8.48155e-12) (9.24786e-12 -1.85534e-11 -8.51731e-12) (2.84272e-12 -7.33535e-12 -5.27001e-11)
2250          (9.08638e-14 -9.09809e-12 -1.01037e-11) (9.74297e-13 -1.97406e-12 -2.1248e-11) (-9.19512e-12 -9.74182e-13 8.18505e-12) (1.0412e-11 9.58614e-12 2.71802e-11) (-1.73559e-11 -9.46165e-12 1.58643e-11) (2.6439e-11 -2.87948e-11 -2.55566e-12) (1.10979e-11 8.97638e-12 3.4814e-11) (8.18753e-12 2.5289e-13 1.64148e-11) (-2.67328e-11 -4.22329e-14 1.4682e-11) (-1.03121e-11 8.08289e-12 3.8983e-11) (2.69896e-11 9.18361e-14 3.5887e-11)
2300          (-9.83983e-12 -8.99501e-12 9.66388e-13) (-7.40308e-13 -1.94667e-11 -9.97469e-13) (-1.76084e-11 9.75206e-13 2.53729e-11) (-1.00146e-11 -1.83861e-11 4.42605e-11) (1.18408e-12 -9.18393e-13 3.93613e-11) (1.00126e-11 -1.85605e-12 6.30074e-11) (2.58845e-14 2.35002e-13 5.52213e-11) (-1.00021e-11 -9.41364e-12 4.61109e-11) (7.59639e-12 -1.12864e-12 8.58718e-11) (-1.8342e-11 -9.23084e-12 6.33271e-11) (-9.24166e-12 8.66855e-12 7.98872e-11)
2350          (7.0852e-14 9.71427e-13 -1.77966e-12) (8.02132e-13 8.50115e-12 -1.36935e-11) (8.12209e-13 9.32811e-12 -1.5474e-11) (-1.83659e-11 8.20919e-12 -5.1733e-11) (-9.87976e-12 6.15807e-13 -5.28269e-11) (-1.85229e-11 1.02027e-11 -4.51726e-11) (9.09144e-12 9.32078e-12 -3.82313e-11) (1.89623e-13 -8.60872e-12 -8.34569e-11) (8.01532e-13 8.25391e-13 -6.80608e-11) (9.12662e-13 -9.56431e-12 -1.23922e-10) (2.61695e-11 2.49611e-11 -1.4422e-10)
2400          (-9.84885e-14 1.08141e-12 -3.43603e-13) (-9.12581e-12 -9.43347e-12 -1.07864e-11) (-1.7443e-11 -9.23e-12 -3.22049e-13) (-1.83652e-11 4.78902e-13 -3.65496e-11) (-1.00264e-11 -3.60651e-13 -2.3898e-11) (-9.20755e-12 -1.75518e-12 -2.72213e-11) (-4.966e-14 3.7535e-14 -3.72671e-11) (-1.8611e-12 -1.61115e-13 -8.75005e-11) (8.457e-13 -1.08421e-11 -5.27808e-11) (-9.25687e-12 9.09694e-12 -6.08176e-11) (-2.43734e-12 1.47135e-12 -7.29199e-11)
2450          (-5.50038e-13 8.27509e-12 -1.82598e-11) (2.92561e-14 8.20567e-12 -2.68853e-11) (8.3774e-12 -9.19436e-12 -2.51142e-11) (-7.97391e-12 8.08324e-13 -1.00814e-11) (8.28397e-12 3.52378e-13 -1.02625e-11) (1.66651e-11 9.25713e-12 -2.1683e-11) (5.79369e-13 -9.77168e-12 -1.02313e-11) (7.97819e-12 -2.16066e-13 -3.22106e-11) (-1.09973e-11 2.34353e-13 -3.79165e-11) (-3.10047e-14 1.68844e-12 -5.92255e-11) (-1.10871e-11 -7.0036e-13 -9.94167e-11)
2500          (9.20583e-12 1.87182e-12 2.1679e-12) (-1.01677e-11 -9.91744e-12 3.86727e-12) (-9.3779e-12 1.86329e-12 1.19009e-12) (1.94996e-11 1.90961e-11 -1.72044e-11) (-1.00379e-11 9.40225e-12 -2.65757e-11) (-1.0068e-11 -8.29339e-12 -6.24021e-11) (-1.16907e-11 1.73817e-12 -6.41508e-11) (-1.15516e-12 -5.64697e-13 -9.06807e-11) (7.67211e-12 -1.75397e-11 -1.10092e-10) (7.4075e-12 -9.3889e-12 -1.49436e-10) (1.83668e-11 9.8011e-13 -1.62742e-10)
2550          (1.92767e-11 1.81843e-11 -1.52208e-12) (1.8147e-11 9.133e-12 -2.25395e-11) (1.87591e-12 8.19183e-13 -1.25437e-11) (1.03546e-11 -1.85747e-11 -3.9297e-11) (8.42271e-12 -1.76461e-11 -2.75379e-11) (9.74793e-13 -2.01548e-11 -2.05478e-11) (1.94195e-11 -8.91572e-13 -6.62553e-11) (-1.11795e-12 -1.60441e-12 -6.55532e-11) (-1.02044e-11 1.9388e-11 -1.11956e-10) (7.29116e-13 -9.43458e-12 -7.92873e-11) (9.18856e-12 -1.01847e-11 -9.34369e-11)
2600          (2.67253e-11 2.73935e-11 -1.91374e-11) (-9.29755e-12 -1.8381e-11 -3.84324e-11) (-9.97684e-12 8.42077e-12 -1.03493e-11) (-9.17785e-13 -1.85776e-11 -1.0039e-11) (1.0919e-12 5.0424e-13 6.41451e-12) (-8.87615e-12 -8.42653e-12 2.77071e-11) (1.62179e-13 1.73159e-11 2.35779e-11) (9.86988e-12 -2.15374e-12 1.71354e-11) (-9.05212e-12 -1.94551e-11 -1.98561e-11) (-9.35757e-12 7.24497e-13 5.60678e-12) (-8.69097e-14 -1.8341e-11 4.00032e-12)
2650          (-1.03672e-12 -6.55563e-12 9.93837e-13) (7.92069e-13 -1.24798e-12 -7.51095e-12) (2.00513e-12 1.87352e-12 3.28284e-11) (1.05684e-13 -1.04628e-11 2.65463e-12) (-1.01122e-11 -1.05082e-11 3.16626e-11) (-9.16445e-12 -9.32896e-12 1.91721e-11) (-8.5286e-13 4.29105e-17 3.89358e-11) (1.93351e-11 2.77395e-12 -8.91158e-12) (-7.45956e-13 1.93386e-11 -1.80773e-11) (2.02065e-11 -8.42595e-12 -2.09117e-11) (-9.16459e-12 -1.02583e-11 -7.92834e-11)
2700          (-2.73628e-11 -2.12451e-13 2.73243e-11) (-5.37073e-13 8.44751e-12 1.77676e-11) (2.02442e-12 -8.20905e-12 7.3318e-12) (8.79868e-13 -1.05212e-12 2.25586e-11) (6.83867e-14 1.11993e-11 -4.68387e-12) (8.70066e-13 1.84497e-11 3.58793e-13) (-8.30685e-12 1.08898e-11 -5.51613e-11) (1.72951e-12 -1.91808e-11 -1.88335e-11) (8.97899e-12 2.10374e-13 -1.78741e-11) (-8.82604e-13 9.87944e-12 -1.99065e-11) (4.58869e-15 -9.11579e-12 -7.65176e-11)
2750          (-1.02859e-11 -9.1854e-12 9.97192e-14) (4.4702e-14 8.28439e-13 -7.72798e-12) (-1.93274e-11 1.93261e-11 -4.71266e-11) (-1.09429e-11 -4.04983e-14 -6.04893e-11) (1.03164e-11 9.91682e-12 -6.45887e-11) (9.37383e-12 -9.20373e-13 -7.02963e-11) (1.01687e-11 9.25392e-12 -1.06193e-10) (2.00331e-13 3.68037e-13 -1.51519e-10) (-1.1358e-12 8.32838e-13 -1.26451e-10) (3.61935e-14 9.19204e-13 -1.41428e-10) (1.10634e-11 1.95463e-11 -1.47412e-10)
2800          (7.99286e-12 -8.12406e-12 -7.52432e-13) (8.10962e-12 -8.25413e-12 -1.09508e-11) (-8.13626e-12 -2.01004e-12 -8.94925e-12) (1.02021e-11 -2.93084e-11 -4.91465e-11) (1.62941e-14 -2.15533e-13 -2.18982e-11) (1.05073e-13 1.05306e-11 -4.70012e-11) (1.86898e-11 1.32425e-12 -1.76065e-11) (-1.80728e-11 9.05933e-12 -4.00028e-11) (-5.74854e-13 -6.14853e-14 -5.16597e-13) (-8.04022e-12 9.28076e-12 -2.12855e-11) (1.03868e-12 2.75738e-11 -3.70952e-11)
2850          (-7.50991e-13 9.68756e-13 -9.60118e-12) (-9.13408e-12 -7.47928e-13 -1.9991e-11) (2.83591e-14 -8.4671e-13 -2.31662e-12) (9.39395e-12 1.81682e-11 -4.24497e-11) (1.01934e-12 1.88556e-11 -2.7531e-12) (1.0006e-11 1.09855e-11 -4.05418e-12) (1.73093e-11 4.51608e-14 -5.95293e-11) (-2.75514e-11 3.64028e-11 -4.19667e-11) (-1.82318e-12 1.63176e-12 -4.8539e-11) (-1.03476e-11 -1.00787e-11 -7.66144e-11) (-9.29273e-12 -9.89344e-12 -1.07329e-10)
2900          (9.19622e-13 -1.70564e-13 -8.99598e-12) (-9.36124e-12 -8.8741e-13 8.07546e-12) (-1.82948e-11 1.09332e-12 -1.69258e-12) (-1.01427e-11 -9.87023e-12 3.00588e-12) (-9.69959e-12 -8.17621e-13 2.77707e-11) (1.00201e-11 -9.91912e-12 3.67876e-11) (1.82476e-11 -1.90409e-11 4.14635e-11) (8.90864e-12 9.37729e-13 4.44225e-11) (1.74092e-11 -1.94273e-11 2.38452e-11) (1.91719e-11 9.22617e-12 3.15579e-11) (6.74857e-12 -6.66835e-13 5.80958e-11)
2950          (-1.16458e-13 -9.14538e-12 1.72649e-11) (-7.30895e-12 1.82535e-12 1.69399e-11) (5.91729e-13 6.16223e-14 -2.18595e-11) (-3.1996e-14 -8.60815e-12 -4.38631e-12) (1.03647e-11 7.19299e-12 -2.67858e-11) (2.75518e-11 1.94156e-11 -5.21523e-11) (9.18053e-12 -9.96188e-12 -3.95594e-11) (1.01955e-11 -8.40006e-12 -1.93399e-11) (1.88365e-11 1.93345e-11 -2.78941e-11) (-9.15596e-12 -9.2371e-12 -3.81956e-11) (-8.45271e-12 -9.25331e-12 -4.98577e-11)
3000          (-7.70821e-15 -9.88176e-12 7.48252e-13) (-7.23273e-12 -7.58174e-12 1.01297e-11) (-7.14776e-13 -1.92998e-11 1.46797e-11) (-9.50364e-12 -2.01981e-11 4.10258e-11) (-9.1226e-12 -1.9235e-11 3.14212e-11) (-2.01509e-11 9.15562e-12 5.54393e-11) (-1.55941e-11 -2.83094e-11 5.38024e-11) (1.11461e-11 8.41515e-12 8.59286e-11) (8.38474e-12 -8.36724e-12 7.13168e-11) (1.82784e-12 1.90477e-11 7.13831e-11) (-7.40117e-12 2.04445e-11 8.99029e-11)
3050          (1.05067e-14 -8.37945e-12 -4.3015e-13) (-2.8245e-11 9.11881e-12 -1.82734e-11) (-8.04937e-12 2.29064e-14 -3.36892e-11) (1.02263e-11 -8.45645e-12 -4.43518e-11) (-2.0144e-11 1.00984e-11 -5.31117e-11) (-7.48961e-12 1.03568e-12 -6.24792e-11) (1.84528e-11 -8.39243e-12 -5.11083e-11) (-1.83394e-11 -1.93236e-11 -1.11714e-10) (-1.75878e-11 -1.6272e-11 -1.32139e-10) (7.23769e-12 2.95584e-11 -1.62944e-10) (8.00072e-13 9.20592e-12 -2.13477e-10)
3100          (1.8055e-11 -8.9697e-12 -1.02633e-11) (1.01242e-11 -1.92726e-11 -1.99496e-11) (-9.10493e-12 1.00977e-11 -1.31888e-12) (9.50155e-12 -1.08572e-11 -4.04633e-11) (1.0495e-11 -7.7339e-13 -7.33603e-12) (-7.7074e-13 7.24339e-13 -5.15238e-11) (8.26193e-12 1.01975e-11 -1.32809e-11) (1.715e-11 -1.87581e-12 -1.94368e-11) (1.02166e-11 -8.24713e-13 -2.21507e-11) (-1.19229e-12 9.24858e-12 -6.71402e-11) (6.84893e-13 -1.03551e-11 -1.13358e-10)
3150          (-9.20735e-12 -1.83117e-11 -1.49218e-13) (-2.72342e-14 8.4463e-12 -2.86881e-11) (-1.71727e-11 1.79952e-13 -2.94423e-11) (3.16256e-14 1.00172e-11 -8.11184e-11) (1.09482e-11 -8.44214e-12 -7.68934e-11) (1.12552e-11 1.03098e-11 -1.18254e-10) (9.26737e-12 -9.27677e-12 -1.0871e-10) (-7.57376e-12 1.67575e-14 -1.35051e-10) (-9.37761e-12 -9.79991e-12 -1.2046e-10) (-9.95433e-13 -1.01569e-11 -1.50665e-10) (-6.85861e-12 -1.90791e-11 -1.33567e-10)
3200          (7.17509e-14 -1.04388e-11 -2.20188e-15) (1.00123e-12 -1.1259e-11 -7.78782e-12) (1.01671e-11 1.93449e-11 -9.02942e-13) (-9.10628e-12 -1.02129e-11 -1.60183e-12) (9.1725e-12 -8.32007e-12 8.97784e-12) (1.66419e-12 2.84504e-11 5.18909e-11) (-8.9497e-12 -1.42759e-13 6.9072e-11) (9.2029e-13 9.27542e-12 7.61715e-11) (-7.44238e-12 -9.30565e-12 3.63592e-11) (9.26902e-12 9.12644e-12 6.3595e-11) (1.58707e-13 -1.73309e-11 4.29935e-11)
3250          (-1.07985e-11 -9.15134e-12 -9.02435e-12) (-8.50678e-12 -1.01417e-11 -1.02048e-11) (7.93805e-13 9.22444e-12 -1.12408e-12) (-1.00247e-12 -9.15389e-12 1.8168e-11) (-9.8405e-12 -2.10797e-13 -1.10466e-11) (1.10461e-12 -6.71412e-15 -6.56638e-12) (1.01832e-11 -3.56994e-13 1.27451e-11) (-9.34978e-12 1.41238e-12 -7.55839e-12) (-1.08412e-11 1.08403e-11 -9.40667e-12) (-1.94147e-11 8.19482e-12 -4.6799e-11) (9.96499e-12 -1.86863e-11 -6.51408e-11)
3300          (-8.18359e-12 -1.07772e-11 -1.23271e-12) (-1.94477e-11 2.2351e-14 -1.32474e-12) (-8.52742e-12 9.72196e-12 6.34461e-12) (-9.03882e-13 8.1734e-12 3.17247e-11) (2.05469e-11 8.49797e-13 -3.26844e-11) (-8.27526e-13 -8.35317e-12 -5.32216e-11) (-9.72275e-13 -9.65156e-13 -3.80977e-11) (-6.418e-14 8.4022e-12 -4.99348e-11) (8.00163e-13 1.17384e-12 -4.71318e-11) (-8.20313e-13 -8.33765e-13 -6.65177e-11) (-1.85833e-12 -1.79849e-11 -3.08683e-11)
3350          (-1.08924e-11 -8.05177e-12 1.04969e-12) (1.85943e-11 9.05719e-12 1.19203e-11) (1.69241e-13 -8.23996e-12 -9.57921e-12) (2.80812e-13 1.82496e-11 -5.48352e-11) (1.93271e-11 8.13531e-13 -7.45843e-11) (1.62682e-12 9.3416e-12 -9.45956e-11) (-1.02862e-11 -7.73817e-12 -1.06148e-10) (-1.85225e-11 6.40501e-13 -7.937e-11) (-8.04516e-12 3.86206e-11 -9.66069e-11) (-9.13035e-12 -1.76871e-11 -1.24547e-10) (1.76522e-11 -9.19632e-12 -8.10515e-11)
3400          (-1.11614e-12 -1.95287e-11 -1.2079e-13) (1.11212e-11 8.00943e-12 9.79972e-12) (6.14971e-14 -2.83945e-11 1.68486e-11) (7.34124e-14 1.80743e-11 -2.27836e-11) (-9.90978e-12 -9.51304e-12 -6.09739e-11) (-1.92652e-11 -1.12667e-11 -1.14809e-10) (-9.41125e-13 -8.63143e-13 -1.24758e-10) (-9.06624e-12 1.02589e-11 -1.03547e-10) (-1.03532e-11 8.16456e-13 -1.43311e-10) (-8.56406e-12 -3.01898e-13 -1.54224e-10) (-1.8529e-11 9.82399e-13 -1.47271e-10)
3450          (1.80144e-11 9.2117e-12 -1.22544e-13) (-9.00758e-12 -8.49763e-12 -1.15153e-11) (9.17955e-13 1.02552e-11 -4.35979e-11) (1.03509e-13 -1.92594e-11 -4.11681e-11) (-1.75851e-11 8.99823e-12 -4.05518e-11) (8.10931e-12 9.15767e-12 -6.29325e-11) (-2.92457e-13 1.94993e-11 -4.57177e-11) (1.02548e-11 -8.26139e-13 1.19548e-11) (1.90728e-11 -1.35764e-14 2.02331e-12) (-8.54341e-12 -9.08059e-14 3.39997e-11) (-9.56169e-14 -8.54393e-12 7.80805e-12)
3500          (-9.92619e-12 1.00837e-11 -1.91344e-11) (-8.93505e-12 -7.05245e-13 -2.91518e-11) (-1.83318e-14 -9.35987e-12 -3.60844e-11) (-6.58935e-13 -9.07383e-12 -3.89217e-11) (-7.4047e-12 1.85115e-11 -3.90112e-11) (8.40198e-12 -9.37092e-13 -2.31489e-11) (1.47553e-13 -8.03633e-12 -3.57903e-11) (-2.42536e-13 1.22738e-13 -5.9009e-11) (9.51091e-12 -1.72461e-11 -5.19138e-11) (9.93062e-13 6.7446e-14 -3.76171e-11) (1.87454e-11 -1.04413e-11 -5.56421e-11)
3550          (-9.02613e-13 -2.23114e-13 -7.04549e-13) (-8.27151e-12 -9.39576e-12 -1.79437e-12) (1.02232e-11 1.01596e-11 8.0909e-12) (-4.99415e-13 -1.07452e-11 3.19335e-11) (-8.26142e-12 6.50743e-13 5.75181e-11) (-1.93117e-11 1.02313e-11 -9.91533e-12) (1.97548e-13 -2.19068e-11 1.35615e-11) (1.63374e-12 5.48248e-14 -2.34516e-11) (-1.92912e-11 -1.15317e-11 -2.14902e-11) (1.001e-11 -1.0322e-11 -5.84714e-11) (-8.39085e-12 -9.42901e-12 -8.94487e-11)
3600          (1.09023e-11 8.66437e-13 -9.21854e-12) (9.22595e-13 -9.94862e-12 -8.52181e-12) (-8.76371e-13 1.01341e-11 -2.78987e-11) (8.12784e-12 8.0571e-12 -4.93402e-11) (8.88837e-13 7.26415e-12 -5.18307e-11) (-9.02663e-12 -1.84677e-11 -4.33179e-11) (9.40655e-12 -4.91737e-13 -1.9231e-11) (-2.02094e-11 -1.96992e-11 -9.99717e-12) (9.77576e-12 -1.87504e-11 -2.61126e-11) (-9.11076e-12 -9.55441e-12 -2.03069e-11) (-1.01915e-11 -9.99103e-12 -1.19895e-11)
3650          (-1.0159e-11 -1.09533e-11 5.1199e-13) (2.84215e-11 9.95346e-12 8.18772e-12) (1.76435e-11 7.86949e-13 -2.21958e-11) (4.93983e-13 -1.86865e-11 -7.16133e-11) (-8.35286e-12 -1.78406e-11 -8.44436e-11) (1.08912e-12 2.56698e-13 -1.15157e-10) (-9.17533e-12 1.06639e-12 -1.41882e-10) (1.933e-13 -2.73811e-11 -1.62459e-10) (1.2901e-12 9.92567e-12 -1.29392e-10) (9.99671e-12 1.08269e-11 -1.47482e-10) (-9.50538e-12 -2.76257e-14 -1.41899e-10)
3700          (8.17401e-13 1.05444e-14 -1.62878e-12) (-4.95712e-14 -8.96257e-13 -7.97862e-13) (-1.62892e-12 9.01922e-12 -2.05568e-11) (9.20717e-12 1.75247e-12 -1.11939e-11) (1.01901e-11 1.07049e-12 -3.81979e-11) (9.7841e-12 1.00441e-11 -7.78266e-11) (1.75713e-11 -6.66794e-12 -1.04996e-10) (-9.11646e-12 -1.73496e-11 -1.22779e-10) (8.4431e-12 8.05206e-14 -1.46416e-10) (9.09601e-12 -9.99135e-12 -1.44367e-10) (8.75733e-13 9.84644e-13 -1.20171e-10)
3750          (-1.8351e-12 -9.10298e-12 -1.54563e-13) (9.81307e-12 -9.89157e-12 -2.90396e-12) (8.31523e-12 9.42265e-12 3.99644e-12) (-8.58872e-13 8.96409e-12 3.57396e-11) (1.01462e-11 -1.76235e-11 -3.80568e-12) (1.91494e-11 1.93521e-11 -5.61485e-12) (-1.01937e-11 -9.08863e-12 -6.01126e-11) (8.55541e-12 -1.832e-11 -2.9708e-11) (-1.00324e-11 -7.46181e-12 -2.19224e-11) (1.01211e-11 -1.01702e-11 -1.41546e-12) (9.84187e-13 -8.53149e-12 -1.02447e-11)
3800          (-9.89256e-12 -1.65442e-13 -8.83035e-13) (-1.01512e-11 1.74374e-11 -2.87421e-11) (-1.03257e-12 -1.17946e-12 7.73629e-12) (9.34043e-12 8.21686e-12 -1.97167e-11) (-9.39666e-13 -8.47286e-12 -4.74738e-11) (-1.85379e-11 1.04878e-12 -4.25767e-11) (9.33303e-12 -9.04512e-12 -5.17792e-11) (-1.24113e-13 -8.43988e-12 -3.08075e-11) (-9.06714e-12 8.94683e-12 -2.43842e-11) (8.22267e-13 -9.15207e-12 -1.58943e-11) (-1.79671e-12 -8.36959e-12 -7.67099e-13)
3850          (8.27709e-12 -9.74946e-13 -2.82506e-14) (-1.91876e-11 4.52337e-14 -3.93667e-12) (1.09059e-13 -1.91789e-11 2.71558e-11) (-9.21019e-12 9.066e-12 2.0269e-11) (1.22648e-12 -3.00761e-11 -8.2375e-12) (-1.9323e-12 9.22311e-12 -2.76639e-11) (-1.016e-11 9.30294e-12 -4.26485e-11) (-1.00658e-12 1.76122e-11 -4.63476e-11) (8.14394e-13 1.1035e-11 -3.61932e-11) (9.09014e-12 9.10549e-12 -4.62243e-11) (9.35745e-12 1.67453e-11 -5.7958e-11)
3900          (-8.18578e-12 -9.23012e-12 1.70495e-14) (1.92152e-11 -4.74136e-13 1.30492e-12) (-2.5413e-13 -1.50231e-12 -1.36077e-11) (-1.08897e-11 9.87258e-13 -5.96772e-11) (-1.93507e-11 7.31405e-12 -9.99125e-11) (8.09215e-13 -8.44761e-13 -1.00257e-10) (-9.10181e-12 1.83687e-11 -1.11594e-10) (1.92825e-13 -6.80537e-14 -1.60961e-10) (1.95607e-11 -1.78596e-11 -1.3424e-10) (8.68132e-13 -9.53624e-12 -1.79203e-10) (1.21728e-11 2.28149e-13 -1.83942e-10)
3950          (1.27034e-14 -8.38297e-12 7.22088e-12) (8.24719e-12 1.14992e-12 -1.99241e-12) (1.76574e-11 -1.66874e-12 -4.98113e-11) (-1.36446e-12 1.01242e-11 -9.87835e-11) (1.03672e-11 9.29742e-12 -6.6686e-11) (-9.72685e-12 -9.11873e-12 -9.92162e-11) (2.3222e-13 8.06184e-12 -1.11885e-10) (-8.28668e-12 -8.95119e-12 -1.43946e-10) (1.75332e-11 -1.08189e-11 -1.48988e-10) (7.28624e-13 -7.9693e-13 -1.54895e-10) (-1.09905e-11 -8.99609e-13 -1.43903e-10)
4000          (1.89519e-11 -3.14269e-14 -2.04427e-11) (8.35509e-12 -2.60916e-13 1.61471e-11) (6.54545e-14 -1.00118e-11 1.27496e-11) (-1.021e-11 -1.75948e-11 1.64296e-11) (-1.99686e-11 1.74766e-11 4.1616e-14) (-2.95439e-13 -9.38804e-12 -5.47936e-11) (-9.8328e-13 1.60073e-15 -3.72486e-11) (-1.06562e-11 -1.89784e-11 -5.76043e-11) (-9.49938e-12 1.92827e-11 -6.10947e-11) (-1.76023e-11 8.2915e-13 -4.44144e-11) (-1.49463e-12 -1.96151e-11 -5.99207e-11)
4050          (-9.22762e-12 -9.91388e-12 9.4142e-12) (2.67023e-11 -1.00749e-11 1.85768e-11) (8.38376e-12 -9.16264e-12 1.84551e-11) (-1.72162e-11 -1.03236e-11 3.66544e-11) (-8.12109e-12 -9.65123e-12 3.50715e-11) (1.05003e-12 9.26438e-13 2.37474e-11) (8.77505e-12 -1.48754e-13 3.40553e-11) (2.68781e-11 -4.74243e-13 2.60356e-11) (-1.79931e-12 -1.01871e-11 1.8586e-11) (8.98374e-12 -4.51265e-14 1.56559e-11) (-9.44683e-12 -9.50606e-12 3.17058e-12)
4100          (7.4988e-12 9.00707e-12 -1.1476e-12) (1.02656e-11 1.77337e-11 -1.15041e-11) (9.49679e-12 -7.41853e-13 -1.71605e-11) (-1.02113e-11 8.21375e-12 3.56721e-11) (-1.87964e-12 -1.0768e-11 3.93641e-11) (-6.62671e-14 -8.27131e-12 6.60783e-11) (1.73892e-12 8.39545e-12 6.13874e-11) (9.29751e-12 1.88147e-12 4.81807e-11) (7.1351e-13 -1.79968e-11 2.80898e-11) (-8.26992e-13 8.36464e-12 3.13938e-11) (-1.67795e-11 -1.84705e-11 1.97911e-11)
4150          (-1.90969e-11 6.20953e-12 1.12247e-11) (-1.62069e-12 -8.31496e-13 -7.01874e-12) (-1.10131e-11 -9.22852e-12 -4.07376e-11) (1.93549e-11 -7.34583e-14 -3.30567e-11) (-9.95423e-12 -1.1479e-11 -3.42929e-11) (-2.06071e-11 -1.03105e-11 -5.70228e-11) (-1.6893e-11 9.98586e-12 -5.62813e-11) (2.60496e-12 9.57993e-15 -8.25875e-11) (-5.08628e-14 -8.10828e-12 -6.75466e-11) (-1.10109e-12 -1.32661e-13 -1.14564e-10) (2.72723e-12 8.53876e-12 -1.34208e-10)
4200          (1.11459e-12 -1.9257e-11 -1.11071e-12) (-2.68207e-11 -1.11947e-12 -3.21918e-11) (1.71265e-12 -1.02958e-11 -1.22639e-11) (1.03237e-11 8.77676e-12 -1.12291e-10) (-2.04275e-13 -9.21526e-12 -1.03487e-10) (9.79353e-12 9.96891e-12 -8.59702e-11) (-9.16661e-13 1.84299e-11 -7.60703e-11) (-9.12402e-12 -1.13407e-13 -7.67721e-11) (-1.22397e-13 -1.10899e-11 -7.95681e-11) (9.18061e-12 -9.12714e-12 -6.12022e-11) (-9.32247e-12 2.00412e-11 -6.95467e-11)
4250          (8.72274e-13 -8.25967e-12 -1.10898e-12) (6.22202e-13 -7.30596e-12 -1.36114e-11) (-1.01939e-11 9.92777e-12 5.51769e-12) (1.45421e-13 -7.83108e-13 2.62434e-11) (-7.81522e-12 -9.02462e-12 5.44082e-11) (-9.14418e-12 -1.77114e-11 3.59664e-11) (7.54458e-12 8.12082e-12 1.19974e-11) (2.53747e-13 9.14187e-12 -5.86175e-12) (9.48826e-13 -2.73498e-12 -2.30524e-11) (8.44264e-13 -2.94538e-13 -2.13765e-11) (8.47937e-12 9.18454e-12 -4.81911e-11)
4300          (8.09669e-13 -1.0107e-11 9.22616e-12) (-9.09037e-12 -8.46829e-12 1.86293e-11) (6.25102e-14 9.33725e-12 -9.60049e-12) (1.17937e-12 9.07927e-12 -3.08945e-12) (-2.85125e-11 7.31317e-13 -2.92955e-11) (-5.66563e-12 -8.25495e-13 1.26995e-11) (1.00519e-11 -8.69378e-13 -6.71206e-12) (9.20123e-12 7.6435e-13 1.00333e-11) (1.65651e-12 -8.27988e-12 -4.42939e-11) (-1.86761e-11 -9.06533e-13 1.09196e-11) (-8.07993e-14 9.14463e-12 1.10125e-13)
4350          (1.19766e-13 1.97729e-11 -2.90794e-14) (9.0224e-12 -2.83263e-12 -3.5888e-12) (-1.0337e-12 -9.47404e-12 -1.65165e-11) (9.50498e-14 -8.26426e-12 1.46e-11) (1.93419e-11 1.00591e-11 -3.65975e-11) (7.27439e-13 -8.37338e-12 -3.06686e-11) (-1.8495e-11 1.0201e-11 -4.07074e-11) (-1.09712e-13 -4.07252e-14 -4.37438e-11) (8.43703e-13 -2.12462e-14 -4.72802e-11) (2.02398e-11 7.82494e-13 -7.34653e-11) (9.72254e-13 7.99701e-13 -9.18217e-11)
4400          (1.00231e-11 -9.2632e-12 9.86921e-12) (1.74675e-12 1.08353e-11 1.9962e-11) (-7.90917e-13 -1.02519e-11 3.78434e-11) (-1.07122e-11 -6.63422e-13 -5.11729e-13) (8.52672e-12 2.55447e-11 6.79557e-12) (-9.42682e-12 8.2545e-12 2.31209e-11) (7.94644e-13 9.10522e-13 2.58729e-11) (-2.3355e-12 -1.82091e-11 6.60996e-12) (1.04086e-11 8.60955e-12 -1.00061e-11) (-9.43137e-13 2.73562e-13 -1.87551e-12) (-1.76827e-11 -2.00938e-11 -3.97488e-12)
4450          (9.06979e-12 1.66738e-11 -1.62422e-13) (9.27097e-12 -1.75948e-11 8.19662e-12) (-4.1528e-14 -1.00418e-11 -1.158e-12) (7.47658e-12 -8.13784e-12 4.48469e-11) (1.74716e-11 1.8972e-11 -1.92827e-12) (-1.00893e-12 7.49021e-12 -2.91248e-11) (-8.82756e-13 1.75334e-11 -3.62023e-11) (8.33583e-12 -9.1398e-12 -1.87232e-11) (-9.34531e-12 -8.65376e-13 -4.59621e-11) (1.73148e-11 -7.35521e-12 -8.20798e-11) (-5.45341e-14 -2.02304e-12 -8.48496e-11)
4500          (-8.36919e-13 -1.07637e-11 3.48013e-14) (9.10716e-12 -8.85799e-13 -8.55697e-12) (9.22474e-12 8.20701e-12 2.48053e-11) (-1.93406e-11 1.08672e-11 2.42511e-11) (4.5367e-13 -9.98693e-14 1.57245e-11) (1.09534e-11 1.00646e-12 1.20252e-13) (1.05778e-13 2.94281e-11 -9.16141e-13) (9.75797e-13 -1.63551e-13 -2.79373e-11) (9.42866e-12 1.89749e-13 -1.83453e-11) (-1.09821e-11 8.07426e-14 -8.89211e-12) (-8.29286e-13 -1.84108e-11 -3.4732e-11)
4550          (1.91477e-14 -1.03181e-11 -9.12087e-12) (-8.25549e-12 -1.03454e-13 -9.17428e-12) (-8.19451e-12 9.93987e-12 -2.97646e-11) (-9.88824e-12 -1.93461e-11 9.5279e-12) (8.48706e-12 -1.74264e-11 3.48699e-11) (1.86754e-11 1.5215e-12 -1.17931e-11) (1.332e-13 -1.02809e-11 1.76603e-11) (3.94719e-15 7.58462e-13 7.24255e-11) (2.68191e-13 -5.27059e-14 6.14832e-11) (-8.996e-12 8.33031e-12 5.45726e-11) (7.61005e-13 1.1062e-11 6.28374e-11)
4600          (4.85517e-14 1.91763e-12 -5.94909e-13) (-8.15863e-13 1.96126e-11 -3.10937e-12) (-8.94461e-13 9.43844e-12 3.64004e-12) (-1.01567e-11 1.03494e-11 1.65291e-11) (1.65137e-11 -1.8109e-12 -1.12758e-11) (-1.81466e-11 -7.48005e-13 -1.95564e-11) (1.95965e-12 9.1685e-12 -3.18508e-11) (-9.10739e-12 -1.02836e-13 -1.14088e-11) (-8.5254e-12 1.73423e-11 -1.45014e-11) (5.58739e-13 1.89633e-11 -4.87132e-11) (1.85638e-11 9.08219e-12 -1.66145e-11)
4650          (1.01132e-11 1.01455e-11 -1.00403e-13) (-5.92635e-13 1.81874e-11 -3.65924e-13) (1.27353e-13 -6.60608e-13 -4.58623e-12) (-1.08381e-11 -1.03397e-11 1.83913e-11) (-9.21657e-12 -1.15285e-12 2.01671e-11) (9.65396e-12 9.05468e-12 1.90637e-11) (-2.77181e-11 -1.68072e-11 2.74578e-11) (-8.34747e-12 -2.83857e-13 5.26218e-11) (-9.02811e-12 -9.29721e-12 2.67632e-11) (-8.93124e-13 -9.61115e-12 1.57628e-11) (7.44302e-13 1.91855e-11 6.88465e-12)
4700          (1.69102e-12 4.34657e-14 -1.88197e-11) (-9.08892e-12 -8.46722e-12 -1.83055e-11) (1.03698e-11 -1.85452e-11 -1.0611e-11) (9.52952e-12 -9.20869e-12 -3.39849e-11) (1.01992e-11 -8.15316e-12 -2.25164e-11) (1.20133e-12 -8.91635e-12 -1.69483e-11) (1.03313e-11 3.04724e-14 -3.89839e-11) (-1.93748e-11 9.61688e-12 -1.26187e-11) (1.74725e-11 -4.38762e-13 4.36552e-12) (-8.6607e-13 -2.02703e-11 1.31213e-11) (-8.36207e-12 -2.0239e-11 -2.79216e-12)
4750          (2.10357e-11 1.00434e-11 9.09489e-12) (-9.56847e-14 9.96026e-12 -1.09155e-12) (-2.01078e-11 8.2248e-12 1.97318e-11) (1.85166e-11 9.19509e-12 -1.56604e-12) (9.32282e-12 -1.95554e-11 -2.67642e-11) (-7.79818e-13 8.565e-14 -2.74851e-11) (-1.75061e-11 7.51641e-13 -3.80786e-11) (6.12346e-13 -1.85834e-11 -1.82185e-11) (-9.11023e-12 -4.33899e-14 -5.42919e-11) (-9.67791e-12 9.77136e-12 -7.5047e-11) (1.0082e-12 -1.02998e-11 -5.20237e-11)
4800          (-8.10305e-13 8.22694e-13 1.0947e-11) (-1.02115e-11 1.03879e-12 1.50541e-12) (-7.74918e-12 -8.60188e-12 -1.13189e-11) (8.82109e-12 7.6746e-13 2.18225e-12) (-1.71546e-11 -8.73737e-12 -2.81897e-11) (1.00405e-12 7.25665e-13 -2.80761e-11) (1.74784e-11 8.52568e-12 -2.89751e-11) (7.82466e-12 -1.9243e-11 -3.72345e-11) (8.08699e-12 -9.99097e-12 -3.11325e-11) (7.83373e-13 -8.82436e-13 6.80548e-12) (2.81029e-11 -9.88665e-14 2.14067e-12)
4850          (-2.57471e-12 -8.11096e-12 -3.35292e-14) (-2.6439e-13 -9.44261e-12 4.18954e-13) (1.77301e-11 -8.0182e-12 -3.86097e-13) (-7.96823e-12 -1.17208e-12 -7.6989e-12) (3.67932e-11 1.73651e-11 -2.78407e-11) (1.91737e-11 8.14754e-13 -1.33402e-11) (-9.94009e-12 7.46671e-13 -9.12163e-12) (9.06208e-12 -9.94503e-12 -2.77293e-12) (-5.34422e-14 -2.00439e-11 -2.14278e-11) (9.17504e-12 -9.4829e-13 2.03539e-12) (-7.40186e-12 -1.02276e-11 -3.866e-11)
4900          (-8.18458e-12 -9.08722e-12 9.29108e-13) (-1.75257e-11 -7.40495e-12 -8.68513e-12) (3.81437e-15 9.03655e-12 -1.48949e-11) (1.11259e-12 -9.37192e-13 -4.12573e-11) (-9.86157e-12 -1.95096e-11 -5.07854e-11) (-1.91718e-11 -5.79889e-13 -1.74053e-11) (2.11656e-11 8.94305e-13 -3.7551e-11) (-8.19848e-12 -1.03787e-11 -6.43877e-11) (-1.00894e-11 -1.07644e-11 -5.56642e-11) (1.08954e-11 8.1407e-13 -1.03676e-10) (-1.7518e-11 1.74452e-13 -7.65033e-11)
4950          (-8.32978e-12 9.1333e-12 9.15814e-12) (-5.90928e-13 -1.26195e-13 1.76099e-11) (1.13504e-12 9.15096e-12 2.58001e-11) (7.717e-12 -2.82565e-11 1.98775e-11) (8.78238e-13 9.24753e-13 -1.37411e-11) (-9.24156e-12 -1.95833e-11 -1.59434e-11) (-2.0333e-12 -1.05807e-11 2.02179e-11) (-1.77603e-11 8.95809e-12 2.72542e-11) (-1.08632e-11 9.899e-12 2.99897e-11) (-8.42656e-13 -1.11821e-11 -1.12286e-11) (2.68341e-11 7.17929e-13 -4.71424e-11)
5000          (9.27605e-13 -9.92132e-12 3.57289e-13) (-8.86164e-12 -1.10626e-12 -9.74673e-12) (8.90517e-12 -9.99546e-12 -1.23899e-11) (2.0323e-12 -8.51777e-13 -4.98481e-11) (-9.07853e-12 8.21515e-12 -3.88742e-11) (9.16904e-12 -8.57104e-12 -6.94406e-11) (-3.61367e-14 -8.54062e-12 -8.24605e-11) (6.54638e-13 9.29563e-12 -8.84959e-11) (8.08301e-12 1.00082e-11 -1.1424e-10) (-1.03698e-11 -1.25984e-13 -1.23438e-10) (1.03956e-12 -9.16639e-12 -1.23914e-10)
