# Probe 0 (0.0015 0.0015 0)
# Probe 1 (0.0015 0.0015 0.002)
# Probe 2 (0.0015 0.0015 0.004)
# Probe 3 (0.0015 0.0015 0.006)
# Probe 4 (0.0015 0.0015 0.008)
# Probe 5 (0.0015 0.0015 0.01)
# Probe 6 (0.0015 0.0015 0.012)
# Probe 7 (0.0015 0.0015 0.014)
# Probe 8 (0.0015 0.0015 0.016)
# Probe 9 (0.0015 0.0015 0.018)
# Probe 10 (0.0015 0.0015 0.02)
# Time        0             1             2             3             4             5             6             7             8             9             10           
50            (-2.45492e-16 1.20726e-16 -1.66622e-14) (-2.34375e-16 1.55286e-16 -5.06569e-14) (1.0117e-16 -4.24943e-16 -1.16865e-13) (1.15053e-15 4.88495e-16 -1.843e-13) (-1.2142e-15 -1.55223e-16 -2.39087e-13) (2.12063e-15 6.09296e-16 -2.98067e-13) (-1.26544e-15 -6.32977e-16 -3.52065e-13) (-6.09245e-16 -3.34503e-16 -3.8329e-13) (-2.08755e-15 1.11318e-15 -4.1603e-13) (1.13956e-15 6.35611e-16 -4.39521e-13) (-3.91523e-16 -3.52267e-16 -4.26776e-13)
100           (-1.49882e-17 8.06162e-18 -9.24106e-16) (-1.38767e-17 9.57569e-18 -2.80704e-15) (6.67383e-18 -2.24572e-17 -6.47877e-15) (6.52286e-17 2.62582e-17 -1.02158e-14) (-6.78628e-17 -8.61397e-18 -1.32485e-14) (1.19085e-16 3.45673e-17 -1.65199e-14) (-6.92769e-17 -3.48197e-17 -1.9513e-14) (-3.34582e-17 -1.95401e-17 -2.12425e-14) (-1.16587e-16 6.23142e-17 -2.30606e-14) (6.23267e-17 3.46695e-17 -2.43665e-14) (-2.23269e-17 -1.94292e-17 -2.36523e-14)
150           (-8.711e-16 4.28833e-16 -5.90857e-14) (-8.25462e-16 5.48191e-16 -1.79614e-13) (3.56705e-16 -1.50535e-15 -4.1428e-13) (4.07884e-15 1.72367e-15 -6.53026e-13) (-4.29674e-15 -5.53618e-16 -8.46688e-13) (7.50322e-15 2.15142e-15 -1.0549e-12) (-4.47355e-15 -2.24541e-15 -1.24523e-12) (-2.15305e-15 -1.1855e-15 -1.35491e-12) (-7.36749e-15 3.93493e-15 -1.46998e-12) (4.02527e-15 2.24154e-15 -1.5525e-12) (-1.38395e-15 -1.24349e-15 -1.50726e-12)
200           (-4.87247e-17 2.34662e-17 -3.26564e-15) (-4.80602e-17 2.91464e-17 -9.92319e-15) (1.69288e-17 -8.21446e-17 -2.28935e-14) (2.26349e-16 9.60183e-17 -3.61086e-14) (-2.38713e-16 -3.05299e-17 -4.68423e-14) (4.15121e-16 1.19377e-16 -5.84008e-14) (-2.49801e-16 -1.24664e-16 -6.89755e-14) (-1.19374e-16 -6.64903e-17 -7.50917e-14) (-4.06904e-16 2.19148e-16 -8.15049e-14) (2.22075e-16 1.23389e-16 -8.61098e-14) (-7.75772e-17 -7.21259e-17 -8.36143e-14)
250           (-1.96764e-14 1.33415e-14 -1.2429e-12) (-1.78821e-14 1.41204e-14 -3.58282e-12) (5.40271e-15 -3.18664e-14 -6.44859e-12) (4.1971e-14 1.52812e-14 -7.06171e-12) (-3.6984e-14 1.85749e-15 -6.18777e-12) (3.88863e-14 1.10104e-14 -5.16306e-12) (-1.37205e-14 -8.96283e-15 -4.22097e-12) (-7.3496e-15 -3.47965e-15 -3.32953e-12) (-1.42505e-14 8.35925e-15 -2.81079e-12) (6.02236e-15 3.36793e-15 -2.51509e-12) (-2.05192e-15 -1.85863e-15 -2.27182e-12)
300           (-1.34494e-16 6.78653e-17 -9.15778e-15) (-1.30301e-16 8.71443e-17 -2.78433e-14) (5.52755e-17 -2.33289e-16 -6.42339e-14) (6.35488e-16 2.68859e-16 -1.01302e-13) (-6.66009e-16 -8.61965e-17 -1.31414e-13) (1.16618e-15 3.32974e-16 -1.63839e-13) (-6.95429e-16 -3.5075e-16 -1.93519e-13) (-3.34214e-16 -1.84492e-16 -2.10687e-13) (-1.14649e-15 6.098e-16 -2.28684e-13) (6.23439e-16 3.47362e-16 -2.41594e-13) (-2.15123e-16 -1.93031e-16 -2.34584e-13)
350           (-8.18927e-18 2.6619e-18 -5.07903e-16) (-9.43703e-18 4.28812e-18 -1.54193e-15) (1.40043e-19 -1.64872e-17 -3.55807e-15) (3.48334e-17 1.40291e-17 -5.61773e-15) (-3.74564e-17 -4.44075e-18 -7.28194e-15) (6.54759e-17 2.05531e-17 -9.08244e-15) (-3.99822e-17 -1.94178e-17 -1.07261e-14) (-1.92902e-17 -9.74218e-18 -1.16768e-14) (-6.38531e-17 3.35579e-17 -1.26773e-14) (3.34319e-17 1.93066e-17 -1.33884e-14) (-1.36142e-17 -1.2601e-17 -1.30023e-14)
400           (-2.98222e-16 1.4723e-16 -2.01862e-14) (-2.80341e-16 1.89854e-16 -6.13713e-14) (1.23377e-16 -5.13476e-16 -1.4159e-13) (1.39614e-15 5.9123e-16 -2.23289e-13) (-1.46973e-15 -1.88481e-16 -2.89658e-13) (2.57053e-15 7.34328e-16 -3.61112e-13) (-1.52982e-15 -7.6898e-16 -4.26521e-13) (-7.37072e-16 -4.05253e-16 -4.64349e-13) (-2.52852e-15 1.35047e-15 -5.04004e-13) (1.37965e-15 7.68869e-16 -5.32463e-13) (-4.77402e-16 -4.28565e-16 -5.17019e-13)
450           (-1.79036e-17 1.06861e-17 -1.11813e-15) (-1.78911e-17 1.22151e-17 -3.40599e-15) (6.78911e-18 -2.80319e-17 -7.8484e-15) (7.89551e-17 3.31957e-17 -1.23784e-14) (-8.1993e-17 -1.48619e-17 -1.60535e-14) (1.40331e-16 4.29826e-17 -2.00149e-14) (-8.43952e-17 -4.28854e-17 -2.36419e-14) (-4.13973e-17 -2.2332e-17 -2.57379e-14) (-1.41428e-16 7.3929e-17 -2.79353e-14) (7.49543e-17 4.41215e-17 -2.95132e-14) (-2.76179e-17 -2.49663e-17 -2.86568e-14)
500           (-2.28368e-15 1.1294e-15 -1.54916e-13) (-2.16549e-15 1.44604e-15 -4.70887e-13) (9.42171e-16 -3.94441e-15 -1.08559e-12) (1.06781e-14 4.50807e-15 -1.70997e-12) (-1.12461e-14 -1.43904e-15 -2.2151e-12) (1.9616e-14 5.62144e-15 -2.75705e-12) (-1.16796e-14 -5.86818e-15 -3.25129e-12) (-5.62156e-15 -3.10325e-15 -3.5344e-12) (-1.92088e-14 1.02623e-14 -3.8317e-12) (1.04849e-14 5.83781e-15 -4.04475e-12) (-3.60618e-15 -3.23382e-15 -3.92603e-12)
550           (-1.27516e-16 6.10764e-17 -8.51424e-15) (-1.20685e-16 8.03554e-17 -2.58865e-14) (5.0098e-17 -2.17897e-16 -5.97181e-14) (5.89556e-16 2.50916e-16 -9.41775e-14) (-6.17874e-16 -7.8969e-17 -1.22177e-13) (1.08391e-15 3.12131e-16 -1.52322e-13) (-6.45617e-16 -3.26019e-16 -1.79912e-13) (-3.09746e-16 -1.72099e-16 -1.95868e-13) (-1.06463e-15 5.70387e-16 -2.12599e-13) (5.81392e-16 3.25907e-16 -2.24609e-13) (-1.99995e-16 -1.79165e-16 -2.18097e-13)
600           (-8.32541e-18 1.52654e-18 -4.72828e-16) (-6.93891e-18 1.54057e-18 -1.43603e-15) (2.78942e-18 -1.26025e-17 -3.30946e-15) (3.20431e-17 1.37533e-17 -5.21952e-15) (-3.34482e-17 -8.17399e-18 -6.77079e-15) (5.96985e-17 1.804e-17 -8.44115e-15) (-3.75424e-17 -1.81799e-17 -9.97084e-15) (-1.89129e-17 -9.57692e-18 -1.08575e-14) (-5.9676e-17 3.06702e-17 -1.17863e-14) (3.19439e-17 1.81549e-17 -1.24527e-14) (-1.3589e-17 -1.12021e-17 -1.20869e-14)
650           (6.2338e-17 -2.91448e-17 4.21474e-15) (5.8301e-17 -3.87107e-17 1.2813e-14) (-2.6379e-17 1.06862e-16 2.95599e-14) (-2.92811e-16 -1.23653e-16 4.66244e-14) (3.05582e-16 3.7624e-17 6.04769e-14) (-5.3708e-16 -1.52935e-16 7.53939e-14) (3.2183e-16 1.61136e-16 8.90547e-14) (1.51409e-16 8.35182e-17 9.69529e-14) (5.26377e-16 -2.81598e-16 1.05228e-13) (-2.89763e-16 -1.59871e-16 1.1117e-13) (9.85342e-17 8.99588e-17 1.07945e-13)
700           (2.78681e-18 -1.3739e-18 2.34389e-16) (4.15085e-18 -2.77557e-19 7.10384e-16) (1.24751e-18 5.6663e-18 1.63346e-15) (-1.67785e-17 -8.19041e-18 2.58278e-15) (1.66671e-17 2.91407e-18 3.34996e-15) (-2.9171e-17 -7.34272e-18 4.17764e-15) (1.54183e-17 8.45296e-18 4.93928e-15) (9.58791e-18 2.92809e-18 5.37633e-15) (2.78945e-17 -1.68644e-17 5.83106e-15) (-1.63773e-17 -8.20054e-18 6.16003e-15) (4.16485e-18 5.54114e-18 5.98784e-15)
750           (-4.20498e-16 2.07035e-16 -2.85903e-14) (-3.99417e-16 2.65225e-16 -8.69152e-14) (1.74564e-16 -7.29574e-16 -2.00522e-13) (1.97365e-15 8.34221e-16 -3.16231e-13) (-2.08164e-15 -2.68993e-16 -4.1024e-13) (3.63628e-15 1.04367e-15 -5.1144e-13) (-2.17072e-15 -1.09084e-15 -6.0409e-13) (-1.04404e-15 -5.76102e-16 -6.57673e-13) (-3.57841e-15 1.90982e-15 -7.13854e-13) (1.95437e-15 1.08698e-15 -7.54162e-13) (-6.75844e-16 -6.03717e-16 -7.32291e-13)
800           (-2.35673e-17 9.72696e-18 -1.58312e-15) (-2.23296e-17 1.3903e-17 -4.81483e-15) (8.32669e-18 -4.03844e-17 -1.11126e-14) (1.10788e-16 4.71723e-17 -1.75266e-14) (-1.1409e-16 -1.38931e-17 -2.27397e-14) (2.00023e-16 5.94125e-17 -2.83517e-14) (-1.18104e-16 -6.10752e-17 -3.34876e-14) (-5.69006e-17 -3.19192e-17 -3.64538e-14) (-1.97346e-16 1.05748e-16 -3.95674e-14) (1.08363e-16 5.96735e-17 -4.17966e-14) (-3.73578e-17 -3.33084e-17 -4.05814e-14)
850           (-3.60059e-15 1.78165e-15 -2.44196e-13) (-3.41538e-15 2.27928e-15 -7.41559e-13) (1.47376e-15 -6.22021e-15 -1.70305e-12) (1.66366e-14 7.00485e-15 -2.66617e-12) (-1.74753e-14 -2.1595e-15 -3.42766e-12) (3.015e-14 8.64044e-15 -4.22987e-12) (-1.77258e-14 -8.96612e-15 -4.94577e-12) (-8.5668e-15 -4.70382e-15 -5.33363e-12) (-2.88078e-14 1.54314e-14 -5.74468e-12) (1.56226e-14 8.69565e-15 -6.03715e-12) (-5.37173e-15 -4.81525e-15 -5.84837e-12)
900           (-1.89881e-16 9.40956e-17 -1.284e-14) (-1.80403e-16 1.18106e-16 -3.90384e-14) (7.64307e-17 -3.27395e-16 -9.00652e-14) (8.87096e-16 3.7622e-16 -1.42032e-13) (-9.35395e-16 -1.2215e-16 -1.84258e-13) (1.63376e-15 4.69079e-16 -2.29707e-13) (-9.74275e-16 -4.89917e-16 -2.71315e-13) (-4.70476e-16 -2.56767e-16 -2.95386e-13) (-1.60851e-15 8.60096e-16 -3.20621e-13) (8.77506e-16 4.88544e-16 -3.3872e-13) (-3.05188e-16 -2.72009e-16 -3.28901e-13)
950           (-1.11022e-17 4.16235e-18 -7.11731e-16) (-9.60342e-18 6.94027e-18 -2.16484e-15) (4.05204e-18 -2.07891e-17 -4.99424e-15) (4.88349e-17 1.97055e-17 -7.87679e-15) (-5.13381e-17 -8.30171e-18 -1.0208e-14) (8.8846e-17 2.64805e-17 -1.27287e-14) (-5.401e-17 -2.78805e-17 -1.50382e-14) (-2.64903e-17 -1.27676e-17 -1.6371e-14) (-8.75569e-17 4.70725e-17 -1.7775e-14) (4.74333e-17 2.64942e-17 -1.87747e-14) (-1.77662e-17 -1.79025e-17 -1.8228e-14)
1000          (3.39712e-16 -1.67924e-16 2.29978e-14) (3.20672e-16 -2.13601e-16 6.99119e-14) (-1.39889e-16 5.88242e-16 1.61284e-13) (-1.58782e-15 -6.71574e-16 2.54327e-13) (1.67375e-15 2.16636e-16 3.29895e-13) (-2.92795e-15 -8.39657e-16 4.11219e-13) (1.74478e-15 8.77115e-16 4.85647e-13) (8.38398e-16 4.63426e-16 5.2866e-13) (2.87727e-15 -1.5366e-15 5.73763e-13) (-1.57254e-15 -8.75827e-16 6.0612e-13) (5.42516e-16 4.84504e-16 5.88523e-13)
1050          (1.80563e-17 -8.70398e-18 1.2748e-15) (1.8176e-17 -1.37429e-17 3.87245e-15) (-6.94026e-18 3.19329e-17 8.93253e-15) (-8.88321e-17 -3.75989e-17 1.40885e-14) (9.2843e-17 1.26028e-17 1.82754e-14) (-1.62261e-16 -4.96965e-17 2.27866e-14) (9.70202e-17 5.12104e-17 2.69172e-14) (4.69122e-17 2.63553e-17 2.9302e-14) (1.60847e-16 -8.47812e-17 3.18058e-14) (-8.60565e-17 -4.73348e-17 3.35982e-14) (3.03951e-17 2.65317e-17 3.26278e-14)
1100          (-1.44574e-16 7.23035e-17 -9.86952e-15) (-1.38255e-16 9.31106e-17 -2.99629e-14) (5.96749e-17 -2.52456e-16 -6.87636e-14) (6.70474e-16 2.84349e-16 -1.07532e-13) (-7.05909e-16 -8.61952e-17 -1.38038e-13) (1.21187e-15 3.4859e-16 -1.70066e-13) (-7.11955e-16 -3.5959e-16 -1.98526e-13) (-3.44177e-16 -1.8874e-16 -2.13771e-13) (-1.15205e-15 6.18971e-16 -2.2996e-13) (6.24657e-16 3.48349e-16 -2.41456e-13) (-2.13733e-16 -1.92917e-16 -2.33818e-13)
1150          (-6.83785e-18 2.91307e-18 -5.12092e-16) (-8.07549e-18 5.55238e-18 -1.56386e-15) (1.50145e-18 -1.38654e-17 -3.6087e-15) (3.86942e-17 1.52821e-17 -5.69253e-15) (-3.61226e-17 -4.30062e-18 -7.3836e-15) (6.52532e-17 1.91942e-17 -9.20685e-15) (-3.87444e-17 -2.06793e-17 -1.08756e-14) (-1.79064e-17 -1.10999e-17 -1.18355e-14) (-6.50997e-17 3.47083e-17 -1.28509e-14) (3.45811e-17 2.19282e-17 -1.35741e-14) (-1.37118e-17 -1.12296e-17 -1.31819e-14)
1200          (-6.0619e-16 2.99628e-16 -4.10709e-14) (-5.72995e-16 3.82787e-16 -1.24862e-13) (2.49693e-16 -1.04762e-15 -2.88066e-13) (2.8355e-15 1.19797e-15 -4.5428e-13) (-2.99092e-15 -3.83323e-16 -5.89307e-13) (5.226e-15 1.49899e-15 -7.34668e-13) (-3.11898e-15 -1.56408e-15 -8.67734e-13) (-1.49899e-15 -8.26195e-16 -9.44678e-13) (-5.13986e-15 2.74404e-15 -1.02536e-12) (2.80926e-15 1.56299e-15 -1.08324e-12) (-9.67465e-16 -8.66014e-16 -1.05183e-12)
1250          (-3.20593e-17 1.303e-17 -2.27522e-15) (-2.92823e-17 2.21895e-17 -6.91676e-15) (1.3628e-17 -5.96634e-17 -1.59635e-14) (1.5685e-16 6.66398e-17 -2.51794e-14) (-1.65525e-16 -2.22184e-17 -3.26551e-14) (2.90188e-16 8.32809e-17 -4.07183e-14) (-1.72337e-16 -8.74319e-17 -4.80947e-14) (-8.34045e-17 -4.71725e-17 -5.23608e-14) (-2.83375e-16 1.53918e-16 -5.68324e-14) (1.55308e-16 8.72932e-17 -6.00424e-14) (-5.40001e-17 -5.11842e-17 -5.82995e-14)
1300          (2.15654e-15 -1.06963e-15 1.45935e-13) (2.04404e-15 -1.37486e-15 4.41093e-13) (-8.57322e-16 3.73175e-15 9.93287e-13) (-9.3642e-15 -3.88774e-15 1.50575e-12) (9.68907e-15 9.79944e-16 1.85805e-12) (-1.57284e-14 -4.50687e-15 2.18586e-12) (8.60978e-15 4.52721e-15 2.43317e-12) (4.25585e-15 2.27736e-15 2.50188e-12) (1.3004e-14 -7.08547e-15 2.58873e-12) (-6.7512e-15 -3.7614e-15 2.64523e-12) (2.3164e-15 2.0794e-15 2.5303e-12)
1350          (9.00686e-17 -4.42717e-17 6.0049e-15) (8.21558e-17 -5.81219e-17 1.82602e-14) (-3.71939e-17 1.55157e-16 4.21294e-14) (-4.16204e-16 -1.76264e-16 6.64378e-14) (4.35909e-16 5.56639e-17 8.61981e-14) (-7.6583e-16 -2.18051e-16 1.07462e-13) (4.55226e-16 2.27876e-16 1.26931e-13) (2.17899e-16 1.22001e-16 1.38187e-13) (7.51104e-16 -4.02126e-16 1.49996e-13) (-4.10788e-16 -2.30363e-16 1.58464e-13) (1.40182e-16 1.26427e-16 1.53868e-13)
1400          (6.93749e-18 -3.88463e-19 3.30287e-16) (5.53863e-18 -1.55108e-18 1.00991e-15) (-2.63541e-18 1.08124e-17 2.33412e-15) (-2.62167e-17 -8.84141e-18 3.68072e-15) (2.48665e-17 2.90085e-18 4.77414e-15) (-4.45202e-17 -1.37254e-17 5.95433e-15) (2.4979e-17 1.50141e-17 7.03583e-15) (1.37154e-17 5.30272e-18 7.664e-15) (4.151e-17 -2.23307e-17 8.31641e-15) (-2.34436e-17 -1.26124e-17 8.78663e-15) (1.06747e-17 8.33804e-18 8.52892e-15)
1450          (3.19021e-16 -1.56959e-16 2.16301e-14) (3.02381e-16 -2.01094e-16 6.57632e-14) (-1.30478e-16 5.52197e-16 1.51717e-13) (-1.49459e-15 -6.2908e-16 2.39262e-13) (1.57382e-15 2.03871e-16 3.10387e-13) (-2.75248e-15 -7.88823e-16 3.86958e-13) (1.64345e-15 8.25489e-16 4.57056e-13) (7.90944e-16 4.35784e-16 4.97599e-13) (2.70794e-15 -1.44514e-15 5.40109e-13) (-1.4782e-15 -8.23229e-16 5.70604e-13) (5.06976e-16 4.58236e-16 5.54061e-13)
1500          (1.67896e-17 -9.57318e-18 1.19861e-15) (1.91523e-17 -1.26e-17 3.64471e-15) (-7.06392e-18 2.91575e-17 8.40895e-15) (-8.31424e-17 -3.34734e-17 1.32605e-14) (8.7433e-17 1.11025e-17 1.72026e-14) (-1.54169e-16 -4.45369e-17 2.14462e-14) (9.27054e-17 4.97925e-17 2.53299e-14) (4.31712e-17 2.50915e-17 2.75757e-14) (1.49757e-16 -7.78561e-17 2.99327e-14) (-8.06192e-17 -4.44107e-17 3.16257e-14) (2.77557e-17 2.26072e-17 3.07093e-14)
1550          (4.45327e-16 -2.19248e-16 3.02165e-14) (4.21744e-16 -2.827e-16 9.18356e-14) (-1.85552e-16 7.70082e-16 2.11693e-13) (-2.08173e-15 -8.78746e-16 3.3337e-13) (2.19281e-15 2.81722e-16 4.31719e-13) (-3.82103e-15 -1.09387e-15 5.37155e-13) (2.27492e-15 1.14245e-15 6.33235e-13) (1.09651e-15 6.03705e-16 6.8815e-13) (3.73787e-15 -1.99725e-15 7.45844e-13) (-2.03902e-15 -1.13552e-15 7.87168e-13) (7.00869e-16 6.29987e-16 7.64005e-13)
1600          (2.48551e-17 -1.23625e-17 1.65656e-15) (2.22047e-17 -1.64012e-17 5.03774e-15) (-9.74106e-18 4.40206e-17 1.16256e-14) (-1.16299e-16 -4.99589e-17 1.83344e-14) (1.1949e-16 1.78997e-17 2.37848e-14) (-2.09847e-16 -6.13263e-17 2.96553e-14) (1.26276e-16 6.38382e-17 3.50312e-14) (6.10738e-17 3.35679e-17 3.81379e-14) (2.06933e-16 -1.09663e-16 4.13953e-14) (-1.13689e-16 -6.34623e-17 4.37274e-14) (3.88857e-17 3.59325e-17 4.24605e-14)
1650          (3.88408e-15 -1.92088e-15 2.63461e-13) (3.68723e-15 -2.46229e-15 7.99845e-13) (-1.58769e-15 6.71152e-15 1.8348e-12) (-1.78882e-14 -7.52704e-15 2.86712e-12) (1.87731e-14 2.29529e-15 3.67747e-12) (-3.22793e-14 -9.25094e-15 4.52619e-12) (1.89054e-14 9.58222e-15 5.27824e-12) (9.14842e-15 5.01847e-15 5.67794e-12) (3.06067e-14 -1.64112e-14 6.10294e-12) (-1.65585e-14 -9.22164e-15 6.40458e-12) (5.6936e-15 5.10368e-15 6.20041e-12)
1700          (2.02486e-16 -9.87989e-17 1.36642e-14) (1.91505e-16 -1.26542e-16 4.15511e-14) (-8.29946e-17 3.48476e-16 9.58562e-14) (-9.46369e-16 -3.98437e-16 1.51169e-13) (9.93693e-16 1.2783e-16 1.96107e-13) (-1.74047e-15 -4.98362e-16 2.44482e-13) (1.0366e-15 5.21824e-16 2.88776e-13) (4.98358e-16 2.74935e-16 3.14388e-13) (1.71256e-15 -9.13334e-16 3.4125e-13) (-9.32656e-16 -5.20564e-16 3.60517e-13) (3.20595e-16 2.90035e-16 3.50061e-13)
1750          (1.22265e-17 -7.91048e-18 7.56072e-16) (9.72819e-18 -9.44927e-18 2.30325e-15) (-5.52598e-18 2.05682e-17 5.31168e-15) (-5.01128e-17 -2.20811e-17 8.37919e-15) (5.55116e-17 8.07812e-18 1.08682e-14) (-9.45224e-17 -2.9006e-17 1.35503e-14) (5.70378e-17 3.02426e-17 1.60054e-14) (2.88909e-17 1.66271e-17 1.74204e-14) (9.43973e-17 -4.98368e-17 1.89122e-14) (-5.00953e-17 -2.92671e-17 1.9981e-14) (1.6917e-17 1.66535e-17 1.93985e-14)
1800          (5.42572e-16 -2.65465e-16 3.67776e-14) (5.18337e-16 -3.41641e-16 1.11812e-13) (-2.22163e-16 9.35122e-16 2.57945e-13) (-2.53974e-15 -1.0743e-15 4.06718e-13) (2.67691e-15 3.45663e-16 5.27521e-13) (-4.67729e-15 -1.34316e-15 6.57501e-13) (2.78832e-15 1.40145e-15 7.7644e-13) (1.34067e-15 7.39738e-16 8.45138e-13) (4.59594e-15 -2.45801e-15 9.17182e-13) (-2.51226e-15 -1.40032e-15 9.68863e-13) (8.64625e-16 7.7592e-16 9.40721e-13)
1850          (2.94072e-17 -1.53769e-17 2.03529e-15) (2.91436e-17 -1.80639e-17 6.18943e-15) (-9.72736e-18 5.386e-17 1.42828e-14) (-1.40294e-16 -6.10761e-17 2.25221e-14) (1.4727e-16 2.06791e-17 2.92169e-14) (-2.60918e-16 -7.23051e-17 3.64238e-14) (1.54033e-16 7.79797e-17 4.30266e-14) (7.48131e-17 4.03831e-17 4.68419e-14) (2.54095e-16 -1.35006e-16 5.08378e-14) (-1.41516e-16 -7.50944e-17 5.37099e-14) (4.84362e-17 4.42829e-17 5.21594e-14)
1900          (1.1236e-14 -5.56473e-15 7.60725e-13) (1.0651e-14 -7.14709e-15 2.30275e-12) (-4.516e-15 1.94325e-14 5.21811e-12) (-4.97567e-14 -2.07507e-14 7.99254e-12) (5.17469e-14 5.60677e-15 9.99454e-12) (-8.56776e-14 -2.45516e-14 1.19437e-11) (4.80214e-14 2.49297e-14 1.3514e-11) (2.35664e-14 1.27193e-14 1.41204e-11) (7.43633e-14 -4.02751e-14 1.4812e-11) (-3.91919e-14 -2.18365e-14 1.52825e-11) (1.34576e-14 1.20769e-14 1.4683e-11)
1950          (5.0074e-16 -2.45517e-16 3.39236e-14) (4.75605e-16 -3.14899e-16 1.0313e-13) (-2.0541e-16 8.65702e-16 2.37934e-13) (-2.34503e-15 -9.8953e-16 3.7523e-13) (2.46797e-15 3.17947e-16 4.86773e-13) (-4.31525e-15 -1.23947e-15 6.06853e-13) (2.57609e-15 1.2947e-15 7.1679e-13) (1.23699e-15 6.84088e-16 7.80368e-13) (4.24597e-15 -2.268e-15 8.47031e-13) (-2.31948e-15 -1.29107e-15 8.94861e-13) (7.99664e-16 7.14883e-16 8.68912e-13)
2000          (2.76198e-17 -1.49632e-17 1.88135e-15) (2.74797e-17 -1.67935e-17 5.71761e-15) (-8.47946e-18 4.71837e-17 1.3192e-14) (-1.30703e-16 -5.67629e-17 2.08009e-14) (1.35119e-16 1.67784e-17 2.69758e-14) (-2.40077e-16 -6.96278e-17 3.36316e-14) (1.44165e-16 7.35537e-17 3.97254e-14) (6.82538e-17 3.62212e-17 4.32512e-14) (2.35814e-16 -1.2504e-16 4.69431e-14) (-1.28041e-16 -7.34125e-17 4.95995e-14) (4.32973e-17 3.90008e-17 4.81613e-14)
2050          (-5.92469e-16 2.92444e-16 -4.01102e-14) (-5.59411e-16 3.77463e-16 -1.21593e-13) (2.38583e-16 -1.02394e-15 -2.77281e-13) (2.67203e-15 1.12164e-15 -4.29138e-13) (-2.79389e-15 -3.23509e-16 -5.43794e-13) (4.72063e-15 1.35443e-15 -6.60006e-13) (-2.70632e-15 -1.38797e-15 -7.58805e-13) (-1.31845e-15 -7.18756e-16 -8.05246e-13) (-4.29438e-15 2.31257e-15 -8.55796e-13) (2.29423e-15 1.27584e-15 -8.91095e-13) (-7.8717e-16 -7.07915e-16 -8.59667e-13)
2100          (-2.77571e-17 1.36181e-17 -1.93652e-15) (-2.76333e-17 1.80537e-17 -5.88719e-15) (9.71449e-18 -4.99604e-17 -1.35797e-14) (1.35752e-16 5.67632e-17 -2.14187e-14) (-1.40395e-16 -1.94426e-17 -2.77821e-14) (2.48301e-16 7.06672e-17 -3.46379e-14) (-1.48356e-16 -7.35679e-17 -4.09174e-14) (-6.9653e-17 -3.77576e-17 -4.45442e-14) (-2.42989e-16 1.31702e-16 -4.83504e-14) (1.31842e-16 7.49402e-17 -5.10806e-14) (-4.57982e-17 -3.9148e-17 -4.95986e-14)
2150          (-5.22881e-15 2.58664e-15 -3.54236e-13) (-4.95725e-15 3.32021e-15 -1.07369e-12) (2.11885e-15 -9.03704e-15 -2.44626e-12) (2.35578e-14 9.86284e-15 -3.78012e-12) (-2.45984e-14 -2.81596e-15 -4.78022e-12) (4.14099e-14 1.18687e-14 -5.78754e-12) (-2.36666e-14 -1.21581e-14 -6.63698e-12) (-1.1543e-14 -6.2736e-15 -7.02567e-12) (-3.73909e-14 2.01577e-14 -7.45105e-12) (1.99408e-14 1.11053e-14 -7.74701e-12) (-6.84863e-15 -6.14614e-15 -7.46889e-12)
2200          (-2.48285e-16 1.22128e-16 -1.68899e-14) (-2.3719e-16 1.56811e-16 -5.13536e-14) (1.01173e-16 -4.32719e-16 -1.18476e-13) (1.16593e-15 4.93835e-16 -1.86837e-13) (-1.2285e-15 -1.59608e-16 -2.42375e-13) (2.15239e-15 6.16335e-16 -3.02167e-13) (-1.28249e-15 -6.44066e-16 -3.56907e-13) (-6.18697e-16 -3.38899e-16 -3.88565e-13) (-2.11259e-15 1.1272e-15 -4.21762e-13) (1.15358e-15 6.42953e-16 -4.45579e-13) (-3.95824e-16 -3.5669e-16 -4.32661e-13)
2250          (-1.26188e-17 4.3171e-18 -9.35184e-16) (-1.37267e-17 7.34247e-18 -2.84586e-15) (6.79e-18 -2.47316e-17 -6.56348e-15) (6.77375e-17 3.02539e-17 -1.03569e-14) (-6.93881e-17 -9.71556e-18 -1.34343e-14) (1.19588e-16 3.3583e-17 -1.67454e-14) (-7.07909e-17 -3.47222e-17 -1.97806e-14) (-3.33206e-17 -1.80672e-17 -2.15345e-14) (-1.1921e-16 6.48359e-17 -2.33734e-14) (6.39631e-17 3.73338e-17 -2.46931e-14) (-2.19422e-17 -2.08179e-17 -2.39793e-14)
2300          (-2.58316e-15 1.27538e-15 -1.75087e-13) (-2.44759e-15 1.62778e-15 -5.32259e-13) (1.06169e-15 -4.45676e-15 -1.22765e-12) (1.20837e-14 5.10455e-15 -1.93515e-12) (-1.27337e-14 -1.63388e-15 -2.50907e-12) (2.22387e-14 6.37504e-15 -3.12611e-12) (-1.32606e-14 -6.65761e-15 -3.69019e-12) (-6.37784e-15 -3.52098e-15 -4.01526e-12) (-2.18373e-14 1.16621e-14 -4.3563e-12) (1.19312e-14 6.64427e-15 -4.60087e-12) (-4.10715e-15 -3.67834e-15 -4.46684e-12)
2350          (-1.42932e-16 7.09019e-17 -9.67389e-15) (-1.37352e-16 8.9097e-17 -2.94094e-14) (5.83993e-17 -2.49392e-16 -6.78505e-14) (6.6881e-16 2.8075e-16 -1.07004e-13) (-7.02529e-16 -9.28453e-17 -1.38812e-13) (1.22989e-15 3.54038e-16 -1.7306e-13) (-7.33022e-16 -3.7043e-16 -2.04411e-13) (-3.51267e-16 -1.95692e-16 -2.2254e-13) (-1.21033e-15 6.45456e-16 -2.41551e-13) (6.60882e-16 3.69018e-16 -2.55189e-13) (-2.27612e-16 -2.05532e-16 -2.47792e-13)
2400          (-9.43955e-18 1.63898e-18 -5.3692e-16) (-8.18791e-18 2.92573e-18 -1.6301e-15) (2.66316e-18 -1.39017e-17 -3.75912e-15) (3.84584e-17 1.6656e-17 -5.93348e-15) (-3.91204e-17 -2.92833e-18 -7.69574e-15) (6.92545e-17 1.9569e-17 -9.59173e-15) (-4.16185e-17 -2.0833e-17 -1.13296e-14) (-2.0678e-17 -8.4796e-18 -1.23331e-14) (-6.54898e-17 3.61824e-17 -1.33842e-14) (3.85804e-17 1.93044e-17 -1.41458e-14) (-1.249e-17 -1.249e-17 -1.37325e-14)
2450          (-2.99382e-16 1.46995e-16 -2.02456e-14) (-2.84226e-16 1.88869e-16 -6.15557e-14) (1.21018e-16 -5.14864e-16 -1.42018e-13) (1.39905e-15 5.90093e-16 -2.23963e-13) (-1.47415e-15 -1.90142e-16 -2.90534e-13) (2.57719e-15 7.37365e-16 -3.62196e-13) (-1.53399e-15 -7.73005e-16 -4.27795e-13) (-7.39711e-16 -4.09374e-16 -4.6572e-13) (-2.53434e-15 1.35188e-15 -5.05487e-13) (1.38644e-15 7.69022e-16 -5.34017e-13) (-4.76155e-16 -4.27456e-16 -5.18528e-13)
2500          (-1.67683e-17 6.9515e-18 -1.12115e-15) (-1.66522e-17 1.11035e-17 -3.41309e-15) (6.67547e-18 -2.91437e-17 -7.87213e-15) (7.76937e-17 3.31694e-17 -1.24126e-14) (-8.31298e-17 -1.10873e-17 -1.61034e-14) (1.4558e-16 4.17749e-17 -2.00746e-14) (-8.60438e-17 -4.65038e-17 -2.37084e-14) (-3.91467e-17 -2.35899e-17 -2.58104e-14) (-1.40279e-16 7.35917e-17 -2.80172e-14) (7.76899e-17 4.03982e-17 -2.96023e-14) (-2.63805e-17 -2.3605e-17 -2.87416e-14)
2550          (2.60608e-16 -1.27679e-16 1.75777e-14) (2.45868e-16 -1.63999e-16 5.34335e-14) (-1.05362e-16 4.45765e-16 1.23199e-13) (-1.21321e-15 -5.10866e-16 1.94099e-13) (1.27683e-15 1.65035e-16 2.51502e-13) (-2.22899e-15 -6.38666e-16 3.13126e-13) (1.32429e-15 6.65059e-16 3.69364e-13) (6.39677e-16 3.52503e-16 4.01631e-13) (2.1831e-15 -1.16607e-15 4.35508e-13) (-1.19217e-15 -6.63497e-16 4.59789e-13) (4.0954e-16 3.69043e-16 4.4632e-13)
2600          (1.4129e-17 -5.45008e-18 9.69477e-16) (1.26288e-17 -1.08272e-17 2.94124e-15) (-3.03925e-18 2.48554e-17 6.7844e-15) (-6.56157e-17 -3.04039e-17 1.0701e-14) (7.07657e-17 9.72931e-18 1.38827e-14) (-1.22268e-16 -3.85929e-17 1.73073e-14) (7.60631e-17 3.87067e-17 2.04375e-14) (3.61074e-17 1.8069e-17 2.22516e-14) (1.21975e-16 -6.38507e-17 2.41572e-14) (-6.40021e-17 -3.47011e-17 2.55241e-14) (2.23446e-17 2.20797e-17 2.47833e-14)
2650          (-4.38699e-15 2.16772e-15 -2.97476e-13) (-4.16229e-15 2.76805e-15 -9.04276e-13) (1.80391e-15 -7.57194e-15 -2.08547e-12) (2.05229e-14 8.66903e-15 -3.28678e-12) (-2.16245e-14 -2.77169e-15 -4.26064e-12) (3.77572e-14 1.08192e-14 -5.30716e-12) (-2.25021e-14 -1.12992e-14 -6.26332e-12) (-1.08306e-14 -5.97633e-15 -6.81355e-12) (-3.70511e-14 1.97888e-14 -7.39094e-12) (2.02397e-14 1.12676e-14 -7.80494e-12) (-6.96227e-15 -6.24318e-15 -7.57716e-12)
2700          (-2.41331e-16 1.20615e-16 -1.64151e-14) (-2.28741e-16 1.54018e-16 -4.9904e-14) (9.85329e-17 -4.19104e-16 -1.15134e-13) (1.1351e-15 4.80296e-16 -1.81574e-13) (-1.19631e-15 -1.55332e-16 -2.35549e-13) (2.08887e-15 5.98306e-16 -2.93659e-13) (-1.24639e-15 -6.2329e-16 -3.46853e-13) (-6.01043e-16 -3.3045e-16 -3.77618e-13) (-2.05278e-15 1.09766e-15 -4.09878e-13) (1.12027e-15 6.24788e-16 -4.33023e-13) (-3.87209e-16 -3.48087e-16 -4.20467e-13)
2750          (-1.25178e-17 5.53612e-18 -9.06219e-16) (-1.51379e-17 8.31557e-18 -2.76412e-15) (5.52365e-18 -2.23435e-17 -6.38066e-15) (6.2453e-17 3.02526e-17 -1.00658e-14) (-6.52285e-17 -1.19899e-17 -1.30555e-14) (1.16574e-16 3.20594e-17 -1.62747e-14) (-7.19023e-17 -3.46824e-17 -1.92203e-14) (-3.19593e-17 -1.69297e-17 -2.09264e-14) (-1.15036e-16 6.105e-17 -2.27204e-14) (6.24506e-17 3.34456e-17 -2.4e-14) (-2.1941e-17 -2.06916e-17 -2.33102e-14)
2800          (-1.41234e-15 6.96794e-16 -9.58077e-14) (-1.33893e-15 8.94728e-16 -2.9125e-13) (5.80119e-16 -2.43793e-15 -6.71748e-13) (6.61291e-15 2.79509e-15 -1.05885e-12) (-6.96468e-15 -8.92659e-16 -1.37283e-12) (1.21666e-14 3.48681e-15 -1.71037e-12) (-7.25338e-15 -3.6406e-15 -2.01891e-12) (-3.48845e-15 -1.92508e-15 -2.19667e-12) (-1.19479e-14 6.38085e-15 -2.38317e-12) (6.52754e-15 3.63379e-15 -2.51691e-12) (-2.24454e-15 -2.0128e-15 -2.44357e-12)
2850          (-7.88304e-17 3.85596e-17 -5.29273e-15) (-7.37928e-17 4.86963e-17 -1.60878e-14) (3.05339e-17 -1.35881e-16 -3.71219e-14) (3.65162e-16 1.55307e-16 -5.85388e-14) (-3.85921e-16 -4.73362e-17 -7.59407e-14) (6.74483e-16 1.95417e-16 -9.46744e-14) (-3.99953e-16 -2.02483e-16 -1.11828e-13) (-1.92906e-16 -1.0535e-16 -1.21743e-13) (-6.61998e-16 3.57663e-16 -1.32148e-13) (3.61989e-16 2.01269e-16 -1.39612e-13) (-1.23654e-16 -1.13532e-16 -1.35559e-13)
2900          (-4.17711e-18 2.64926e-18 -2.9395e-16) (-5.41346e-18 2.76557e-18 -8.93561e-16) (1.25039e-20 -9.43715e-18 -2.05783e-15) (2.06918e-17 9.83923e-18 -3.25007e-15) (-2.08283e-17 -1.91514e-18 -4.21287e-15) (3.63586e-17 8.63034e-18 -5.24898e-15) (-2.10804e-17 -1.10911e-17 -6.19982e-15) (-1.0976e-17 -5.68863e-18 -6.75093e-15) (-3.74564e-17 1.95426e-17 -7.32415e-15) (1.81788e-17 9.96451e-18 -7.73522e-15) (-6.81536e-18 -6.93902e-18 -7.50926e-15)
2950          (-3.9828e-16 1.98552e-16 -2.7146e-14) (-3.80235e-16 2.5247e-16 -8.25278e-14) (1.63885e-16 -6.92115e-16 -1.904e-13) (1.87634e-15 7.92588e-16 -3.00263e-13) (-1.97527e-15 -2.55355e-16 -3.89526e-13) (3.45348e-15 9.91155e-16 -4.85615e-13) (-2.06009e-15 -1.03395e-15 -5.73583e-13) (-9.91066e-16 -5.47956e-16 -6.24461e-13) (-3.39784e-15 1.8128e-15 -6.77804e-13) (1.85708e-15 1.03658e-15 -7.16079e-13) (-6.38554e-16 -5.73064e-16 -6.95311e-13)
3000          (-2.33188e-17 1.09647e-17 -1.50376e-15) (-2.20633e-17 1.51368e-17 -4.57459e-15) (8.33904e-18 -3.88345e-17 -1.05516e-14) (1.02826e-16 4.32862e-17 -1.6645e-14) (-1.12249e-16 -1.50045e-17 -2.15908e-14) (1.91531e-16 5.56516e-17 -2.6914e-14) (-1.13812e-16 -5.5775e-17 -3.17891e-14) (-5.28885e-17 -3.1654e-17 -3.46144e-14) (-1.88742e-16 1.01059e-16 -3.75662e-14) (1.02695e-16 5.82718e-17 -3.96884e-14) (-3.34857e-17 -3.20578e-17 -3.85367e-14)
3050          (-6.21985e-16 3.0673e-16 -4.22303e-14) (-5.91184e-16 3.94513e-16 -1.28274e-13) (2.55357e-16 -1.07678e-15 -2.94913e-13) (2.88948e-15 1.21601e-15 -4.62498e-13) (-3.03284e-15 -3.78885e-16 -5.95882e-13) (5.25197e-15 1.50468e-15 -7.3715e-13) (-3.09693e-15 -1.56411e-15 -8.64034e-13) (-1.49597e-15 -8.23105e-16 -9.33955e-13) (-5.05228e-15 2.70394e-15 -1.00785e-12) (2.74417e-15 1.52814e-15 -1.06054e-12) (-9.43742e-16 -8.45473e-16 -1.02797e-12)
3100          (-3.45571e-17 1.80259e-17 -2.24874e-15) (-3.18927e-17 1.96926e-17 -6.83593e-15) (1.48507e-17 -5.96748e-17 -1.57721e-14) (1.56835e-16 6.67274e-17 -2.48731e-14) (-1.62388e-16 -1.95806e-17 -3.22687e-14) (2.88498e-16 8.20194e-17 -4.02334e-14) (-1.70575e-16 -8.6169e-17 -4.75195e-14) (-8.1742e-17 -4.46854e-17 -5.17368e-14) (-2.80487e-16 1.48771e-16 -5.61537e-14) (1.51572e-16 8.4919e-17 -5.93236e-14) (-5.14869e-17 -4.85613e-17 -5.7608e-14)
3150          (2.44119e-15 -1.2077e-15 1.65277e-13) (2.31714e-15 -1.55286e-15 4.99927e-13) (-9.73176e-16 4.22943e-15 1.12865e-12) (-1.06827e-14 -4.44411e-15 1.71701e-12) (1.10718e-14 1.14618e-15 2.12733e-12) (-1.8073e-14 -5.17883e-15 2.51372e-12) (9.95459e-15 5.21587e-15 2.81023e-12) (4.91231e-15 2.63303e-15 2.90134e-12) (1.51293e-14 -8.22946e-15 3.01214e-12) (-7.88378e-15 -4.39299e-15 3.08507e-12) (2.7039e-15 2.42871e-15 2.95414e-12)
3200          (1.04061e-16 -5.14591e-17 6.96609e-15) (9.72612e-17 -6.38398e-17 2.11837e-14) (-4.17598e-17 1.79002e-16 4.88677e-14) (-4.81582e-16 -2.05277e-16 7.70734e-14) (5.08058e-16 6.5226e-17 9.99858e-14) (-8.86856e-16 -2.56729e-16 1.24651e-13) (5.30252e-16 2.64971e-16 1.47231e-13) (2.5423e-16 1.40055e-16 1.60287e-13) (8.72703e-16 -4.66316e-16 1.73982e-13) (-4.74669e-16 -2.66319e-16 1.83804e-13) (1.6401e-16 1.47232e-16 1.78477e-13)
3250          (6.81274e-18 -1.6527e-20 3.85676e-16) (5.56349e-18 -2.77706e-18 1.16978e-15) (-2.65176e-18 1.24874e-17 2.70606e-15) (-2.76433e-17 -1.0965e-17 4.27139e-15) (2.8018e-17 5.40111e-18 5.53627e-15) (-4.896e-17 -1.63657e-17 6.90549e-15) (3.02539e-17 1.40329e-17 8.1611e-15) (1.51121e-17 6.95416e-18 8.8818e-15) (4.95718e-17 -2.523e-17 9.63972e-15) (-2.62405e-17 -1.39168e-17 1.01871e-14) (8.32556e-18 9.57718e-18 9.89314e-15)
3300          (-2.66704e-16 1.33092e-16 -1.82351e-14) (-2.55444e-16 1.70536e-16 -5.54364e-14) (1.09539e-16 -4.64754e-16 -1.27895e-13) (1.25877e-15 5.32944e-16 -2.01695e-13) (-1.3294e-15 -1.72087e-16 -2.61652e-13) (2.32173e-15 6.65932e-16 -3.26198e-13) (-1.38631e-15 -6.92928e-16 -3.85291e-13) (-6.66072e-16 -3.68906e-16 -4.19461e-13) (-2.28165e-15 1.21992e-15 -4.5529e-13) (1.24656e-15 6.92923e-16 -4.80991e-13) (-4.2772e-16 -3.84695e-16 -4.6705e-13)
3350          (-1.63761e-17 5.81467e-18 -1.01099e-15) (-1.38653e-17 9.58844e-18 -3.07432e-15) (4.29101e-18 -2.63579e-17 -7.08425e-15) (7.07771e-17 2.92948e-17 -1.11733e-14) (-7.23049e-17 -9.82688e-18 -1.44976e-14) (1.27566e-16 3.87329e-17 -1.80795e-14) (-7.48531e-17 -3.88729e-17 -2.13571e-14) (-3.36109e-17 -2.19146e-17 -2.3249e-14) (-1.26417e-16 6.81138e-17 -2.52368e-14) (6.81277e-17 3.74965e-17 -2.66602e-14) (-2.48414e-17 -2.09417e-17 -2.5892e-14)
3400          (-5.45128e-16 2.67703e-16 -3.70393e-14) (-5.16495e-16 3.41247e-16 -1.13076e-13) (2.28996e-16 -9.39101e-16 -2.65417e-13) (2.69497e-15 1.153e-15 -4.30167e-13) (-2.87037e-15 -4.23308e-16 -5.76851e-13) (5.26727e-15 1.51007e-15 -7.45756e-13) (-3.30645e-15 -1.61543e-15 -9.12246e-13) (-1.56698e-15 -8.8125e-16 -1.02528e-12) (-5.71319e-15 3.02134e-15 -1.14135e-12) (3.20759e-15 1.78227e-15 -1.22635e-12) (-1.1035e-15 -9.89644e-16 -1.19965e-12)
3450          (-3.59464e-17 1.6766e-17 -2.4777e-15) (-3.60474e-17 2.34686e-17 -7.53336e-15) (1.30049e-17 -6.37158e-17 -1.73748e-14) (1.69601e-16 7.09049e-17 -2.7403e-14) (-1.80301e-16 -2.37435e-17 -3.55458e-14) (3.13797e-16 9.14802e-17 -4.43181e-14) (-1.87103e-16 -9.43945e-17 -5.23491e-14) (-8.79705e-17 -5.11942e-17 -5.69901e-14) (-3.09346e-16 1.64038e-16 -6.18592e-14) (1.68062e-16 9.34976e-17 -6.53518e-14) (-5.95348e-17 -5.401e-17 -6.34559e-14)
3500          (-1.92979e-14 9.58721e-15 -1.30383e-12) (-1.8285e-14 1.23502e-14 -3.92768e-12) (7.52327e-15 -3.34576e-14 -8.71403e-12) (7.98589e-14 3.27647e-14 -1.28789e-11) (-8.16293e-14 -6.81437e-15 -1.53745e-11) (1.26055e-13 3.61118e-14 -1.73857e-11) (-6.49241e-14 -3.52876e-14 -1.85619e-11) (-3.26794e-14 -1.71177e-14 -1.83092e-11) (-9.19329e-14 5.08284e-14 -1.8273e-11) (4.5844e-14 2.55739e-14 -1.81934e-11) (-1.56895e-14 -1.41156e-14 -1.71972e-11)
3550          (-6.49312e-16 3.21805e-16 -4.40068e-14) (-6.13527e-16 4.09445e-16 -1.33784e-13) (2.70081e-16 -1.12093e-15 -3.08653e-13) (3.0405e-15 1.28265e-15 -4.86751e-13) (-3.20453e-15 -4.12339e-16 -6.31453e-13) (5.60031e-15 1.60585e-15 -7.87226e-13) (-3.34082e-15 -1.6765e-15 -9.29836e-13) (-1.60491e-15 -8.87081e-16 -1.01231e-12) (-5.50752e-15 2.94124e-15 -1.09879e-12) (3.01201e-15 1.67527e-15 -1.16083e-12) (-1.03673e-15 -9.30989e-16 -1.12717e-12)
3600          (-3.4711e-17 1.76652e-17 -2.44047e-15) (-3.31821e-17 2.0992e-17 -7.41456e-15) (1.40152e-17 -6.76964e-17 -1.71043e-14) (1.69188e-16 7.22897e-17 -2.69785e-14) (-1.78999e-16 -2.3731e-17 -3.50002e-14) (3.09642e-16 9.02049e-17 -4.36364e-14) (-1.84828e-16 -9.31214e-17 -5.15379e-14) (-8.74331e-17 -4.99577e-17 -5.61073e-14) (-3.05456e-16 1.62522e-16 -6.09016e-14) (1.65314e-16 9.03587e-17 -6.43409e-14) (-5.69131e-17 -5.15844e-17 -6.2473e-14)
3650          (-1.65663e-14 8.22848e-15 -1.11921e-12) (-1.56957e-14 1.06032e-14 -3.37238e-12) (6.46451e-15 -2.87365e-14 -7.48507e-12) (6.85835e-14 2.81355e-14 -1.1061e-11) (-7.0099e-14 -5.81501e-15 -1.31937e-11) (1.08053e-13 3.09536e-14 -1.48975e-11) (-5.54871e-14 -3.02088e-14 -1.58735e-11) (-2.79589e-14 -1.46316e-14 -1.56201e-11) (-7.82546e-14 4.3307e-14 -1.55529e-11) (3.89098e-14 2.17085e-14 -1.54571e-11) (-1.33135e-14 -1.19798e-14 -1.45981e-11)
3700          (-5.54852e-16 2.72013e-16 -3.75502e-14) (-5.24557e-16 3.49581e-16 -1.14161e-13) (2.27376e-16 -9.57286e-16 -2.63386e-13) (2.59361e-15 1.09625e-15 -4.15364e-13) (-2.73404e-15 -3.5239e-16 -5.38851e-13) (4.77874e-15 1.37231e-15 -6.71774e-13) (-2.84952e-15 -1.43227e-15 -7.93469e-13) (-1.37245e-15 -7.56615e-16 -8.63855e-13) (-4.69743e-15 2.50962e-15 -9.37649e-13) (2.57141e-15 1.43099e-15 -9.90589e-13) (-8.84068e-16 -7.93699e-16 -9.61868e-13)
3750          (-3.17815e-17 1.23941e-17 -2.08118e-15) (-2.90061e-17 1.93165e-17 -6.3272e-15) (1.38639e-17 -5.28733e-17 -1.45941e-14) (1.45583e-16 5.99311e-17 -2.30232e-14) (-1.49908e-16 -2.20658e-17 -2.98641e-14) (2.65208e-16 7.74424e-17 -3.72282e-14) (-1.5807e-16 -7.92563e-17 -4.39789e-14) (-7.74386e-17 -4.29837e-17 -4.78767e-14) (-2.59796e-16 1.36281e-16 -5.19702e-14) (1.41566e-16 7.92313e-17 -5.49016e-14) (-4.98217e-17 -4.56595e-17 -5.33137e-14)
3800          (-2.21065e-15 1.09638e-15 -1.49718e-13) (-2.09363e-15 1.40764e-15 -4.52875e-13) (8.84176e-16 -3.82574e-15 -1.02339e-12) (9.71409e-15 4.04466e-15 -1.56088e-12) (-1.00847e-14 -1.06311e-15 -1.94175e-12) (1.65655e-14 4.74706e-15 -2.30668e-12) (-9.20226e-15 -4.80098e-15 -2.59416e-12) (-4.52762e-15 -2.43844e-15 -2.69468e-12) (-1.41228e-14 7.66561e-15 -2.81266e-12) (7.4046e-15 4.12641e-15 -2.89188e-12) (-2.54e-15 -2.28172e-15 -2.77403e-12)
3850          (-9.45245e-17 4.69349e-17 -6.47192e-15) (-8.89348e-17 6.09142e-17 -1.96765e-14) (4.01071e-17 -1.62765e-16 -4.53898e-14) (4.48163e-16 1.88606e-16 -7.158e-14) (-4.69218e-16 -6.13237e-17 -9.28584e-14) (8.24217e-16 2.3484e-16 -1.15767e-13) (-4.90157e-16 -2.47155e-16 -1.36739e-13) (-2.34716e-16 -1.31852e-16 -1.4887e-13) (-8.0938e-16 4.33143e-16 -1.61585e-13) (4.43969e-16 2.46902e-16 -1.70706e-13) (-1.51284e-16 -1.35891e-16 -1.65754e-13)
3900          (-4.28963e-18 1.40166e-18 -3.59318e-16) (-6.78638e-18 2.77696e-18 -1.09165e-15) (1.15162e-18 -9.73957e-18 -2.51278e-15) (2.62429e-17 1.36003e-17 -3.9689e-15) (-2.49828e-17 -4.03959e-18 -5.14779e-15) (4.70586e-17 1.38778e-17 -6.41749e-15) (-2.66315e-17 -1.38904e-17 -7.58344e-15) (-1.38638e-17 -6.84026e-18 -8.25632e-15) (-4.56583e-17 2.47066e-17 -8.95897e-15) (2.2482e-17 1.5228e-17 -9.46187e-15) (-1.08112e-17 -8.32444e-18 -9.17912e-15)
3950          (-1.17114e-15 5.77589e-16 -7.9484e-14) (-1.11293e-15 7.40943e-16 -2.41644e-13) (4.82817e-16 -2.02411e-15 -5.57501e-13) (5.4929e-15 2.32059e-15 -8.79185e-13) (-5.78491e-15 -7.45403e-16 -1.14056e-12) (1.01166e-14 2.89847e-15 -1.42191e-12) (-6.03388e-15 -3.02716e-15 -1.67949e-12) (-2.90491e-15 -1.60196e-15 -1.82845e-12) (-9.9493e-15 5.31082e-15 -1.98465e-12) (5.43687e-15 3.02862e-15 -2.09671e-12) (-1.87108e-15 -1.67668e-15 -2.0359e-12)
4000          (-6.38532e-17 3.06439e-17 -4.4061e-15) (-6.0964e-17 4.04955e-17 -1.33957e-14) (2.60682e-17 -1.12537e-16 -3.08986e-14) (3.04207e-16 1.27829e-16 -4.87252e-14) (-3.19346e-16 -4.17325e-17 -6.32112e-14) (5.59549e-16 1.59612e-16 -7.88063e-14) (-3.34336e-16 -1.69074e-16 -9.30824e-14) (-1.60987e-16 -8.75693e-17 -1.01339e-13) (-5.53606e-16 2.9434e-16 -1.1e-13) (2.99793e-16 1.67913e-16 -1.16213e-13) (-1.04085e-16 -9.3133e-17 -1.12842e-13)
4050          (-4.1621e-18 1.38629e-18 -2.44239e-16) (-4.16334e-18 2.76294e-18 -7.44587e-16) (2.51063e-19 -4.45314e-18 -1.71225e-15) (1.77664e-17 7.19033e-18 -2.70055e-15) (-1.77915e-17 -2.91309e-18 -3.49871e-15) (3.17953e-17 9.58955e-18 -4.3665e-15) (-2.05518e-17 -9.85198e-18 -5.16035e-15) (-9.68947e-18 -5.53838e-18 -5.61807e-15) (-3.0269e-17 1.79037e-17 -6.09726e-15) (1.5267e-17 9.60315e-18 -6.444e-15) (-6.92626e-18 -5.53862e-18 -6.25575e-15)
4100          (-5.98149e-17 2.91436e-17 -4.07598e-15) (-5.70402e-17 3.77089e-17 -1.23925e-14) (2.35799e-17 -1.05212e-16 -2.8586e-14) (2.82749e-16 1.2074e-16 -4.50841e-14) (-2.95491e-16 -3.87067e-17 -5.84919e-14) (5.19063e-16 1.51144e-16 -7.29216e-14) (-3.09256e-16 -1.55571e-16 -8.61314e-14) (-1.46023e-16 -8.1907e-17 -9.37688e-14) (-5.09349e-16 2.73409e-16 -1.01781e-13) (2.76465e-16 1.55694e-16 -1.07526e-13) (-9.5871e-17 -8.60441e-17 -1.04407e-13)
4150          (-2.80302e-18 1.2504e-18 -2.24814e-16) (-2.9142e-18 1.41539e-18 -6.84017e-16) (1.26137e-18 -5.55264e-18 -1.5868e-15) (1.54068e-17 5.45246e-18 -2.49895e-15) (-1.65386e-17 -1.5403e-18 -3.24168e-15) (2.6784e-17 8.48807e-18 -4.04297e-15) (-1.67798e-17 -8.45407e-18 -4.77289e-15) (-8.34055e-18 -4.03867e-18 -5.19155e-15) (-2.91296e-17 1.51284e-17 -5.64165e-15) (1.66532e-17 9.46563e-18 -5.95838e-15) (-5.53875e-18 -6.91378e-18 -5.78402e-15)
4200          (3.06563e-17 -1.52521e-17 2.15906e-15) (2.91561e-17 -1.93054e-17 6.56954e-15) (-1.37754e-17 5.66368e-17 1.51571e-14) (-1.48508e-16 -6.24519e-17 2.39035e-14) (1.56571e-16 2.07931e-17 3.10101e-14) (-2.76048e-16 -8.04678e-17 3.86586e-14) (1.64997e-16 8.07717e-17 4.56653e-14) (7.92147e-17 4.30365e-17 4.97169e-14) (2.7076e-16 -1.4683e-16 5.3962e-14) (-1.46996e-16 -8.31321e-17 5.70088e-14) (5.0224e-17 4.71723e-17 5.53558e-14)
4250          (3.86892e-15 -1.91624e-15 2.61807e-13) (3.66676e-15 -2.46266e-15 7.91849e-13) (-1.54374e-15 6.69634e-15 1.78746e-12) (-1.69149e-14 -7.03318e-15 2.7191e-12) (1.75356e-14 1.81251e-15 3.36909e-12) (-2.86254e-14 -8.20452e-15 3.98172e-12) (1.57717e-14 8.26636e-15 4.45258e-12) (7.78257e-15 4.17492e-15 4.59844e-12) (2.39859e-14 -1.30443e-14 4.77559e-12) (-1.25027e-14 -6.97029e-15 4.89239e-12) (4.2867e-15 3.85438e-15 4.6853e-12)
4300          (1.63889e-16 -7.89678e-17 1.10419e-14) (1.55298e-16 -1.02449e-16 3.35723e-14) (-6.38821e-17 2.81861e-16 7.74582e-14) (-7.64316e-16 -3.2211e-16 1.22157e-13) (8.03564e-16 1.02849e-16 1.58466e-13) (-1.40853e-15 -4.03752e-16 1.9756e-13) (8.38357e-16 4.20643e-16 2.33349e-13) (4.04e-16 2.20704e-16 2.54044e-13) (1.38256e-15 -7.3846e-16 2.75747e-13) (-7.54989e-16 -4.21776e-16 2.9132e-13) (2.62029e-16 2.34536e-16 2.8287e-13)
4350          (8.46556e-18 -4.1496e-18 6.12837e-16) (7.21631e-18 -6.78888e-18 1.86157e-15) (-1.52655e-18 1.39032e-17 4.29068e-15) (-4.31326e-17 -1.67944e-17 6.77209e-15) (4.34111e-17 6.81649e-18 8.78114e-15) (-7.76299e-17 -2.36059e-17 1.09501e-14) (4.70472e-17 2.33409e-17 1.29342e-14) (2.23292e-17 1.11287e-17 1.40805e-14) (7.64408e-17 -4.1495e-17 1.52843e-14) (-4.03818e-17 -2.34673e-17 1.61461e-14) (1.51407e-17 1.38764e-17 1.5681e-14)
4400          (-4.47968e-16 2.20387e-16 -3.02763e-14) (-4.21884e-16 2.81743e-16 -9.20439e-14) (1.83217e-16 -7.72968e-16 -2.12357e-13) (2.0916e-15 8.85406e-16 -3.34873e-13) (-2.20387e-15 -2.85623e-16 -4.344e-13) (3.85052e-15 1.10623e-15 -5.41519e-13) (-2.29978e-15 -1.15453e-15 -6.39569e-13) (-1.10248e-15 -6.09543e-16 -6.96249e-13) (-3.78907e-15 2.02487e-15 -7.55685e-13) (2.06979e-15 1.15468e-15 -7.98318e-13) (-7.11857e-16 -6.38703e-16 -7.75159e-13)
4450          (-2.37335e-17 1.22278e-17 -1.67615e-15) (-2.4955e-17 1.40428e-17 -5.09758e-15) (8.3393e-18 -4.16611e-17 -1.17657e-14) (1.15201e-16 4.86e-17 -1.85563e-14) (-1.22126e-16 -1.91376e-17 -2.40668e-14) (2.13998e-16 6.12027e-17 -3.00089e-14) (-1.2629e-16 -6.64486e-17 -3.54447e-14) (-6.10477e-17 -3.34307e-17 -3.85848e-14) (-2.08334e-16 1.123e-16 -4.18827e-14) (1.13949e-16 6.51009e-17 -4.4252e-14) (-4.02195e-17 -3.62098e-17 -4.29672e-14)
4500          (2.49468e-15 -1.23351e-15 1.69109e-13) (2.36521e-15 -1.5797e-15 5.13387e-13) (-1.01993e-15 4.30973e-15 1.17764e-12) (-1.14778e-14 -4.83132e-15 1.84011e-12) (1.20497e-14 1.47266e-15 2.35997e-12) (-2.07122e-14 -5.93638e-15 2.9043e-12) (1.21294e-14 6.14868e-15 3.38644e-12) (5.86973e-15 3.21984e-15 3.64242e-12) (1.96318e-14 -1.05276e-14 3.91464e-12) (-1.06208e-14 -5.91541e-15 4.1078e-12) (3.65207e-15 3.2757e-15 3.97671e-12)
4550          (1.29204e-16 -6.24643e-17 8.76669e-15) (1.22239e-16 -8.16336e-17 2.66504e-14) (-5.12509e-17 2.22199e-16 6.149e-14) (-6.05124e-16 -2.57855e-16 9.69772e-14) (6.38276e-16 8.20205e-17 1.25799e-13) (-1.11584e-15 -3.19349e-16 1.56837e-13) (6.64897e-16 3.34484e-16 1.85247e-13) (3.19234e-16 1.78913e-16 2.01677e-13) (1.09919e-15 -5.86942e-16 2.18906e-13) (-5.99665e-16 -3.33347e-16 2.31266e-13) (2.0652e-16 1.8583e-16 2.24563e-13)
4600          (6.9515e-18 -4.02467e-18 4.84298e-16) (6.95275e-18 -5.28857e-18 1.47504e-15) (-2.51064e-18 1.3739e-17 3.40565e-15) (-3.46932e-17 -1.40291e-17 5.37136e-15) (3.48195e-17 5.56475e-18 6.97231e-15) (-6.36869e-17 -1.92903e-17 8.69379e-15) (3.60699e-17 1.94052e-17 1.02717e-14) (1.69145e-17 1.09647e-17 1.11808e-14) (6.09375e-17 -3.34442e-17 1.21339e-14) (-3.05452e-17 -1.67786e-17 1.28189e-14) (1.49755e-17 1.09761e-17 1.24495e-14)
4650          (-1.80632e-15 8.89974e-16 -1.22485e-13) (-1.71495e-15 1.13914e-15 -3.72369e-13) (7.41227e-16 -3.11894e-15 -8.59094e-13) (8.45875e-15 3.57404e-15 -1.35478e-12) (-8.91836e-15 -1.14775e-15 -1.75751e-12) (1.55851e-14 4.46786e-15 -2.19102e-12) (-9.29836e-15 -4.66732e-15 -2.58788e-12) (-4.46982e-15 -2.47022e-15 -2.81738e-12) (-1.5329e-14 8.18629e-15 -3.05801e-12) (8.3791e-15 4.66493e-15 -3.23066e-12) (-2.88273e-15 -2.58583e-15 -3.13696e-12)
4700          (-9.86728e-17 4.73362e-17 -6.78705e-15) (-9.55086e-17 6.36022e-17 -2.06345e-14) (4.04957e-17 -1.74949e-16 -4.76124e-14) (4.67868e-16 2.01241e-16 -7.5087e-14) (-4.9407e-16 -6.14664e-17 -9.74061e-14) (8.63241e-16 2.48305e-16 -1.21437e-13) (-5.13504e-16 -2.59669e-16 -1.43428e-13) (-2.48691e-16 -1.37381e-16 -1.56154e-13) (-8.4796e-16 4.56308e-16 -1.69497e-13) (4.62404e-16 2.58282e-16 -1.79062e-13) (-1.58347e-16 -1.42955e-16 -1.73869e-13)
4750          (-3.03937e-18 2.63928e-18 -3.74595e-16) (-4.17586e-18 4.03581e-18 -1.14453e-15) (1.16296e-18 -9.72585e-18 -2.63956e-15) (2.77569e-17 1.24901e-17 -4.16191e-15) (-2.78681e-17 -4.15086e-18 -5.4015e-15) (4.85588e-17 1.26277e-17 -6.73252e-15) (-2.91172e-17 -1.38656e-17 -7.95015e-15) (-1.37504e-17 -6.94156e-18 -8.65419e-15) (-4.5812e-17 2.49914e-17 -9.39599e-15) (2.49689e-17 1.51132e-17 -9.92523e-15) (-8.33916e-18 -8.34054e-18 -9.63656e-15)
4800          (2.52582e-16 -1.26288e-16 1.71991e-14) (2.41453e-16 -1.61111e-16 5.22942e-14) (-1.01463e-16 4.3841e-16 1.20646e-13) (-1.18925e-15 -5.03772e-16 1.90262e-13) (1.25193e-15 1.61123e-16 2.46815e-13) (-2.18749e-15 -6.27311e-16 3.07707e-13) (1.30735e-15 6.57527e-16 3.63444e-13) (6.28563e-16 3.46852e-16 3.95681e-13) (2.15393e-15 -1.14939e-15 4.2948e-13) (-1.17327e-15 -6.53718e-16 4.53728e-13) (4.05251e-16 3.64861e-16 4.40567e-13)
4850          (1.37541e-17 -5.82591e-18 9.53212e-16) (1.38518e-17 -8.46558e-18 2.89844e-15) (-4.1771e-18 2.63805e-17 6.68668e-15) (-6.53659e-17 -2.66192e-17 1.05443e-14) (6.93921e-17 9.47839e-18 1.36814e-14) (-1.21864e-16 -3.59575e-17 1.70548e-14) (7.34128e-17 3.98431e-17 2.01405e-14) (3.22091e-17 1.92917e-17 2.19344e-14) (1.1935e-16 -6.37133e-17 2.38003e-14) (-6.52121e-17 -3.60812e-17 2.51432e-14) (2.37174e-17 2.09444e-17 2.44198e-14)
4900          (1.16843e-16 -5.81621e-17 8.03801e-15) (1.11025e-16 -7.35817e-17 2.44293e-14) (-4.7351e-17 2.06619e-16 5.6344e-14) (-5.53761e-16 -2.34788e-16 8.87971e-14) (5.8303e-16 7.50801e-17 1.151e-13) (-1.02006e-15 -2.92838e-16 1.4337e-13) (6.10243e-16 3.06691e-16 1.69187e-13) (2.90093e-16 1.59898e-16 1.84043e-13) (1.00215e-15 -5.35816e-16 1.99637e-13) (-5.44197e-16 -3.02691e-16 2.10808e-13) (1.87741e-16 1.70824e-16 2.04649e-13)
4950          (5.42498e-18 -4.02468e-18 4.41424e-16) (5.79982e-18 -4.41326e-18 1.34976e-15) (-3.99945e-18 9.86834e-18 3.11078e-15) (-3.06563e-17 -1.11287e-17 4.90328e-15) (3.08187e-17 5.51227e-18 6.36342e-15) (-5.69017e-17 -1.51421e-17 7.93349e-15) (3.19455e-17 1.52782e-17 9.3688e-15) (1.4007e-17 1.08384e-17 1.02026e-14) (5.43875e-17 -3.05324e-17 1.10727e-14) (-2.93947e-17 -1.4279e-17 1.1699e-14) (1.37239e-17 9.72572e-18 1.13589e-14)
5000          (-1.13479e-15 5.59263e-16 -7.70423e-14) (-1.07787e-15 7.17377e-16 -2.34215e-13) (4.68676e-16 -1.96193e-15 -5.40355e-13) (5.32209e-15 2.24717e-15 -8.52138e-13) (-5.60838e-15 -7.22806e-16 -1.10545e-12) (9.80286e-15 2.81079e-15 -1.37814e-12) (-5.84641e-15 -2.93532e-15 -1.62778e-12) (-2.81345e-15 -1.55177e-15 -1.77214e-12) (-9.64106e-15 5.15081e-15 -1.92352e-12) (5.27017e-15 2.93179e-15 -2.03213e-12) (-1.81266e-15 -1.62644e-15 -1.97319e-12)
