# Probe 0 (0.0015 0.0015 0)
# Probe 1 (0.0015 0.0015 0.002)
# Probe 2 (0.0015 0.0015 0.004)
# Probe 3 (0.0015 0.0015 0.006)
# Probe 4 (0.0015 0.0015 0.008)
# Probe 5 (0.0015 0.0015 0.01)
# Probe 6 (0.0015 0.0015 0.012)
# Probe 7 (0.0015 0.0015 0.014)
# Probe 8 (0.0015 0.0015 0.016)
# Probe 9 (0.0015 0.0015 0.018)
# Probe 10 (0.0015 0.0015 0.02)
# Time        0             1             2             3             4             5             6             7             8             9             10           
50            182566        182566        147785        118764        96827.2       81426.2       70684.9       62341         54307.8       44839.7       32588.1      
100           194496        194496        167656        142467        119641        99648.3       82536.9       67862.4       54800         42382.5       29754        
150           198971        198971        175479        152708        130997        110633        91808.8       74568.5       58772         44106.2       30146.5      
200           201188        201188        179423        158047        137248        117205        98066.9       79935         62840.6       46723.6       31417.9      
250           202473        202473        181730        161224        141071        121388        102278        83825.9       66086.5       49065.8       32701.3      
300           203287        203287        183198        163263        143558        124159        105137        86553.8       68453.9       50853.7       33726.7      
350           203825        203825        184170        164618        145219        126025        107082        88434.1       70111.5       52128.7       34471.9      
400           204186        204186        184824        165530        146340        127287        108402        89715.9       71248.2       53009.2       34990.4      
450           204430        204430        185264        166146        147096        128139        109295        90583.6       72019         53607.6       35343.8      
500           204594        204594        185561        166560        147605        128713        109896        91168.1       72538.3       54010.9       35582.3      
550           204704        204704        185761        166839        147948        129098        110300        91560.5       72886.8       54281.6       35742.3      
600           204778        204778        185895        167026        148177        129357        110570        91823.3       73120.3       54462.9       35849.5      
650           204828        204828        185984        167151        148331        129529        110751        91998.9       73276.2       54583.9       35921        
700           204861        204861        186044        167234        148433        129645        110871        92116         73380.1       54664.5       35968.6      
750           204882        204882        186083        167289        148500        129720        110951        92193.3       73448.8       54718         36000.3      
800           204897        204897        186109        167324        148544        129770        111003        92243.6       73493.6       54753         36021.1      
850           204906        204906        186126        167348        148573        129803        111037        92276.9       73523.2       54775.9       36034.7      
900           204912        204912        186137        167363        148592        129823        111059        92298.3       73542.2       54790.6       36043.2      
950           204916        204916        186144        167374        148605        129838        111075        92313.6       73555.9       54801.2       36049.5      
1000          204918        204918        186148        167380        148612        129846        111083        92321.9       73563.2       54806.9       36052.9      
1050          204920        204920        186152        167384        148618        129853        111089        92328.2       73568.9       54811.5       36055.7      
1100          204921        204921        186153        167386        148620        129855        111092        92330.7       73571.2       54813.3       36056.9      
1150          204921        204921        186153        167387        148621        129856        111093        92332.1       73572.5       54814.3       36057.3      
1200          204921        204921        186153        167387        148621        129856        111093        92332.1       73572.5       54814.3       36057.3      
1250          204921        204921        186153        167387        148621        129856        111093        92332.1       73572.5       54814.3       36057.3      
1300          204921        204921        186153        167387        148621        129856        111093        92332.1       73572.5       54814.3       36057.3      
1350          204921        204921        186153        167387        148621        129856        111093        92332.1       73572.5       54814.3       36057.3      
1400          204921        204921        186153        167387        148621        129856        111093        92332.1       73572.5       54814.3       36057.3      
1450          204921        204921        186153        167387        148621        129856        111093        92332.1       73572.5       54814.3       36057.3      
1500          204921        204921        186153        167387        148621        129856        111093        92332.1       73572.5       54814.3       36057.3      
1550          204921        204921        186153        167387        148621        129856        111093        92332.1       73572.5       54814.3       36057.3      
1600          204921        204921        186153        167387        148621        129856        111093        92332.1       73572.5       54814.3       36057.3      
1650          204921        204921        186153        167387        148621        129856        111093        92332.1       73572.5       54814.3       36057.3      
1700          204921        204921        186153        167387        148621        129856        111093        92332.1       73572.5       54814.3       36057.3      
1750          204921        204921        186153        167387        148621        129856        111093        92332.1       73572.5       54814.3       36057.3      
1800          204921        204921        186153        167387        148621        129856        111093        92332.1       73572.5       54814.3       36057.3      
1850          204921        204921        186153        167387        148621        129856        111093        92332.1       73572.5       54814.3       36057.3      
1900          204921        204921        186153        167387        148621        129856        111093        92332.1       73572.5       54814.3       36057.3      
1950          204921        204921        186153        167387        148621        129856        111093        92332.1       73572.5       54814.3       36057.3      
2000          204921        204921        186153        167387        148621        129856        111093        92332.1       73572.5       54814.3       36057.3      
2050          204921        204921        186153        167387        148621        129856        111093        92332.1       73572.5       54814.3       36057.3      
2100          204921        204921        186153        167387        148621        129856        111093        92332.1       73572.5       54814.3       36057.3      
2150          204921        204921        186153        167387        148621        129856        111093        92332.1       73572.5       54814.3       36057.3      
2200          204921        204921        186153        167387        148621        129856        111093        92332.1       73572.5       54814.3       36057.3      
2250          204921        204921        186153        167387        148621        129856        111093        92332.1       73572.5       54814.3       36057.3      
2300          204921        204921        186153        167387        148621        129856        111093        92332.1       73572.5       54814.3       36057.3      
2350          204921        204921        186153        167387        148621        129856        111093        92332.1       73572.5       54814.3       36057.3      
2400          204921        204921        186153        167387        148621        129856        111093        92332.1       73572.5       54814.3       36057.3      
2450          204921        204921        186153        167387        148621        129856        111093        92332.1       73572.5       54814.3       36057.3      
2500          204921        204921        186153        167387        148621        129856        111093        92332.1       73572.5       54814.3       36057.3      
2550          204921        204921        186153        167387        148621        129856        111093        92332.1       73572.5       54814.3       36057.3      
2600          204921        204921        186153        167387        148621        129856        111093        92332.1       73572.5       54814.3       36057.3      
2650          204921        204921        186153        167387        148621        129856        111093        92332.1       73572.5       54814.3       36057.3      
2700          204921        204921        186153        167387        148621        129856        111093        92332.1       73572.5       54814.3       36057.3      
2750          204921        204921        186153        167387        148621        129856        111093        92332.1       73572.5       54814.3       36057.3      
2800          204921        204921        186153        167387        148621        129856        111093        92332.1       73572.5       54814.3       36057.3      
2850          204921        204921        186153        167387        148621        129856        111093        92332.1       73572.5       54814.3       36057.3      
2900          204921        204921        186153        167387        148621        129856        111093        92332.1       73572.5       54814.3       36057.3      
2950          204921        204921        186153        167387        148621        129856        111093        92332.1       73572.5       54814.3       36057.3      
3000          204921        204921        186153        167387        148621        129856        111093        92332.1       73572.5       54814.3       36057.3      
3050          204921        204921        186153        167387        148621        129856        111093        92332.1       73572.5       54814.3       36057.3      
3100          204921        204921        186153        167387        148621        129856        111093        92332.1       73572.5       54814.3       36057.3      
3150          204921        204921        186153        167387        148621        129856        111093        92332.1       73572.5       54814.3       36057.3      
3200          204921        204921        186153        167387        148621        129856        111093        92332.1       73572.5       54814.3       36057.3      
3250          204921        204921        186153        167387        148621        129856        111093        92332.1       73572.5       54814.3       36057.3      
3300          204921        204921        186153        167387        148621        129856        111093        92332.1       73572.5       54814.3       36057.3      
3350          204921        204921        186153        167387        148621        129856        111093        92332.1       73572.5       54814.3       36057.3      
3400          204921        204921        186153        167387        148621        129856        111093        92332.1       73572.5       54814.3       36057.3      
3450          204921        204921        186153        167387        148621        129856        111093        92332.1       73572.5       54814.3       36057.3      
3500          204921        204921        186153        167387        148621        129856        111093        92332.1       73572.5       54814.3       36057.3      
3550          204921        204921        186153        167387        148621        129856        111093        92332.1       73572.5       54814.3       36057.3      
3600          204921        204921        186153        167387        148621        129856        111093        92332.1       73572.5       54814.3       36057.3      
3650          204921        204921        186153        167387        148621        129856        111093        92332.1       73572.5       54814.3       36057.3      
3700          204921        204921        186153        167387        148621        129856        111093        92332.1       73572.5       54814.3       36057.3      
3750          204921        204921        186153        167387        148621        129856        111093        92332.1       73572.5       54814.3       36057.3      
3800          204921        204921        186153        167387        148621        129856        111093        92332.1       73572.5       54814.3       36057.3      
3850          204921        204921        186153        167387        148621        129856        111093        92332.1       73572.5       54814.3       36057.3      
3900          204921        204921        186153        167387        148621        129856        111093        92332.1       73572.5       54814.3       36057.3      
3950          204921        204921        186153        167387        148621        129856        111093        92332.1       73572.5       54814.3       36057.3      
4000          204921        204921        186153        167387        148621        129856        111093        92332.1       73572.5       54814.3       36057.3      
4050          204921        204921        186153        167387        148621        129856        111093        92332.1       73572.5       54814.3       36057.3      
4100          204921        204921        186153        167387        148621        129856        111093        92332.1       73572.5       54814.3       36057.3      
4150          204921        204921        186153        167387        148621        129856        111093        92332.1       73572.5       54814.3       36057.3      
4200          204921        204921        186153        167387        148621        129856        111093        92332.1       73572.5       54814.3       36057.3      
4250          204921        204921        186153        167387        148621        129856        111093        92332.1       73572.5       54814.3       36057.3      
4300          204921        204921        186153        167387        148621        129856        111093        92332.1       73572.5       54814.3       36057.3      
4350          204921        204921        186153        167387        148621        129856        111093        92332.1       73572.5       54814.3       36057.3      
4400          204921        204921        186153        167387        148621        129856        111093        92332.1       73572.5       54814.3       36057.3      
4450          204921        204921        186153        167387        148621        129856        111093        92332.1       73572.5       54814.3       36057.3      
4500          204921        204921        186153        167387        148621        129856        111093        92332.1       73572.5       54814.3       36057.3      
4550          204921        204921        186153        167387        148621        129856        111093        92332.1       73572.5       54814.3       36057.3      
4600          204921        204921        186153        167387        148621        129856        111093        92332.1       73572.5       54814.3       36057.3      
4650          204921        204921        186153        167387        148621        129856        111093        92332.1       73572.5       54814.3       36057.3      
4700          204921        204921        186153        167387        148621        129856        111093        92332.1       73572.5       54814.3       36057.3      
4750          204921        204921        186153        167387        148621        129856        111093        92332.1       73572.5       54814.3       36057.3      
4800          204921        204921        186153        167387        148621        129856        111093        92332.1       73572.5       54814.3       36057.3      
4850          204921        204921        186153        167387        148621        129856        111093        92332.1       73572.5       54814.3       36057.3      
4900          204921        204921        186153        167387        148621        129856        111093        92332.1       73572.5       54814.3       36057.3      
4950          204921        204921        186153        167387        148621        129856        111093        92332.1       73572.5       54814.3       36057.3      
5000          204921        204921        186153        167387        148621        129856        111093        92332.1       73572.5       54814.3       36057.3      
