# Probe 0 (0.0015 0.0015 0)
# Probe 1 (0.0015 0.0015 0.002)
# Probe 2 (0.0015 0.0015 0.004)
# Probe 3 (0.0015 0.0015 0.006)
# Probe 4 (0.0015 0.0015 0.008)
# Probe 5 (0.0015 0.0015 0.01)
# Probe 6 (0.0015 0.0015 0.012)
# Probe 7 (0.0015 0.0015 0.014)
# Probe 8 (0.0015 0.0015 0.016)
# Probe 9 (0.0015 0.0015 0.018)
# Probe 10 (0.0015 0.0015 0.02)
# Time        0             1             2             3             4             5             6             7             8             9             10           
50            (-0.0192656 -0.0192656 12117.8) (-0.0192656 -0.0192656 12117.8) (-0.00957428 -0.00957428 10633) (0.00106101 0.00106101 8492.4) (0.00825331 0.00825335 6222.55) (0.0100584 0.0100587 4356.79) (0.00906024 0.00906027 3180.67) (0.0070045 0.00700446 2729.34) (0.00454474 0.00454429 2916.7) (0.00247155 0.00247151 3619.73) (-0.00387779 -0.00387779 4672.03)
100           (0.0232803 0.0232803 9090.08) (0.0232803 0.0232803 9090.08) (0.019903 0.019903 8671.1) (0.0145819 0.0145819 8002.08) (0.0057636 0.00576366 7135.93) (-0.00371053 -0.0037101 6183.59) (-0.010493 -0.0104929 5297.32) (-0.0128905 -0.0128905 4622.52) (-0.0116269 -0.0116275 4246.37) (-0.00790973 -0.00790981 4174.07) (6.32657e-05 6.32594e-05 4329.99)
150           (-0.0180825 -0.0180825 7892.95) (-0.0180825 -0.0180825 7892.95) (-0.0159928 -0.0159928 7709.88) (-0.0133273 -0.0133273 7413.21) (-0.00868972 -0.00868984 7012.18) (-0.00277003 -0.00277107 6530.88) (0.00331248 0.00331239 6010.3) (0.00802903 0.00802939 5505.78) (0.00993846 0.00994171 5076.73) (0.00852685 0.00852721 4770.61) (0.00534702 0.00534705 4607.9)
200           (0.0124368 0.0124368 7288.36) (0.0124368 0.0124368 7288.36) (0.0111506 0.0111506 7189.78) (0.00953928 0.00953928 7028.66) (0.00705668 0.00705668 6806.52) (0.00397082 0.00397082 6529.84) (0.000622495 0.000622506 6211.31) (-0.00256559 -0.00256547 5870.68) (-0.00522877 -0.0052278 5534.89) (-0.00726843 -0.0072683 5236.79) (-0.00919385 -0.00919384 5013.85)
250           (0.00756779 0.00756779 6934.47) (0.00756779 0.00756779 6934.47) (0.0069627 0.0069627 6874.48) (0.00621457 0.00621457 6776) (0.00495372 0.00495371 6638.9) (0.0032553 0.00325519 6465.24) (0.00121622 0.0012162 6259.93) (-0.00100505 -0.00100519 6031.47) (-0.0032065 -0.00320771 5792.99) (-0.00517269 -0.00517283 5563.84) (-0.00702163 -0.00702164 5373.64)
300           (0.00528643 0.00528643 6709.19) (0.00528643 0.00528643 6709.19) (0.00493586 0.00493586 6670.28) (0.00450473 0.00450473 6606.33) (0.00372209 0.00372208 6516.97) (0.00261332 0.00261322 6403.07) (0.00120837 0.00120834 6267.05) (-0.000423935 -0.000424064 6113.43) (-0.00216486 -0.002166 5949.64) (-0.00381001 -0.00381014 5787.5) (-0.00536555 -0.00536556 5647.2)
350           (0.00367866 0.00367866 6559.96) (0.00367866 0.00367866 6559.96) (0.00345592 0.00345592 6534.03) (0.00318269 0.00318269 6491.41) (0.00266743 0.00266742 6431.84) (0.00192075 0.00192068 6355.79) (0.000953102 0.000953086 6264.72) (-0.000200727 -0.000200825 6161.41) (-0.00146854 -0.00146939 6050.5) (-0.00269661 -0.00269671 5939.56) (-0.00387123 -0.00387124 5841.95)
400           (0.000465878 0.000465878 6459.66) (0.000465878 0.000465878 6459.66) (0.000475073 0.000475073 6442.22) (0.000418884 0.000418881 6413.57) (0.000357273 0.000357244 6373.56) (0.000257807 0.000257536 6322.5) (0.000119412 0.000119374 6261.37) (-4.87506e-05 -4.88725e-05 6191.99) (-0.000227998 -0.000229104 6117.41) (-0.000398243 -0.000398363 6042.58) (-0.000303807 -0.000303817 5976.34)
450           (-0.00195627 -0.00195627 6392.01) (-0.00195627 -0.00195627 6392.01) (-0.0015785 -0.0015785 6380.27) (-0.00116208 -0.00116208 6360.99) (-0.000677529 -0.000677561 6334.09) (-0.000258247 -0.000258528 6299.8) (2.88052e-05 2.8762e-05 6258.78) (0.000183583 0.000183449 6212.27) (0.000278093 0.000276937 6162.29) (0.000422601 0.00042247 6112.14) (0.00104656 0.00104655 6067.66)
500           (-0.00133212 -0.00133212 6346.43) (-0.00133212 -0.00133212 6346.43) (-0.00105719 -0.00105719 6338.54) (-0.000759812 -0.000759814 6325.58) (-0.000431643 -0.000431664 6307.52) (-0.000163583 -0.000163772 6284.52) (8.92674e-06 8.89758e-06 6257.03) (9.97078e-05 9.96172e-05 6225.9) (0.000166223 0.000165442 6192.47) (0.000282092 0.000282004 6158.95) (0.000729032 0.000729024 6129.2)
550           (-0.00657801 -0.00657801 6315.8) (-0.00657801 -0.00657801 6315.8) (-0.00637237 -0.00637237 6310.49) (-0.00611898 -0.00611898 6301.8) (-0.00543394 -0.00543397 6289.7) (-0.00432449 -0.00432472 6274.29) (-0.00278737 -0.0027874 6255.9) (-0.000839103 -0.000839184 6235.08) (0.00147351 0.00147282 6212.75) (0.00406127 0.00406119 6190.36) (0.00727769 0.00727769 6170.51)
600           (0.00423121 0.00423121 6295.25) (0.00423121 0.00423121 6295.25) (0.00396108 0.00396108 6291.69) (0.00368531 0.0036853 6285.87) (0.00314224 0.00314214 6277.76) (0.00233917 0.00233853 6267.45) (0.00127811 0.00127799 6255.16) (-2.10978e-05 -2.12785e-05 6241.25) (-0.00151423 -0.00151549 6226.34) (-0.00310874 -0.00310892 6211.41) (-0.00494946 -0.00494948 6198.17)
650           (0.00105312 0.00105312 6281.51) (0.00105312 0.00105312 6281.51) (0.000705884 0.000705881 6279.12) (0.000430002 0.000429981 6275.23) (0.000109376 0.000109266 6269.8) (-0.000239725 -0.000240164 6262.9) (-0.00060361 -0.000603732 6254.68) (-0.000963825 -0.000963963 6245.39) (-0.00129316 -0.00129397 6235.43) (-0.00154155 -0.00154169 6225.47) (-0.00178551 -0.00178554 6216.64)
700           (-0.000144874 -0.00014494 6272.32) (-0.000144874 -0.00014494 6272.32) (0.000174196 0.00017396 6270.73) (0.000539384 0.000538878 6268.13) (0.000782074 0.000781594 6264.5) (0.000915424 0.000914367 6259.88) (0.000846582 0.000846579 6254.38) (0.000521695 0.000522097 6248.16) (-0.000126858 -0.000126625 6241.51) (-0.00109125 -0.00109119 6234.85) (-0.00272764 -0.00272778 6228.94)
750           (0.00128998 0.00128995 6266.31) (0.00128998 0.00128995 6266.31) (0.000878203 0.000878134 6265.22) (0.00052287 0.000522765 6263.44) (0.000144279 0.000144142 6260.98) (-0.000189528 -0.000189967 6257.85) (-0.000494241 -0.000494264 6254.13) (-0.000779479 -0.000779449 6249.95) (-0.00105975 -0.00106024 6245.48) (-0.0013236 -0.00132361 6241.03) (-0.00201746 -0.00201747 6237.09)
800           (0.000833342 0.00083347 6262.38) (0.000833342 0.00083347 6262.38) (0.00147234 0.00147261 6261.63) (0.00217803 0.00217841 6260.41) (0.00251474 0.0025151 6258.7) (0.00208876 0.00208895 6256.54) (0.00103188 0.00103181 6253.97) (-0.000447837 -0.000448148 6251.1) (-0.00201935 -0.00201972 6248.04) (-0.00308572 -0.00308594 6245.03) (-0.00135615 -0.00135615 6242.42)
850           (0.000334482 0.000334573 6259.77) (0.000334482 0.000334573 6259.77) (0.000845058 0.000845238 6259.24) (0.00152558 0.00152584 6258.38) (0.00188384 0.00188395 6257.19) (0.00149097 0.00149028 6255.68) (0.00044413 0.000443931 6253.89) (-0.00103849 -0.00103889 6251.88) (-0.00257729 -0.00257881 6249.77) (-0.00337496 -0.00337533 6247.7) (-0.00106904 -0.00106906 6245.93)
900           (0.00428737 0.00428732 6258.14) (0.00428737 0.00428732 6258.14) (0.00418009 0.00417999 6257.73) (0.003836 0.00383584 6257.09) (0.00325271 0.00325252 6256.2) (0.00255449 0.00255407 6255.09) (0.00171383 0.00171383 6253.8) (0.000717648 0.000717744 6252.38) (-0.000429612 -0.000429933 6250.89) (-0.00175109 -0.00175102 6249.43) (-0.00418654 -0.00418653 6248.17)
950           (0.00123165 0.00123161 6256.95) (0.00123165 0.00123161 6256.95) (0.00119349 0.00119339 6256.65) (0.000914529 0.000914367 6256.16) (0.00060982 0.000609905 6255.49) (0.000454147 0.00045432 6254.68) (0.000422619 0.000422937 6253.75) (0.000500691 0.000501322 6252.72) (0.000656644 0.000657336 6251.67) (0.000740437 0.000741073 6250.66) (-0.000820549 -0.000820546 6249.79)
1000          (0.00127072 0.00127068 6256.32) (0.00127072 0.00127068 6256.32) (0.00120641 0.00120632 6256.07) (0.000900571 0.000900421 6255.66) (0.000547323 0.000547638 6255.12) (0.000351108 0.000351705 6254.46) (0.000307133 0.000307727 6253.71) (0.000438101 0.00043929 6252.91) (0.000750031 0.000751797 6252.09) (0.00107636 0.00107761 6251.33) (-0.000907737 -0.000907725 6250.66)
1050          (0.000728648 0.000728672 6255.84) (0.000728648 0.000728672 6255.84) (0.000644205 0.000644264 6255.62) (0.000652351 0.000652441 6255.28) (0.000614299 0.000613893 6254.83) (0.00037546 0.000375214 6254.29) (-6.19458e-05 -6.25888e-05 6253.68) (-0.00072739 -0.00072878 6253.03) (-0.00164139 -0.00164231 6252.39) (-0.00266913 -0.0026706 6251.8) (-0.00147921 -0.00147922 6251.35)
1100          (0.000745791 0.000745811 6255.65) (0.000745791 0.000745811 6255.65) (0.000663943 0.000663995 6255.45) (0.000665058 0.000665135 6255.13) (0.00062179 0.000621295 6254.71) (0.000390598 0.000390217 6254.21) (-2.5152e-05 -2.58975e-05 6253.66) (-0.000661412 -0.00066313 6253.07) (-0.0015557 -0.00155698 6252.51) (-0.0026308 -0.00263262 6252) (-0.00152732 -0.00152734 6251.63)
1150          (0.00105831 0.00105829 6255.56) (0.00105831 0.00105829 6255.56) (0.00101973 0.00101967 6255.36) (0.000806843 0.000806759 6255.05) (0.000538108 0.000538711 6254.64) (0.000361352 0.000362334 6254.17) (0.000269957 0.000270843 6253.64) (0.000311245 0.000313498 6253.1) (0.000548052 0.000552364 6252.58) (0.000989808 0.000992205 6252.13) (-0.000783305 -0.000783277 6251.78)
1200          (0.00105831 0.00105829 6255.56) (0.00105831 0.00105829 6255.56) (0.00101973 0.00101967 6255.36) (0.000806843 0.000806759 6255.05) (0.000538108 0.000538711 6254.64) (0.000361352 0.000362334 6254.17) (0.000269957 0.000270843 6253.64) (0.000311245 0.000313498 6253.1) (0.000548052 0.000552364 6252.58) (0.000989808 0.000992205 6252.13) (-0.000783305 -0.000783277 6251.78)
1250          (0.00105831 0.00105829 6255.56) (0.00105831 0.00105829 6255.56) (0.00101973 0.00101967 6255.36) (0.000806843 0.000806759 6255.05) (0.000538108 0.000538711 6254.64) (0.000361352 0.000362334 6254.17) (0.000269957 0.000270843 6253.64) (0.000311245 0.000313498 6253.1) (0.000548052 0.000552364 6252.58) (0.000989808 0.000992205 6252.13) (-0.000783305 -0.000783277 6251.78)
1300          (0.00105831 0.00105829 6255.56) (0.00105831 0.00105829 6255.56) (0.00101973 0.00101967 6255.36) (0.000806843 0.000806759 6255.05) (0.000538108 0.000538711 6254.64) (0.000361352 0.000362334 6254.17) (0.000269957 0.000270843 6253.64) (0.000311245 0.000313498 6253.1) (0.000548052 0.000552364 6252.58) (0.000989808 0.000992205 6252.13) (-0.000783305 -0.000783277 6251.78)
1350          (0.00105831 0.00105829 6255.56) (0.00105831 0.00105829 6255.56) (0.00101973 0.00101967 6255.36) (0.000806843 0.000806759 6255.05) (0.000538108 0.000538711 6254.64) (0.000361352 0.000362334 6254.17) (0.000269957 0.000270843 6253.64) (0.000311245 0.000313498 6253.1) (0.000548052 0.000552364 6252.58) (0.000989808 0.000992205 6252.13) (-0.000783305 -0.000783277 6251.78)
1400          (0.00105831 0.00105829 6255.56) (0.00105831 0.00105829 6255.56) (0.00101973 0.00101967 6255.36) (0.000806843 0.000806759 6255.05) (0.000538108 0.000538711 6254.64) (0.000361352 0.000362334 6254.17) (0.000269957 0.000270843 6253.64) (0.000311245 0.000313498 6253.1) (0.000548052 0.000552364 6252.58) (0.000989808 0.000992205 6252.13) (-0.000783305 -0.000783277 6251.78)
1450          (0.00105831 0.00105829 6255.56) (0.00105831 0.00105829 6255.56) (0.00101973 0.00101967 6255.36) (0.000806843 0.000806759 6255.05) (0.000538108 0.000538711 6254.64) (0.000361352 0.000362334 6254.17) (0.000269957 0.000270843 6253.64) (0.000311245 0.000313498 6253.1) (0.000548052 0.000552364 6252.58) (0.000989808 0.000992205 6252.13) (-0.000783305 -0.000783277 6251.78)
1500          (0.00105831 0.00105829 6255.56) (0.00105831 0.00105829 6255.56) (0.00101973 0.00101967 6255.36) (0.000806843 0.000806759 6255.05) (0.000538108 0.000538711 6254.64) (0.000361352 0.000362334 6254.17) (0.000269957 0.000270843 6253.64) (0.000311245 0.000313498 6253.1) (0.000548052 0.000552364 6252.58) (0.000989808 0.000992205 6252.13) (-0.000783305 -0.000783277 6251.78)
1550          (0.00105831 0.00105829 6255.56) (0.00105831 0.00105829 6255.56) (0.00101973 0.00101967 6255.36) (0.000806843 0.000806759 6255.05) (0.000538108 0.000538711 6254.64) (0.000361352 0.000362334 6254.17) (0.000269957 0.000270843 6253.64) (0.000311245 0.000313498 6253.1) (0.000548052 0.000552364 6252.58) (0.000989808 0.000992205 6252.13) (-0.000783305 -0.000783277 6251.78)
1600          (0.00105831 0.00105829 6255.56) (0.00105831 0.00105829 6255.56) (0.00101973 0.00101967 6255.36) (0.000806843 0.000806759 6255.05) (0.000538108 0.000538711 6254.64) (0.000361352 0.000362334 6254.17) (0.000269957 0.000270843 6253.64) (0.000311245 0.000313498 6253.1) (0.000548052 0.000552364 6252.58) (0.000989808 0.000992205 6252.13) (-0.000783305 -0.000783277 6251.78)
1650          (0.00105831 0.00105829 6255.56) (0.00105831 0.00105829 6255.56) (0.00101973 0.00101967 6255.36) (0.000806843 0.000806759 6255.05) (0.000538108 0.000538711 6254.64) (0.000361352 0.000362334 6254.17) (0.000269957 0.000270843 6253.64) (0.000311245 0.000313498 6253.1) (0.000548052 0.000552364 6252.58) (0.000989808 0.000992205 6252.13) (-0.000783305 -0.000783277 6251.78)
1700          (0.00105831 0.00105829 6255.56) (0.00105831 0.00105829 6255.56) (0.00101973 0.00101967 6255.36) (0.000806843 0.000806759 6255.05) (0.000538108 0.000538711 6254.64) (0.000361352 0.000362334 6254.17) (0.000269957 0.000270843 6253.64) (0.000311245 0.000313498 6253.1) (0.000548052 0.000552364 6252.58) (0.000989808 0.000992205 6252.13) (-0.000783305 -0.000783277 6251.78)
1750          (0.00105831 0.00105829 6255.56) (0.00105831 0.00105829 6255.56) (0.00101973 0.00101967 6255.36) (0.000806843 0.000806759 6255.05) (0.000538108 0.000538711 6254.64) (0.000361352 0.000362334 6254.17) (0.000269957 0.000270843 6253.64) (0.000311245 0.000313498 6253.1) (0.000548052 0.000552364 6252.58) (0.000989808 0.000992205 6252.13) (-0.000783305 -0.000783277 6251.78)
1800          (0.00105831 0.00105829 6255.56) (0.00105831 0.00105829 6255.56) (0.00101973 0.00101967 6255.36) (0.000806843 0.000806759 6255.05) (0.000538108 0.000538711 6254.64) (0.000361352 0.000362334 6254.17) (0.000269957 0.000270843 6253.64) (0.000311245 0.000313498 6253.1) (0.000548052 0.000552364 6252.58) (0.000989808 0.000992205 6252.13) (-0.000783305 -0.000783277 6251.78)
1850          (0.00105831 0.00105829 6255.56) (0.00105831 0.00105829 6255.56) (0.00101973 0.00101967 6255.36) (0.000806843 0.000806759 6255.05) (0.000538108 0.000538711 6254.64) (0.000361352 0.000362334 6254.17) (0.000269957 0.000270843 6253.64) (0.000311245 0.000313498 6253.1) (0.000548052 0.000552364 6252.58) (0.000989808 0.000992205 6252.13) (-0.000783305 -0.000783277 6251.78)
1900          (0.00105831 0.00105829 6255.56) (0.00105831 0.00105829 6255.56) (0.00101973 0.00101967 6255.36) (0.000806843 0.000806759 6255.05) (0.000538108 0.000538711 6254.64) (0.000361352 0.000362334 6254.17) (0.000269957 0.000270843 6253.64) (0.000311245 0.000313498 6253.1) (0.000548052 0.000552364 6252.58) (0.000989808 0.000992205 6252.13) (-0.000783305 -0.000783277 6251.78)
1950          (0.00105831 0.00105829 6255.56) (0.00105831 0.00105829 6255.56) (0.00101973 0.00101967 6255.36) (0.000806843 0.000806759 6255.05) (0.000538108 0.000538711 6254.64) (0.000361352 0.000362334 6254.17) (0.000269957 0.000270843 6253.64) (0.000311245 0.000313498 6253.1) (0.000548052 0.000552364 6252.58) (0.000989808 0.000992205 6252.13) (-0.000783305 -0.000783277 6251.78)
2000          (0.00105831 0.00105829 6255.56) (0.00105831 0.00105829 6255.56) (0.00101973 0.00101967 6255.36) (0.000806843 0.000806759 6255.05) (0.000538108 0.000538711 6254.64) (0.000361352 0.000362334 6254.17) (0.000269957 0.000270843 6253.64) (0.000311245 0.000313498 6253.1) (0.000548052 0.000552364 6252.58) (0.000989808 0.000992205 6252.13) (-0.000783305 -0.000783277 6251.78)
2050          (0.00105831 0.00105829 6255.56) (0.00105831 0.00105829 6255.56) (0.00101973 0.00101967 6255.36) (0.000806843 0.000806759 6255.05) (0.000538108 0.000538711 6254.64) (0.000361352 0.000362334 6254.17) (0.000269957 0.000270843 6253.64) (0.000311245 0.000313498 6253.1) (0.000548052 0.000552364 6252.58) (0.000989808 0.000992205 6252.13) (-0.000783305 -0.000783277 6251.78)
2100          (0.00105831 0.00105829 6255.56) (0.00105831 0.00105829 6255.56) (0.00101973 0.00101967 6255.36) (0.000806843 0.000806759 6255.05) (0.000538108 0.000538711 6254.64) (0.000361352 0.000362334 6254.17) (0.000269957 0.000270843 6253.64) (0.000311245 0.000313498 6253.1) (0.000548052 0.000552364 6252.58) (0.000989808 0.000992205 6252.13) (-0.000783305 -0.000783277 6251.78)
2150          (0.00105831 0.00105829 6255.56) (0.00105831 0.00105829 6255.56) (0.00101973 0.00101967 6255.36) (0.000806843 0.000806759 6255.05) (0.000538108 0.000538711 6254.64) (0.000361352 0.000362334 6254.17) (0.000269957 0.000270843 6253.64) (0.000311245 0.000313498 6253.1) (0.000548052 0.000552364 6252.58) (0.000989808 0.000992205 6252.13) (-0.000783305 -0.000783277 6251.78)
2200          (0.00105831 0.00105829 6255.56) (0.00105831 0.00105829 6255.56) (0.00101973 0.00101967 6255.36) (0.000806843 0.000806759 6255.05) (0.000538108 0.000538711 6254.64) (0.000361352 0.000362334 6254.17) (0.000269957 0.000270843 6253.64) (0.000311245 0.000313498 6253.1) (0.000548052 0.000552364 6252.58) (0.000989808 0.000992205 6252.13) (-0.000783305 -0.000783277 6251.78)
2250          (0.00105831 0.00105829 6255.56) (0.00105831 0.00105829 6255.56) (0.00101973 0.00101967 6255.36) (0.000806843 0.000806759 6255.05) (0.000538108 0.000538711 6254.64) (0.000361352 0.000362334 6254.17) (0.000269957 0.000270843 6253.64) (0.000311245 0.000313498 6253.1) (0.000548052 0.000552364 6252.58) (0.000989808 0.000992205 6252.13) (-0.000783305 -0.000783277 6251.78)
2300          (0.00105831 0.00105829 6255.56) (0.00105831 0.00105829 6255.56) (0.00101973 0.00101967 6255.36) (0.000806843 0.000806759 6255.05) (0.000538108 0.000538711 6254.64) (0.000361352 0.000362334 6254.17) (0.000269957 0.000270843 6253.64) (0.000311245 0.000313498 6253.1) (0.000548052 0.000552364 6252.58) (0.000989808 0.000992205 6252.13) (-0.000783305 -0.000783277 6251.78)
2350          (0.00105831 0.00105829 6255.56) (0.00105831 0.00105829 6255.56) (0.00101973 0.00101967 6255.36) (0.000806843 0.000806759 6255.05) (0.000538108 0.000538711 6254.64) (0.000361352 0.000362334 6254.17) (0.000269957 0.000270843 6253.64) (0.000311245 0.000313498 6253.1) (0.000548052 0.000552364 6252.58) (0.000989808 0.000992205 6252.13) (-0.000783305 -0.000783277 6251.78)
2400          (0.00105831 0.00105829 6255.56) (0.00105831 0.00105829 6255.56) (0.00101973 0.00101967 6255.36) (0.000806843 0.000806759 6255.05) (0.000538108 0.000538711 6254.64) (0.000361352 0.000362334 6254.17) (0.000269957 0.000270843 6253.64) (0.000311245 0.000313498 6253.1) (0.000548052 0.000552364 6252.58) (0.000989808 0.000992205 6252.13) (-0.000783305 -0.000783277 6251.78)
2450          (0.00105831 0.00105829 6255.56) (0.00105831 0.00105829 6255.56) (0.00101973 0.00101967 6255.36) (0.000806843 0.000806759 6255.05) (0.000538108 0.000538711 6254.64) (0.000361352 0.000362334 6254.17) (0.000269957 0.000270843 6253.64) (0.000311245 0.000313498 6253.1) (0.000548052 0.000552364 6252.58) (0.000989808 0.000992205 6252.13) (-0.000783305 -0.000783277 6251.78)
2500          (0.00105831 0.00105829 6255.56) (0.00105831 0.00105829 6255.56) (0.00101973 0.00101967 6255.36) (0.000806843 0.000806759 6255.05) (0.000538108 0.000538711 6254.64) (0.000361352 0.000362334 6254.17) (0.000269957 0.000270843 6253.64) (0.000311245 0.000313498 6253.1) (0.000548052 0.000552364 6252.58) (0.000989808 0.000992205 6252.13) (-0.000783305 -0.000783277 6251.78)
2550          (0.00105831 0.00105829 6255.56) (0.00105831 0.00105829 6255.56) (0.00101973 0.00101967 6255.36) (0.000806843 0.000806759 6255.05) (0.000538108 0.000538711 6254.64) (0.000361352 0.000362334 6254.17) (0.000269957 0.000270843 6253.64) (0.000311245 0.000313498 6253.1) (0.000548052 0.000552364 6252.58) (0.000989808 0.000992205 6252.13) (-0.000783305 -0.000783277 6251.78)
2600          (0.00105831 0.00105829 6255.56) (0.00105831 0.00105829 6255.56) (0.00101973 0.00101967 6255.36) (0.000806843 0.000806759 6255.05) (0.000538108 0.000538711 6254.64) (0.000361352 0.000362334 6254.17) (0.000269957 0.000270843 6253.64) (0.000311245 0.000313498 6253.1) (0.000548052 0.000552364 6252.58) (0.000989808 0.000992205 6252.13) (-0.000783305 -0.000783277 6251.78)
2650          (0.00105831 0.00105829 6255.56) (0.00105831 0.00105829 6255.56) (0.00101973 0.00101967 6255.36) (0.000806843 0.000806759 6255.05) (0.000538108 0.000538711 6254.64) (0.000361352 0.000362334 6254.17) (0.000269957 0.000270843 6253.64) (0.000311245 0.000313498 6253.1) (0.000548052 0.000552364 6252.58) (0.000989808 0.000992205 6252.13) (-0.000783305 -0.000783277 6251.78)
2700          (0.00105831 0.00105829 6255.56) (0.00105831 0.00105829 6255.56) (0.00101973 0.00101967 6255.36) (0.000806843 0.000806759 6255.05) (0.000538108 0.000538711 6254.64) (0.000361352 0.000362334 6254.17) (0.000269957 0.000270843 6253.64) (0.000311245 0.000313498 6253.1) (0.000548052 0.000552364 6252.58) (0.000989808 0.000992205 6252.13) (-0.000783305 -0.000783277 6251.78)
2750          (0.00105831 0.00105829 6255.56) (0.00105831 0.00105829 6255.56) (0.00101973 0.00101967 6255.36) (0.000806843 0.000806759 6255.05) (0.000538108 0.000538711 6254.64) (0.000361352 0.000362334 6254.17) (0.000269957 0.000270843 6253.64) (0.000311245 0.000313498 6253.1) (0.000548052 0.000552364 6252.58) (0.000989808 0.000992205 6252.13) (-0.000783305 -0.000783277 6251.78)
2800          (0.00105831 0.00105829 6255.56) (0.00105831 0.00105829 6255.56) (0.00101973 0.00101967 6255.36) (0.000806843 0.000806759 6255.05) (0.000538108 0.000538711 6254.64) (0.000361352 0.000362334 6254.17) (0.000269957 0.000270843 6253.64) (0.000311245 0.000313498 6253.1) (0.000548052 0.000552364 6252.58) (0.000989808 0.000992205 6252.13) (-0.000783305 -0.000783277 6251.78)
2850          (0.00105831 0.00105829 6255.56) (0.00105831 0.00105829 6255.56) (0.00101973 0.00101967 6255.36) (0.000806843 0.000806759 6255.05) (0.000538108 0.000538711 6254.64) (0.000361352 0.000362334 6254.17) (0.000269957 0.000270843 6253.64) (0.000311245 0.000313498 6253.1) (0.000548052 0.000552364 6252.58) (0.000989808 0.000992205 6252.13) (-0.000783305 -0.000783277 6251.78)
2900          (0.00105831 0.00105829 6255.56) (0.00105831 0.00105829 6255.56) (0.00101973 0.00101967 6255.36) (0.000806843 0.000806759 6255.05) (0.000538108 0.000538711 6254.64) (0.000361352 0.000362334 6254.17) (0.000269957 0.000270843 6253.64) (0.000311245 0.000313498 6253.1) (0.000548052 0.000552364 6252.58) (0.000989808 0.000992205 6252.13) (-0.000783305 -0.000783277 6251.78)
2950          (0.00105831 0.00105829 6255.56) (0.00105831 0.00105829 6255.56) (0.00101973 0.00101967 6255.36) (0.000806843 0.000806759 6255.05) (0.000538108 0.000538711 6254.64) (0.000361352 0.000362334 6254.17) (0.000269957 0.000270843 6253.64) (0.000311245 0.000313498 6253.1) (0.000548052 0.000552364 6252.58) (0.000989808 0.000992205 6252.13) (-0.000783305 -0.000783277 6251.78)
3000          (0.00105831 0.00105829 6255.56) (0.00105831 0.00105829 6255.56) (0.00101973 0.00101967 6255.36) (0.000806843 0.000806759 6255.05) (0.000538108 0.000538711 6254.64) (0.000361352 0.000362334 6254.17) (0.000269957 0.000270843 6253.64) (0.000311245 0.000313498 6253.1) (0.000548052 0.000552364 6252.58) (0.000989808 0.000992205 6252.13) (-0.000783305 -0.000783277 6251.78)
3050          (0.00105831 0.00105829 6255.56) (0.00105831 0.00105829 6255.56) (0.00101973 0.00101967 6255.36) (0.000806843 0.000806759 6255.05) (0.000538108 0.000538711 6254.64) (0.000361352 0.000362334 6254.17) (0.000269957 0.000270843 6253.64) (0.000311245 0.000313498 6253.1) (0.000548052 0.000552364 6252.58) (0.000989808 0.000992205 6252.13) (-0.000783305 -0.000783277 6251.78)
3100          (0.00105831 0.00105829 6255.56) (0.00105831 0.00105829 6255.56) (0.00101973 0.00101967 6255.36) (0.000806843 0.000806759 6255.05) (0.000538108 0.000538711 6254.64) (0.000361352 0.000362334 6254.17) (0.000269957 0.000270843 6253.64) (0.000311245 0.000313498 6253.1) (0.000548052 0.000552364 6252.58) (0.000989808 0.000992205 6252.13) (-0.000783305 -0.000783277 6251.78)
3150          (0.00105831 0.00105829 6255.56) (0.00105831 0.00105829 6255.56) (0.00101973 0.00101967 6255.36) (0.000806843 0.000806759 6255.05) (0.000538108 0.000538711 6254.64) (0.000361352 0.000362334 6254.17) (0.000269957 0.000270843 6253.64) (0.000311245 0.000313498 6253.1) (0.000548052 0.000552364 6252.58) (0.000989808 0.000992205 6252.13) (-0.000783305 -0.000783277 6251.78)
3200          (0.00105831 0.00105829 6255.56) (0.00105831 0.00105829 6255.56) (0.00101973 0.00101967 6255.36) (0.000806843 0.000806759 6255.05) (0.000538108 0.000538711 6254.64) (0.000361352 0.000362334 6254.17) (0.000269957 0.000270843 6253.64) (0.000311245 0.000313498 6253.1) (0.000548052 0.000552364 6252.58) (0.000989808 0.000992205 6252.13) (-0.000783305 -0.000783277 6251.78)
3250          (0.00105831 0.00105829 6255.56) (0.00105831 0.00105829 6255.56) (0.00101973 0.00101967 6255.36) (0.000806843 0.000806759 6255.05) (0.000538108 0.000538711 6254.64) (0.000361352 0.000362334 6254.17) (0.000269957 0.000270843 6253.64) (0.000311245 0.000313498 6253.1) (0.000548052 0.000552364 6252.58) (0.000989808 0.000992205 6252.13) (-0.000783305 -0.000783277 6251.78)
3300          (0.00105831 0.00105829 6255.56) (0.00105831 0.00105829 6255.56) (0.00101973 0.00101967 6255.36) (0.000806843 0.000806759 6255.05) (0.000538108 0.000538711 6254.64) (0.000361352 0.000362334 6254.17) (0.000269957 0.000270843 6253.64) (0.000311245 0.000313498 6253.1) (0.000548052 0.000552364 6252.58) (0.000989808 0.000992205 6252.13) (-0.000783305 -0.000783277 6251.78)
3350          (0.00105831 0.00105829 6255.56) (0.00105831 0.00105829 6255.56) (0.00101973 0.00101967 6255.36) (0.000806843 0.000806759 6255.05) (0.000538108 0.000538711 6254.64) (0.000361352 0.000362334 6254.17) (0.000269957 0.000270843 6253.64) (0.000311245 0.000313498 6253.1) (0.000548052 0.000552364 6252.58) (0.000989808 0.000992205 6252.13) (-0.000783305 -0.000783277 6251.78)
3400          (0.00105831 0.00105829 6255.56) (0.00105831 0.00105829 6255.56) (0.00101973 0.00101967 6255.36) (0.000806843 0.000806759 6255.05) (0.000538108 0.000538711 6254.64) (0.000361352 0.000362334 6254.17) (0.000269957 0.000270843 6253.64) (0.000311245 0.000313498 6253.1) (0.000548052 0.000552364 6252.58) (0.000989808 0.000992205 6252.13) (-0.000783305 -0.000783277 6251.78)
3450          (0.00105831 0.00105829 6255.56) (0.00105831 0.00105829 6255.56) (0.00101973 0.00101967 6255.36) (0.000806843 0.000806759 6255.05) (0.000538108 0.000538711 6254.64) (0.000361352 0.000362334 6254.17) (0.000269957 0.000270843 6253.64) (0.000311245 0.000313498 6253.1) (0.000548052 0.000552364 6252.58) (0.000989808 0.000992205 6252.13) (-0.000783305 -0.000783277 6251.78)
3500          (0.00105831 0.00105829 6255.56) (0.00105831 0.00105829 6255.56) (0.00101973 0.00101967 6255.36) (0.000806843 0.000806759 6255.05) (0.000538108 0.000538711 6254.64) (0.000361352 0.000362334 6254.17) (0.000269957 0.000270843 6253.64) (0.000311245 0.000313498 6253.1) (0.000548052 0.000552364 6252.58) (0.000989808 0.000992205 6252.13) (-0.000783305 -0.000783277 6251.78)
3550          (0.00105831 0.00105829 6255.56) (0.00105831 0.00105829 6255.56) (0.00101973 0.00101967 6255.36) (0.000806843 0.000806759 6255.05) (0.000538108 0.000538711 6254.64) (0.000361352 0.000362334 6254.17) (0.000269957 0.000270843 6253.64) (0.000311245 0.000313498 6253.1) (0.000548052 0.000552364 6252.58) (0.000989808 0.000992205 6252.13) (-0.000783305 -0.000783277 6251.78)
3600          (0.00105831 0.00105829 6255.56) (0.00105831 0.00105829 6255.56) (0.00101973 0.00101967 6255.36) (0.000806843 0.000806759 6255.05) (0.000538108 0.000538711 6254.64) (0.000361352 0.000362334 6254.17) (0.000269957 0.000270843 6253.64) (0.000311245 0.000313498 6253.1) (0.000548052 0.000552364 6252.58) (0.000989808 0.000992205 6252.13) (-0.000783305 -0.000783277 6251.78)
3650          (0.00105831 0.00105829 6255.56) (0.00105831 0.00105829 6255.56) (0.00101973 0.00101967 6255.36) (0.000806843 0.000806759 6255.05) (0.000538108 0.000538711 6254.64) (0.000361352 0.000362334 6254.17) (0.000269957 0.000270843 6253.64) (0.000311245 0.000313498 6253.1) (0.000548052 0.000552364 6252.58) (0.000989808 0.000992205 6252.13) (-0.000783305 -0.000783277 6251.78)
3700          (0.00105831 0.00105829 6255.56) (0.00105831 0.00105829 6255.56) (0.00101973 0.00101967 6255.36) (0.000806843 0.000806759 6255.05) (0.000538108 0.000538711 6254.64) (0.000361352 0.000362334 6254.17) (0.000269957 0.000270843 6253.64) (0.000311245 0.000313498 6253.1) (0.000548052 0.000552364 6252.58) (0.000989808 0.000992205 6252.13) (-0.000783305 -0.000783277 6251.78)
3750          (0.00105831 0.00105829 6255.56) (0.00105831 0.00105829 6255.56) (0.00101973 0.00101967 6255.36) (0.000806843 0.000806759 6255.05) (0.000538108 0.000538711 6254.64) (0.000361352 0.000362334 6254.17) (0.000269957 0.000270843 6253.64) (0.000311245 0.000313498 6253.1) (0.000548052 0.000552364 6252.58) (0.000989808 0.000992205 6252.13) (-0.000783305 -0.000783277 6251.78)
3800          (0.00105831 0.00105829 6255.56) (0.00105831 0.00105829 6255.56) (0.00101973 0.00101967 6255.36) (0.000806843 0.000806759 6255.05) (0.000538108 0.000538711 6254.64) (0.000361352 0.000362334 6254.17) (0.000269957 0.000270843 6253.64) (0.000311245 0.000313498 6253.1) (0.000548052 0.000552364 6252.58) (0.000989808 0.000992205 6252.13) (-0.000783305 -0.000783277 6251.78)
3850          (0.00105831 0.00105829 6255.56) (0.00105831 0.00105829 6255.56) (0.00101973 0.00101967 6255.36) (0.000806843 0.000806759 6255.05) (0.000538108 0.000538711 6254.64) (0.000361352 0.000362334 6254.17) (0.000269957 0.000270843 6253.64) (0.000311245 0.000313498 6253.1) (0.000548052 0.000552364 6252.58) (0.000989808 0.000992205 6252.13) (-0.000783305 -0.000783277 6251.78)
3900          (0.00105831 0.00105829 6255.56) (0.00105831 0.00105829 6255.56) (0.00101973 0.00101967 6255.36) (0.000806843 0.000806759 6255.05) (0.000538108 0.000538711 6254.64) (0.000361352 0.000362334 6254.17) (0.000269957 0.000270843 6253.64) (0.000311245 0.000313498 6253.1) (0.000548052 0.000552364 6252.58) (0.000989808 0.000992205 6252.13) (-0.000783305 -0.000783277 6251.78)
3950          (0.00105831 0.00105829 6255.56) (0.00105831 0.00105829 6255.56) (0.00101973 0.00101967 6255.36) (0.000806843 0.000806759 6255.05) (0.000538108 0.000538711 6254.64) (0.000361352 0.000362334 6254.17) (0.000269957 0.000270843 6253.64) (0.000311245 0.000313498 6253.1) (0.000548052 0.000552364 6252.58) (0.000989808 0.000992205 6252.13) (-0.000783305 -0.000783277 6251.78)
4000          (0.00105831 0.00105829 6255.56) (0.00105831 0.00105829 6255.56) (0.00101973 0.00101967 6255.36) (0.000806843 0.000806759 6255.05) (0.000538108 0.000538711 6254.64) (0.000361352 0.000362334 6254.17) (0.000269957 0.000270843 6253.64) (0.000311245 0.000313498 6253.1) (0.000548052 0.000552364 6252.58) (0.000989808 0.000992205 6252.13) (-0.000783305 -0.000783277 6251.78)
4050          (0.00105831 0.00105829 6255.56) (0.00105831 0.00105829 6255.56) (0.00101973 0.00101967 6255.36) (0.000806843 0.000806759 6255.05) (0.000538108 0.000538711 6254.64) (0.000361352 0.000362334 6254.17) (0.000269957 0.000270843 6253.64) (0.000311245 0.000313498 6253.1) (0.000548052 0.000552364 6252.58) (0.000989808 0.000992205 6252.13) (-0.000783305 -0.000783277 6251.78)
4100          (0.00105831 0.00105829 6255.56) (0.00105831 0.00105829 6255.56) (0.00101973 0.00101967 6255.36) (0.000806843 0.000806759 6255.05) (0.000538108 0.000538711 6254.64) (0.000361352 0.000362334 6254.17) (0.000269957 0.000270843 6253.64) (0.000311245 0.000313498 6253.1) (0.000548052 0.000552364 6252.58) (0.000989808 0.000992205 6252.13) (-0.000783305 -0.000783277 6251.78)
4150          (0.00105831 0.00105829 6255.56) (0.00105831 0.00105829 6255.56) (0.00101973 0.00101967 6255.36) (0.000806843 0.000806759 6255.05) (0.000538108 0.000538711 6254.64) (0.000361352 0.000362334 6254.17) (0.000269957 0.000270843 6253.64) (0.000311245 0.000313498 6253.1) (0.000548052 0.000552364 6252.58) (0.000989808 0.000992205 6252.13) (-0.000783305 -0.000783277 6251.78)
4200          (0.00105831 0.00105829 6255.56) (0.00105831 0.00105829 6255.56) (0.00101973 0.00101967 6255.36) (0.000806843 0.000806759 6255.05) (0.000538108 0.000538711 6254.64) (0.000361352 0.000362334 6254.17) (0.000269957 0.000270843 6253.64) (0.000311245 0.000313498 6253.1) (0.000548052 0.000552364 6252.58) (0.000989808 0.000992205 6252.13) (-0.000783305 -0.000783277 6251.78)
4250          (0.00105831 0.00105829 6255.56) (0.00105831 0.00105829 6255.56) (0.00101973 0.00101967 6255.36) (0.000806843 0.000806759 6255.05) (0.000538108 0.000538711 6254.64) (0.000361352 0.000362334 6254.17) (0.000269957 0.000270843 6253.64) (0.000311245 0.000313498 6253.1) (0.000548052 0.000552364 6252.58) (0.000989808 0.000992205 6252.13) (-0.000783305 -0.000783277 6251.78)
4300          (0.00105831 0.00105829 6255.56) (0.00105831 0.00105829 6255.56) (0.00101973 0.00101967 6255.36) (0.000806843 0.000806759 6255.05) (0.000538108 0.000538711 6254.64) (0.000361352 0.000362334 6254.17) (0.000269957 0.000270843 6253.64) (0.000311245 0.000313498 6253.1) (0.000548052 0.000552364 6252.58) (0.000989808 0.000992205 6252.13) (-0.000783305 -0.000783277 6251.78)
4350          (0.00105831 0.00105829 6255.56) (0.00105831 0.00105829 6255.56) (0.00101973 0.00101967 6255.36) (0.000806843 0.000806759 6255.05) (0.000538108 0.000538711 6254.64) (0.000361352 0.000362334 6254.17) (0.000269957 0.000270843 6253.64) (0.000311245 0.000313498 6253.1) (0.000548052 0.000552364 6252.58) (0.000989808 0.000992205 6252.13) (-0.000783305 -0.000783277 6251.78)
4400          (0.00105831 0.00105829 6255.56) (0.00105831 0.00105829 6255.56) (0.00101973 0.00101967 6255.36) (0.000806843 0.000806759 6255.05) (0.000538108 0.000538711 6254.64) (0.000361352 0.000362334 6254.17) (0.000269957 0.000270843 6253.64) (0.000311245 0.000313498 6253.1) (0.000548052 0.000552364 6252.58) (0.000989808 0.000992205 6252.13) (-0.000783305 -0.000783277 6251.78)
4450          (0.00105831 0.00105829 6255.56) (0.00105831 0.00105829 6255.56) (0.00101973 0.00101967 6255.36) (0.000806843 0.000806759 6255.05) (0.000538108 0.000538711 6254.64) (0.000361352 0.000362334 6254.17) (0.000269957 0.000270843 6253.64) (0.000311245 0.000313498 6253.1) (0.000548052 0.000552364 6252.58) (0.000989808 0.000992205 6252.13) (-0.000783305 -0.000783277 6251.78)
4500          (0.00105831 0.00105829 6255.56) (0.00105831 0.00105829 6255.56) (0.00101973 0.00101967 6255.36) (0.000806843 0.000806759 6255.05) (0.000538108 0.000538711 6254.64) (0.000361352 0.000362334 6254.17) (0.000269957 0.000270843 6253.64) (0.000311245 0.000313498 6253.1) (0.000548052 0.000552364 6252.58) (0.000989808 0.000992205 6252.13) (-0.000783305 -0.000783277 6251.78)
4550          (0.00105831 0.00105829 6255.56) (0.00105831 0.00105829 6255.56) (0.00101973 0.00101967 6255.36) (0.000806843 0.000806759 6255.05) (0.000538108 0.000538711 6254.64) (0.000361352 0.000362334 6254.17) (0.000269957 0.000270843 6253.64) (0.000311245 0.000313498 6253.1) (0.000548052 0.000552364 6252.58) (0.000989808 0.000992205 6252.13) (-0.000783305 -0.000783277 6251.78)
4600          (0.00105831 0.00105829 6255.56) (0.00105831 0.00105829 6255.56) (0.00101973 0.00101967 6255.36) (0.000806843 0.000806759 6255.05) (0.000538108 0.000538711 6254.64) (0.000361352 0.000362334 6254.17) (0.000269957 0.000270843 6253.64) (0.000311245 0.000313498 6253.1) (0.000548052 0.000552364 6252.58) (0.000989808 0.000992205 6252.13) (-0.000783305 -0.000783277 6251.78)
4650          (0.00105831 0.00105829 6255.56) (0.00105831 0.00105829 6255.56) (0.00101973 0.00101967 6255.36) (0.000806843 0.000806759 6255.05) (0.000538108 0.000538711 6254.64) (0.000361352 0.000362334 6254.17) (0.000269957 0.000270843 6253.64) (0.000311245 0.000313498 6253.1) (0.000548052 0.000552364 6252.58) (0.000989808 0.000992205 6252.13) (-0.000783305 -0.000783277 6251.78)
4700          (0.00105831 0.00105829 6255.56) (0.00105831 0.00105829 6255.56) (0.00101973 0.00101967 6255.36) (0.000806843 0.000806759 6255.05) (0.000538108 0.000538711 6254.64) (0.000361352 0.000362334 6254.17) (0.000269957 0.000270843 6253.64) (0.000311245 0.000313498 6253.1) (0.000548052 0.000552364 6252.58) (0.000989808 0.000992205 6252.13) (-0.000783305 -0.000783277 6251.78)
4750          (0.00105831 0.00105829 6255.56) (0.00105831 0.00105829 6255.56) (0.00101973 0.00101967 6255.36) (0.000806843 0.000806759 6255.05) (0.000538108 0.000538711 6254.64) (0.000361352 0.000362334 6254.17) (0.000269957 0.000270843 6253.64) (0.000311245 0.000313498 6253.1) (0.000548052 0.000552364 6252.58) (0.000989808 0.000992205 6252.13) (-0.000783305 -0.000783277 6251.78)
4800          (0.00105831 0.00105829 6255.56) (0.00105831 0.00105829 6255.56) (0.00101973 0.00101967 6255.36) (0.000806843 0.000806759 6255.05) (0.000538108 0.000538711 6254.64) (0.000361352 0.000362334 6254.17) (0.000269957 0.000270843 6253.64) (0.000311245 0.000313498 6253.1) (0.000548052 0.000552364 6252.58) (0.000989808 0.000992205 6252.13) (-0.000783305 -0.000783277 6251.78)
4850          (0.00105831 0.00105829 6255.56) (0.00105831 0.00105829 6255.56) (0.00101973 0.00101967 6255.36) (0.000806843 0.000806759 6255.05) (0.000538108 0.000538711 6254.64) (0.000361352 0.000362334 6254.17) (0.000269957 0.000270843 6253.64) (0.000311245 0.000313498 6253.1) (0.000548052 0.000552364 6252.58) (0.000989808 0.000992205 6252.13) (-0.000783305 -0.000783277 6251.78)
4900          (0.00105831 0.00105829 6255.56) (0.00105831 0.00105829 6255.56) (0.00101973 0.00101967 6255.36) (0.000806843 0.000806759 6255.05) (0.000538108 0.000538711 6254.64) (0.000361352 0.000362334 6254.17) (0.000269957 0.000270843 6253.64) (0.000311245 0.000313498 6253.1) (0.000548052 0.000552364 6252.58) (0.000989808 0.000992205 6252.13) (-0.000783305 -0.000783277 6251.78)
4950          (0.00105831 0.00105829 6255.56) (0.00105831 0.00105829 6255.56) (0.00101973 0.00101967 6255.36) (0.000806843 0.000806759 6255.05) (0.000538108 0.000538711 6254.64) (0.000361352 0.000362334 6254.17) (0.000269957 0.000270843 6253.64) (0.000311245 0.000313498 6253.1) (0.000548052 0.000552364 6252.58) (0.000989808 0.000992205 6252.13) (-0.000783305 -0.000783277 6251.78)
5000          (0.00105831 0.00105829 6255.56) (0.00105831 0.00105829 6255.56) (0.00101973 0.00101967 6255.36) (0.000806843 0.000806759 6255.05) (0.000538108 0.000538711 6254.64) (0.000361352 0.000362334 6254.17) (0.000269957 0.000270843 6253.64) (0.000311245 0.000313498 6253.1) (0.000548052 0.000552364 6252.58) (0.000989808 0.000992205 6252.13) (-0.000783305 -0.000783277 6251.78)
