# Probe 0 (0.0015 0.0015 0)
# Probe 1 (0.0015 0.0015 0.002)
# Probe 2 (0.0015 0.0015 0.004)
# Probe 3 (0.0015 0.0015 0.006)
# Probe 4 (0.0015 0.0015 0.008)
# Probe 5 (0.0015 0.0015 0.01)
# Probe 6 (0.0015 0.0015 0.012)
# Probe 7 (0.0015 0.0015 0.014)
# Probe 8 (0.0015 0.0015 0.016)
# Probe 9 (0.0015 0.0015 0.018)
# Probe 10 (0.0015 0.0015 0.02)
# Time        0             1             2             3             4             5             6             7             8             9             10           
50            195775        160786        125915        100048        82967.3       72283.3       65090.4       58841.4       51444.8       41151.3       26637.2      
100           204453        178533        150014        124552        102991        85502.9       71447         59585.9       48494.7       36925.9       24082.4      
150           207911        185812        160788        137182        115483        96008.9       78800.7       63571         49752.4       36653.8       23661.5      
200           209692        189598        166549        144289        123114        103265        84890.4       67998.9       52441.4       37925         24063.6      
250           210749        191856        170042        148722        128088        108319        89551.7       71863.9       55253.3       39616         24734.7      
300           211438        193335        172351        151702        131520        111935        93057.1       74966.1       57697.9       41222.8       25415.9      
350           211916        194362        173965        153804        133975        114572        95678.3       77361         59657.3       42562.9       26000.2      
400           212259        195099        175127        155326        135764        116511        97630.1       79170.6       61163.8       43612         26463.9      
450           212508        195637        175975        156439        137078        117941        99076.2       80520.3       62295.9       44406.9       26817.6      
500           212692        196031        176597        157256        138043        118993        100143        81518.3       63135.8       44998.7       27081.2      
550           212826        196321        177055        157856        138751        119766        100927        82252.2       63754.2       45434.9       27275.8      
600           212925        196533        177389        158296        139270        120333        101501        82790.1       64207.2       45754.6       27418.6      
650           212997        196688        177635        158617        139650        120747        101921        83182.9       64538.1       45988.2       27522.6      
700           213049        196801        177814        158852        139927        121049        102227        83469.4       64779.5       46158.3       27598.7      
750           213088        196884        177944        159023        140129        121269        102450        83678.2       64954.7       46282.2       27654.2      
800           213116        196944        178039        159148        140276        121429        102612        83829.7       65082.5       46372.2       27694.3      
850           213136        196988        178107        159238        140383        121545        102730        83939.6       65175.2       46437.4       27723.4      
900           213150        197019        178157        159302        140459        121629        102814        84018.8       65241.9       46484.5       27744.4      
950           213161        197041        178192        159349        140514        121688        102875        84075.1       65289.6       46518.4       27759.3      
1000          213168        197057        178218        159383        140553        121731        102919        84116.1       65324.1       46542.7       27770.1      
1050          213174        197069        178236        159407        140582        121762        102950        84145.6       65349.1       46560.1       27778.2      
1100          213177        197077        178249        159424        140602        121784        102973        84166.7       65366.5       46572.8       27783.4      
1150          213180        197083        178258        159435        140615        121799        102987        84180.6       65378.5       46580.9       27787.6      
1200          213182        197087        178264        159443        140625        121810        102999        84191.1       65387.3       46587.3       27790.1      
1250          213183        197090        178269        159449        140632        121818        103007        84198.6       65393.5       46591.9       27792.1      
1300          213184        197092        178272        159454        140638        121824        103013        84204.1       65398.6       46594.9       27794.2      
1350          213185        197092        178273        159455        140639        121826        103015        84206         65400.2       46596.1       27794.4      
1400          213185        197092        178273        159455        140639        121826        103015        84206         65400.2       46596.1       27794.4      
1450          213185        197092        178273        159455        140639        121826        103015        84206         65400.2       46596.1       27794.4      
1500          213185        197092        178273        159455        140639        121826        103015        84206         65400.2       46596.1       27794.4      
1550          213185        197092        178273        159455        140639        121826        103015        84206         65400.2       46596.1       27794.4      
1600          213185        197092        178273        159455        140639        121826        103015        84206         65400.2       46596.1       27794.4      
1650          213185        197092        178273        159455        140639        121826        103015        84206         65400.2       46596.1       27794.4      
1700          213185        197092        178273        159455        140639        121826        103015        84206         65400.2       46596.1       27794.4      
1750          213185        197092        178273        159455        140639        121826        103015        84206         65400.2       46596.1       27794.4      
1800          213185        197092        178273        159455        140639        121826        103015        84206         65400.2       46596.1       27794.4      
1850          213185        197092        178273        159455        140639        121826        103015        84206         65400.2       46596.1       27794.4      
1900          213185        197092        178273        159455        140639        121826        103015        84206         65400.2       46596.1       27794.4      
1950          213185        197092        178273        159455        140639        121826        103015        84206         65400.2       46596.1       27794.4      
2000          213185        197092        178273        159455        140639        121826        103015        84206         65400.2       46596.1       27794.4      
2050          213185        197092        178273        159455        140639        121826        103015        84206         65400.2       46596.1       27794.4      
2100          213185        197092        178273        159455        140639        121826        103015        84206         65400.2       46596.1       27794.4      
2150          213185        197092        178273        159455        140639        121826        103015        84206         65400.2       46596.1       27794.4      
2200          213185        197092        178273        159455        140639        121826        103015        84206         65400.2       46596.1       27794.4      
2250          213185        197092        178273        159455        140639        121826        103015        84206         65400.2       46596.1       27794.4      
2300          213185        197092        178273        159455        140639        121826        103015        84206         65400.2       46596.1       27794.4      
2350          213185        197092        178273        159455        140639        121826        103015        84206         65400.2       46596.1       27794.4      
2400          213185        197092        178273        159455        140639        121826        103015        84206         65400.2       46596.1       27794.4      
2450          213185        197092        178273        159455        140639        121826        103015        84206         65400.2       46596.1       27794.4      
2500          213185        197092        178273        159455        140639        121826        103015        84206         65400.2       46596.1       27794.4      
2550          213185        197092        178273        159455        140639        121826        103015        84206         65400.2       46596.1       27794.4      
2600          213185        197092        178273        159455        140639        121826        103015        84206         65400.2       46596.1       27794.4      
2650          213185        197092        178273        159455        140639        121826        103015        84206         65400.2       46596.1       27794.4      
2700          213185        197092        178273        159455        140639        121826        103015        84206         65400.2       46596.1       27794.4      
2750          213185        197092        178273        159455        140639        121826        103015        84206         65400.2       46596.1       27794.4      
2800          213185        197092        178273        159455        140639        121826        103015        84206         65400.2       46596.1       27794.4      
2850          213185        197092        178273        159455        140639        121826        103015        84206         65400.2       46596.1       27794.4      
2900          213185        197092        178273        159455        140639        121826        103015        84206         65400.2       46596.1       27794.4      
2950          213185        197092        178273        159455        140639        121826        103015        84206         65400.2       46596.1       27794.4      
3000          213185        197092        178273        159455        140639        121826        103015        84206         65400.2       46596.1       27794.4      
3050          213185        197092        178273        159455        140639        121826        103015        84206         65400.2       46596.1       27794.4      
3100          213185        197092        178273        159455        140639        121826        103015        84206         65400.2       46596.1       27794.4      
3150          213185        197092        178273        159455        140639        121826        103015        84206         65400.2       46596.1       27794.4      
3200          213185        197092        178273        159455        140639        121826        103015        84206         65400.2       46596.1       27794.4      
3250          213185        197092        178273        159455        140639        121826        103015        84206         65400.2       46596.1       27794.4      
3300          213185        197092        178273        159455        140639        121826        103015        84206         65400.2       46596.1       27794.4      
3350          213185        197092        178273        159455        140639        121826        103015        84206         65400.2       46596.1       27794.4      
3400          213185        197092        178273        159455        140639        121826        103015        84206         65400.2       46596.1       27794.4      
3450          213185        197092        178273        159455        140639        121826        103015        84206         65400.2       46596.1       27794.4      
3500          213185        197092        178273        159455        140639        121826        103015        84206         65400.2       46596.1       27794.4      
3550          213185        197092        178273        159455        140639        121826        103015        84206         65400.2       46596.1       27794.4      
3600          213185        197092        178273        159455        140639        121826        103015        84206         65400.2       46596.1       27794.4      
3650          213185        197092        178273        159455        140639        121826        103015        84206         65400.2       46596.1       27794.4      
3700          213185        197092        178273        159455        140639        121826        103015        84206         65400.2       46596.1       27794.4      
3750          213185        197092        178273        159455        140639        121826        103015        84206         65400.2       46596.1       27794.4      
3800          213185        197092        178273        159455        140639        121826        103015        84206         65400.2       46596.1       27794.4      
3850          213185        197092        178273        159455        140639        121826        103015        84206         65400.2       46596.1       27794.4      
3900          213185        197092        178273        159455        140639        121826        103015        84206         65400.2       46596.1       27794.4      
3950          213185        197092        178273        159455        140639        121826        103015        84206         65400.2       46596.1       27794.4      
4000          213185        197092        178273        159455        140639        121826        103015        84206         65400.2       46596.1       27794.4      
4050          213185        197092        178273        159455        140639        121826        103015        84206         65400.2       46596.1       27794.4      
4100          213185        197092        178273        159455        140639        121826        103015        84206         65400.2       46596.1       27794.4      
4150          213185        197092        178273        159455        140639        121826        103015        84206         65400.2       46596.1       27794.4      
4200          213185        197092        178273        159455        140639        121826        103015        84206         65400.2       46596.1       27794.4      
4250          213185        197092        178273        159455        140639        121826        103015        84206         65400.2       46596.1       27794.4      
4300          213185        197092        178273        159455        140639        121826        103015        84206         65400.2       46596.1       27794.4      
4350          213185        197092        178273        159455        140639        121826        103015        84206         65400.2       46596.1       27794.4      
4400          213185        197092        178273        159455        140639        121826        103015        84206         65400.2       46596.1       27794.4      
4450          213185        197092        178273        159455        140639        121826        103015        84206         65400.2       46596.1       27794.4      
4500          213185        197092        178273        159455        140639        121826        103015        84206         65400.2       46596.1       27794.4      
4550          213185        197092        178273        159455        140639        121826        103015        84206         65400.2       46596.1       27794.4      
4600          213185        197092        178273        159455        140639        121826        103015        84206         65400.2       46596.1       27794.4      
4650          213185        197092        178273        159455        140639        121826        103015        84206         65400.2       46596.1       27794.4      
4700          213185        197092        178273        159455        140639        121826        103015        84206         65400.2       46596.1       27794.4      
4750          213185        197092        178273        159455        140639        121826        103015        84206         65400.2       46596.1       27794.4      
4800          213185        197092        178273        159455        140639        121826        103015        84206         65400.2       46596.1       27794.4      
4850          213185        197092        178273        159455        140639        121826        103015        84206         65400.2       46596.1       27794.4      
4900          213185        197092        178273        159455        140639        121826        103015        84206         65400.2       46596.1       27794.4      
4950          213185        197092        178273        159455        140639        121826        103015        84206         65400.2       46596.1       27794.4      
5000          213185        197092        178273        159455        140639        121826        103015        84206         65400.2       46596.1       27794.4      
