# Probe 0 (0.0015 0.0015 0)
# Probe 1 (0.0015 0.0015 0.002)
# Probe 2 (0.0015 0.0015 0.004)
# Probe 3 (0.0015 0.0015 0.006)
# Probe 4 (0.0015 0.0015 0.008)
# Probe 5 (0.0015 0.0015 0.01)
# Probe 6 (0.0015 0.0015 0.012)
# Probe 7 (0.0015 0.0015 0.014)
# Probe 8 (0.0015 0.0015 0.016)
# Probe 9 (0.0015 0.0015 0.018)
# Probe 10 (0.0015 0.0015 0.02)
# Time        0             1             2             3             4             5             6             7             8             9             10           
50            175568        175568        175568        122527        122527        85105.1       85105.1       60132.8       60132.8       37665.2       37665.2      
100           187769        187769        187769        142925        142925        102500        102500        67826.5       67826.5       37861.7       37861.7      
150           191755        191755        191755        150486        150486        111043        111043        74291         74291         40532.4       40532.4      
200           193559        193559        193559        154043        154043        115433        115433        78200.1       78200.1       42629.8       42629.8      
250           194484        194484        194484        155893        155893        117777        117777        80391.7       80391.7       43903.6       43903.6      
300           194978        194978        194978        156881        156881        119040        119040        81587.5       81587.5       44615.9       44615.9      
350           195242        195242        195242        157412        157412        119718        119718        82232.1       82232.1       45002.4       45002.4      
400           195384        195384        195384        157697        157697        120082        120082        82577.6       82577.6       45209.9       45209.9      
450           195460        195460        195460        157848        157848        120275        120275        82761.4       82761.4       45320.3       45320.3      
500           195500        195500        195500        157929        157929        120378        120378        82859.2       82859.2       45379         45379        
550           195521        195521        195521        157970        157970        120431        120431        82909.3       82909.3       45409.2       45409.2      
600           195532        195532        195532        157992        157992        120459        120459        82936.4       82936.4       45425.6       45425.6      
650           195537        195537        195537        158004        158004        120474        120474        82950.6       82950.6       45434.1       45434.1      
700           195540        195540        195540        158008        158008        120480        120480        82956.3       82956.3       45437.6       45437.6      
750           195541        195541        195541        158010        158010        120482        120482        82958.7       82958.7       45439.1       45439.1      
800           195541        195541        195541        158011        158011        120484        120484        82960         82960         45440         45440        
850           195541        195541        195541        158011        158011        120484        120484        82960         82960         45440         45440        
900           195541        195541        195541        158011        158011        120484        120484        82960         82960         45440         45440        
950           195541        195541        195541        158011        158011        120484        120484        82960         82960         45440         45440        
1000          195541        195541        195541        158011        158011        120484        120484        82960         82960         45440         45440        
1050          195541        195541        195541        158011        158011        120484        120484        82960         82960         45440         45440        
1100          195541        195541        195541        158011        158011        120484        120484        82960         82960         45440         45440        
1150          195541        195541        195541        158011        158011        120484        120484        82960         82960         45440         45440        
1200          195541        195541        195541        158011        158011        120484        120484        82960         82960         45440         45440        
1250          195541        195541        195541        158011        158011        120484        120484        82960         82960         45440         45440        
1300          195541        195541        195541        158011        158011        120484        120484        82960         82960         45440         45440        
1350          195541        195541        195541        158011        158011        120484        120484        82960         82960         45440         45440        
1400          195541        195541        195541        158011        158011        120484        120484        82960         82960         45440         45440        
1450          195541        195541        195541        158011        158011        120484        120484        82960         82960         45440         45440        
1500          195541        195541        195541        158011        158011        120484        120484        82960         82960         45440         45440        
1550          195541        195541        195541        158011        158011        120484        120484        82960         82960         45440         45440        
1600          195541        195541        195541        158011        158011        120484        120484        82960         82960         45440         45440        
1650          195541        195541        195541        158011        158011        120484        120484        82960         82960         45440         45440        
1700          195541        195541        195541        158011        158011        120484        120484        82960         82960         45440         45440        
1750          195541        195541        195541        158011        158011        120484        120484        82960         82960         45440         45440        
1800          195541        195541        195541        158011        158011        120484        120484        82960         82960         45440         45440        
1850          195541        195541        195541        158011        158011        120484        120484        82960         82960         45440         45440        
1900          195541        195541        195541        158011        158011        120484        120484        82960         82960         45440         45440        
1950          195541        195541        195541        158011        158011        120484        120484        82960         82960         45440         45440        
2000          195541        195541        195541        158011        158011        120484        120484        82960         82960         45440         45440        
2050          195541        195541        195541        158011        158011        120484        120484        82960         82960         45440         45440        
2100          195541        195541        195541        158011        158011        120484        120484        82960         82960         45440         45440        
2150          195541        195541        195541        158011        158011        120484        120484        82960         82960         45440         45440        
2200          195541        195541        195541        158011        158011        120484        120484        82960         82960         45440         45440        
2250          195541        195541        195541        158011        158011        120484        120484        82960         82960         45440         45440        
2300          195541        195541        195541        158011        158011        120484        120484        82960         82960         45440         45440        
2350          195541        195541        195541        158011        158011        120484        120484        82960         82960         45440         45440        
2400          195541        195541        195541        158011        158011        120484        120484        82960         82960         45440         45440        
2450          195541        195541        195541        158011        158011        120484        120484        82960         82960         45440         45440        
2500          195541        195541        195541        158011        158011        120484        120484        82960         82960         45440         45440        
2550          195541        195541        195541        158011        158011        120484        120484        82960         82960         45440         45440        
2600          195541        195541        195541        158011        158011        120484        120484        82960         82960         45440         45440        
2650          195541        195541        195541        158011        158011        120484        120484        82960         82960         45440         45440        
2700          195541        195541        195541        158011        158011        120484        120484        82960         82960         45440         45440        
2750          195541        195541        195541        158011        158011        120484        120484        82960         82960         45440         45440        
2800          195541        195541        195541        158011        158011        120484        120484        82960         82960         45440         45440        
2850          195541        195541        195541        158011        158011        120484        120484        82960         82960         45440         45440        
2900          195541        195541        195541        158011        158011        120484        120484        82960         82960         45440         45440        
2950          195541        195541        195541        158011        158011        120484        120484        82960         82960         45440         45440        
3000          195541        195541        195541        158011        158011        120484        120484        82960         82960         45440         45440        
3050          195541        195541        195541        158011        158011        120484        120484        82960         82960         45440         45440        
3100          195541        195541        195541        158011        158011        120484        120484        82960         82960         45440         45440        
3150          195541        195541        195541        158011        158011        120484        120484        82960         82960         45440         45440        
3200          195541        195541        195541        158011        158011        120484        120484        82960         82960         45440         45440        
3250          195541        195541        195541        158011        158011        120484        120484        82960         82960         45440         45440        
3300          195541        195541        195541        158011        158011        120484        120484        82960         82960         45440         45440        
3350          195541        195541        195541        158011        158011        120484        120484        82960         82960         45440         45440        
3400          195541        195541        195541        158011        158011        120484        120484        82960         82960         45440         45440        
3450          195541        195541        195541        158011        158011        120484        120484        82960         82960         45440         45440        
3500          195541        195541        195541        158011        158011        120484        120484        82960         82960         45440         45440        
3550          195541        195541        195541        158011        158011        120484        120484        82960         82960         45440         45440        
3600          195541        195541        195541        158011        158011        120484        120484        82960         82960         45440         45440        
3650          195541        195541        195541        158011        158011        120484        120484        82960         82960         45440         45440        
3700          195541        195541        195541        158011        158011        120484        120484        82960         82960         45440         45440        
3750          195541        195541        195541        158011        158011        120484        120484        82960         82960         45440         45440        
3800          195541        195541        195541        158011        158011        120484        120484        82960         82960         45440         45440        
3850          195541        195541        195541        158011        158011        120484        120484        82960         82960         45440         45440        
3900          195541        195541        195541        158011        158011        120484        120484        82960         82960         45440         45440        
3950          195541        195541        195541        158011        158011        120484        120484        82960         82960         45440         45440        
4000          195541        195541        195541        158011        158011        120484        120484        82960         82960         45440         45440        
4050          195541        195541        195541        158011        158011        120484        120484        82960         82960         45440         45440        
4100          195541        195541        195541        158011        158011        120484        120484        82960         82960         45440         45440        
4150          195541        195541        195541        158011        158011        120484        120484        82960         82960         45440         45440        
4200          195541        195541        195541        158011        158011        120484        120484        82960         82960         45440         45440        
4250          195541        195541        195541        158011        158011        120484        120484        82960         82960         45440         45440        
4300          195541        195541        195541        158011        158011        120484        120484        82960         82960         45440         45440        
4350          195541        195541        195541        158011        158011        120484        120484        82960         82960         45440         45440        
4400          195541        195541        195541        158011        158011        120484        120484        82960         82960         45440         45440        
4450          195541        195541        195541        158011        158011        120484        120484        82960         82960         45440         45440        
4500          195541        195541        195541        158011        158011        120484        120484        82960         82960         45440         45440        
4550          195541        195541        195541        158011        158011        120484        120484        82960         82960         45440         45440        
4600          195541        195541        195541        158011        158011        120484        120484        82960         82960         45440         45440        
4650          195541        195541        195541        158011        158011        120484        120484        82960         82960         45440         45440        
4700          195541        195541        195541        158011        158011        120484        120484        82960         82960         45440         45440        
4750          195541        195541        195541        158011        158011        120484        120484        82960         82960         45440         45440        
4800          195541        195541        195541        158011        158011        120484        120484        82960         82960         45440         45440        
4850          195541        195541        195541        158011        158011        120484        120484        82960         82960         45440         45440        
4900          195541        195541        195541        158011        158011        120484        120484        82960         82960         45440         45440        
4950          195541        195541        195541        158011        158011        120484        120484        82960         82960         45440         45440        
5000          195541        195541        195541        158011        158011        120484        120484        82960         82960         45440         45440        
