# Probe 0 (0.0015 0.0015 0)
# Probe 1 (0.0015 0.0015 0.002)
# Probe 2 (0.0015 0.0015 0.004)
# Probe 3 (0.0015 0.0015 0.006)
# Probe 4 (0.0015 0.0015 0.008)
# Probe 5 (0.0015 0.0015 0.01)
# Probe 6 (0.0015 0.0015 0.012)
# Probe 7 (0.0015 0.0015 0.014)
# Probe 8 (0.0015 0.0015 0.016)
# Probe 9 (0.0015 0.0015 0.018)
# Probe 10 (0.0015 0.0015 0.02)
# Time        0             1             2             3             4             5             6             7             8             9             10           
50            0.000666625   0.000666625   0.000666625   0.000666625   0.000666625   0.000666625   0.000666625   0.000666625   0.000666625   0.000666625   0.000666625  
100           0.000666625   0.000666625   0.000666625   0.000666625   0.000666625   0.000666625   0.000666625   0.000666625   0.000666625   0.000666625   0.000666625  
150           0.000666625   0.000666625   0.000666625   0.000666625   0.000666625   0.000666625   0.000666625   0.000666625   0.000666625   0.000666625   0.000666625  
200           0.000666625   0.000666625   0.000666625   0.000666625   0.000666625   0.000666625   0.000666625   0.000666625   0.000666625   0.000666625   0.000666625  
250           0.000666625   0.000666625   0.000666625   0.000666625   0.000666625   0.000666625   0.000666625   0.000666625   0.000666625   0.000666625   0.000666625  
300           0.000666625   0.000666625   0.000666625   0.000666625   0.000666625   0.000666625   0.000666625   0.000666625   0.000666625   0.000666625   0.000666625  
350           0.000666625   0.000666625   0.000666625   0.000666625   0.000666625   0.000666625   0.000666625   0.000666625   0.000666625   0.000666625   0.000666625  
400           0.000666625   0.000666625   0.000666625   0.000666625   0.000666625   0.000666625   0.000666625   0.000666625   0.000666625   0.000666625   0.000666625  
450           0.000666625   0.000666625   0.000666625   0.000666625   0.000666625   0.000666625   0.000666625   0.000666625   0.000666625   0.000666625   0.000666625  
500           0.000666625   0.000666625   0.000666625   0.000666625   0.000666625   0.000666625   0.000666625   0.000666625   0.000666625   0.000666625   0.000666625  
550           0.000666625   0.000666625   0.000666625   0.000666625   0.000666625   0.000666625   0.000666625   0.000666625   0.000666625   0.000666625   0.000666625  
600           0.000666625   0.000666625   0.000666625   0.000666625   0.000666625   0.000666625   0.000666625   0.000666625   0.000666625   0.000666625   0.000666625  
650           0.000666625   0.000666625   0.000666625   0.000666625   0.000666625   0.000666625   0.000666625   0.000666625   0.000666625   0.000666625   0.000666625  
700           0.000666625   0.000666625   0.000666625   0.000666625   0.000666625   0.000666625   0.000666625   0.000666625   0.000666625   0.000666625   0.000666625  
750           0.000666625   0.000666625   0.000666625   0.000666625   0.000666625   0.000666625   0.000666625   0.000666625   0.000666625   0.000666625   0.000666625  
800           0.000666625   0.000666625   0.000666625   0.000666625   0.000666625   0.000666625   0.000666625   0.000666625   0.000666625   0.000666625   0.000666625  
850           0.000666625   0.000666625   0.000666625   0.000666625   0.000666625   0.000666625   0.000666625   0.000666625   0.000666625   0.000666625   0.000666625  
900           0.000666625   0.000666625   0.000666625   0.000666625   0.000666625   0.000666625   0.000666625   0.000666625   0.000666625   0.000666625   0.000666625  
950           0.000666625   0.000666625   0.000666625   0.000666625   0.000666625   0.000666625   0.000666625   0.000666625   0.000666625   0.000666625   0.000666625  
1000          0.000666625   0.000666625   0.000666625   0.000666625   0.000666625   0.000666625   0.000666625   0.000666625   0.000666625   0.000666625   0.000666625  
1050          0.000666625   0.000666625   0.000666625   0.000666625   0.000666625   0.000666625   0.000666625   0.000666625   0.000666625   0.000666625   0.000666625  
1100          0.000666625   0.000666625   0.000666625   0.000666625   0.000666625   0.000666625   0.000666625   0.000666625   0.000666625   0.000666625   0.000666625  
1150          0.000666625   0.000666625   0.000666625   0.000666625   0.000666625   0.000666625   0.000666625   0.000666625   0.000666625   0.000666625   0.000666625  
1200          0.000666625   0.000666625   0.000666625   0.000666625   0.000666625   0.000666625   0.000666625   0.000666625   0.000666625   0.000666625   0.000666625  
1250          0.000666625   0.000666625   0.000666625   0.000666625   0.000666625   0.000666625   0.000666625   0.000666625   0.000666625   0.000666625   0.000666625  
1300          0.000666625   0.000666625   0.000666625   0.000666625   0.000666625   0.000666625   0.000666625   0.000666625   0.000666625   0.000666625   0.000666625  
1350          0.000666625   0.000666625   0.000666625   0.000666625   0.000666625   0.000666625   0.000666625   0.000666625   0.000666625   0.000666625   0.000666625  
1400          0.000666625   0.000666625   0.000666625   0.000666625   0.000666625   0.000666625   0.000666625   0.000666625   0.000666625   0.000666625   0.000666625  
1450          0.000666625   0.000666625   0.000666625   0.000666625   0.000666625   0.000666625   0.000666625   0.000666625   0.000666625   0.000666625   0.000666625  
1500          0.000666625   0.000666625   0.000666625   0.000666625   0.000666625   0.000666625   0.000666625   0.000666625   0.000666625   0.000666625   0.000666625  
1550          0.000666625   0.000666625   0.000666625   0.000666625   0.000666625   0.000666625   0.000666625   0.000666625   0.000666625   0.000666625   0.000666625  
1600          0.000666625   0.000666625   0.000666625   0.000666625   0.000666625   0.000666625   0.000666625   0.000666625   0.000666625   0.000666625   0.000666625  
1650          0.000666625   0.000666625   0.000666625   0.000666625   0.000666625   0.000666625   0.000666625   0.000666625   0.000666625   0.000666625   0.000666625  
1700          0.000666625   0.000666625   0.000666625   0.000666625   0.000666625   0.000666625   0.000666625   0.000666625   0.000666625   0.000666625   0.000666625  
1750          0.000666625   0.000666625   0.000666625   0.000666625   0.000666625   0.000666625   0.000666625   0.000666625   0.000666625   0.000666625   0.000666625  
1800          0.000666625   0.000666625   0.000666625   0.000666625   0.000666625   0.000666625   0.000666625   0.000666625   0.000666625   0.000666625   0.000666625  
1850          0.000666625   0.000666625   0.000666625   0.000666625   0.000666625   0.000666625   0.000666625   0.000666625   0.000666625   0.000666625   0.000666625  
1900          0.000666625   0.000666625   0.000666625   0.000666625   0.000666625   0.000666625   0.000666625   0.000666625   0.000666625   0.000666625   0.000666625  
1950          0.000666625   0.000666625   0.000666625   0.000666625   0.000666625   0.000666625   0.000666625   0.000666625   0.000666625   0.000666625   0.000666625  
2000          0.000666625   0.000666625   0.000666625   0.000666625   0.000666625   0.000666625   0.000666625   0.000666625   0.000666625   0.000666625   0.000666625  
2050          0.000666625   0.000666625   0.000666625   0.000666625   0.000666625   0.000666625   0.000666625   0.000666625   0.000666625   0.000666625   0.000666625  
2100          0.000666625   0.000666625   0.000666625   0.000666625   0.000666625   0.000666625   0.000666625   0.000666625   0.000666625   0.000666625   0.000666625  
2150          0.000666625   0.000666625   0.000666625   0.000666625   0.000666625   0.000666625   0.000666625   0.000666625   0.000666625   0.000666625   0.000666625  
2200          0.000666625   0.000666625   0.000666625   0.000666625   0.000666625   0.000666625   0.000666625   0.000666625   0.000666625   0.000666625   0.000666625  
2250          0.000666625   0.000666625   0.000666625   0.000666625   0.000666625   0.000666625   0.000666625   0.000666625   0.000666625   0.000666625   0.000666625  
2300          0.000666625   0.000666625   0.000666625   0.000666625   0.000666625   0.000666625   0.000666625   0.000666625   0.000666625   0.000666625   0.000666625  
2350          0.000666625   0.000666625   0.000666625   0.000666625   0.000666625   0.000666625   0.000666625   0.000666625   0.000666625   0.000666625   0.000666625  
2400          0.000666625   0.000666625   0.000666625   0.000666625   0.000666625   0.000666625   0.000666625   0.000666625   0.000666625   0.000666625   0.000666625  
2450          0.000666625   0.000666625   0.000666625   0.000666625   0.000666625   0.000666625   0.000666625   0.000666625   0.000666625   0.000666625   0.000666625  
2500          0.000666625   0.000666625   0.000666625   0.000666625   0.000666625   0.000666625   0.000666625   0.000666625   0.000666625   0.000666625   0.000666625  
2550          0.000666625   0.000666625   0.000666625   0.000666625   0.000666625   0.000666625   0.000666625   0.000666625   0.000666625   0.000666625   0.000666625  
2600          0.000666625   0.000666625   0.000666625   0.000666625   0.000666625   0.000666625   0.000666625   0.000666625   0.000666625   0.000666625   0.000666625  
2650          0.000666625   0.000666625   0.000666625   0.000666625   0.000666625   0.000666625   0.000666625   0.000666625   0.000666625   0.000666625   0.000666625  
2700          0.000666625   0.000666625   0.000666625   0.000666625   0.000666625   0.000666625   0.000666625   0.000666625   0.000666625   0.000666625   0.000666625  
2750          0.000666625   0.000666625   0.000666625   0.000666625   0.000666625   0.000666625   0.000666625   0.000666625   0.000666625   0.000666625   0.000666625  
2800          0.000666625   0.000666625   0.000666625   0.000666625   0.000666625   0.000666625   0.000666625   0.000666625   0.000666625   0.000666625   0.000666625  
2850          0.000666625   0.000666625   0.000666625   0.000666625   0.000666625   0.000666625   0.000666625   0.000666625   0.000666625   0.000666625   0.000666625  
2900          0.000666625   0.000666625   0.000666625   0.000666625   0.000666625   0.000666625   0.000666625   0.000666625   0.000666625   0.000666625   0.000666625  
2950          0.000666625   0.000666625   0.000666625   0.000666625   0.000666625   0.000666625   0.000666625   0.000666625   0.000666625   0.000666625   0.000666625  
3000          0.000666625   0.000666625   0.000666625   0.000666625   0.000666625   0.000666625   0.000666625   0.000666625   0.000666625   0.000666625   0.000666625  
3050          0.000666625   0.000666625   0.000666625   0.000666625   0.000666625   0.000666625   0.000666625   0.000666625   0.000666625   0.000666625   0.000666625  
3100          0.000666625   0.000666625   0.000666625   0.000666625   0.000666625   0.000666625   0.000666625   0.000666625   0.000666625   0.000666625   0.000666625  
3150          0.000666625   0.000666625   0.000666625   0.000666625   0.000666625   0.000666625   0.000666625   0.000666625   0.000666625   0.000666625   0.000666625  
3200          0.000666625   0.000666625   0.000666625   0.000666625   0.000666625   0.000666625   0.000666625   0.000666625   0.000666625   0.000666625   0.000666625  
3250          0.000666625   0.000666625   0.000666625   0.000666625   0.000666625   0.000666625   0.000666625   0.000666625   0.000666625   0.000666625   0.000666625  
3300          0.000666625   0.000666625   0.000666625   0.000666625   0.000666625   0.000666625   0.000666625   0.000666625   0.000666625   0.000666625   0.000666625  
3350          0.000666625   0.000666625   0.000666625   0.000666625   0.000666625   0.000666625   0.000666625   0.000666625   0.000666625   0.000666625   0.000666625  
3400          0.000666625   0.000666625   0.000666625   0.000666625   0.000666625   0.000666625   0.000666625   0.000666625   0.000666625   0.000666625   0.000666625  
3450          0.000666625   0.000666625   0.000666625   0.000666625   0.000666625   0.000666625   0.000666625   0.000666625   0.000666625   0.000666625   0.000666625  
3500          0.000666625   0.000666625   0.000666625   0.000666625   0.000666625   0.000666625   0.000666625   0.000666625   0.000666625   0.000666625   0.000666625  
3550          0.000666625   0.000666625   0.000666625   0.000666625   0.000666625   0.000666625   0.000666625   0.000666625   0.000666625   0.000666625   0.000666625  
3600          0.000666625   0.000666625   0.000666625   0.000666625   0.000666625   0.000666625   0.000666625   0.000666625   0.000666625   0.000666625   0.000666625  
3650          0.000666625   0.000666625   0.000666625   0.000666625   0.000666625   0.000666625   0.000666625   0.000666625   0.000666625   0.000666625   0.000666625  
3700          0.000666625   0.000666625   0.000666625   0.000666625   0.000666625   0.000666625   0.000666625   0.000666625   0.000666625   0.000666625   0.000666625  
3750          0.000666625   0.000666625   0.000666625   0.000666625   0.000666625   0.000666625   0.000666625   0.000666625   0.000666625   0.000666625   0.000666625  
3800          0.000666625   0.000666625   0.000666625   0.000666625   0.000666625   0.000666625   0.000666625   0.000666625   0.000666625   0.000666625   0.000666625  
3850          0.000666625   0.000666625   0.000666625   0.000666625   0.000666625   0.000666625   0.000666625   0.000666625   0.000666625   0.000666625   0.000666625  
3900          0.000666625   0.000666625   0.000666625   0.000666625   0.000666625   0.000666625   0.000666625   0.000666625   0.000666625   0.000666625   0.000666625  
3950          0.000666625   0.000666625   0.000666625   0.000666625   0.000666625   0.000666625   0.000666625   0.000666625   0.000666625   0.000666625   0.000666625  
4000          0.000666625   0.000666625   0.000666625   0.000666625   0.000666625   0.000666625   0.000666625   0.000666625   0.000666625   0.000666625   0.000666625  
4050          0.000666625   0.000666625   0.000666625   0.000666625   0.000666625   0.000666625   0.000666625   0.000666625   0.000666625   0.000666625   0.000666625  
4100          0.000666625   0.000666625   0.000666625   0.000666625   0.000666625   0.000666625   0.000666625   0.000666625   0.000666625   0.000666625   0.000666625  
4150          0.000666625   0.000666625   0.000666625   0.000666625   0.000666625   0.000666625   0.000666625   0.000666625   0.000666625   0.000666625   0.000666625  
4200          0.000666625   0.000666625   0.000666625   0.000666625   0.000666625   0.000666625   0.000666625   0.000666625   0.000666625   0.000666625   0.000666625  
4250          0.000666625   0.000666625   0.000666625   0.000666625   0.000666625   0.000666625   0.000666625   0.000666625   0.000666625   0.000666625   0.000666625  
4300          0.000666625   0.000666625   0.000666625   0.000666625   0.000666625   0.000666625   0.000666625   0.000666625   0.000666625   0.000666625   0.000666625  
4350          0.000666625   0.000666625   0.000666625   0.000666625   0.000666625   0.000666625   0.000666625   0.000666625   0.000666625   0.000666625   0.000666625  
4400          0.000666625   0.000666625   0.000666625   0.000666625   0.000666625   0.000666625   0.000666625   0.000666625   0.000666625   0.000666625   0.000666625  
4450          0.000666625   0.000666625   0.000666625   0.000666625   0.000666625   0.000666625   0.000666625   0.000666625   0.000666625   0.000666625   0.000666625  
4500          0.000666625   0.000666625   0.000666625   0.000666625   0.000666625   0.000666625   0.000666625   0.000666625   0.000666625   0.000666625   0.000666625  
4550          0.000666625   0.000666625   0.000666625   0.000666625   0.000666625   0.000666625   0.000666625   0.000666625   0.000666625   0.000666625   0.000666625  
4600          0.000666625   0.000666625   0.000666625   0.000666625   0.000666625   0.000666625   0.000666625   0.000666625   0.000666625   0.000666625   0.000666625  
4650          0.000666625   0.000666625   0.000666625   0.000666625   0.000666625   0.000666625   0.000666625   0.000666625   0.000666625   0.000666625   0.000666625  
4700          0.000666625   0.000666625   0.000666625   0.000666625   0.000666625   0.000666625   0.000666625   0.000666625   0.000666625   0.000666625   0.000666625  
4750          0.000666625   0.000666625   0.000666625   0.000666625   0.000666625   0.000666625   0.000666625   0.000666625   0.000666625   0.000666625   0.000666625  
4800          0.000666625   0.000666625   0.000666625   0.000666625   0.000666625   0.000666625   0.000666625   0.000666625   0.000666625   0.000666625   0.000666625  
4850          0.000666625   0.000666625   0.000666625   0.000666625   0.000666625   0.000666625   0.000666625   0.000666625   0.000666625   0.000666625   0.000666625  
4900          0.000666625   0.000666625   0.000666625   0.000666625   0.000666625   0.000666625   0.000666625   0.000666625   0.000666625   0.000666625   0.000666625  
4950          0.000666625   0.000666625   0.000666625   0.000666625   0.000666625   0.000666625   0.000666625   0.000666625   0.000666625   0.000666625   0.000666625  
5000          0.000666625   0.000666625   0.000666625   0.000666625   0.000666625   0.000666625   0.000666625   0.000666625   0.000666625   0.000666625   0.000666625  
