# Probe 0 (0.0015 0.0015 0)
# Probe 1 (0.0015 0.0015 0.002)
# Probe 2 (0.0015 0.0015 0.004)
# Probe 3 (0.0015 0.0015 0.006)
# Probe 4 (0.0015 0.0015 0.008)
# Probe 5 (0.0015 0.0015 0.01)
# Probe 6 (0.0015 0.0015 0.012)
# Probe 7 (0.0015 0.0015 0.014)
# Probe 8 (0.0015 0.0015 0.016)
# Probe 9 (0.0015 0.0015 0.018)
# Probe 10 (0.0015 0.0015 0.02)
# Time        0             1             2             3             4             5             6             7             8             9             10           
50            (0.0262179 0.0262179 9544.48) (0.0262179 0.0262179 9544.48) (0.0262179 0.0262179 9544.48) (0.014857 0.014857 7538.08) (0.014857 0.014857 7538.08) (-0.0044473 -0.0044473 5199.16) (-0.0044473 -0.0044473 5199.16) (-0.0114052 -0.0114052 3953.07) (-0.0114052 -0.0114052 3953.07) (-0.00549757 -0.00549757 4221.01) (-0.00549757 -0.00549757 4221.01)
100           (0.00670563 0.00670563 7641.31) (0.00670563 0.00670563 7641.31) (0.00670563 0.00670563 7641.31) (0.00667493 0.00667493 7105.34) (0.00667493 0.00667493 7105.34) (0.00330731 0.00330731 6257.85) (0.00330731 0.00330731 6257.85) (-0.000803046 -0.000803045 5386.18) (-0.000803046 -0.000803045 5386.18) (-0.00233674 -0.00233674 4865.39) (-0.00233674 -0.00233674 4865.39)
150           (0.00146706 0.00146706 6944.84) (0.00146706 0.00146706 6944.84) (0.00146706 0.00146706 6944.84) (0.00174145 0.00174145 6725.57) (0.00174145 0.00174145 6725.57) (0.00155192 0.00155192 6349.2) (0.00155192 0.00155192 6349.2) (0.00113021 0.00113021 5875.56) (0.00113021 0.00113021 5875.56) (0.000277583 0.000277583 5448.58) (0.000277583 0.000277583 5448.58)
200           (0.00429871 0.00429871 6618.38) (0.00429871 0.00429871 6618.38) (0.00429871 0.00429871 6618.38) (0.00442077 0.00442077 6510.08) (0.00442077 0.00442077 6510.08) (0.00281452 0.00281452 6319.87) (0.00281452 0.00281452 6319.87) (8.20082e-05 8.20084e-05 6066.54) (8.20082e-05 8.20084e-05 6066.54) (-0.00249374 -0.00249374 5809.28) (-0.00249374 -0.00249374 5809.28)
250           (0.00237576 0.00237576 6448.85) (0.00237576 0.00237576 6448.85) (0.00237576 0.00237576 6448.85) (0.00249238 0.00249238 6391.86) (0.00249238 0.00249238 6391.86) (0.00166171 0.00166171 6291.35) (0.00166171 0.00166171 6291.35) (0.000140129 0.000140129 6155.75) (0.000140129 0.000140129 6155.75) (-0.00141471 -0.00141471 6013.13) (-0.00141471 -0.00141471 6013.13)
300           (-0.00223426 -0.00223426 6358.24) (-0.00223426 -0.00223426 6358.24) (-0.00223426 -0.00223426 6358.24) (-0.00259052 -0.00259052 6327.78) (-0.00259052 -0.00259052 6327.78) (-0.00209737 -0.00209737 6274.09) (-0.00209737 -0.00209737 6274.09) (-0.000821907 -0.000821907 6201.58) (-0.000821907 -0.000821907 6201.58) (0.00102246 0.00102246 6124.65) (0.00102246 0.00102246 6124.65)
350           (-0.000779327 -0.000779327 6309.6) (-0.000779327 -0.000779327 6309.6) (-0.000779327 -0.000779327 6309.6) (-0.000924857 -0.000924857 6293.3) (-0.000924857 -0.000924857 6293.3) (-0.000773638 -0.000773638 6264.61) (-0.000773638 -0.000773638 6264.61) (-0.000337055 -0.000337055 6225.91) (-0.000337055 -0.000337055 6225.91) (0.000343835 0.000343835 6184.8) (0.000343835 0.000343835 6184.8)
400           (0.00507558 0.00507558 6283.53) (0.00507558 0.00507558 6283.53) (0.00507558 0.00507558 6283.53) (0.00578541 0.00578541 6274.82) (0.00578541 0.00578541 6274.82) (0.00452176 0.00452176 6259.53) (0.00452176 0.00452176 6259.53) (0.00153537 0.00153537 6238.92) (0.00153537 0.00153537 6238.92) (-0.00236394 -0.00236394 6217.05) (-0.00236394 -0.00236394 6217.05)
450           (0.00132727 0.00132727 6269.64) (0.00132727 0.00132727 6269.64) (0.00132727 0.00132727 6269.64) (0.00136742 0.00136742 6264.99) (0.00136742 0.00136742 6264.99) (0.000888722 0.000888718 6256.83) (0.000888722 0.000888718 6256.83) (1.38855e-05 1.38865e-05 6245.85) (1.38855e-05 1.38865e-05 6245.85) (-0.000954796 -0.000954795 6234.21) (-0.000954796 -0.000954795 6234.21)
500           (1.66157e-05 1.66451e-05 6262.25) (1.66157e-05 1.66451e-05 6262.25) (1.66157e-05 1.66451e-05 6262.25) (-3.5283e-05 -3.52521e-05 6259.76) (-3.5283e-05 -3.52521e-05 6259.76) (-0.000125353 -0.000125548 6255.41) (-0.000125353 -0.000125548 6255.41) (-0.000306329 -0.000306306 6249.54) (-0.000306329 -0.000306306 6249.54) (-0.000535398 -0.000535392 6243.34) (-0.000535398 -0.000535392 6243.34)
550           (-8.72914e-05 -8.72685e-05 6258.49) (-8.72914e-05 -8.72685e-05 6258.49) (-8.72914e-05 -8.72685e-05 6258.49) (5.08049e-05 5.08197e-05 6257.09) (5.08049e-05 5.08197e-05 6257.09) (0.000168611 0.000168479 6254.65) (0.000168611 0.000168479 6254.65) (1.52814e-05 1.52882e-05 6251.41) (1.52814e-05 1.52882e-05 6251.41) (-0.000477726 -0.000477721 6248.01) (-0.000477726 -0.000477721 6248.01)
600           (0.000989902 0.000989887 6256.47) (0.000989902 0.000989887 6256.47) (0.000989902 0.000989887 6256.47) (0.000718345 0.000718347 6255.64) (0.000718345 0.000718347 6255.64) (4.38173e-05 4.39248e-05 6254.23) (4.38173e-05 4.39248e-05 6254.23) (-0.000544177 -0.000544178 6252.4) (-0.000544177 -0.000544178 6252.4) (-0.000521852 -0.000521856 6250.54) (-0.000521852 -0.000521856 6250.54)
650           (0.000830399 0.000830396 6255.4) (0.000830399 0.000830396 6255.4) (0.000830399 0.000830396 6255.4) (0.000667544 0.000667568 6254.88) (0.000667544 0.000667568 6254.88) (7.30797e-05 7.31409e-05 6254.02) (7.30797e-05 7.31409e-05 6254.02) (-0.000553376 -0.000553375 6252.93) (-0.000553376 -0.000553375 6252.93) (-0.000575138 -0.000575142 6251.87) (-0.000575138 -0.000575142 6251.87)
700           (8.72256e-05 8.72226e-05 6254.97) (8.72256e-05 8.72226e-05 6254.97) (8.72256e-05 8.72226e-05 6254.97) (0.000187381 0.000187344 6254.57) (0.000187381 0.000187344 6254.57) (0.000384596 0.000384561 6253.93) (0.000384596 0.000384561 6253.93) (0.000454129 0.000454126 6253.15) (0.000454129 0.000454126 6253.15) (-7.4763e-05 -7.47603e-05 6252.4) (-7.4763e-05 -7.47603e-05 6252.4)
750           (0.0001117 0.000111694 6254.81) (0.0001117 0.000111694 6254.81) (0.0001117 0.000111694 6254.81) (0.000199402 0.000199359 6254.45) (0.000199402 0.000199359 6254.45) (0.000379557 0.000379535 6253.88) (0.000379557 0.000379535 6253.88) (0.000467351 0.000467347 6253.22) (0.000467351 0.000467347 6253.22) (-3.64231e-05 -3.64206e-05 6252.63) (-3.64231e-05 -3.64206e-05 6252.63)
800           (0.000574965 0.000574971 6254.73) (0.000574965 0.000574971 6254.73) (0.000574965 0.000574971 6254.73) (0.000480453 0.000480496 6254.39) (0.000480453 0.000480496 6254.39) (2.39439e-05 2.39566e-05 6253.85) (2.39439e-05 2.39566e-05 6253.85) (-0.000587437 -0.000587432 6253.24) (-0.000587437 -0.000587432 6253.24) (-0.000635257 -0.000635259 6252.75) (-0.000635257 -0.000635259 6252.75)
850           (0.000574965 0.000574971 6254.73) (0.000574965 0.000574971 6254.73) (0.000574965 0.000574971 6254.73) (0.000480453 0.000480496 6254.39) (0.000480453 0.000480496 6254.39) (2.39439e-05 2.39566e-05 6253.85) (2.39439e-05 2.39566e-05 6253.85) (-0.000587437 -0.000587432 6253.24) (-0.000587437 -0.000587432 6253.24) (-0.000635257 -0.000635259 6252.75) (-0.000635257 -0.000635259 6252.75)
900           (0.000574965 0.000574971 6254.73) (0.000574965 0.000574971 6254.73) (0.000574965 0.000574971 6254.73) (0.000480453 0.000480496 6254.39) (0.000480453 0.000480496 6254.39) (2.39439e-05 2.39566e-05 6253.85) (2.39439e-05 2.39566e-05 6253.85) (-0.000587437 -0.000587432 6253.24) (-0.000587437 -0.000587432 6253.24) (-0.000635257 -0.000635259 6252.75) (-0.000635257 -0.000635259 6252.75)
950           (0.000574965 0.000574971 6254.73) (0.000574965 0.000574971 6254.73) (0.000574965 0.000574971 6254.73) (0.000480453 0.000480496 6254.39) (0.000480453 0.000480496 6254.39) (2.39439e-05 2.39566e-05 6253.85) (2.39439e-05 2.39566e-05 6253.85) (-0.000587437 -0.000587432 6253.24) (-0.000587437 -0.000587432 6253.24) (-0.000635257 -0.000635259 6252.75) (-0.000635257 -0.000635259 6252.75)
1000          (0.000574965 0.000574971 6254.73) (0.000574965 0.000574971 6254.73) (0.000574965 0.000574971 6254.73) (0.000480453 0.000480496 6254.39) (0.000480453 0.000480496 6254.39) (2.39439e-05 2.39566e-05 6253.85) (2.39439e-05 2.39566e-05 6253.85) (-0.000587437 -0.000587432 6253.24) (-0.000587437 -0.000587432 6253.24) (-0.000635257 -0.000635259 6252.75) (-0.000635257 -0.000635259 6252.75)
1050          (0.000574965 0.000574971 6254.73) (0.000574965 0.000574971 6254.73) (0.000574965 0.000574971 6254.73) (0.000480453 0.000480496 6254.39) (0.000480453 0.000480496 6254.39) (2.39439e-05 2.39566e-05 6253.85) (2.39439e-05 2.39566e-05 6253.85) (-0.000587437 -0.000587432 6253.24) (-0.000587437 -0.000587432 6253.24) (-0.000635257 -0.000635259 6252.75) (-0.000635257 -0.000635259 6252.75)
1100          (0.000574965 0.000574971 6254.73) (0.000574965 0.000574971 6254.73) (0.000574965 0.000574971 6254.73) (0.000480453 0.000480496 6254.39) (0.000480453 0.000480496 6254.39) (2.39439e-05 2.39566e-05 6253.85) (2.39439e-05 2.39566e-05 6253.85) (-0.000587437 -0.000587432 6253.24) (-0.000587437 -0.000587432 6253.24) (-0.000635257 -0.000635259 6252.75) (-0.000635257 -0.000635259 6252.75)
1150          (0.000574965 0.000574971 6254.73) (0.000574965 0.000574971 6254.73) (0.000574965 0.000574971 6254.73) (0.000480453 0.000480496 6254.39) (0.000480453 0.000480496 6254.39) (2.39439e-05 2.39566e-05 6253.85) (2.39439e-05 2.39566e-05 6253.85) (-0.000587437 -0.000587432 6253.24) (-0.000587437 -0.000587432 6253.24) (-0.000635257 -0.000635259 6252.75) (-0.000635257 -0.000635259 6252.75)
1200          (0.000574965 0.000574971 6254.73) (0.000574965 0.000574971 6254.73) (0.000574965 0.000574971 6254.73) (0.000480453 0.000480496 6254.39) (0.000480453 0.000480496 6254.39) (2.39439e-05 2.39566e-05 6253.85) (2.39439e-05 2.39566e-05 6253.85) (-0.000587437 -0.000587432 6253.24) (-0.000587437 -0.000587432 6253.24) (-0.000635257 -0.000635259 6252.75) (-0.000635257 -0.000635259 6252.75)
1250          (0.000574965 0.000574971 6254.73) (0.000574965 0.000574971 6254.73) (0.000574965 0.000574971 6254.73) (0.000480453 0.000480496 6254.39) (0.000480453 0.000480496 6254.39) (2.39439e-05 2.39566e-05 6253.85) (2.39439e-05 2.39566e-05 6253.85) (-0.000587437 -0.000587432 6253.24) (-0.000587437 -0.000587432 6253.24) (-0.000635257 -0.000635259 6252.75) (-0.000635257 -0.000635259 6252.75)
1300          (0.000574965 0.000574971 6254.73) (0.000574965 0.000574971 6254.73) (0.000574965 0.000574971 6254.73) (0.000480453 0.000480496 6254.39) (0.000480453 0.000480496 6254.39) (2.39439e-05 2.39566e-05 6253.85) (2.39439e-05 2.39566e-05 6253.85) (-0.000587437 -0.000587432 6253.24) (-0.000587437 -0.000587432 6253.24) (-0.000635257 -0.000635259 6252.75) (-0.000635257 -0.000635259 6252.75)
1350          (0.000574965 0.000574971 6254.73) (0.000574965 0.000574971 6254.73) (0.000574965 0.000574971 6254.73) (0.000480453 0.000480496 6254.39) (0.000480453 0.000480496 6254.39) (2.39439e-05 2.39566e-05 6253.85) (2.39439e-05 2.39566e-05 6253.85) (-0.000587437 -0.000587432 6253.24) (-0.000587437 -0.000587432 6253.24) (-0.000635257 -0.000635259 6252.75) (-0.000635257 -0.000635259 6252.75)
1400          (0.000574965 0.000574971 6254.73) (0.000574965 0.000574971 6254.73) (0.000574965 0.000574971 6254.73) (0.000480453 0.000480496 6254.39) (0.000480453 0.000480496 6254.39) (2.39439e-05 2.39566e-05 6253.85) (2.39439e-05 2.39566e-05 6253.85) (-0.000587437 -0.000587432 6253.24) (-0.000587437 -0.000587432 6253.24) (-0.000635257 -0.000635259 6252.75) (-0.000635257 -0.000635259 6252.75)
1450          (0.000574965 0.000574971 6254.73) (0.000574965 0.000574971 6254.73) (0.000574965 0.000574971 6254.73) (0.000480453 0.000480496 6254.39) (0.000480453 0.000480496 6254.39) (2.39439e-05 2.39566e-05 6253.85) (2.39439e-05 2.39566e-05 6253.85) (-0.000587437 -0.000587432 6253.24) (-0.000587437 -0.000587432 6253.24) (-0.000635257 -0.000635259 6252.75) (-0.000635257 -0.000635259 6252.75)
1500          (0.000574965 0.000574971 6254.73) (0.000574965 0.000574971 6254.73) (0.000574965 0.000574971 6254.73) (0.000480453 0.000480496 6254.39) (0.000480453 0.000480496 6254.39) (2.39439e-05 2.39566e-05 6253.85) (2.39439e-05 2.39566e-05 6253.85) (-0.000587437 -0.000587432 6253.24) (-0.000587437 -0.000587432 6253.24) (-0.000635257 -0.000635259 6252.75) (-0.000635257 -0.000635259 6252.75)
1550          (0.000574965 0.000574971 6254.73) (0.000574965 0.000574971 6254.73) (0.000574965 0.000574971 6254.73) (0.000480453 0.000480496 6254.39) (0.000480453 0.000480496 6254.39) (2.39439e-05 2.39566e-05 6253.85) (2.39439e-05 2.39566e-05 6253.85) (-0.000587437 -0.000587432 6253.24) (-0.000587437 -0.000587432 6253.24) (-0.000635257 -0.000635259 6252.75) (-0.000635257 -0.000635259 6252.75)
1600          (0.000574965 0.000574971 6254.73) (0.000574965 0.000574971 6254.73) (0.000574965 0.000574971 6254.73) (0.000480453 0.000480496 6254.39) (0.000480453 0.000480496 6254.39) (2.39439e-05 2.39566e-05 6253.85) (2.39439e-05 2.39566e-05 6253.85) (-0.000587437 -0.000587432 6253.24) (-0.000587437 -0.000587432 6253.24) (-0.000635257 -0.000635259 6252.75) (-0.000635257 -0.000635259 6252.75)
1650          (0.000574965 0.000574971 6254.73) (0.000574965 0.000574971 6254.73) (0.000574965 0.000574971 6254.73) (0.000480453 0.000480496 6254.39) (0.000480453 0.000480496 6254.39) (2.39439e-05 2.39566e-05 6253.85) (2.39439e-05 2.39566e-05 6253.85) (-0.000587437 -0.000587432 6253.24) (-0.000587437 -0.000587432 6253.24) (-0.000635257 -0.000635259 6252.75) (-0.000635257 -0.000635259 6252.75)
1700          (0.000574965 0.000574971 6254.73) (0.000574965 0.000574971 6254.73) (0.000574965 0.000574971 6254.73) (0.000480453 0.000480496 6254.39) (0.000480453 0.000480496 6254.39) (2.39439e-05 2.39566e-05 6253.85) (2.39439e-05 2.39566e-05 6253.85) (-0.000587437 -0.000587432 6253.24) (-0.000587437 -0.000587432 6253.24) (-0.000635257 -0.000635259 6252.75) (-0.000635257 -0.000635259 6252.75)
1750          (0.000574965 0.000574971 6254.73) (0.000574965 0.000574971 6254.73) (0.000574965 0.000574971 6254.73) (0.000480453 0.000480496 6254.39) (0.000480453 0.000480496 6254.39) (2.39439e-05 2.39566e-05 6253.85) (2.39439e-05 2.39566e-05 6253.85) (-0.000587437 -0.000587432 6253.24) (-0.000587437 -0.000587432 6253.24) (-0.000635257 -0.000635259 6252.75) (-0.000635257 -0.000635259 6252.75)
1800          (0.000574965 0.000574971 6254.73) (0.000574965 0.000574971 6254.73) (0.000574965 0.000574971 6254.73) (0.000480453 0.000480496 6254.39) (0.000480453 0.000480496 6254.39) (2.39439e-05 2.39566e-05 6253.85) (2.39439e-05 2.39566e-05 6253.85) (-0.000587437 -0.000587432 6253.24) (-0.000587437 -0.000587432 6253.24) (-0.000635257 -0.000635259 6252.75) (-0.000635257 -0.000635259 6252.75)
1850          (0.000574965 0.000574971 6254.73) (0.000574965 0.000574971 6254.73) (0.000574965 0.000574971 6254.73) (0.000480453 0.000480496 6254.39) (0.000480453 0.000480496 6254.39) (2.39439e-05 2.39566e-05 6253.85) (2.39439e-05 2.39566e-05 6253.85) (-0.000587437 -0.000587432 6253.24) (-0.000587437 -0.000587432 6253.24) (-0.000635257 -0.000635259 6252.75) (-0.000635257 -0.000635259 6252.75)
1900          (0.000574965 0.000574971 6254.73) (0.000574965 0.000574971 6254.73) (0.000574965 0.000574971 6254.73) (0.000480453 0.000480496 6254.39) (0.000480453 0.000480496 6254.39) (2.39439e-05 2.39566e-05 6253.85) (2.39439e-05 2.39566e-05 6253.85) (-0.000587437 -0.000587432 6253.24) (-0.000587437 -0.000587432 6253.24) (-0.000635257 -0.000635259 6252.75) (-0.000635257 -0.000635259 6252.75)
1950          (0.000574965 0.000574971 6254.73) (0.000574965 0.000574971 6254.73) (0.000574965 0.000574971 6254.73) (0.000480453 0.000480496 6254.39) (0.000480453 0.000480496 6254.39) (2.39439e-05 2.39566e-05 6253.85) (2.39439e-05 2.39566e-05 6253.85) (-0.000587437 -0.000587432 6253.24) (-0.000587437 -0.000587432 6253.24) (-0.000635257 -0.000635259 6252.75) (-0.000635257 -0.000635259 6252.75)
2000          (0.000574965 0.000574971 6254.73) (0.000574965 0.000574971 6254.73) (0.000574965 0.000574971 6254.73) (0.000480453 0.000480496 6254.39) (0.000480453 0.000480496 6254.39) (2.39439e-05 2.39566e-05 6253.85) (2.39439e-05 2.39566e-05 6253.85) (-0.000587437 -0.000587432 6253.24) (-0.000587437 -0.000587432 6253.24) (-0.000635257 -0.000635259 6252.75) (-0.000635257 -0.000635259 6252.75)
2050          (0.000574965 0.000574971 6254.73) (0.000574965 0.000574971 6254.73) (0.000574965 0.000574971 6254.73) (0.000480453 0.000480496 6254.39) (0.000480453 0.000480496 6254.39) (2.39439e-05 2.39566e-05 6253.85) (2.39439e-05 2.39566e-05 6253.85) (-0.000587437 -0.000587432 6253.24) (-0.000587437 -0.000587432 6253.24) (-0.000635257 -0.000635259 6252.75) (-0.000635257 -0.000635259 6252.75)
2100          (0.000574965 0.000574971 6254.73) (0.000574965 0.000574971 6254.73) (0.000574965 0.000574971 6254.73) (0.000480453 0.000480496 6254.39) (0.000480453 0.000480496 6254.39) (2.39439e-05 2.39566e-05 6253.85) (2.39439e-05 2.39566e-05 6253.85) (-0.000587437 -0.000587432 6253.24) (-0.000587437 -0.000587432 6253.24) (-0.000635257 -0.000635259 6252.75) (-0.000635257 -0.000635259 6252.75)
2150          (0.000574965 0.000574971 6254.73) (0.000574965 0.000574971 6254.73) (0.000574965 0.000574971 6254.73) (0.000480453 0.000480496 6254.39) (0.000480453 0.000480496 6254.39) (2.39439e-05 2.39566e-05 6253.85) (2.39439e-05 2.39566e-05 6253.85) (-0.000587437 -0.000587432 6253.24) (-0.000587437 -0.000587432 6253.24) (-0.000635257 -0.000635259 6252.75) (-0.000635257 -0.000635259 6252.75)
2200          (0.000574965 0.000574971 6254.73) (0.000574965 0.000574971 6254.73) (0.000574965 0.000574971 6254.73) (0.000480453 0.000480496 6254.39) (0.000480453 0.000480496 6254.39) (2.39439e-05 2.39566e-05 6253.85) (2.39439e-05 2.39566e-05 6253.85) (-0.000587437 -0.000587432 6253.24) (-0.000587437 -0.000587432 6253.24) (-0.000635257 -0.000635259 6252.75) (-0.000635257 -0.000635259 6252.75)
2250          (0.000574965 0.000574971 6254.73) (0.000574965 0.000574971 6254.73) (0.000574965 0.000574971 6254.73) (0.000480453 0.000480496 6254.39) (0.000480453 0.000480496 6254.39) (2.39439e-05 2.39566e-05 6253.85) (2.39439e-05 2.39566e-05 6253.85) (-0.000587437 -0.000587432 6253.24) (-0.000587437 -0.000587432 6253.24) (-0.000635257 -0.000635259 6252.75) (-0.000635257 -0.000635259 6252.75)
2300          (0.000574965 0.000574971 6254.73) (0.000574965 0.000574971 6254.73) (0.000574965 0.000574971 6254.73) (0.000480453 0.000480496 6254.39) (0.000480453 0.000480496 6254.39) (2.39439e-05 2.39566e-05 6253.85) (2.39439e-05 2.39566e-05 6253.85) (-0.000587437 -0.000587432 6253.24) (-0.000587437 -0.000587432 6253.24) (-0.000635257 -0.000635259 6252.75) (-0.000635257 -0.000635259 6252.75)
2350          (0.000574965 0.000574971 6254.73) (0.000574965 0.000574971 6254.73) (0.000574965 0.000574971 6254.73) (0.000480453 0.000480496 6254.39) (0.000480453 0.000480496 6254.39) (2.39439e-05 2.39566e-05 6253.85) (2.39439e-05 2.39566e-05 6253.85) (-0.000587437 -0.000587432 6253.24) (-0.000587437 -0.000587432 6253.24) (-0.000635257 -0.000635259 6252.75) (-0.000635257 -0.000635259 6252.75)
2400          (0.000574965 0.000574971 6254.73) (0.000574965 0.000574971 6254.73) (0.000574965 0.000574971 6254.73) (0.000480453 0.000480496 6254.39) (0.000480453 0.000480496 6254.39) (2.39439e-05 2.39566e-05 6253.85) (2.39439e-05 2.39566e-05 6253.85) (-0.000587437 -0.000587432 6253.24) (-0.000587437 -0.000587432 6253.24) (-0.000635257 -0.000635259 6252.75) (-0.000635257 -0.000635259 6252.75)
2450          (0.000574965 0.000574971 6254.73) (0.000574965 0.000574971 6254.73) (0.000574965 0.000574971 6254.73) (0.000480453 0.000480496 6254.39) (0.000480453 0.000480496 6254.39) (2.39439e-05 2.39566e-05 6253.85) (2.39439e-05 2.39566e-05 6253.85) (-0.000587437 -0.000587432 6253.24) (-0.000587437 -0.000587432 6253.24) (-0.000635257 -0.000635259 6252.75) (-0.000635257 -0.000635259 6252.75)
2500          (0.000574965 0.000574971 6254.73) (0.000574965 0.000574971 6254.73) (0.000574965 0.000574971 6254.73) (0.000480453 0.000480496 6254.39) (0.000480453 0.000480496 6254.39) (2.39439e-05 2.39566e-05 6253.85) (2.39439e-05 2.39566e-05 6253.85) (-0.000587437 -0.000587432 6253.24) (-0.000587437 -0.000587432 6253.24) (-0.000635257 -0.000635259 6252.75) (-0.000635257 -0.000635259 6252.75)
2550          (0.000574965 0.000574971 6254.73) (0.000574965 0.000574971 6254.73) (0.000574965 0.000574971 6254.73) (0.000480453 0.000480496 6254.39) (0.000480453 0.000480496 6254.39) (2.39439e-05 2.39566e-05 6253.85) (2.39439e-05 2.39566e-05 6253.85) (-0.000587437 -0.000587432 6253.24) (-0.000587437 -0.000587432 6253.24) (-0.000635257 -0.000635259 6252.75) (-0.000635257 -0.000635259 6252.75)
2600          (0.000574965 0.000574971 6254.73) (0.000574965 0.000574971 6254.73) (0.000574965 0.000574971 6254.73) (0.000480453 0.000480496 6254.39) (0.000480453 0.000480496 6254.39) (2.39439e-05 2.39566e-05 6253.85) (2.39439e-05 2.39566e-05 6253.85) (-0.000587437 -0.000587432 6253.24) (-0.000587437 -0.000587432 6253.24) (-0.000635257 -0.000635259 6252.75) (-0.000635257 -0.000635259 6252.75)
2650          (0.000574965 0.000574971 6254.73) (0.000574965 0.000574971 6254.73) (0.000574965 0.000574971 6254.73) (0.000480453 0.000480496 6254.39) (0.000480453 0.000480496 6254.39) (2.39439e-05 2.39566e-05 6253.85) (2.39439e-05 2.39566e-05 6253.85) (-0.000587437 -0.000587432 6253.24) (-0.000587437 -0.000587432 6253.24) (-0.000635257 -0.000635259 6252.75) (-0.000635257 -0.000635259 6252.75)
2700          (0.000574965 0.000574971 6254.73) (0.000574965 0.000574971 6254.73) (0.000574965 0.000574971 6254.73) (0.000480453 0.000480496 6254.39) (0.000480453 0.000480496 6254.39) (2.39439e-05 2.39566e-05 6253.85) (2.39439e-05 2.39566e-05 6253.85) (-0.000587437 -0.000587432 6253.24) (-0.000587437 -0.000587432 6253.24) (-0.000635257 -0.000635259 6252.75) (-0.000635257 -0.000635259 6252.75)
2750          (0.000574965 0.000574971 6254.73) (0.000574965 0.000574971 6254.73) (0.000574965 0.000574971 6254.73) (0.000480453 0.000480496 6254.39) (0.000480453 0.000480496 6254.39) (2.39439e-05 2.39566e-05 6253.85) (2.39439e-05 2.39566e-05 6253.85) (-0.000587437 -0.000587432 6253.24) (-0.000587437 -0.000587432 6253.24) (-0.000635257 -0.000635259 6252.75) (-0.000635257 -0.000635259 6252.75)
2800          (0.000574965 0.000574971 6254.73) (0.000574965 0.000574971 6254.73) (0.000574965 0.000574971 6254.73) (0.000480453 0.000480496 6254.39) (0.000480453 0.000480496 6254.39) (2.39439e-05 2.39566e-05 6253.85) (2.39439e-05 2.39566e-05 6253.85) (-0.000587437 -0.000587432 6253.24) (-0.000587437 -0.000587432 6253.24) (-0.000635257 -0.000635259 6252.75) (-0.000635257 -0.000635259 6252.75)
2850          (0.000574965 0.000574971 6254.73) (0.000574965 0.000574971 6254.73) (0.000574965 0.000574971 6254.73) (0.000480453 0.000480496 6254.39) (0.000480453 0.000480496 6254.39) (2.39439e-05 2.39566e-05 6253.85) (2.39439e-05 2.39566e-05 6253.85) (-0.000587437 -0.000587432 6253.24) (-0.000587437 -0.000587432 6253.24) (-0.000635257 -0.000635259 6252.75) (-0.000635257 -0.000635259 6252.75)
2900          (0.000574965 0.000574971 6254.73) (0.000574965 0.000574971 6254.73) (0.000574965 0.000574971 6254.73) (0.000480453 0.000480496 6254.39) (0.000480453 0.000480496 6254.39) (2.39439e-05 2.39566e-05 6253.85) (2.39439e-05 2.39566e-05 6253.85) (-0.000587437 -0.000587432 6253.24) (-0.000587437 -0.000587432 6253.24) (-0.000635257 -0.000635259 6252.75) (-0.000635257 -0.000635259 6252.75)
2950          (0.000574965 0.000574971 6254.73) (0.000574965 0.000574971 6254.73) (0.000574965 0.000574971 6254.73) (0.000480453 0.000480496 6254.39) (0.000480453 0.000480496 6254.39) (2.39439e-05 2.39566e-05 6253.85) (2.39439e-05 2.39566e-05 6253.85) (-0.000587437 -0.000587432 6253.24) (-0.000587437 -0.000587432 6253.24) (-0.000635257 -0.000635259 6252.75) (-0.000635257 -0.000635259 6252.75)
3000          (0.000574965 0.000574971 6254.73) (0.000574965 0.000574971 6254.73) (0.000574965 0.000574971 6254.73) (0.000480453 0.000480496 6254.39) (0.000480453 0.000480496 6254.39) (2.39439e-05 2.39566e-05 6253.85) (2.39439e-05 2.39566e-05 6253.85) (-0.000587437 -0.000587432 6253.24) (-0.000587437 -0.000587432 6253.24) (-0.000635257 -0.000635259 6252.75) (-0.000635257 -0.000635259 6252.75)
3050          (0.000574965 0.000574971 6254.73) (0.000574965 0.000574971 6254.73) (0.000574965 0.000574971 6254.73) (0.000480453 0.000480496 6254.39) (0.000480453 0.000480496 6254.39) (2.39439e-05 2.39566e-05 6253.85) (2.39439e-05 2.39566e-05 6253.85) (-0.000587437 -0.000587432 6253.24) (-0.000587437 -0.000587432 6253.24) (-0.000635257 -0.000635259 6252.75) (-0.000635257 -0.000635259 6252.75)
3100          (0.000574965 0.000574971 6254.73) (0.000574965 0.000574971 6254.73) (0.000574965 0.000574971 6254.73) (0.000480453 0.000480496 6254.39) (0.000480453 0.000480496 6254.39) (2.39439e-05 2.39566e-05 6253.85) (2.39439e-05 2.39566e-05 6253.85) (-0.000587437 -0.000587432 6253.24) (-0.000587437 -0.000587432 6253.24) (-0.000635257 -0.000635259 6252.75) (-0.000635257 -0.000635259 6252.75)
3150          (0.000574965 0.000574971 6254.73) (0.000574965 0.000574971 6254.73) (0.000574965 0.000574971 6254.73) (0.000480453 0.000480496 6254.39) (0.000480453 0.000480496 6254.39) (2.39439e-05 2.39566e-05 6253.85) (2.39439e-05 2.39566e-05 6253.85) (-0.000587437 -0.000587432 6253.24) (-0.000587437 -0.000587432 6253.24) (-0.000635257 -0.000635259 6252.75) (-0.000635257 -0.000635259 6252.75)
3200          (0.000574965 0.000574971 6254.73) (0.000574965 0.000574971 6254.73) (0.000574965 0.000574971 6254.73) (0.000480453 0.000480496 6254.39) (0.000480453 0.000480496 6254.39) (2.39439e-05 2.39566e-05 6253.85) (2.39439e-05 2.39566e-05 6253.85) (-0.000587437 -0.000587432 6253.24) (-0.000587437 -0.000587432 6253.24) (-0.000635257 -0.000635259 6252.75) (-0.000635257 -0.000635259 6252.75)
3250          (0.000574965 0.000574971 6254.73) (0.000574965 0.000574971 6254.73) (0.000574965 0.000574971 6254.73) (0.000480453 0.000480496 6254.39) (0.000480453 0.000480496 6254.39) (2.39439e-05 2.39566e-05 6253.85) (2.39439e-05 2.39566e-05 6253.85) (-0.000587437 -0.000587432 6253.24) (-0.000587437 -0.000587432 6253.24) (-0.000635257 -0.000635259 6252.75) (-0.000635257 -0.000635259 6252.75)
3300          (0.000574965 0.000574971 6254.73) (0.000574965 0.000574971 6254.73) (0.000574965 0.000574971 6254.73) (0.000480453 0.000480496 6254.39) (0.000480453 0.000480496 6254.39) (2.39439e-05 2.39566e-05 6253.85) (2.39439e-05 2.39566e-05 6253.85) (-0.000587437 -0.000587432 6253.24) (-0.000587437 -0.000587432 6253.24) (-0.000635257 -0.000635259 6252.75) (-0.000635257 -0.000635259 6252.75)
3350          (0.000574965 0.000574971 6254.73) (0.000574965 0.000574971 6254.73) (0.000574965 0.000574971 6254.73) (0.000480453 0.000480496 6254.39) (0.000480453 0.000480496 6254.39) (2.39439e-05 2.39566e-05 6253.85) (2.39439e-05 2.39566e-05 6253.85) (-0.000587437 -0.000587432 6253.24) (-0.000587437 -0.000587432 6253.24) (-0.000635257 -0.000635259 6252.75) (-0.000635257 -0.000635259 6252.75)
3400          (0.000574965 0.000574971 6254.73) (0.000574965 0.000574971 6254.73) (0.000574965 0.000574971 6254.73) (0.000480453 0.000480496 6254.39) (0.000480453 0.000480496 6254.39) (2.39439e-05 2.39566e-05 6253.85) (2.39439e-05 2.39566e-05 6253.85) (-0.000587437 -0.000587432 6253.24) (-0.000587437 -0.000587432 6253.24) (-0.000635257 -0.000635259 6252.75) (-0.000635257 -0.000635259 6252.75)
3450          (0.000574965 0.000574971 6254.73) (0.000574965 0.000574971 6254.73) (0.000574965 0.000574971 6254.73) (0.000480453 0.000480496 6254.39) (0.000480453 0.000480496 6254.39) (2.39439e-05 2.39566e-05 6253.85) (2.39439e-05 2.39566e-05 6253.85) (-0.000587437 -0.000587432 6253.24) (-0.000587437 -0.000587432 6253.24) (-0.000635257 -0.000635259 6252.75) (-0.000635257 -0.000635259 6252.75)
3500          (0.000574965 0.000574971 6254.73) (0.000574965 0.000574971 6254.73) (0.000574965 0.000574971 6254.73) (0.000480453 0.000480496 6254.39) (0.000480453 0.000480496 6254.39) (2.39439e-05 2.39566e-05 6253.85) (2.39439e-05 2.39566e-05 6253.85) (-0.000587437 -0.000587432 6253.24) (-0.000587437 -0.000587432 6253.24) (-0.000635257 -0.000635259 6252.75) (-0.000635257 -0.000635259 6252.75)
3550          (0.000574965 0.000574971 6254.73) (0.000574965 0.000574971 6254.73) (0.000574965 0.000574971 6254.73) (0.000480453 0.000480496 6254.39) (0.000480453 0.000480496 6254.39) (2.39439e-05 2.39566e-05 6253.85) (2.39439e-05 2.39566e-05 6253.85) (-0.000587437 -0.000587432 6253.24) (-0.000587437 -0.000587432 6253.24) (-0.000635257 -0.000635259 6252.75) (-0.000635257 -0.000635259 6252.75)
3600          (0.000574965 0.000574971 6254.73) (0.000574965 0.000574971 6254.73) (0.000574965 0.000574971 6254.73) (0.000480453 0.000480496 6254.39) (0.000480453 0.000480496 6254.39) (2.39439e-05 2.39566e-05 6253.85) (2.39439e-05 2.39566e-05 6253.85) (-0.000587437 -0.000587432 6253.24) (-0.000587437 -0.000587432 6253.24) (-0.000635257 -0.000635259 6252.75) (-0.000635257 -0.000635259 6252.75)
3650          (0.000574965 0.000574971 6254.73) (0.000574965 0.000574971 6254.73) (0.000574965 0.000574971 6254.73) (0.000480453 0.000480496 6254.39) (0.000480453 0.000480496 6254.39) (2.39439e-05 2.39566e-05 6253.85) (2.39439e-05 2.39566e-05 6253.85) (-0.000587437 -0.000587432 6253.24) (-0.000587437 -0.000587432 6253.24) (-0.000635257 -0.000635259 6252.75) (-0.000635257 -0.000635259 6252.75)
3700          (0.000574965 0.000574971 6254.73) (0.000574965 0.000574971 6254.73) (0.000574965 0.000574971 6254.73) (0.000480453 0.000480496 6254.39) (0.000480453 0.000480496 6254.39) (2.39439e-05 2.39566e-05 6253.85) (2.39439e-05 2.39566e-05 6253.85) (-0.000587437 -0.000587432 6253.24) (-0.000587437 -0.000587432 6253.24) (-0.000635257 -0.000635259 6252.75) (-0.000635257 -0.000635259 6252.75)
3750          (0.000574965 0.000574971 6254.73) (0.000574965 0.000574971 6254.73) (0.000574965 0.000574971 6254.73) (0.000480453 0.000480496 6254.39) (0.000480453 0.000480496 6254.39) (2.39439e-05 2.39566e-05 6253.85) (2.39439e-05 2.39566e-05 6253.85) (-0.000587437 -0.000587432 6253.24) (-0.000587437 -0.000587432 6253.24) (-0.000635257 -0.000635259 6252.75) (-0.000635257 -0.000635259 6252.75)
3800          (0.000574965 0.000574971 6254.73) (0.000574965 0.000574971 6254.73) (0.000574965 0.000574971 6254.73) (0.000480453 0.000480496 6254.39) (0.000480453 0.000480496 6254.39) (2.39439e-05 2.39566e-05 6253.85) (2.39439e-05 2.39566e-05 6253.85) (-0.000587437 -0.000587432 6253.24) (-0.000587437 -0.000587432 6253.24) (-0.000635257 -0.000635259 6252.75) (-0.000635257 -0.000635259 6252.75)
3850          (0.000574965 0.000574971 6254.73) (0.000574965 0.000574971 6254.73) (0.000574965 0.000574971 6254.73) (0.000480453 0.000480496 6254.39) (0.000480453 0.000480496 6254.39) (2.39439e-05 2.39566e-05 6253.85) (2.39439e-05 2.39566e-05 6253.85) (-0.000587437 -0.000587432 6253.24) (-0.000587437 -0.000587432 6253.24) (-0.000635257 -0.000635259 6252.75) (-0.000635257 -0.000635259 6252.75)
3900          (0.000574965 0.000574971 6254.73) (0.000574965 0.000574971 6254.73) (0.000574965 0.000574971 6254.73) (0.000480453 0.000480496 6254.39) (0.000480453 0.000480496 6254.39) (2.39439e-05 2.39566e-05 6253.85) (2.39439e-05 2.39566e-05 6253.85) (-0.000587437 -0.000587432 6253.24) (-0.000587437 -0.000587432 6253.24) (-0.000635257 -0.000635259 6252.75) (-0.000635257 -0.000635259 6252.75)
3950          (0.000574965 0.000574971 6254.73) (0.000574965 0.000574971 6254.73) (0.000574965 0.000574971 6254.73) (0.000480453 0.000480496 6254.39) (0.000480453 0.000480496 6254.39) (2.39439e-05 2.39566e-05 6253.85) (2.39439e-05 2.39566e-05 6253.85) (-0.000587437 -0.000587432 6253.24) (-0.000587437 -0.000587432 6253.24) (-0.000635257 -0.000635259 6252.75) (-0.000635257 -0.000635259 6252.75)
4000          (0.000574965 0.000574971 6254.73) (0.000574965 0.000574971 6254.73) (0.000574965 0.000574971 6254.73) (0.000480453 0.000480496 6254.39) (0.000480453 0.000480496 6254.39) (2.39439e-05 2.39566e-05 6253.85) (2.39439e-05 2.39566e-05 6253.85) (-0.000587437 -0.000587432 6253.24) (-0.000587437 -0.000587432 6253.24) (-0.000635257 -0.000635259 6252.75) (-0.000635257 -0.000635259 6252.75)
4050          (0.000574965 0.000574971 6254.73) (0.000574965 0.000574971 6254.73) (0.000574965 0.000574971 6254.73) (0.000480453 0.000480496 6254.39) (0.000480453 0.000480496 6254.39) (2.39439e-05 2.39566e-05 6253.85) (2.39439e-05 2.39566e-05 6253.85) (-0.000587437 -0.000587432 6253.24) (-0.000587437 -0.000587432 6253.24) (-0.000635257 -0.000635259 6252.75) (-0.000635257 -0.000635259 6252.75)
4100          (0.000574965 0.000574971 6254.73) (0.000574965 0.000574971 6254.73) (0.000574965 0.000574971 6254.73) (0.000480453 0.000480496 6254.39) (0.000480453 0.000480496 6254.39) (2.39439e-05 2.39566e-05 6253.85) (2.39439e-05 2.39566e-05 6253.85) (-0.000587437 -0.000587432 6253.24) (-0.000587437 -0.000587432 6253.24) (-0.000635257 -0.000635259 6252.75) (-0.000635257 -0.000635259 6252.75)
4150          (0.000574965 0.000574971 6254.73) (0.000574965 0.000574971 6254.73) (0.000574965 0.000574971 6254.73) (0.000480453 0.000480496 6254.39) (0.000480453 0.000480496 6254.39) (2.39439e-05 2.39566e-05 6253.85) (2.39439e-05 2.39566e-05 6253.85) (-0.000587437 -0.000587432 6253.24) (-0.000587437 -0.000587432 6253.24) (-0.000635257 -0.000635259 6252.75) (-0.000635257 -0.000635259 6252.75)
4200          (0.000574965 0.000574971 6254.73) (0.000574965 0.000574971 6254.73) (0.000574965 0.000574971 6254.73) (0.000480453 0.000480496 6254.39) (0.000480453 0.000480496 6254.39) (2.39439e-05 2.39566e-05 6253.85) (2.39439e-05 2.39566e-05 6253.85) (-0.000587437 -0.000587432 6253.24) (-0.000587437 -0.000587432 6253.24) (-0.000635257 -0.000635259 6252.75) (-0.000635257 -0.000635259 6252.75)
4250          (0.000574965 0.000574971 6254.73) (0.000574965 0.000574971 6254.73) (0.000574965 0.000574971 6254.73) (0.000480453 0.000480496 6254.39) (0.000480453 0.000480496 6254.39) (2.39439e-05 2.39566e-05 6253.85) (2.39439e-05 2.39566e-05 6253.85) (-0.000587437 -0.000587432 6253.24) (-0.000587437 -0.000587432 6253.24) (-0.000635257 -0.000635259 6252.75) (-0.000635257 -0.000635259 6252.75)
4300          (0.000574965 0.000574971 6254.73) (0.000574965 0.000574971 6254.73) (0.000574965 0.000574971 6254.73) (0.000480453 0.000480496 6254.39) (0.000480453 0.000480496 6254.39) (2.39439e-05 2.39566e-05 6253.85) (2.39439e-05 2.39566e-05 6253.85) (-0.000587437 -0.000587432 6253.24) (-0.000587437 -0.000587432 6253.24) (-0.000635257 -0.000635259 6252.75) (-0.000635257 -0.000635259 6252.75)
4350          (0.000574965 0.000574971 6254.73) (0.000574965 0.000574971 6254.73) (0.000574965 0.000574971 6254.73) (0.000480453 0.000480496 6254.39) (0.000480453 0.000480496 6254.39) (2.39439e-05 2.39566e-05 6253.85) (2.39439e-05 2.39566e-05 6253.85) (-0.000587437 -0.000587432 6253.24) (-0.000587437 -0.000587432 6253.24) (-0.000635257 -0.000635259 6252.75) (-0.000635257 -0.000635259 6252.75)
4400          (0.000574965 0.000574971 6254.73) (0.000574965 0.000574971 6254.73) (0.000574965 0.000574971 6254.73) (0.000480453 0.000480496 6254.39) (0.000480453 0.000480496 6254.39) (2.39439e-05 2.39566e-05 6253.85) (2.39439e-05 2.39566e-05 6253.85) (-0.000587437 -0.000587432 6253.24) (-0.000587437 -0.000587432 6253.24) (-0.000635257 -0.000635259 6252.75) (-0.000635257 -0.000635259 6252.75)
4450          (0.000574965 0.000574971 6254.73) (0.000574965 0.000574971 6254.73) (0.000574965 0.000574971 6254.73) (0.000480453 0.000480496 6254.39) (0.000480453 0.000480496 6254.39) (2.39439e-05 2.39566e-05 6253.85) (2.39439e-05 2.39566e-05 6253.85) (-0.000587437 -0.000587432 6253.24) (-0.000587437 -0.000587432 6253.24) (-0.000635257 -0.000635259 6252.75) (-0.000635257 -0.000635259 6252.75)
4500          (0.000574965 0.000574971 6254.73) (0.000574965 0.000574971 6254.73) (0.000574965 0.000574971 6254.73) (0.000480453 0.000480496 6254.39) (0.000480453 0.000480496 6254.39) (2.39439e-05 2.39566e-05 6253.85) (2.39439e-05 2.39566e-05 6253.85) (-0.000587437 -0.000587432 6253.24) (-0.000587437 -0.000587432 6253.24) (-0.000635257 -0.000635259 6252.75) (-0.000635257 -0.000635259 6252.75)
4550          (0.000574965 0.000574971 6254.73) (0.000574965 0.000574971 6254.73) (0.000574965 0.000574971 6254.73) (0.000480453 0.000480496 6254.39) (0.000480453 0.000480496 6254.39) (2.39439e-05 2.39566e-05 6253.85) (2.39439e-05 2.39566e-05 6253.85) (-0.000587437 -0.000587432 6253.24) (-0.000587437 -0.000587432 6253.24) (-0.000635257 -0.000635259 6252.75) (-0.000635257 -0.000635259 6252.75)
4600          (0.000574965 0.000574971 6254.73) (0.000574965 0.000574971 6254.73) (0.000574965 0.000574971 6254.73) (0.000480453 0.000480496 6254.39) (0.000480453 0.000480496 6254.39) (2.39439e-05 2.39566e-05 6253.85) (2.39439e-05 2.39566e-05 6253.85) (-0.000587437 -0.000587432 6253.24) (-0.000587437 -0.000587432 6253.24) (-0.000635257 -0.000635259 6252.75) (-0.000635257 -0.000635259 6252.75)
4650          (0.000574965 0.000574971 6254.73) (0.000574965 0.000574971 6254.73) (0.000574965 0.000574971 6254.73) (0.000480453 0.000480496 6254.39) (0.000480453 0.000480496 6254.39) (2.39439e-05 2.39566e-05 6253.85) (2.39439e-05 2.39566e-05 6253.85) (-0.000587437 -0.000587432 6253.24) (-0.000587437 -0.000587432 6253.24) (-0.000635257 -0.000635259 6252.75) (-0.000635257 -0.000635259 6252.75)
4700          (0.000574965 0.000574971 6254.73) (0.000574965 0.000574971 6254.73) (0.000574965 0.000574971 6254.73) (0.000480453 0.000480496 6254.39) (0.000480453 0.000480496 6254.39) (2.39439e-05 2.39566e-05 6253.85) (2.39439e-05 2.39566e-05 6253.85) (-0.000587437 -0.000587432 6253.24) (-0.000587437 -0.000587432 6253.24) (-0.000635257 -0.000635259 6252.75) (-0.000635257 -0.000635259 6252.75)
4750          (0.000574965 0.000574971 6254.73) (0.000574965 0.000574971 6254.73) (0.000574965 0.000574971 6254.73) (0.000480453 0.000480496 6254.39) (0.000480453 0.000480496 6254.39) (2.39439e-05 2.39566e-05 6253.85) (2.39439e-05 2.39566e-05 6253.85) (-0.000587437 -0.000587432 6253.24) (-0.000587437 -0.000587432 6253.24) (-0.000635257 -0.000635259 6252.75) (-0.000635257 -0.000635259 6252.75)
4800          (0.000574965 0.000574971 6254.73) (0.000574965 0.000574971 6254.73) (0.000574965 0.000574971 6254.73) (0.000480453 0.000480496 6254.39) (0.000480453 0.000480496 6254.39) (2.39439e-05 2.39566e-05 6253.85) (2.39439e-05 2.39566e-05 6253.85) (-0.000587437 -0.000587432 6253.24) (-0.000587437 -0.000587432 6253.24) (-0.000635257 -0.000635259 6252.75) (-0.000635257 -0.000635259 6252.75)
4850          (0.000574965 0.000574971 6254.73) (0.000574965 0.000574971 6254.73) (0.000574965 0.000574971 6254.73) (0.000480453 0.000480496 6254.39) (0.000480453 0.000480496 6254.39) (2.39439e-05 2.39566e-05 6253.85) (2.39439e-05 2.39566e-05 6253.85) (-0.000587437 -0.000587432 6253.24) (-0.000587437 -0.000587432 6253.24) (-0.000635257 -0.000635259 6252.75) (-0.000635257 -0.000635259 6252.75)
4900          (0.000574965 0.000574971 6254.73) (0.000574965 0.000574971 6254.73) (0.000574965 0.000574971 6254.73) (0.000480453 0.000480496 6254.39) (0.000480453 0.000480496 6254.39) (2.39439e-05 2.39566e-05 6253.85) (2.39439e-05 2.39566e-05 6253.85) (-0.000587437 -0.000587432 6253.24) (-0.000587437 -0.000587432 6253.24) (-0.000635257 -0.000635259 6252.75) (-0.000635257 -0.000635259 6252.75)
4950          (0.000574965 0.000574971 6254.73) (0.000574965 0.000574971 6254.73) (0.000574965 0.000574971 6254.73) (0.000480453 0.000480496 6254.39) (0.000480453 0.000480496 6254.39) (2.39439e-05 2.39566e-05 6253.85) (2.39439e-05 2.39566e-05 6253.85) (-0.000587437 -0.000587432 6253.24) (-0.000587437 -0.000587432 6253.24) (-0.000635257 -0.000635259 6252.75) (-0.000635257 -0.000635259 6252.75)
5000          (0.000574965 0.000574971 6254.73) (0.000574965 0.000574971 6254.73) (0.000574965 0.000574971 6254.73) (0.000480453 0.000480496 6254.39) (0.000480453 0.000480496 6254.39) (2.39439e-05 2.39566e-05 6253.85) (2.39439e-05 2.39566e-05 6253.85) (-0.000587437 -0.000587432 6253.24) (-0.000587437 -0.000587432 6253.24) (-0.000635257 -0.000635259 6252.75) (-0.000635257 -0.000635259 6252.75)
