# Probe 0 (0 0 0)
# Time        0            
1             1000         
2             993.196      
3             987.006      
4             980.98       
5             975.11       
6             969.389      
7             963.812      
8             958.371      
9             953.061      
10            947.878      
11            942.815      
12            937.869      
13            933.035      
14            928.308      
15            923.685      
16            919.162      
17            914.735      
18            910.4        
19            906.156      
20            901.997      
21            897.923      
22            893.929      
23            890.013      
24            886.173      
25            882.406      
26            878.709      
27            875.081      
28            871.52       
29            868.024      
30            864.589      
31            861.216      
32            857.901      
33            854.644      
34            851.442      
35            848.295      
36            845.2        
37            842.156      
38            839.161      
39            836.215      
40            833.317      
41            830.464      
42            827.655      
43            824.89       
44            822.168      
45            819.487      
46            816.846      
47            814.245      
48            811.682      
49            809.156      
50            806.667      
51            804.213      
52            801.795      
53            799.41       
54            797.059      
55            794.74       
56            792.454      
57            790.198      
58            787.972      
59            785.777      
60            783.61       
61            781.472      
62            779.361      
63            777.278      
64            775.222      
65            773.192      
66            771.187      
67            769.208      
68            767.253      
69            765.322      
70            763.415      
71            761.531      
72            759.67       
73            757.831      
74            756.014      
75            754.218      
76            752.443      
77            750.689      
78            748.955      
79            747.241      
80            745.547      
81            743.871      
82            742.215      
83            740.577      
84            738.957      
85            737.355      
86            735.771      
87            734.203      
88            732.653      
89            731.119      
90            729.602      
91            728.1        
92            726.615      
93            725.145      
94            723.69       
95            722.25       
96            720.826      
97            719.415      
98            718.019      
99            716.637      
100           715.269      
101           713.915      
102           712.574      
103           711.246      
104           709.932      
105           708.63       
106           707.341      
107           706.064      
108           704.799      
109           703.547      
110           702.306      
111           701.077      
112           699.86       
113           698.654      
114           697.459      
115           696.276      
116           695.103      
117           693.941      
118           692.789      
119           691.648      
120           690.518      
121           689.397      
122           688.286      
123           687.186      
124           686.095      
125           685.013      
126           683.941      
127           682.879      
128           681.826      
129           680.781      
130           679.746      
131           678.72       
132           677.702      
133           676.693      
134           675.693      
135           674.7        
136           673.717      
137           672.741      
138           671.774      
139           670.814      
140           669.863      
141           668.919      
142           667.983      
143           667.054      
144           666.133      
145           665.219      
146           664.313      
147           663.414      
148           662.522      
149           661.638      
150           660.76       
151           659.889      
152           659.025      
153           658.167      
154           657.317      
155           656.472      
156           655.635      
157           654.804      
158           653.979      
159           653.16       
160           652.348      
161           651.542      
162           650.742      
163           649.948      
164           649.159      
165           648.377      
166           647.601      
167           646.83       
168           646.065      
169           645.305      
170           644.551      
171           643.803      
172           643.06       
173           642.323      
174           641.59       
175           640.863      
176           640.142      
177           639.425      
178           638.714      
179           638.007      
180           637.306      
181           636.609      
182           635.917      
183           635.231      
184           634.549      
185           633.872      
186           633.199      
187           632.531      
188           631.868      
189           631.209      
190           630.555      
191           629.905      
192           629.26       
193           628.619      
194           627.982      
195           627.35       
196           626.722      
197           626.098      
198           625.478      
199           624.863      
200           624.251      
201           623.644      
202           623.04       
203           622.441      
204           621.846      
205           621.254      
206           620.666      
207           620.082      
208           619.502      
209           618.926      
210           618.353      
211           617.784      
212           617.219      
213           616.657      
214           616.099      
215           615.545      
216           614.994      
217           614.446      
218           613.902      
219           613.361      
220           612.824      
221           612.29       
222           611.76       
223           611.232      
224           610.708      
225           610.188      
226           609.67       
227           609.156      
228           608.645      
229           608.137      
230           607.632      
231           607.13       
232           606.631      
233           606.136      
234           605.643      
235           605.153      
236           604.666      
237           604.183      
238           603.702      
239           603.224      
240           602.748      
241           602.276      
242           601.806      
243           601.34       
244           600.876      
245           600.414      
246           599.956      
247           599.5        
248           599.047      
249           598.596      
250           598.148      
251           597.703      
252           597.26       
253           596.82       
254           596.383      
255           595.948      
256           595.515      
257           595.085      
258           594.657      
259           594.232      
260           593.809      
261           593.389      
262           592.971      
263           592.556      
264           592.142      
265           591.732      
266           591.323      
267           590.917      
268           590.513      
269           590.111      
270           589.712      
271           589.314      
272           588.919      
273           588.527      
274           588.136      
275           587.747      
276           587.361      
277           586.977      
278           586.595      
279           586.215      
280           585.837      
281           585.461      
282           585.087      
283           584.716      
284           584.346      
285           583.978      
286           583.612      
287           583.249      
288           582.887      
289           582.527      
290           582.169      
291           581.813      
292           581.459      
293           581.107      
294           580.757      
295           580.408      
296           580.062      
297           579.717      
298           579.374      
299           579.033      
300           578.694      
301           578.356      
302           578.021      
303           577.687      
304           577.354      
305           577.024      
306           576.695      
307           576.368      
308           576.043      
309           575.719      
310           575.397      
311           575.077      
312           574.758      
313           574.441      
314           574.126      
315           573.812      
316           573.5        
317           573.19       
318           572.881      
319           572.574      
320           572.268      
321           571.964      
322           571.661      
323           571.36       
324           571.06       
325           570.762      
326           570.466      
327           570.171      
328           569.877      
329           569.585      
330           569.294      
331           569.005      
332           568.718      
333           568.431      
334           568.146      
335           567.863      
336           567.581      
337           567.3        
338           567.021      
339           566.743      
340           566.467      
341           566.192      
342           565.918      
343           565.646      
344           565.375      
345           565.105      
346           564.837      
347           564.57       
348           564.304      
349           564.039      
350           563.776      
351           563.514      
352           563.254      
353           562.994      
354           562.736      
355           562.48       
356           562.224      
357           561.97       
358           561.717      
359           561.465      
360           561.214      
361           560.964      
362           560.716      
363           560.469      
364           560.223      
365           559.978      
366           559.735      
367           559.493      
368           559.251      
369           559.011      
370           558.772      
371           558.534      
372           558.298      
373           558.062      
374           557.828      
375           557.594      
376           557.362      
377           557.131      
378           556.901      
379           556.672      
380           556.444      
381           556.217      
382           555.991      
383           555.767      
384           555.543      
385           555.32       
386           555.099      
387           554.878      
388           554.659      
389           554.44       
390           554.223      
391           554.006      
392           553.791      
393           553.576      
394           553.363      
395           553.15       
396           552.939      
397           552.728      
398           552.518      
399           552.31       
400           552.102      
401           551.895      
402           551.69       
403           551.485      
404           551.281      
405           551.078      
406           550.876      
407           550.675      
408           550.474      
409           550.275      
410           550.077      
411           549.879      
412           549.682      
413           549.487      
414           549.292      
415           549.098      
416           548.905      
417           548.713      
418           548.521      
419           548.331      
420           548.141      
421           547.952      
422           547.764      
423           547.577      
424           547.391      
425           547.205      
426           547.021      
427           546.837      
428           546.654      
429           546.472      
430           546.29       
431           546.11       
432           545.93       
433           545.751      
434           545.573      
435           545.396      
436           545.219      
437           545.043      
438           544.868      
439           544.694      
440           544.52       
441           544.348      
442           544.176      
443           544.004      
444           543.834      
445           543.664      
446           543.495      
447           543.327      
448           543.159      
449           542.993      
450           542.826      
451           542.661      
452           542.496      
453           542.333      
454           542.169      
455           542.007      
456           541.845      
457           541.684      
458           541.524      
459           541.364      
460           541.205      
461           541.047      
462           540.889      
463           540.732      
464           540.576      
465           540.42       
466           540.265      
467           540.111      
468           539.957      
469           539.804      
470           539.652      
471           539.5        
472           539.349      
473           539.199      
474           539.049      
475           538.9        
476           538.752      
477           538.604      
478           538.456      
479           538.31       
480           538.164      
481           538.019      
482           537.874      
483           537.73       
484           537.586      
485           537.443      
486           537.301      
487           537.159      
488           537.018      
489           536.878      
490           536.738      
491           536.599      
492           536.46       
493           536.322      
494           536.184      
495           536.047      
496           535.911      
497           535.775      
498           535.64       
499           535.505      
500           535.371      
501           535.237      
502           535.104      
503           534.972      
504           534.84       
505           534.708      
506           534.578      
507           534.447      
508           534.318      
509           534.188      
510           534.06       
511           533.932      
512           533.804      
513           533.677      
514           533.55       
515           533.424      
516           533.299      
517           533.174      
518           533.049      
519           532.925      
520           532.802      
521           532.679      
522           532.557      
523           532.435      
524           532.313      
525           532.192      
526           532.072      
527           531.952      
528           531.832      
529           531.713      
530           531.595      
531           531.477      
532           531.359      
533           531.242      
534           531.126      
535           531.01       
536           530.894      
537           530.779      
538           530.664      
539           530.55       
540           530.436      
541           530.323      
542           530.21       
543           530.098      
544           529.986      
545           529.875      
546           529.764      
547           529.653      
548           529.543      
549           529.433      
550           529.324      
551           529.215      
552           529.107      
553           528.999      
554           528.891      
555           528.784      
556           528.678      
557           528.572      
558           528.466      
559           528.361      
560           528.256      
561           528.151      
562           528.047      
563           527.943      
564           527.84       
565           527.737      
566           527.635      
567           527.533      
568           527.431      
569           527.33       
570           527.229      
571           527.129      
572           527.029      
573           526.929      
574           526.83       
575           526.731      
576           526.633      
577           526.535      
578           526.437      
579           526.34       
580           526.243      
581           526.147      
582           526.051      
583           525.955      
584           525.86       
585           525.765      
586           525.67       
587           525.576      
588           525.482      
589           525.389      
590           525.296      
591           525.203      
592           525.111      
593           525.019      
594           524.927      
595           524.836      
596           524.745      
597           524.654      
598           524.564      
599           524.474      
600           524.385      
601           524.296      
602           524.207      
603           524.118      
604           524.03       
605           523.942      
606           523.855      
607           523.768      
608           523.681      
609           523.595      
610           523.509      
611           523.423      
612           523.338      
613           523.253      
614           523.168      
615           523.084      
616           522.999      
617           522.916      
618           522.832      
619           522.749      
620           522.667      
621           522.584      
622           522.502      
623           522.42       
624           522.339      
625           522.258      
626           522.177      
627           522.096      
628           522.016      
629           521.936      
630           521.856      
631           521.777      
632           521.698      
633           521.619      
634           521.541      
635           521.463      
636           521.385      
637           521.308      
638           521.23       
639           521.154      
640           521.077      
641           521.001      
642           520.925      
643           520.849      
644           520.774      
645           520.698      
646           520.624      
647           520.549      
648           520.475      
649           520.401      
650           520.327      
651           520.254      
652           520.181      
653           520.108      
654           520.035      
655           519.963      
656           519.891      
657           519.819      
658           519.748      
659           519.676      
660           519.605      
661           519.535      
662           519.464      
663           519.394      
664           519.324      
665           519.255      
666           519.186      
667           519.116      
668           519.048      
669           518.979      
670           518.911      
671           518.843      
672           518.775      
673           518.708      
674           518.64       
675           518.573      
676           518.507      
677           518.44       
678           518.374      
679           518.308      
680           518.242      
681           518.177      
682           518.112      
683           518.047      
684           517.982      
685           517.917      
686           517.853      
687           517.789      
688           517.725      
689           517.662      
690           517.598      
691           517.535      
692           517.473      
693           517.41       
694           517.348      
695           517.286      
696           517.224      
697           517.162      
698           517.101      
699           517.04       
700           516.979      
701           516.918      
702           516.857      
703           516.797      
704           516.737      
705           516.677      
706           516.618      
707           516.558      
708           516.499      
709           516.44       
710           516.382      
711           516.323      
712           516.265      
713           516.207      
714           516.149      
715           516.091      
716           516.034      
717           515.977      
718           515.92       
719           515.863      
720           515.807      
721           515.75       
722           515.694      
723           515.638      
724           515.583      
725           515.527      
726           515.472      
727           515.417      
728           515.362      
729           515.307      
730           515.253      
731           515.198      
732           515.144      
733           515.091      
734           515.037      
735           514.983      
736           514.93       
737           514.877      
738           514.824      
739           514.772      
740           514.719      
741           514.667      
742           514.615      
743           514.563      
744           514.511      
745           514.46       
746           514.408      
747           514.357      
748           514.306      
749           514.255      
750           514.205      
751           514.155      
752           514.104      
753           514.054      
754           514.005      
755           513.955      
756           513.905      
757           513.856      
758           513.807      
759           513.758      
760           513.709      
761           513.661      
762           513.613      
763           513.564      
764           513.516      
765           513.468      
766           513.421      
767           513.373      
768           513.326      
769           513.279      
770           513.232      
771           513.185      
772           513.139      
773           513.092      
774           513.046      
775           513          
776           512.954      
777           512.908      
778           512.862      
779           512.817      
780           512.772      
781           512.727      
782           512.682      
783           512.637      
784           512.592      
785           512.548      
786           512.504      
787           512.459      
788           512.415      
789           512.372      
790           512.328      
791           512.285      
792           512.241      
793           512.198      
794           512.155      
795           512.112      
796           512.07       
797           512.027      
798           511.985      
799           511.942      
800           511.9        
801           511.858      
802           511.817      
803           511.775      
804           511.734      
805           511.692      
806           511.651      
807           511.61       
808           511.569      
809           511.529      
810           511.488      
811           511.448      
812           511.407      
813           511.367      
814           511.327      
815           511.287      
816           511.248      
817           511.208      
818           511.169      
819           511.13       
820           511.09       
821           511.052      
822           511.013      
823           510.974      
824           510.935      
825           510.897      
826           510.859      
827           510.821      
828           510.783      
829           510.745      
830           510.707      
831           510.67       
832           510.632      
833           510.595      
834           510.558      
835           510.521      
836           510.484      
837           510.447      
838           510.41       
839           510.374      
840           510.337      
841           510.301      
842           510.265      
843           510.229      
844           510.193      
845           510.158      
846           510.122      
847           510.086      
848           510.051      
849           510.016      
850           509.981      
851           509.946      
852           509.911      
853           509.876      
854           509.842      
855           509.807      
856           509.773      
857           509.739      
858           509.705      
859           509.671      
860           509.637      
861           509.603      
862           509.57       
863           509.536      
864           509.503      
865           509.47       
866           509.436      
867           509.403      
868           509.371      
869           509.338      
870           509.305      
871           509.273      
872           509.24       
873           509.208      
874           509.176      
875           509.144      
876           509.112      
877           509.08       
878           509.048      
879           509.017      
880           508.985      
881           508.954      
882           508.923      
883           508.891      
884           508.86       
885           508.829      
886           508.799      
887           508.768      
888           508.737      
889           508.707      
890           508.676      
891           508.646      
892           508.616      
893           508.586      
894           508.556      
895           508.526      
896           508.497      
897           508.467      
898           508.437      
899           508.408      
900           508.379      
901           508.349      
902           508.32       
903           508.291      
904           508.262      
905           508.234      
906           508.205      
907           508.176      
908           508.148      
909           508.12       
910           508.091      
911           508.063      
912           508.035      
913           508.007      
914           507.979      
915           507.951      
916           507.924      
917           507.896      
918           507.869      
919           507.841      
920           507.814      
921           507.787      
922           507.76       
923           507.733      
924           507.706      
925           507.679      
926           507.652      
927           507.626      
928           507.599      
929           507.573      
930           507.546      
931           507.52       
932           507.494      
933           507.468      
934           507.442      
935           507.416      
936           507.39       
937           507.365      
938           507.339      
939           507.314      
940           507.288      
941           507.263      
942           507.238      
943           507.213      
944           507.188      
945           507.163      
946           507.138      
947           507.113      
948           507.088      
949           507.064      
950           507.039      
951           507.015      
952           506.99       
953           506.966      
954           506.942      
955           506.918      
956           506.894      
957           506.87       
958           506.846      
959           506.822      
960           506.799      
961           506.775      
962           506.752      
963           506.728      
964           506.705      
965           506.682      
966           506.658      
967           506.635      
968           506.612      
969           506.589      
970           506.566      
971           506.544      
972           506.521      
973           506.498      
974           506.476      
975           506.453      
976           506.431      
977           506.409      
978           506.387      
979           506.365      
980           506.342      
981           506.32       
982           506.299      
983           506.277      
984           506.255      
985           506.233      
986           506.212      
987           506.19       
988           506.169      
989           506.147      
990           506.126      
991           506.105      
992           506.084      
993           506.063      
994           506.042      
995           506.021      
996           506          
997           505.979      
998           505.959      
999           505.938      
1000          505.917      
1001          505.897      
1002          505.877      
1003          505.856      
1004          505.836      
1005          505.816      
1006          505.796      
1007          505.776      
1008          505.756      
1009          505.736      
1010          505.716      
1011          505.696      
1012          505.676      
1013          505.657      
1014          505.637      
1015          505.618      
1016          505.598      
1017          505.579      
1018          505.56       
1019          505.541      
1020          505.521      
1021          505.502      
1022          505.483      
1023          505.464      
1024          505.446      
1025          505.427      
1026          505.408      
1027          505.389      
1028          505.371      
1029          505.352      
1030          505.334      
1031          505.315      
1032          505.297      
1033          505.279      
1034          505.26       
1035          505.242      
1036          505.224      
1037          505.206      
1038          505.188      
1039          505.17       
1040          505.152      
1041          505.135      
1042          505.117      
1043          505.099      
1044          505.082      
1045          505.064      
1046          505.047      
1047          505.029      
1048          505.012      
1049          504.994      
1050          504.977      
1051          504.96       
1052          504.943      
1053          504.926      
1054          504.909      
1055          504.892      
1056          504.875      
1057          504.858      
1058          504.842      
1059          504.825      
1060          504.808      
1061          504.792      
1062          504.775      
1063          504.759      
1064          504.742      
1065          504.726      
1066          504.71       
1067          504.693      
1068          504.677      
1069          504.661      
1070          504.645      
1071          504.629      
1072          504.613      
1073          504.597      
1074          504.581      
1075          504.566      
1076          504.55       
1077          504.534      
1078          504.518      
1079          504.503      
1080          504.487      
1081          504.472      
1082          504.457      
1083          504.441      
1084          504.426      
1085          504.411      
1086          504.395      
1087          504.38       
1088          504.365      
1089          504.35       
1090          504.335      
1091          504.32       
1092          504.305      
1093          504.291      
1094          504.276      
1095          504.261      
1096          504.246      
1097          504.232      
1098          504.217      
1099          504.203      
1100          504.188      
1101          504.174      
1102          504.159      
1103          504.145      
1104          504.131      
1105          504.117      
1106          504.103      
1107          504.088      
1108          504.074      
1109          504.06       
1110          504.046      
1111          504.032      
1112          504.019      
1113          504.005      
1114          503.991      
1115          503.977      
1116          503.964      
1117          503.95       
1118          503.936      
1119          503.923      
1120          503.909      
1121          503.896      
1122          503.882      
1123          503.869      
1124          503.856      
1125          503.843      
1126          503.829      
1127          503.816      
1128          503.803      
1129          503.79       
1130          503.777      
1131          503.764      
1132          503.751      
1133          503.738      
1134          503.725      
1135          503.712      
1136          503.7        
1137          503.687      
1138          503.674      
1139          503.662      
1140          503.649      
1141          503.637      
1142          503.624      
1143          503.612      
1144          503.599      
1145          503.587      
1146          503.575      
1147          503.562      
1148          503.55       
1149          503.538      
1150          503.526      
1151          503.514      
1152          503.502      
1153          503.489      
1154          503.478      
1155          503.466      
1156          503.454      
1157          503.442      
1158          503.43       
1159          503.418      
1160          503.406      
1161          503.395      
1162          503.383      
1163          503.371      
1164          503.36       
1165          503.348      
1166          503.337      
1167          503.325      
1168          503.314      
1169          503.303      
1170          503.291      
1171          503.28       
1172          503.269      
1173          503.258      
1174          503.246      
1175          503.235      
1176          503.224      
1177          503.213      
1178          503.202      
1179          503.191      
1180          503.18       
1181          503.169      
1182          503.158      
1183          503.147      
1184          503.137      
1185          503.126      
1186          503.115      
1187          503.104      
1188          503.094      
1189          503.083      
1190          503.073      
1191          503.062      
1192          503.052      
1193          503.041      
1194          503.031      
1195          503.02       
1196          503.01       
1197          503          
1198          502.989      
1199          502.979      
1200          502.969      
1201          502.959      
1202          502.949      
1203          502.938      
1204          502.928      
1205          502.918      
1206          502.908      
1207          502.898      
1208          502.888      
1209          502.878      
1210          502.869      
1211          502.859      
1212          502.849      
1213          502.839      
1214          502.829      
1215          502.82       
1216          502.81       
1217          502.801      
1218          502.791      
1219          502.781      
1220          502.772      
1221          502.762      
1222          502.753      
1223          502.743      
1224          502.734      
1225          502.725      
1226          502.715      
1227          502.706      
1228          502.697      
1229          502.687      
1230          502.678      
1231          502.669      
1232          502.66       
1233          502.651      
1234          502.642      
1235          502.633      
1236          502.624      
1237          502.615      
1238          502.606      
1239          502.597      
1240          502.588      
1241          502.579      
1242          502.57       
1243          502.561      
1244          502.553      
1245          502.544      
1246          502.535      
1247          502.527      
1248          502.518      
1249          502.509      
1250          502.501      
1251          502.492      
1252          502.484      
1253          502.475      
1254          502.467      
1255          502.458      
1256          502.45       
1257          502.441      
1258          502.433      
1259          502.425      
1260          502.416      
1261          502.408      
1262          502.4        
1263          502.392      
1264          502.383      
1265          502.375      
1266          502.367      
1267          502.359      
1268          502.351      
1269          502.343      
1270          502.335      
1271          502.327      
1272          502.319      
1273          502.311      
1274          502.303      
1275          502.295      
1276          502.287      
1277          502.28       
1278          502.272      
1279          502.264      
1280          502.256      
1281          502.248      
1282          502.241      
1283          502.233      
1284          502.225      
1285          502.218      
1286          502.21       
1287          502.203      
1288          502.195      
1289          502.188      
1290          502.18       
1291          502.173      
1292          502.165      
1293          502.158      
1294          502.15       
1295          502.143      
1296          502.136      
1297          502.128      
1298          502.121      
1299          502.114      
1300          502.107      
1301          502.1        
1302          502.092      
1303          502.085      
1304          502.078      
1305          502.071      
1306          502.064      
1307          502.057      
1308          502.05       
1309          502.043      
1310          502.036      
1311          502.029      
1312          502.022      
1313          502.015      
1314          502.008      
1315          502.001      
1316          501.994      
1317          501.988      
1318          501.981      
1319          501.974      
1320          501.967      
1321          501.961      
1322          501.954      
1323          501.947      
1324          501.94       
1325          501.934      
1326          501.927      
1327          501.921      
1328          501.914      
1329          501.908      
1330          501.901      
1331          501.895      
1332          501.888      
1333          501.882      
1334          501.875      
1335          501.869      
1336          501.862      
1337          501.856      
1338          501.85       
1339          501.843      
1340          501.837      
1341          501.831      
1342          501.824      
1343          501.818      
1344          501.812      
1345          501.806      
1346          501.8        
1347          501.794      
1348          501.787      
1349          501.781      
1350          501.775      
1351          501.769      
1352          501.763      
1353          501.757      
1354          501.751      
1355          501.745      
1356          501.739      
1357          501.733      
1358          501.727      
1359          501.721      
1360          501.715      
1361          501.71       
1362          501.704      
1363          501.698      
1364          501.692      
1365          501.686      
1366          501.681      
1367          501.675      
1368          501.669      
1369          501.663      
1370          501.658      
1371          501.652      
1372          501.646      
1373          501.641      
1374          501.635      
1375          501.63       
1376          501.624      
1377          501.619      
1378          501.613      
1379          501.607      
1380          501.602      
1381          501.597      
1382          501.591      
1383          501.586      
1384          501.58       
1385          501.575      
1386          501.569      
1387          501.564      
1388          501.559      
1389          501.553      
1390          501.548      
1391          501.543      
1392          501.538      
1393          501.532      
1394          501.527      
1395          501.522      
1396          501.517      
1397          501.512      
1398          501.506      
1399          501.501      
1400          501.496      
1401          501.491      
1402          501.486      
1403          501.481      
1404          501.476      
1405          501.471      
1406          501.466      
1407          501.461      
1408          501.456      
1409          501.451      
1410          501.446      
1411          501.441      
1412          501.436      
1413          501.431      
1414          501.426      
1415          501.421      
1416          501.416      
1417          501.412      
1418          501.407      
1419          501.402      
1420          501.397      
1421          501.392      
1422          501.388      
1423          501.383      
1424          501.378      
1425          501.374      
1426          501.369      
1427          501.364      
1428          501.359      
1429          501.355      
1430          501.35       
1431          501.346      
1432          501.341      
1433          501.336      
1434          501.332      
1435          501.327      
1436          501.323      
1437          501.318      
1438          501.314      
1439          501.309      
1440          501.305      
1441          501.3        
1442          501.296      
1443          501.292      
1444          501.287      
1445          501.283      
1446          501.278      
1447          501.274      
1448          501.27       
1449          501.265      
1450          501.261      
1451          501.257      
1452          501.252      
1453          501.248      
1454          501.244      
1455          501.24       
1456          501.235      
1457          501.231      
1458          501.227      
1459          501.223      
1460          501.219      
1461          501.214      
1462          501.21       
1463          501.206      
1464          501.202      
1465          501.198      
1466          501.194      
1467          501.19       
1468          501.186      
1469          501.182      
1470          501.178      
1471          501.174      
1472          501.17       
1473          501.166      
1474          501.162      
1475          501.158      
1476          501.154      
1477          501.15       
1478          501.146      
1479          501.142      
1480          501.138      
1481          501.134      
1482          501.13       
1483          501.127      
1484          501.123      
1485          501.119      
1486          501.115      
1487          501.111      
1488          501.107      
1489          501.104      
1490          501.1        
1491          501.096      
1492          501.092      
1493          501.089      
1494          501.085      
1495          501.081      
1496          501.078      
1497          501.074      
1498          501.07       
1499          501.067      
1500          501.063      
1501          501.059      
1502          501.056      
1503          501.052      
1504          501.049      
1505          501.045      
1506          501.041      
1507          501.038      
1508          501.034      
1509          501.031      
1510          501.027      
1511          501.024      
1512          501.02       
1513          501.017      
1514          501.013      
1515          501.01       
1516          501.006      
1517          501.003      
1518          501          
1519          500.996      
1520          500.993      
1521          500.989      
1522          500.986      
1523          500.983      
1524          500.979      
1525          500.976      
1526          500.973      
1527          500.969      
1528          500.966      
1529          500.963      
1530          500.959      
1531          500.956      
1532          500.953      
1533          500.95       
1534          500.946      
1535          500.943      
1536          500.94       
1537          500.937      
1538          500.934      
1539          500.93       
1540          500.927      
1541          500.924      
1542          500.921      
1543          500.918      
1544          500.915      
1545          500.912      
1546          500.908      
1547          500.905      
1548          500.902      
1549          500.899      
1550          500.896      
1551          500.893      
1552          500.89       
1553          500.887      
1554          500.884      
1555          500.881      
1556          500.878      
1557          500.875      
1558          500.872      
1559          500.869      
1560          500.866      
1561          500.863      
1562          500.86       
1563          500.857      
1564          500.854      
1565          500.851      
1566          500.849      
1567          500.846      
1568          500.843      
1569          500.84       
1570          500.837      
1571          500.834      
1572          500.831      
1573          500.828      
1574          500.826      
1575          500.823      
1576          500.82       
1577          500.817      
1578          500.814      
1579          500.812      
1580          500.809      
1581          500.806      
1582          500.803      
1583          500.801      
1584          500.798      
1585          500.795      
1586          500.793      
1587          500.79       
1588          500.787      
1589          500.784      
1590          500.782      
1591          500.779      
1592          500.776      
1593          500.774      
1594          500.771      
1595          500.769      
1596          500.766      
1597          500.763      
1598          500.761      
1599          500.758      
1600          500.756      
1601          500.753      
1602          500.75       
1603          500.748      
1604          500.745      
1605          500.743      
1606          500.74       
1607          500.738      
1608          500.735      
1609          500.733      
1610          500.73       
1611          500.728      
1612          500.725      
1613          500.723      
1614          500.72       
1615          500.718      
1616          500.715      
1617          500.713      
1618          500.711      
1619          500.708      
1620          500.706      
1621          500.703      
1622          500.701      
1623          500.699      
1624          500.696      
1625          500.694      
1626          500.691      
1627          500.689      
1628          500.687      
1629          500.684      
1630          500.682      
1631          500.68       
1632          500.677      
1633          500.675      
1634          500.673      
1635          500.671      
1636          500.668      
1637          500.666      
1638          500.664      
1639          500.661      
1640          500.659      
1641          500.657      
1642          500.655      
1643          500.652      
1644          500.65       
1645          500.648      
1646          500.646      
1647          500.644      
1648          500.641      
1649          500.639      
1650          500.637      
1651          500.635      
1652          500.633      
1653          500.631      
1654          500.628      
1655          500.626      
1656          500.624      
1657          500.622      
1658          500.62       
1659          500.618      
1660          500.616      
1661          500.614      
1662          500.612      
1663          500.609      
1664          500.607      
1665          500.605      
1666          500.603      
1667          500.601      
1668          500.599      
1669          500.597      
1670          500.595      
1671          500.593      
1672          500.591      
1673          500.589      
1674          500.587      
1675          500.585      
1676          500.583      
1677          500.581      
1678          500.579      
1679          500.577      
1680          500.575      
1681          500.573      
1682          500.571      
1683          500.569      
1684          500.567      
1685          500.565      
1686          500.563      
1687          500.562      
1688          500.56       
1689          500.558      
1690          500.556      
1691          500.554      
1692          500.552      
1693          500.55       
1694          500.548      
1695          500.546      
1696          500.545      
1697          500.543      
1698          500.541      
1699          500.539      
1700          500.537      
1701          500.535      
1702          500.534      
1703          500.532      
1704          500.53       
1705          500.528      
1706          500.526      
1707          500.525      
1708          500.523      
1709          500.521      
1710          500.519      
1711          500.517      
1712          500.516      
1713          500.514      
1714          500.512      
1715          500.51       
1716          500.509      
1717          500.507      
1718          500.505      
1719          500.503      
1720          500.502      
1721          500.5        
1722          500.498      
1723          500.497      
1724          500.495      
1725          500.493      
1726          500.492      
1727          500.49       
1728          500.488      
1729          500.487      
1730          500.485      
1731          500.483      
1732          500.482      
1733          500.48       
1734          500.478      
1735          500.477      
1736          500.475      
1737          500.474      
1738          500.472      
1739          500.47       
1740          500.469      
1741          500.467      
1742          500.466      
1743          500.464      
1744          500.462      
1745          500.461      
1746          500.459      
1747          500.458      
1748          500.456      
1749          500.455      
1750          500.453      
1751          500.451      
1752          500.45       
1753          500.448      
1754          500.447      
1755          500.445      
1756          500.444      
1757          500.442      
1758          500.441      
1759          500.439      
1760          500.438      
1761          500.436      
1762          500.435      
1763          500.433      
1764          500.432      
1765          500.43       
1766          500.429      
1767          500.427      
1768          500.426      
1769          500.425      
1770          500.423      
1771          500.422      
1772          500.42       
1773          500.419      
1774          500.417      
1775          500.416      
1776          500.415      
1777          500.413      
1778          500.412      
1779          500.41       
1780          500.409      
1781          500.408      
1782          500.406      
1783          500.405      
1784          500.403      
1785          500.402      
1786          500.401      
1787          500.399      
1788          500.398      
1789          500.397      
1790          500.395      
1791          500.394      
1792          500.393      
1793          500.391      
1794          500.39       
1795          500.389      
1796          500.387      
1797          500.386      
1798          500.385      
1799          500.383      
1800          500.382      
1801          500.381      
1802          500.379      
1803          500.378      
1804          500.377      
1805          500.376      
1806          500.374      
1807          500.373      
1808          500.372      
1809          500.37       
1810          500.369      
1811          500.368      
1812          500.367      
1813          500.365      
1814          500.364      
1815          500.363      
1816          500.362      
1817          500.36       
1818          500.359      
1819          500.358      
1820          500.357      
1821          500.356      
1822          500.354      
1823          500.353      
1824          500.352      
1825          500.351      
1826          500.35       
1827          500.348      
1828          500.347      
1829          500.346      
1830          500.345      
1831          500.344      
1832          500.343      
1833          500.341      
1834          500.34       
1835          500.339      
1836          500.338      
1837          500.337      
1838          500.336      
1839          500.334      
1840          500.333      
1841          500.332      
1842          500.331      
1843          500.33       
1844          500.329      
1845          500.328      
1846          500.327      
1847          500.325      
1848          500.324      
1849          500.323      
1850          500.322      
1851          500.321      
1852          500.32       
1853          500.319      
1854          500.318      
1855          500.317      
1856          500.316      
1857          500.315      
1858          500.313      
1859          500.312      
1860          500.311      
1861          500.31       
1862          500.309      
1863          500.308      
1864          500.307      
1865          500.306      
1866          500.305      
1867          500.304      
1868          500.303      
1869          500.302      
1870          500.301      
1871          500.3        
1872          500.299      
1873          500.298      
1874          500.297      
1875          500.296      
1876          500.295      
1877          500.294      
1878          500.293      
1879          500.292      
1880          500.291      
1881          500.29       
1882          500.289      
1883          500.288      
1884          500.287      
1885          500.286      
1886          500.285      
1887          500.284      
1888          500.283      
1889          500.282      
1890          500.281      
1891          500.28       
1892          500.279      
1893          500.278      
1894          500.277      
1895          500.276      
1896          500.275      
1897          500.274      
1898          500.274      
1899          500.273      
1900          500.272      
1901          500.271      
1902          500.27       
1903          500.269      
1904          500.268      
1905          500.267      
1906          500.266      
1907          500.265      
1908          500.264      
1909          500.263      
1910          500.263      
1911          500.262      
1912          500.261      
1913          500.26       
1914          500.259      
1915          500.258      
1916          500.257      
1917          500.256      
1918          500.256      
1919          500.255      
1920          500.254      
1921          500.253      
1922          500.252      
1923          500.251      
1924          500.25       
1925          500.249      
1926          500.249      
1927          500.248      
1928          500.247      
1929          500.246      
1930          500.245      
1931          500.244      
1932          500.244      
1933          500.243      
1934          500.242      
1935          500.241      
1936          500.24       
1937          500.24       
1938          500.239      
1939          500.238      
1940          500.237      
1941          500.236      
1942          500.235      
1943          500.235      
1944          500.234      
1945          500.233      
1946          500.232      
1947          500.231      
1948          500.231      
1949          500.23       
1950          500.229      
1951          500.228      
1952          500.228      
1953          500.227      
1954          500.226      
1955          500.225      
1956          500.224      
1957          500.224      
1958          500.223      
1959          500.222      
1960          500.221      
1961          500.221      
1962          500.22       
1963          500.219      
1964          500.218      
1965          500.218      
1966          500.217      
1967          500.216      
1968          500.215      
1969          500.215      
1970          500.214      
1971          500.213      
1972          500.213      
1973          500.212      
1974          500.211      
1975          500.21       
1976          500.21       
1977          500.209      
1978          500.208      
1979          500.208      
1980          500.207      
1981          500.206      
1982          500.205      
1983          500.205      
1984          500.204      
1985          500.203      
1986          500.203      
1987          500.202      
1988          500.201      
1989          500.201      
1990          500.2        
1991          500.199      
1992          500.199      
1993          500.198      
1994          500.197      
1995          500.197      
1996          500.196      
1997          500.195      
1998          500.195      
1999          500.194      
2000          500.193      
2001          500.193      
2002          500.192      
2003          500.191      
2004          500.191      
2005          500.19       
2006          500.189      
2007          500.189      
2008          500.188      
2009          500.187      
2010          500.187      
2011          500.186      
2012          500.186      
2013          500.185      
2014          500.184      
2015          500.184      
2016          500.183      
2017          500.182      
2018          500.182      
2019          500.181      
2020          500.181      
2021          500.18       
2022          500.179      
2023          500.179      
2024          500.178      
2025          500.177      
2026          500.177      
2027          500.176      
2028          500.176      
2029          500.175      
2030          500.174      
2031          500.174      
2032          500.173      
2033          500.173      
2034          500.172      
2035          500.172      
2036          500.171      
2037          500.17       
2038          500.17       
2039          500.169      
2040          500.169      
2041          500.168      
2042          500.167      
2043          500.167      
2044          500.166      
2045          500.166      
2046          500.165      
2047          500.165      
2048          500.164      
2049          500.164      
2050          500.163      
2051          500.162      
2052          500.162      
2053          500.161      
2054          500.161      
2055          500.16       
2056          500.16       
2057          500.159      
2058          500.159      
2059          500.158      
2060          500.158      
2061          500.157      
2062          500.156      
2063          500.156      
2064          500.155      
2065          500.155      
2066          500.154      
2067          500.154      
2068          500.153      
2069          500.153      
2070          500.152      
2071          500.152      
2072          500.151      
2073          500.151      
2074          500.15       
2075          500.15       
2076          500.149      
2077          500.149      
2078          500.148      
2079          500.148      
2080          500.147      
2081          500.147      
2082          500.146      
2083          500.146      
2084          500.145      
2085          500.145      
2086          500.144      
2087          500.144      
2088          500.143      
2089          500.143      
2090          500.142      
2091          500.142      
2092          500.141      
2093          500.141      
2094          500.14       
2095          500.14       
2096          500.139      
2097          500.139      
2098          500.138      
2099          500.138      
2100          500.137      
2101          500.137      
2102          500.137      
2103          500.136      
2104          500.136      
2105          500.135      
2106          500.135      
2107          500.134      
2108          500.134      
2109          500.133      
2110          500.133      
2111          500.132      
2112          500.132      
2113          500.132      
2114          500.131      
2115          500.131      
2116          500.13       
2117          500.13       
2118          500.129      
2119          500.129      
2120          500.128      
2121          500.128      
2122          500.128      
2123          500.127      
2124          500.127      
2125          500.126      
2126          500.126      
2127          500.125      
2128          500.125      
2129          500.125      
2130          500.124      
2131          500.124      
2132          500.123      
2133          500.123      
2134          500.122      
2135          500.122      
2136          500.122      
2137          500.121      
2138          500.121      
2139          500.12       
2140          500.12       
2141          500.12       
2142          500.119      
2143          500.119      
2144          500.118      
2145          500.118      
2146          500.118      
2147          500.117      
2148          500.117      
2149          500.116      
2150          500.116      
2151          500.116      
2152          500.115      
2153          500.115      
2154          500.114      
2155          500.114      
2156          500.114      
2157          500.113      
2158          500.113      
2159          500.112      
2160          500.112      
2161          500.112      
2162          500.111      
2163          500.111      
2164          500.111      
2165          500.11       
2166          500.11       
2167          500.109      
2168          500.109      
2169          500.109      
2170          500.108      
2171          500.108      
2172          500.108      
2173          500.107      
2174          500.107      
2175          500.106      
2176          500.106      
2177          500.106      
2178          500.105      
2179          500.105      
2180          500.105      
2181          500.104      
2182          500.104      
2183          500.104      
2184          500.103      
2185          500.103      
2186          500.103      
2187          500.102      
2188          500.102      
2189          500.102      
2190          500.101      
2191          500.101      
2192          500.1        
2193          500.1        
2194          500.1        
2195          500.099      
2196          500.099      
2197          500.099      
2198          500.098      
2199          500.098      
2200          500.098      
2201          500.097      
2202          500.097      
2203          500.097      
2204          500.096      
2205          500.096      
2206          500.096      
2207          500.095      
2208          500.095      
2209          500.095      
2210          500.095      
2211          500.094      
2212          500.094      
2213          500.094      
2214          500.093      
2215          500.093      
2216          500.093      
2217          500.092      
2218          500.092      
2219          500.092      
2220          500.091      
2221          500.091      
2222          500.091      
2223          500.09       
2224          500.09       
2225          500.09       
2226          500.089      
2227          500.089      
2228          500.089      
2229          500.089      
2230          500.088      
2231          500.088      
2232          500.088      
2233          500.087      
2234          500.087      
2235          500.087      
2236          500.086      
2237          500.086      
2238          500.086      
2239          500.086      
2240          500.085      
2241          500.085      
2242          500.085      
2243          500.084      
2244          500.084      
2245          500.084      
2246          500.084      
2247          500.083      
2248          500.083      
2249          500.083      
2250          500.082      
2251          500.082      
2252          500.082      
2253          500.082      
2254          500.081      
2255          500.081      
2256          500.081      
2257          500.081      
2258          500.08       
2259          500.08       
2260          500.08       
2261          500.079      
2262          500.079      
2263          500.079      
2264          500.079      
2265          500.078      
2266          500.078      
2267          500.078      
2268          500.078      
2269          500.077      
2270          500.077      
2271          500.077      
2272          500.077      
2273          500.076      
2274          500.076      
2275          500.076      
2276          500.075      
2277          500.075      
2278          500.075      
2279          500.075      
2280          500.074      
2281          500.074      
2282          500.074      
2283          500.074      
2284          500.073      
2285          500.073      
2286          500.073      
2287          500.073      
2288          500.072      
2289          500.072      
2290          500.072      
2291          500.072      
2292          500.071      
2293          500.071      
2294          500.071      
2295          500.071      
2296          500.071      
2297          500.07       
2298          500.07       
2299          500.07       
2300          500.07       
2301          500.069      
2302          500.069      
2303          500.069      
2304          500.069      
2305          500.068      
2306          500.068      
2307          500.068      
2308          500.068      
2309          500.067      
2310          500.067      
2311          500.067      
2312          500.067      
2313          500.067      
2314          500.066      
2315          500.066      
2316          500.066      
2317          500.066      
2318          500.065      
2319          500.065      
2320          500.065      
2321          500.065      
2322          500.065      
2323          500.064      
2324          500.064      
2325          500.064      
2326          500.064      
2327          500.063      
2328          500.063      
2329          500.063      
2330          500.063      
2331          500.063      
2332          500.062      
2333          500.062      
2334          500.062      
2335          500.062      
2336          500.062      
2337          500.061      
2338          500.061      
2339          500.061      
2340          500.061      
2341          500.06       
2342          500.06       
2343          500.06       
2344          500.06       
2345          500.06       
2346          500.059      
2347          500.059      
2348          500.059      
2349          500.059      
2350          500.059      
2351          500.058      
2352          500.058      
