# Probe 0 (0.0015 0.0015 0)
# Probe 1 (0.0015 0.0015 0.002)
# Probe 2 (0.0015 0.0015 0.004)
# Probe 3 (0.0015 0.0015 0.006)
# Probe 4 (0.0015 0.0015 0.008)
# Probe 5 (0.0015 0.0015 0.01)
# Probe 6 (0.0015 0.0015 0.012)
# Probe 7 (0.0015 0.0015 0.014)
# Probe 8 (0.0015 0.0015 0.016)
# Probe 9 (0.0015 0.0015 0.018)
# Probe 10 (0.0015 0.0015 0.02)
# Time        0             1             2             3             4             5             6             7             8             9             10           
50            (-1.62562e+06 -18594.8 -4.43543e+07) (-1.62562e+06 -18594.8 -4.43543e+07) (-263307 -132595 -2.0604e+07) (11797.6 283087 -7.4825e+06) (-81561.1 25198.8 -2.64729e+06) (-20192.9 -9261.35 -899858) (-15840.8 -93.8581 -284164) (-5812.87 5253.09 5610.79) (-4689.94 -6277.64 271234) (8864.99 -37972.7 913019) (-32264.4 -39090.8 2.97833e+06)
100           (-667594 -2014.36 -3.87043e+07) (-667594 -2014.36 -3.87043e+07) (-383148 -1608.02 -2.62024e+07) (48557.5 414071 -1.29976e+07) (-152490 47805.2 -5.1024e+06) (-40668.1 -18624.6 -1.82956e+06) (-31107.9 -1463.42 -619362) (-9901.25 8754.72 -78407.9) (-6325.28 -6547.21 284031) (7975.01 -36501.3 978739) (-28103.8 -27772.3 2.90902e+06)
150           (-346345 8801.31 -3.30003e+07) (-346345 8801.31 -3.30003e+07) (-592671 -21882.5 -2.69531e+07) (49027.6 390411 -1.75694e+07) (-237123 79662 -8.3023e+06) (-72149.2 -32707.9 -3.25298e+06) (-54757.2 -4402.55 -1.16225e+06) (-16262.3 14241 -230150) (-8850.27 -6361.33 276215) (7112.17 -34903.2 1.04101e+06) (-24215.7 -16386.4 2.82855e+06)
200           (-244818 9700.1 -2.89152e+07) (-244818 9700.1 -2.89152e+07) (-556799 -92398.1 -2.55965e+07) (79566.1 255218 -1.97487e+07) (-261241 124248 -1.14247e+07) (-113310 -49549.8 -5.13403e+06) (-87253.6 -10344.6 -1.95367e+06) (-25435.8 22152.5 -472913) (-12493.8 -5481.75 235479) (6322.25 -33090.9 1.08674e+06) (-21297.3 -7337.1 2.7379e+06)
250           (-196559 9564.97 -2.6051e+07) (-196559 9564.97 -2.6051e+07) (-490941 -106845 -2.37981e+07) (109833 157652 -2.01925e+07) (-182335 164273 -1.37493e+07) (-160266 -62978.8 -7.28323e+06) (-127491 -21870.3 -3.02592e+06) (-38060.4 32993.3 -838498) (-17600.7 -3587.81 145920) (5675.02 -31110.4 1.10479e+06) (-19420.1 -1538.42 2.63614e+06)
300           (-168403 9205.04 -2.39023e+07) (-168403 9205.04 -2.39023e+07) (-448924 -106179 -2.21665e+07) (111931 117346 -1.97594e+07) (-83401.4 179927 -1.50853e+07) (-202737 -62716.6 -9.34802e+06) (-169983 -42548.5 -4.36164e+06) (-54520 47003.2 -1.36285e+06) (-24571.3 -289.013 -12077.6) (5188.68 -29073.1 1.08477e+06) (-18267.9 1441.5 2.52029e+06)
350           (-149630 8852.42 -2.22106e+07) (-149630 8852.42 -2.22106e+07) (-418180 -102905 -2.07863e+07) (107766 97457.6 -1.90145e+07) (-27071.8 178142 -1.56169e+07) (-223846 -48723.2 -1.10024e+07) (-203091 -74126.9 -5.85019e+06) (-74328.7 63671.5 -2.07232e+06) (-33766.9 4853.77 -260277) (4859.86 -27193.1 1.01537e+06) (-17488.1 2370.81 2.38522e+06)
400           (-135817 8494.2 -2.08338e+07) (-135817 8494.2 -2.08338e+07) (-393275 -99268.6 -1.96199e+07) (103772 83333.5 -1.82271e+07) (-1176.5 172162 -1.56327e+07) (-217829 -35882.3 -1.21159e+07) (-213238 -111252 -7.30779e+06) (-95235.1 81303.4 -2.96408e+06) (-45217.2 12246.5 -619058) (4619.12 -25640.9 884089) (-16788.8 1892.65 2.22365e+06)
450           (-125139 8156.27 -1.96844e+07) (-125139 8156.27 -1.96844e+07) (-372337 -95670.4 -1.86215e+07) (100259 72866.4 -1.74785e+07) (13236.9 166339 -1.53801e+07) (-196846 -34457.8 -1.27317e+07) (-196496 -142156 -8.56433e+06) (-112627 97272.4 -3.98754e+06) (-58441.9 22229.3 -1.10336e+06) (4407.54 -24564.8 676688) (-15984.1 325.486 2.02573e+06)
500           (-116616 7843.13 -1.87035e+07) (-116616 7843.13 -1.87035e+07) (-354336 -92218.3 -1.7753e+07) (97006.8 65078.3 -1.67848e+07) (22734.5 160887 -1.50123e+07) (-174744 -40566 -1.29715e+07) (-161675 -159595 -9.52763e+06) (-120137 109182 -5.04666e+06) (-72226.1 34982.6 -1.7149e+06) (4176.39 -24019.3 378430) (-14951.4 -2247.02 1.77897e+06)
550           (-109621 7553.64 -1.78495e+07) (-109621 7553.64 -1.78495e+07) (-338571 -88951.4 -1.69856e+07) (93901.5 59133.4 -1.61449e+07) (29088.1 155721 -1.46021e+07) (-157161 -46500.1 -1.29677e+07) (-121991 -166277 -1.01844e+07) (-113083 116667 -6.03353e+06) (-84676.4 50460.5 -2.43413e+06) (3868.85 -23913.2 -22985.9) (-13595.2 -5858.03 1.46867e+06)
600           (-103738 7284.78 -1.70931e+07) (-103738 7284.78 -1.70931e+07) (-324535 -85873.3 -1.62977e+07) (90915.9 54458.3 -1.55533e+07) (33242.1 150823 -1.41808e+07) (-144139 -49567.5 -1.2825e+07) (-87494.7 -168032 -1.05709e+07) (-93121.5 121013 -6.86616e+06) (-93683.4 68178.1 -3.21791e+06) (3384.43 -24010.9 -533003) (-11822.7 -10547.4 1.0793e+06)
650           (-98680.9 7033.63 -1.64131e+07) (-98680.9 7033.63 -1.64131e+07) (-311861 -82973.8 -1.56733e+07) (88050.5 50673.8 -1.50036e+07) (35901.6 146158 -1.37626e+07) (-134315 -50478.5 -1.26074e+07) (-62025.8 -168030 -1.07458e+07) (-68402.5 122666 -7.50678e+06) (-97595.9 86785.7 -4.0087e+06) (2561.85 -24003.4 -1.14507e+06) (-9531.95 -16262.4 597200)
700           (-94249.3 6797.8 -1.57941e+07) (-94249.3 6797.8 -1.57941e+07) (-300281 -80237 -1.51004e+07) (85304.1 47532.5 -1.44902e+07) (37543.5 141691 -1.33537e+07) (-126554 -50289.1 -1.23489e+07) (-44540.4 -167128 -1.07724e+07) (-47113.9 121156 -7.959e+06) (-95992.1 104174 -4.75133e+06) (1202.19 -23582.2 -1.83673e+06) (-6615.79 -22768.9 14945.7)
750           (-90301.7 6575.41 -1.52246e+07) (-90301.7 6575.41 -1.52246e+07) (-289593 -77646.7 -1.457e+07) (82674 44863.4 -1.40082e+07) (38498.7 137407 -1.2957e+07) (-120106 -49595.7 -1.20691e+07) (-32387.2 -165559 -1.07061e+07) (-32053.9 116966 -8.2542e+06) (-90279.8 118691 -5.40731e+06) (-850.575 -22462.7 -2.57095e+06) (-2985.76 -29612.3 -663747)
800           (-86729.5 6365.35 -1.46962e+07) (-86729.5 6365.35 -1.46962e+07) (-279653 -75194.2 -1.40756e+07) (80164.8 42534.9 -1.35545e+07) (39023.7 133313 -1.25754e+07) (-114502 -48678.3 -1.17826e+07) (-23329 -163543 -1.05889e+07) (-21788.8 111525 -8.43566e+06) (-83065.2 130145 -5.96067e+06) (-3565.25 -20425.1 -3.30531e+06) (1388.28 -36194.6 -1.42142e+06)
850           (-83448.6 6167.45 -1.42035e+07) (-83448.6 6167.45 -1.42035e+07) (-270371 -72879.8 -1.36133e+07) (77789.1 40443.1 -1.31278e+07) (39319.8 129435 -1.22121e+07) (-109472 -47678.1 -1.15009e+07) (-15991.7 -161320 -1.04499e+07) (-14155 106036 -8.54477e+06) (-76440.7 139329 -6.41542e+06) (-6648.41 -17421.7 -4.00413e+06) (6435.71 -41963.7 -2.22886e+06)
900           (-80397.2 5982.24 -1.37434e+07) (-80397.2 5982.24 -1.37434e+07) (-261701 -70710.5 -1.31812e+07) (75562.7 38512 -1.27283e+07) (39532.7 125800 -1.18706e+07) (-104875 -46675.4 -1.12328e+07) (-9654.43 -159093 -1.03076e+07) (-7837.28 101050 -8.61329e+06) (-71119.2 147031 -6.78788e+06) (-9689.37 -13643.7 -4.64581e+06) (11963.7 -46603.9 -3.05118e+06)
950           (-77566.6 5799.43 -1.33149e+07) (-77566.6 5799.43 -1.33149e+07) (-253608 -68694.6 -1.27792e+07) (73553.9 36769.7 -1.23571e+07) (39701 122390 -1.15538e+07) (-100646 -45716.5 -1.09841e+07) (-4063.26 -157051 -1.0173e+07) (-2284 96739 -8.66197e+06) (-67012.4 153667 -7.09806e+06) (-12391 -9509.27 -5.22239e+06) (17657.3 -50164.3 -3.85517e+06)
1000          (-74876.4 5643.15 -1.29176e+07) (-74876.4 5643.15 -1.29176e+07) (-246138 -66842.4 -1.24073e+07) (71661.3 35035 -1.20151e+07) (39985.3 119314 -1.12637e+07) (-96759.5 -44831.8 -1.07586e+07) (1151.18 -155196 -1.00525e+07) (2706.68 92968.2 -8.70331e+06) (-63588.9 159530 -7.36334e+06) (-14676.8 -5223.8 -5.7346e+06) (23261.9 -52732.2 -4.61452e+06)
1050          (-72351.1 5501.56 -1.25519e+07) (-72351.1 5501.56 -1.25519e+07) (-239278 -65158.3 -1.20662e+07) (69949.2 33380 -1.17032e+07) (40348.1 116535 -1.10016e+07) (-93206.5 -44034 -1.05579e+07) (5961.54 -153614 -9.94894e+06) (7212.35 89727.4 -8.74363e+06) (-60711.3 164741 -7.5962e+06) (-16591.8 -1109.94 -6.18727e+06) (28499.5 -54651.7 -5.31189e+06)
1100          (-69994.2 5374.73 -1.22182e+07) (-69994.2 5374.73 -1.22182e+07) (-233035 -63643.6 -1.17561e+07) (68418 31808.4 -1.14216e+07) (40786 114054 -1.07675e+07) (-89983 -43328.4 -1.03821e+07) (10397.1 -152311 -9.8627e+06) (11272.8 86956.7 -8.78558e+06) (-58262.4 169406 -7.80414e+06) (-18217.8 2685.44 -6.58604e+06) (33219 -56166.5 -5.93837e+06)
1150          (-67840.5 5301.91 -1.19166e+07) (-67840.5 5301.91 -1.19166e+07) (-227402 -62285.2 -1.1477e+07) (67016.6 30417.2 -1.11699e+07) (41222.8 111885 -1.05608e+07) (-87104.1 -42689.9 -1.02299e+07) (14283 -151171 -9.79267e+06) (14767.7 84770.7 -8.8295e+06) (-56295.5 173638 -7.9911e+06) (-19563.3 5966.61 -6.9362e+06) (37307.2 -57502.3 -6.49174e+06)
1200          (-65844.5 5199.03 -1.16466e+07) (-65844.5 5199.03 -1.16466e+07) (-222381 -61098.4 -1.12281e+07) (65833.6 29035.3 -1.09471e+07) (41757.6 109964 -1.03799e+07) (-84520.6 -42162.9 -1.00999e+07) (17996.6 -150363 -9.73717e+06) (18022.7 82764.5 -8.87448e+06) (-54518.6 177386 -8.15912e+06) (-20786 8975.72 -7.24219e+06) (40897.4 -58603.2 -6.97405e+06)
1250          (-64028.8 5109.16 -1.1407e+07) (-64028.8 5109.16 -1.1407e+07) (-217939 -60061.9 -1.10083e+07) (64808.3 27762.6 -1.07517e+07) (42310.8 108298 -1.02232e+07) (-82241.1 -41715.1 -9.98997e+06) (21338.2 -149751 -9.69405e+06) (20898.9 81079.3 -8.91932e+06) (-53022.2 180726 -8.30923e+06) (-21846.7 11581.7 -7.50819e+06) (43968.9 -59579.6 -7.39024e+06)
1300          (-62331.5 4992.65 -1.11964e+07) (-62331.5 4992.65 -1.11964e+07) (-214062 -59171.4 -1.08157e+07) (63941.3 26442.1 -1.05816e+07) (42975.2 106865 -1.00885e+07) (-80216.9 -41359.1 -9.89727e+06) (24577.8 -149368 -9.6608e+06) (23572.2 79465.4 -8.96266e+06) (-51602.8 183652 -8.44222e+06) (-22813.1 13973 -7.73822e+06) (46652.4 -60349.3 -7.74677e+06)
1350          (-60892.3 4930.82 -1.10126e+07) (-60892.3 4930.82 -1.10126e+07) (-210671 -58397.5 -1.06483e+07) (63183.3 25429.2 -1.04347e+07) (43482 105637 -9.97321e+06) (-78490.9 -41037.3 -9.81983e+06) (27158 -149017 -9.6356e+06) (25737.4 78324.5 -9.00346e+06) (-50581.7 186244 -8.55912e+06) (-23593.1 15843 -7.93596e+06) (48851.8 -61132.9 -8.05024e+06)
1400          (-59625.1 4878.3 -1.08533e+07) (-59625.1 4878.3 -1.08533e+07) (-207740 -57735.3 -1.05037e+07) (62537.5 24531.3 -1.03086e+07) (43955.4 104592 -9.87521e+06) (-77004.3 -40767.5 -9.75523e+06) (29407.1 -148758 -9.61654e+06) (27602.5 77379.8 -9.04102e+06) (-49734.1 188500 -8.66099e+06) (-24259.9 17419.4 -8.10512e+06) (50707.6 -61820.7 -8.30748e+06)
1450          (-58519 4833.84 -1.07163e+07) (-58519 4833.84 -1.07163e+07) (-205223 -57171.5 -1.03797e+07) (61989.8 23743.3 -1.02009e+07) (44387.9 103706 -9.79219e+06) (-75731.2 -40541.8 -9.70144e+06) (31352.9 -148568 -9.60213e+06) (29200.2 76597.7 -9.07493e+06) (-49031 190449 -8.74909e+06) (-24827.2 18744.1 -8.2492e+06) (52270.1 -62418.9 -8.52476e+06)
1500          (-57561.2 4796.35 -1.0599e+07) (-57561.2 4796.35 -1.0599e+07) (-203073 -56693.4 -1.02737e+07) (61526.8 23057.9 -1.01093e+07) (44776.1 102957 -9.7221e+06) (-74646.6 -40353.4 -9.6567e+06) (33024.8 -148429 -9.59123e+06) (30561.9 75950.5 -9.10507e+06) (-48448 192122 -8.8248e+06) (-25308 19854.5 -8.37143e+06) (53583.2 -62935 -8.7078e+06)
1550          (-56737.1 4764.81 -1.04991e+07) (-56737.1 4764.81 -1.04991e+07) (-201244 -56289.3 -1.01837e+07) (61136.6 22466.3 -1.00317e+07) (45119.4 102326 -9.66308e+06) (-73726.3 -40196.3 -9.61951e+06) (34453.2 -148327 -9.58295e+06) (31717.5 75414.7 -9.13152e+06) (-47964.5 193550 -8.88948e+06) (-25714.2 20783.8 -8.4748e+06) (54685 -63377.5 -8.86166e+06)
1600          (-56061.1 4722.9 -1.04144e+07) (-56061.1 4722.9 -1.04144e+07) (-199677 -55940.4 -1.01074e+07) (60849 22019.9 -9.96612e+06) (45385.6 101771 -9.61349e+06) (-72945.4 -40070.5 -9.58858e+06) (35591.2 -148273 -9.57659e+06) (32677.4 75001.8 -9.15447e+06) (-47617.1 194731 -8.94451e+06) (-26061.8 21522 -8.56199e+06) (55585.8 -63784.8 -8.99075e+06)
1650          (-55457.8 4703.55 -1.03427e+07) (-55457.8 4703.55 -1.03427e+07) (-198371 -55655.8 -1.0043e+07) (60567.3 21578.2 -9.91092e+06) (45648.8 101330 -9.57188e+06) (-72290 -39959.9 -9.56287e+06) (36631 -148213 -9.57169e+06) (33503.1 74630.6 -9.17426e+06) (-47277.4 195763 -8.9911e+06) (-26349.8 22175 -8.63534e+06) (56361.4 -64101.4 -9.09896e+06)
1700          (-54945 4686.99 -1.02822e+07) (-54945 4686.99 -1.02822e+07) (-197271 -55416.4 -9.98877e+06) (60331 21202.3 -9.86452e+06) (45876.9 100960 -9.53704e+06) (-71738.5 -39868.4 -9.54151e+06) (37509.7 -148168 -9.56791e+06) (34198.5 74321.1 -9.1912e+06) (-46993.8 196635 -9.03044e+06) (-26590.4 22722 -8.69692e+06) (57010.9 -64367.9 -9.18951e+06)
1750          (-54511.3 4673.18 -1.02314e+07) (-54511.3 4673.18 -1.02314e+07) (-196346 -55215.7 -9.94318e+06) (60133.2 20884.1 -9.82559e+06) (46071.9 100651 -9.50789e+06) (-71275.6 -39792.2 -9.52377e+06) (38249.7 -148135 -9.56497e+06) (34782.3 74064.4 -9.20563e+06) (-46758.1 197369 -9.06358e+06) (-26792.1 23178.5 -8.74856e+06) (57553.6 -64592.4 -9.26522e+06)
1800          (-54145.7 4661.66 -1.01886e+07) (-54145.7 4661.66 -1.01886e+07) (-195570 -55047.8 -9.90493e+06) (59967.7 20615.5 -9.79297e+06) (46237.8 100392 -9.48353e+06) (-70887.6 -39728.7 -9.50902e+06) (38871.5 -148110 -9.56265e+06) (35271.7 73851.3 -9.21786e+06) (-46562.3 197986 -9.09142e+06) (-26960.8 23559.3 -8.79179e+06) (58006.7 -64781.2 -9.32848e+06)
1850          (-53838.2 4652.06 -1.01528e+07) (-53838.2 4652.06 -1.01528e+07) (-194919 -54907.4 -9.87288e+06) (59829.5 20389.3 -9.76567e+06) (46378.2 100176 -9.46319e+06) (-70562.8 -39675.8 -9.49676e+06) (39393 -148090 -9.56082e+06) (35681.3 73674.4 -9.22819e+06) (-46399.6 198503 -9.11478e+06) (-27101.8 23876.7 -8.82794e+06) (58384.9 -64939.7 -9.38129e+06)
1900          (-53580 4644.06 -1.01229e+07) (-53580 4644.06 -1.01229e+07) (-194375 -54790 -9.84606e+06) (59714 20199.4 -9.74285e+06) (46496.8 99995.6 -9.44621e+06) (-70291.2 -39631.8 -9.48657e+06) (39829.9 -148075 -9.55936e+06) (36023.8 73527.4 -9.2369e+06) (-46264.3 198936 -9.13435e+06) (-27219.6 24141.2 -8.85816e+06) (58700.3 -65072.5 -9.42535e+06)
1950          (-53372 4649.79 -1.00978e+07) (-53372 4649.79 -1.00978e+07) (-193918 -54691.2 -9.82365e+06) (59606.8 20065.5 -9.7238e+06) (46577.7 99848.8 -9.43204e+06) (-70070.2 -39588.8 -9.47807e+06) (40152.3 -148043 -9.55818e+06) (36280 73442.5 -9.24422e+06) (-46176.5 199311 -9.15071e+06) (-27305.9 24334.5 -8.88339e+06) (58952.4 -65199.9 -9.46211e+06)
2000          (-53138.4 4636.02 -1.00768e+07) (-53138.4 4636.02 -1.00768e+07) (-193553 -54607.4 -9.80494e+06) (59513.6 19833.1 -9.70791e+06) (46738.8 99750.5 -9.42023e+06) (-69865.1 -39553.7 -9.47093e+06) (40613.2 -148045 -9.55721e+06) (36589.9 73251.2 -9.25039e+06) (-45979 199627 -9.16436e+06) (-27408.7 24603 -8.90448e+06) (59210.7 -65236.7 -9.4928e+06)
2050          (-53034.6 4636.16 -1.00594e+07) (-53034.6 4636.16 -1.00594e+07) (-193223 -54542.3 -9.78932e+06) (59460.7 19806.9 -9.69463e+06) (46739.9 99619.2 -9.41039e+06) (-69721.2 -39534.8 -9.46514e+06) (40734.7 -148033 -9.55645e+06) (36731.8 73240.2 -9.25548e+06) (-45991.7 199865 -9.1758e+06) (-27460.4 24683.9 -8.92199e+06) (59360.5 -65363 -9.51826e+06)
2100          (-52885.7 4628.35 -1.00448e+07) (-52885.7 4628.35 -1.00448e+07) (-192961 -54484.1 -9.77629e+06) (59407.3 19680.1 -9.68358e+06) (46831.1 99538.9 -9.4022e+06) (-69579.9 -39511.8 -9.46021e+06) (41005.3 -148035 -9.55581e+06) (36925.6 73133.3 -9.25981e+06) (-45889 200081 -9.18531e+06) (-27525.4 24842.7 -8.93663e+06) (59523.3 -65408.8 -9.53956e+06)
2150          (-52797.7 4618.47 -1.00326e+07) (-52797.7 4618.47 -1.00326e+07) (-192738 -54434.3 -9.76544e+06) (59368.1 19620.4 -9.67437e+06) (46859.6 99460.9 -9.39538e+06) (-69477.1 -39494.8 -9.4562e+06) (41157.9 -148035 -9.55531e+06) (37060.1 73089.6 -9.26335e+06) (-45850.8 200249 -9.19327e+06) (-27570.6 24936.6 -8.94881e+06) (59649.4 -65468.9 -9.55721e+06)
2200          (-52694.9 4616.23 -1.00225e+07) (-52694.9 4616.23 -1.00225e+07) (-192556 -54401.3 -9.75644e+06) (59323.1 19550 -9.66673e+06) (46916.2 99399.1 -9.38972e+06) (-69386 -39482.8 -9.45282e+06) (41314 -148025 -9.55488e+06) (37175.5 73045 -9.26636e+06) (-45803.2 200400 -9.19984e+06) (-27606.8 25029.7 -8.95891e+06) (59755.5 -65511.1 -9.57192e+06)
2250          (-52624 4612.86 -1.00141e+07) (-52624 4612.86 -1.00141e+07) (-192403 -54368.9 -9.74894e+06) (59292 19500.6 -9.66036e+06) (46946.3 99347.2 -9.385e+06) (-69310.8 -39471.6 -9.45003e+06) (41432.1 -148024 -9.55453e+06) (37269 73004.4 -9.26882e+06) (-45768.3 200518 -9.20533e+06) (-27639.6 25100.1 -8.96732e+06) (59841.7 -65549.4 -9.58414e+06)
2300          (-52566.8 4618.06 -1.00073e+07) (-52566.8 4618.06 -1.00073e+07) (-192282 -54342.8 -9.74282e+06) (59265.4 19459.4 -9.65518e+06) (46968.1 99304 -9.38116e+06) (-69247.3 -39460.1 -9.44773e+06) (41527.6 -148023 -9.55422e+06) (37348.4 72973.4 -9.27083e+06) (-45740.7 200613 -9.20981e+06) (-27669.7 25155.6 -8.9742e+06) (59912.3 -65582.3 -9.59413e+06)
2350          (-52520.9 4617.89 -1.00016e+07) (-52520.9 4617.89 -1.00016e+07) (-192178 -54314.7 -9.73768e+06) (59241.2 19404.9 -9.65079e+06) (46997.1 99280.6 -9.3779e+06) (-69189.2 -39449.6 -9.44575e+06) (41629.7 -148014 -9.55395e+06) (37418 72928.2 -9.27252e+06) (-45701.2 200705 -9.21354e+06) (-27694.8 25215 -8.97998e+06) (59973.3 -65603.3 -9.60257e+06)
2400          (-52489.7 4612.32 -9.99682e+06) (-52489.7 4612.32 -9.99682e+06) (-192088 -54294.3 -9.7334e+06) (59231.1 19381.1 -9.64716e+06) (47005.9 99251.4 -9.37521e+06) (-69147 -39441 -9.44416e+06) (41688.9 -148014 -9.55374e+06) (37473.1 72909.9 -9.27391e+06) (-45687.1 200772 -9.21666e+06) (-27713.7 25252.7 -8.98478e+06) (60022.8 -65629 -9.60953e+06)
2450          (-52441.5 4606.34 -9.99279e+06) (-52441.5 4606.34 -9.99279e+06) (-192015 -54281.5 -9.72988e+06) (59212.6 19368.4 -9.64418e+06) (47031.5 99217.9 -9.373e+06) (-69117.3 -39441.6 -9.44287e+06) (41743 -148017 -9.55359e+06) (37511 72897.4 -9.27509e+06) (-45675 200825 -9.21926e+06) (-27722.1 25283.4 -8.98873e+06) (60063.7 -65643.8 -9.6153e+06)
2500          (-52420.8 4611.4 -9.98947e+06) (-52420.8 4611.4 -9.98947e+06) (-191955 -54269.1 -9.72689e+06) (59197.9 19352.4 -9.64164e+06) (47034.3 99199.3 -9.37112e+06) (-69087 -39434.2 -9.44175e+06) (41776.5 -148010 -9.55344e+06) (37542.7 72892.1 -9.27607e+06) (-45668.6 200875 -9.22145e+06) (-27735.2 25303.6 -8.99209e+06) (60094.9 -65665.7 -9.62016e+06)
2550          (-52394.8 4610.57 -9.98669e+06) (-52394.8 4610.57 -9.98669e+06) (-191908 -54260 -9.72441e+06) (59190.4 19329.7 -9.63953e+06) (47048 99178.3 -9.36956e+06) (-69060.2 -39433.6 -9.44083e+06) (41825.5 -148017 -9.55332e+06) (37583.1 72869.3 -9.27687e+06) (-45652.9 200905 -9.22327e+06) (-27752.2 25334.4 -8.99488e+06) (60126.2 -65673.3 -9.62421e+06)
2600          (-52372.3 4607.88 -9.98459e+06) (-52372.3 4607.88 -9.98459e+06) (-191868 -54253.1 -9.72249e+06) (59178.1 19293.9 -9.63789e+06) (47068.7 99176.2 -9.36833e+06) (-69033.8 -39427.3 -9.44007e+06) (41881.8 -148009 -9.55321e+06) (37617.8 72842.4 -9.27751e+06) (-45623.5 200946 -9.22465e+06) (-27764.8 25367.8 -8.99704e+06) (60151.4 -65677.7 -9.62737e+06)
2650          (-52361 4603.75 -9.98261e+06) (-52361 4603.75 -9.98261e+06) (-191829 -54237 -9.72077e+06) (59178.1 19307.9 -9.63645e+06) (47065.7 99157.6 -9.36728e+06) (-69025.2 -39426 -9.43947e+06) (41884.5 -148013 -9.55315e+06) (37625.8 72851.1 -9.27809e+06) (-45634.5 200972 -9.22592e+06) (-27761.9 25368.4 -8.99895e+06) (60169.1 -65691.2 -9.63014e+06)
2700          (-52344.9 4606.19 -9.98108e+06) (-52344.9 4606.19 -9.98108e+06) (-191803 -54240.1 -9.71935e+06) (59166 19279.8 -9.63522e+06) (47077.2 99153.4 -9.36636e+06) (-69003.9 -39421.4 -9.4389e+06) (41921.8 -148007 -9.55306e+06) (37653.6 72834.2 -9.27854e+06) (-45615.3 200996 -9.22694e+06) (-27776.8 25391.9 -9.00057e+06) (60186.1 -65697.7 -9.63248e+06)
2750          (-52338.3 4603.21 -9.97976e+06) (-52338.3 4603.21 -9.97976e+06) (-191777 -54225.6 -9.71822e+06) (59168.3 19291.7 -9.63429e+06) (47074.5 99140.8 -9.36567e+06) (-68999.4 -39421 -9.43851e+06) (41922.8 -148012 -9.55303e+06) (37657.5 72839.4 -9.27893e+06) (-45623.7 201013 -9.22778e+06) (-27772.8 25391.3 -9.00181e+06) (60198 -65705.6 -9.6343e+06)
2800          (-52329.3 4602.75 -9.97864e+06) (-52329.3 4602.75 -9.97864e+06) (-191757 -54221.6 -9.71722e+06) (59164.2 19284.4 -9.63343e+06) (47078.3 99133.7 -9.36504e+06) (-68989.2 -39419.8 -9.43814e+06) (41938.7 -148012 -9.55298e+06) (37670.5 72833.8 -9.27925e+06) (-45619.3 201029 -9.22852e+06) (-27777.5 25401.2 -9.00293e+06) (60209.7 -65710.7 -9.63594e+06)
2850          (-52321.8 4602.76 -9.97782e+06) (-52321.8 4602.76 -9.97782e+06) (-191742 -54218.2 -9.71648e+06) (59160.5 19278.8 -9.6328e+06) (47082.6 99129.2 -9.36457e+06) (-68981.2 -39418.3 -9.43786e+06) (41951.9 -148010 -9.55294e+06) (37680.2 72829.5 -9.2795e+06) (-45614.6 201041 -9.22906e+06) (-27780.9 25408.8 -9.00376e+06) (60218.2 -65714 -9.63715e+06)
2900          (-52315.5 4602.36 -9.977e+06) (-52315.5 4602.36 -9.977e+06) (-191727 -54215.3 -9.71575e+06) (59157.5 19274.1 -9.63218e+06) (47085.1 99123.9 -9.36411e+06) (-68973.8 -39417.1 -9.43758e+06) (41963.1 -148010 -9.55291e+06) (37689.8 72826 -9.27973e+06) (-45611.5 201053 -9.22959e+06) (-27784.2 25415.5 -9.00458e+06) (60226.6 -65718 -9.63835e+06)
2950          (-52311.1 4602.26 -9.97646e+06) (-52311.1 4602.26 -9.97646e+06) (-191717 -54213.3 -9.71526e+06) (59155.1 19270.7 -9.63176e+06) (47087.1 99120.7 -9.3638e+06) (-68968.7 -39416.1 -9.43739e+06) (41971.1 -148009 -9.55288e+06) (37696.2 72823.6 -9.27989e+06) (-45608.9 201061 -9.22994e+06) (-27786.4 25420.3 -9.00513e+06) (60232.1 -65720.5 -9.63915e+06)
3000          (-52306.6 4601.96 -9.97592e+06) (-52306.6 4601.96 -9.97592e+06) (-191708 -54211.6 -9.71477e+06) (59152.7 19266.9 -9.63134e+06) (47089.5 99117 -9.36348e+06) (-68963.5 -39415.7 -9.4372e+06) (41979.8 -148009 -9.55284e+06) (37703.2 72820.2 -9.28004e+06) (-45606 201068 -9.2303e+06) (-27788.9 25425.6 -9.00568e+06) (60237.9 -65722.6 -9.63996e+06)
3050          (-52297.9 4603.95 -9.97555e+06) (-52297.9 4603.95 -9.97555e+06) (-191703 -54218.8 -9.71442e+06) (59145.6 19248.8 -9.63103e+06) (47097.1 99117.5 -9.36325e+06) (-68955.4 -39415 -9.43704e+06) (41997.3 -148006 -9.55281e+06) (37714.8 72809.5 -9.28015e+06) (-45595.6 201074 -9.23055e+06) (-27797 25437 -9.00612e+06) (60244.7 -65723.5 -9.64056e+06)
3100          (-52295.8 4603.86 -9.97529e+06) (-52295.8 4603.86 -9.97529e+06) (-191698 -54217.6 -9.71418e+06) (59144.7 19247.4 -9.63083e+06) (47098.1 99115.7 -9.3631e+06) (-68953.2 -39414.8 -9.43695e+06) (42000.8 -148006 -9.55279e+06) (37717.5 72808.1 -9.28022e+06) (-45594.8 201077 -9.23072e+06) (-27797.9 25439.2 -9.00639e+06) (60247.7 -65724.6 -9.64095e+06)
3150          (-52293.5 4603.78 -9.97503e+06) (-52293.5 4603.78 -9.97503e+06) (-191693 -54216.4 -9.71395e+06) (59143.7 19246 -9.63063e+06) (47099.4 99114 -9.36295e+06) (-68950.7 -39414.5 -9.43686e+06) (42004.9 -148005 -9.55277e+06) (37720.6 72806.5 -9.2803e+06) (-45593.4 201081 -9.23089e+06) (-27798.8 25441.6 -9.00665e+06) (60250.8 -65725.5 -9.64135e+06)
3200          (-52291.4 4603.74 -9.97477e+06) (-52291.4 4603.74 -9.97477e+06) (-191689 -54215.2 -9.71371e+06) (59142.5 19244.9 -9.63043e+06) (47100.4 99112.2 -9.36279e+06) (-68948.2 -39414.1 -9.43676e+06) (42008.6 -148005 -9.55275e+06) (37723.5 72805.1 -9.28036e+06) (-45592.2 201085 -9.23106e+06) (-27799.6 25443.9 -9.00692e+06) (60253.9 -65726.4 -9.64175e+06)
3250          (-52291.4 4603.74 -9.97477e+06) (-52291.4 4603.74 -9.97477e+06) (-191689 -54215.2 -9.71371e+06) (59142.5 19244.9 -9.63043e+06) (47100.4 99112.2 -9.36279e+06) (-68948.2 -39414.1 -9.43676e+06) (42008.6 -148005 -9.55275e+06) (37723.5 72805.1 -9.28036e+06) (-45592.2 201085 -9.23106e+06) (-27799.6 25443.9 -9.00692e+06) (60253.9 -65726.4 -9.64175e+06)
3300          (-52289.6 4603.7 -9.97451e+06) (-52289.6 4603.7 -9.97451e+06) (-191684 -54214 -9.71348e+06) (59141.5 19244.4 -9.63023e+06) (47100.9 99110.2 -9.36264e+06) (-68945.8 -39413.8 -9.43666e+06) (42011.7 -148004 -9.55272e+06) (37726 72804 -9.28042e+06) (-45591.5 201088 -9.23121e+06) (-27800.2 25445.9 -9.00719e+06) (60257.2 -65727.3 -9.64217e+06)
3350          (-52289.6 4603.7 -9.97451e+06) (-52289.6 4603.7 -9.97451e+06) (-191684 -54214 -9.71348e+06) (59141.5 19244.4 -9.63023e+06) (47100.9 99110.2 -9.36264e+06) (-68945.8 -39413.8 -9.43666e+06) (42011.7 -148004 -9.55272e+06) (37726 72804 -9.28042e+06) (-45591.5 201088 -9.23121e+06) (-27800.2 25445.9 -9.00719e+06) (60257.2 -65727.3 -9.64217e+06)
3400          (-52289.6 4603.7 -9.97451e+06) (-52289.6 4603.7 -9.97451e+06) (-191684 -54214 -9.71348e+06) (59141.5 19244.4 -9.63023e+06) (47100.9 99110.2 -9.36264e+06) (-68945.8 -39413.8 -9.43666e+06) (42011.7 -148004 -9.55272e+06) (37726 72804 -9.28042e+06) (-45591.5 201088 -9.23121e+06) (-27800.2 25445.9 -9.00719e+06) (60257.2 -65727.3 -9.64217e+06)
3450          (-52289.6 4603.7 -9.97451e+06) (-52289.6 4603.7 -9.97451e+06) (-191684 -54214 -9.71348e+06) (59141.5 19244.4 -9.63023e+06) (47100.9 99110.2 -9.36264e+06) (-68945.8 -39413.8 -9.43666e+06) (42011.7 -148004 -9.55272e+06) (37726 72804 -9.28042e+06) (-45591.5 201088 -9.23121e+06) (-27800.2 25445.9 -9.00719e+06) (60257.2 -65727.3 -9.64217e+06)
3500          (-52289.6 4603.7 -9.97451e+06) (-52289.6 4603.7 -9.97451e+06) (-191684 -54214 -9.71348e+06) (59141.5 19244.4 -9.63023e+06) (47100.9 99110.2 -9.36264e+06) (-68945.8 -39413.8 -9.43666e+06) (42011.7 -148004 -9.55272e+06) (37726 72804 -9.28042e+06) (-45591.5 201088 -9.23121e+06) (-27800.2 25445.9 -9.00719e+06) (60257.2 -65727.3 -9.64217e+06)
3550          (-52289.6 4603.7 -9.97451e+06) (-52289.6 4603.7 -9.97451e+06) (-191684 -54214 -9.71348e+06) (59141.5 19244.4 -9.63023e+06) (47100.9 99110.2 -9.36264e+06) (-68945.8 -39413.8 -9.43666e+06) (42011.7 -148004 -9.55272e+06) (37726 72804 -9.28042e+06) (-45591.5 201088 -9.23121e+06) (-27800.2 25445.9 -9.00719e+06) (60257.2 -65727.3 -9.64217e+06)
3600          (-52289.6 4603.7 -9.97451e+06) (-52289.6 4603.7 -9.97451e+06) (-191684 -54214 -9.71348e+06) (59141.5 19244.4 -9.63023e+06) (47100.9 99110.2 -9.36264e+06) (-68945.8 -39413.8 -9.43666e+06) (42011.7 -148004 -9.55272e+06) (37726 72804 -9.28042e+06) (-45591.5 201088 -9.23121e+06) (-27800.2 25445.9 -9.00719e+06) (60257.2 -65727.3 -9.64217e+06)
3650          (-52289.6 4603.7 -9.97451e+06) (-52289.6 4603.7 -9.97451e+06) (-191684 -54214 -9.71348e+06) (59141.5 19244.4 -9.63023e+06) (47100.9 99110.2 -9.36264e+06) (-68945.8 -39413.8 -9.43666e+06) (42011.7 -148004 -9.55272e+06) (37726 72804 -9.28042e+06) (-45591.5 201088 -9.23121e+06) (-27800.2 25445.9 -9.00719e+06) (60257.2 -65727.3 -9.64217e+06)
3700          (-52289.6 4603.7 -9.97451e+06) (-52289.6 4603.7 -9.97451e+06) (-191684 -54214 -9.71348e+06) (59141.5 19244.4 -9.63023e+06) (47100.9 99110.2 -9.36264e+06) (-68945.8 -39413.8 -9.43666e+06) (42011.7 -148004 -9.55272e+06) (37726 72804 -9.28042e+06) (-45591.5 201088 -9.23121e+06) (-27800.2 25445.9 -9.00719e+06) (60257.2 -65727.3 -9.64217e+06)
3750          (-52289.6 4603.7 -9.97451e+06) (-52289.6 4603.7 -9.97451e+06) (-191684 -54214 -9.71348e+06) (59141.5 19244.4 -9.63023e+06) (47100.9 99110.2 -9.36264e+06) (-68945.8 -39413.8 -9.43666e+06) (42011.7 -148004 -9.55272e+06) (37726 72804 -9.28042e+06) (-45591.5 201088 -9.23121e+06) (-27800.2 25445.9 -9.00719e+06) (60257.2 -65727.3 -9.64217e+06)
3800          (-52289.6 4603.7 -9.97451e+06) (-52289.6 4603.7 -9.97451e+06) (-191684 -54214 -9.71348e+06) (59141.5 19244.4 -9.63023e+06) (47100.9 99110.2 -9.36264e+06) (-68945.8 -39413.8 -9.43666e+06) (42011.7 -148004 -9.55272e+06) (37726 72804 -9.28042e+06) (-45591.5 201088 -9.23121e+06) (-27800.2 25445.9 -9.00719e+06) (60257.2 -65727.3 -9.64217e+06)
3850          (-52289.6 4603.7 -9.97451e+06) (-52289.6 4603.7 -9.97451e+06) (-191684 -54214 -9.71348e+06) (59141.5 19244.4 -9.63023e+06) (47100.9 99110.2 -9.36264e+06) (-68945.8 -39413.8 -9.43666e+06) (42011.7 -148004 -9.55272e+06) (37726 72804 -9.28042e+06) (-45591.5 201088 -9.23121e+06) (-27800.2 25445.9 -9.00719e+06) (60257.2 -65727.3 -9.64217e+06)
3900          (-52289.6 4603.7 -9.97451e+06) (-52289.6 4603.7 -9.97451e+06) (-191684 -54214 -9.71348e+06) (59141.5 19244.4 -9.63023e+06) (47100.9 99110.2 -9.36264e+06) (-68945.8 -39413.8 -9.43666e+06) (42011.7 -148004 -9.55272e+06) (37726 72804 -9.28042e+06) (-45591.5 201088 -9.23121e+06) (-27800.2 25445.9 -9.00719e+06) (60257.2 -65727.3 -9.64217e+06)
3950          (-52289.6 4603.7 -9.97451e+06) (-52289.6 4603.7 -9.97451e+06) (-191684 -54214 -9.71348e+06) (59141.5 19244.4 -9.63023e+06) (47100.9 99110.2 -9.36264e+06) (-68945.8 -39413.8 -9.43666e+06) (42011.7 -148004 -9.55272e+06) (37726 72804 -9.28042e+06) (-45591.5 201088 -9.23121e+06) (-27800.2 25445.9 -9.00719e+06) (60257.2 -65727.3 -9.64217e+06)
4000          (-52289.6 4603.7 -9.97451e+06) (-52289.6 4603.7 -9.97451e+06) (-191684 -54214 -9.71348e+06) (59141.5 19244.4 -9.63023e+06) (47100.9 99110.2 -9.36264e+06) (-68945.8 -39413.8 -9.43666e+06) (42011.7 -148004 -9.55272e+06) (37726 72804 -9.28042e+06) (-45591.5 201088 -9.23121e+06) (-27800.2 25445.9 -9.00719e+06) (60257.2 -65727.3 -9.64217e+06)
4050          (-52289.6 4603.7 -9.97451e+06) (-52289.6 4603.7 -9.97451e+06) (-191684 -54214 -9.71348e+06) (59141.5 19244.4 -9.63023e+06) (47100.9 99110.2 -9.36264e+06) (-68945.8 -39413.8 -9.43666e+06) (42011.7 -148004 -9.55272e+06) (37726 72804 -9.28042e+06) (-45591.5 201088 -9.23121e+06) (-27800.2 25445.9 -9.00719e+06) (60257.2 -65727.3 -9.64217e+06)
4100          (-52289.6 4603.7 -9.97451e+06) (-52289.6 4603.7 -9.97451e+06) (-191684 -54214 -9.71348e+06) (59141.5 19244.4 -9.63023e+06) (47100.9 99110.2 -9.36264e+06) (-68945.8 -39413.8 -9.43666e+06) (42011.7 -148004 -9.55272e+06) (37726 72804 -9.28042e+06) (-45591.5 201088 -9.23121e+06) (-27800.2 25445.9 -9.00719e+06) (60257.2 -65727.3 -9.64217e+06)
4150          (-52289.6 4603.7 -9.97451e+06) (-52289.6 4603.7 -9.97451e+06) (-191684 -54214 -9.71348e+06) (59141.5 19244.4 -9.63023e+06) (47100.9 99110.2 -9.36264e+06) (-68945.8 -39413.8 -9.43666e+06) (42011.7 -148004 -9.55272e+06) (37726 72804 -9.28042e+06) (-45591.5 201088 -9.23121e+06) (-27800.2 25445.9 -9.00719e+06) (60257.2 -65727.3 -9.64217e+06)
4200          (-52289.6 4603.7 -9.97451e+06) (-52289.6 4603.7 -9.97451e+06) (-191684 -54214 -9.71348e+06) (59141.5 19244.4 -9.63023e+06) (47100.9 99110.2 -9.36264e+06) (-68945.8 -39413.8 -9.43666e+06) (42011.7 -148004 -9.55272e+06) (37726 72804 -9.28042e+06) (-45591.5 201088 -9.23121e+06) (-27800.2 25445.9 -9.00719e+06) (60257.2 -65727.3 -9.64217e+06)
4250          (-52289.6 4603.7 -9.97451e+06) (-52289.6 4603.7 -9.97451e+06) (-191684 -54214 -9.71348e+06) (59141.5 19244.4 -9.63023e+06) (47100.9 99110.2 -9.36264e+06) (-68945.8 -39413.8 -9.43666e+06) (42011.7 -148004 -9.55272e+06) (37726 72804 -9.28042e+06) (-45591.5 201088 -9.23121e+06) (-27800.2 25445.9 -9.00719e+06) (60257.2 -65727.3 -9.64217e+06)
4300          (-52289.6 4603.7 -9.97451e+06) (-52289.6 4603.7 -9.97451e+06) (-191684 -54214 -9.71348e+06) (59141.5 19244.4 -9.63023e+06) (47100.9 99110.2 -9.36264e+06) (-68945.8 -39413.8 -9.43666e+06) (42011.7 -148004 -9.55272e+06) (37726 72804 -9.28042e+06) (-45591.5 201088 -9.23121e+06) (-27800.2 25445.9 -9.00719e+06) (60257.2 -65727.3 -9.64217e+06)
4350          (-52289.6 4603.7 -9.97451e+06) (-52289.6 4603.7 -9.97451e+06) (-191684 -54214 -9.71348e+06) (59141.5 19244.4 -9.63023e+06) (47100.9 99110.2 -9.36264e+06) (-68945.8 -39413.8 -9.43666e+06) (42011.7 -148004 -9.55272e+06) (37726 72804 -9.28042e+06) (-45591.5 201088 -9.23121e+06) (-27800.2 25445.9 -9.00719e+06) (60257.2 -65727.3 -9.64217e+06)
4400          (-52289.6 4603.7 -9.97451e+06) (-52289.6 4603.7 -9.97451e+06) (-191684 -54214 -9.71348e+06) (59141.5 19244.4 -9.63023e+06) (47100.9 99110.2 -9.36264e+06) (-68945.8 -39413.8 -9.43666e+06) (42011.7 -148004 -9.55272e+06) (37726 72804 -9.28042e+06) (-45591.5 201088 -9.23121e+06) (-27800.2 25445.9 -9.00719e+06) (60257.2 -65727.3 -9.64217e+06)
4450          (-52289.6 4603.7 -9.97451e+06) (-52289.6 4603.7 -9.97451e+06) (-191684 -54214 -9.71348e+06) (59141.5 19244.4 -9.63023e+06) (47100.9 99110.2 -9.36264e+06) (-68945.8 -39413.8 -9.43666e+06) (42011.7 -148004 -9.55272e+06) (37726 72804 -9.28042e+06) (-45591.5 201088 -9.23121e+06) (-27800.2 25445.9 -9.00719e+06) (60257.2 -65727.3 -9.64217e+06)
4500          (-52289.6 4603.7 -9.97451e+06) (-52289.6 4603.7 -9.97451e+06) (-191684 -54214 -9.71348e+06) (59141.5 19244.4 -9.63023e+06) (47100.9 99110.2 -9.36264e+06) (-68945.8 -39413.8 -9.43666e+06) (42011.7 -148004 -9.55272e+06) (37726 72804 -9.28042e+06) (-45591.5 201088 -9.23121e+06) (-27800.2 25445.9 -9.00719e+06) (60257.2 -65727.3 -9.64217e+06)
4550          (-52289.6 4603.7 -9.97451e+06) (-52289.6 4603.7 -9.97451e+06) (-191684 -54214 -9.71348e+06) (59141.5 19244.4 -9.63023e+06) (47100.9 99110.2 -9.36264e+06) (-68945.8 -39413.8 -9.43666e+06) (42011.7 -148004 -9.55272e+06) (37726 72804 -9.28042e+06) (-45591.5 201088 -9.23121e+06) (-27800.2 25445.9 -9.00719e+06) (60257.2 -65727.3 -9.64217e+06)
4600          (-52289.6 4603.7 -9.97451e+06) (-52289.6 4603.7 -9.97451e+06) (-191684 -54214 -9.71348e+06) (59141.5 19244.4 -9.63023e+06) (47100.9 99110.2 -9.36264e+06) (-68945.8 -39413.8 -9.43666e+06) (42011.7 -148004 -9.55272e+06) (37726 72804 -9.28042e+06) (-45591.5 201088 -9.23121e+06) (-27800.2 25445.9 -9.00719e+06) (60257.2 -65727.3 -9.64217e+06)
4650          (-52289.6 4603.7 -9.97451e+06) (-52289.6 4603.7 -9.97451e+06) (-191684 -54214 -9.71348e+06) (59141.5 19244.4 -9.63023e+06) (47100.9 99110.2 -9.36264e+06) (-68945.8 -39413.8 -9.43666e+06) (42011.7 -148004 -9.55272e+06) (37726 72804 -9.28042e+06) (-45591.5 201088 -9.23121e+06) (-27800.2 25445.9 -9.00719e+06) (60257.2 -65727.3 -9.64217e+06)
4700          (-52289.6 4603.7 -9.97451e+06) (-52289.6 4603.7 -9.97451e+06) (-191684 -54214 -9.71348e+06) (59141.5 19244.4 -9.63023e+06) (47100.9 99110.2 -9.36264e+06) (-68945.8 -39413.8 -9.43666e+06) (42011.7 -148004 -9.55272e+06) (37726 72804 -9.28042e+06) (-45591.5 201088 -9.23121e+06) (-27800.2 25445.9 -9.00719e+06) (60257.2 -65727.3 -9.64217e+06)
4750          (-52289.6 4603.7 -9.97451e+06) (-52289.6 4603.7 -9.97451e+06) (-191684 -54214 -9.71348e+06) (59141.5 19244.4 -9.63023e+06) (47100.9 99110.2 -9.36264e+06) (-68945.8 -39413.8 -9.43666e+06) (42011.7 -148004 -9.55272e+06) (37726 72804 -9.28042e+06) (-45591.5 201088 -9.23121e+06) (-27800.2 25445.9 -9.00719e+06) (60257.2 -65727.3 -9.64217e+06)
4800          (-52289.6 4603.7 -9.97451e+06) (-52289.6 4603.7 -9.97451e+06) (-191684 -54214 -9.71348e+06) (59141.5 19244.4 -9.63023e+06) (47100.9 99110.2 -9.36264e+06) (-68945.8 -39413.8 -9.43666e+06) (42011.7 -148004 -9.55272e+06) (37726 72804 -9.28042e+06) (-45591.5 201088 -9.23121e+06) (-27800.2 25445.9 -9.00719e+06) (60257.2 -65727.3 -9.64217e+06)
4850          (-52289.6 4603.7 -9.97451e+06) (-52289.6 4603.7 -9.97451e+06) (-191684 -54214 -9.71348e+06) (59141.5 19244.4 -9.63023e+06) (47100.9 99110.2 -9.36264e+06) (-68945.8 -39413.8 -9.43666e+06) (42011.7 -148004 -9.55272e+06) (37726 72804 -9.28042e+06) (-45591.5 201088 -9.23121e+06) (-27800.2 25445.9 -9.00719e+06) (60257.2 -65727.3 -9.64217e+06)
4900          (-52289.6 4603.7 -9.97451e+06) (-52289.6 4603.7 -9.97451e+06) (-191684 -54214 -9.71348e+06) (59141.5 19244.4 -9.63023e+06) (47100.9 99110.2 -9.36264e+06) (-68945.8 -39413.8 -9.43666e+06) (42011.7 -148004 -9.55272e+06) (37726 72804 -9.28042e+06) (-45591.5 201088 -9.23121e+06) (-27800.2 25445.9 -9.00719e+06) (60257.2 -65727.3 -9.64217e+06)
4950          (-52289.6 4603.7 -9.97451e+06) (-52289.6 4603.7 -9.97451e+06) (-191684 -54214 -9.71348e+06) (59141.5 19244.4 -9.63023e+06) (47100.9 99110.2 -9.36264e+06) (-68945.8 -39413.8 -9.43666e+06) (42011.7 -148004 -9.55272e+06) (37726 72804 -9.28042e+06) (-45591.5 201088 -9.23121e+06) (-27800.2 25445.9 -9.00719e+06) (60257.2 -65727.3 -9.64217e+06)
5000          (-52289.6 4603.7 -9.97451e+06) (-52289.6 4603.7 -9.97451e+06) (-191684 -54214 -9.71348e+06) (59141.5 19244.4 -9.63023e+06) (47100.9 99110.2 -9.36264e+06) (-68945.8 -39413.8 -9.43666e+06) (42011.7 -148004 -9.55272e+06) (37726 72804 -9.28042e+06) (-45591.5 201088 -9.23121e+06) (-27800.2 25445.9 -9.00719e+06) (60257.2 -65727.3 -9.64217e+06)
