# Probe 0 (0.0015 0.0015 0)
# Probe 1 (0.0015 0.0015 0.002)
# Probe 2 (0.0015 0.0015 0.004)
# Probe 3 (0.0015 0.0015 0.006)
# Probe 4 (0.0015 0.0015 0.008)
# Probe 5 (0.0015 0.0015 0.01)
# Probe 6 (0.0015 0.0015 0.012)
# Probe 7 (0.0015 0.0015 0.014)
# Probe 8 (0.0015 0.0015 0.016)
# Probe 9 (0.0015 0.0015 0.018)
# Probe 10 (0.0015 0.0015 0.02)
# Time        0             1             2             3             4             5             6             7             8             9             10           
50            (979.173 37.7985 26259.7) (979.173 37.7985 26259.7) (123.974 -1.68423 14300.2) (0.264719 -222.356 4070.74) (45.197 -7.23586 2297.91) (13.07 4.99225 486.658) (12.176 -0.428506 224.082) (3.04921 -4.58281 -8.80328) (3.81349 3.401 -143.372) (-12.0917 25.2371 -459.213) (124.266 33.755 -1428.51)
100           (528.523 -6.84953 22576.1) (528.523 -6.84953 22576.1) (150.708 -94.141 18785.7) (-16.4528 -328 7084.24) (84.5211 -15.2059 4423.88) (26.3259 9.97875 987.717) (23.9498 -0.0861851 487.005) (5.2379 -7.84621 30.6014) (4.81476 3.5463 -146.576) (-11.5043 24.0335 -493.159) (108.589 24.939 -1395.59)
150           (322.885 -20.4504 19170.6) (322.885 -20.4504 19170.6) (242.19 -64.977 19890.9) (-17.349 -348.233 9611.39) (130.964 -30.0658 7182.36) (46.7239 17.38 1752.71) (42.2134 0.911118 912.441) (8.66182 -13.0422 102.73) (6.33352 3.44196 -135.539) (-10.9298 22.7423 -525.109) (92.5095 15.8568 -1357.33)
200           (248.58 -21.5464 16778.8) (248.58 -21.5464 16778.8) (226.408 1.9464 19136.6) (-36.5701 -284.151 10848.3) (136.376 -63.1791 9846.29) (73.3964 26.009 2757.89) (67.3351 3.35177 1531.95) (13.6196 -20.6518 219.017) (8.48788 2.95785 -102.497) (-10.3687 21.3281 -548.286) (78.252 8.29981 -1314.16)
250           (210.616 -20.9364 15109.5) (210.616 -20.9364 15109.5) (197.038 22.0764 17875.9) (-55.1667 -220.12 11124.4) (77.2487 -103.998 11792.4) (103.738 32.626 3893.2) (98.3935 8.6851 2369.89) (20.465 -31.2735 395.098) (11.4633 1.91864 -37.2327) (-9.86112 19.8549 -556.789) (66.6697 3.0838 -1265.6)
300           (186.717 -19.9873 13859.6) (186.717 -19.9873 13859.6) (179.283 27.5717 16685.3) (-57.6714 -185.84 10902.3) (11.0974 -126.753 12879.5) (130.921 31.9866 4961.3) (130.877 19.0669 3410.85) (29.419 -45.3418 648.813) (15.4721 0.110943 72.9207) (-9.43555 18.4321 -544.946) (57.7276 0.0555995 -1210.2)
350           (169.793 -19.0645 12876.4) (169.793 -19.0645 12876.4) (166.696 29.4368 15665.7) (-56.1676 -166.236 10499.1) (-24.7559 -131.058 13290.4) (144.111 24.193 5790.34) (155.399 35.995 4565.64) (40.2575 -62.6818 993.787) (20.7033 -2.70525 241.872) (-9.12291 17.2325 -506.529) (51.1539 -1.24733 -1145.49)
400           (156.817 -18.203 12076.6) (156.817 -18.203 12076.6) (156.609 30.0617 14798.8) (-54.4443 -151.767 10068.6) (-40.5152 -128.958 13278.8) (139.843 17.4097 6326.4) (161.548 57.0579 5688.44) (51.8342 -82.0501 1430.2) (27.1384 -6.75118 482.289) (-8.91207 16.3938 -434.637) (46.5987 -1.26789 -1067.97)
450           (146.448 -17.4212 11409.4) (146.448 -17.4212 11409.4) (148.168 30.0762 14054) (-52.8243 -140.418 9657.65) (-48.7392 -125.828 13050.3) (126.015 17.2044 6608.36) (147.808 75.5292 6647.06) (61.7567 -101.291 1935.91) (34.4614 -12.2118 802.658) (-8.79613 16.037 -321.459) (43.8017 -0.251309 -972.914)
500           (137.919 -16.712 10840) (137.919 -16.712 10840) (140.933 29.7484 13404.4) (-51.258 -131.313 9276.05) (-53.7352 -122.542 12730) (111.534 21.1812 6706.49) (123.186 86.6482 7373.76) (66.6126 -117.835 2466.68) (41.942 -19.1846 1201.94) (-8.76362 16.2207 -159.01) (42.5732 1.71791 -854.301)
550           (130.725 -16.0652 10344.5) (130.725 -16.0652 10344.5) (134.611 29.2299 12829.1) (-49.7186 -123.81 8923.63) (-56.6814 -119.225 12376.9) (100.045 24.8987 6688.31) (98.0154 91.5075 7863.4) (63.7149 -130.071 2970.6) (48.495 -27.6432 1664.33) (-8.77839 16.9044 59.1961) (42.7448 4.64379 -705.069)
600           (124.522 -15.4708 9905.7) (124.522 -15.4708 9905.7) (128.992 28.6061 12312.6) (-48.2103 -117.466 8597.46) (-58.2096 -115.937 12016.1) (91.5647 26.8626 6604.45) (77.7633 93.3375 8147.47) (53.7208 -137.986 3405.28) (52.9864 -37.3229 2158.44) (-8.74933 17.9385 335.682) (44.0882 8.53978 -517.756)
650           (119.071 -14.9203 9511.33) (119.071 -14.9203 9511.33) (123.926 27.9277 11843.2) (-46.7441 -111.975 8294.26) (-58.7962 -112.699 11659.1) (85.1926 27.5279 6485.53) (63.2244 93.967 8272.39) (40.9654 -141.854 3747.7) (54.6167 -47.4881 2644.86) (-8.5127 19.0928 666.202) (46.2143 13.3498 -285.8)
700           (114.2 -14.4071 9152.38) (114.2 -14.4071 9152.38) (119.303 27.2236 11412) (-45.3261 -107.131 8010.92) (-58.7619 -109.518 11310.8) (80.176 27.5272 6347.7) (53.0126 93.9286 8286.24) (29.987 -141.785 3995.29) (53.2665 -56.9873 3088.79) (-7.84324 20.0891 1037.73) (48.4782 18.8739 -5.65232)
750           (109.788 -13.9258 8822.16) (109.788 -13.9258 8822.16) (115.04 26.5118 11012.5) (-43.9592 -102.785 7744.81) (-58.3261 -106.411 10973.4) (76.0199 27.2158 6200.35) (45.5175 93.4036 8230.58) (22.3832 -138.668 4161.12) (49.7336 -64.9159 3469.56) (-6.51965 20.6266 1429.49) (49.9755 24.7335 320.873)
800           (105.742 -13.4731 8515.83) (105.742 -13.4731 8515.83) (111.079 25.8076 10639.9) (-42.6495 -98.8256 7494.25) (-57.6584 -103.407 10649) (72.416 26.7622 6050.38) (39.5954 92.5547 8137.02) (17.3475 -134.05 4266.28) (45.3983 -71.1676 3782.49) (-4.45908 20.4509 1818.34) (49.7216 30.4319 685.346)
850           (101.997 -13.0475 8230.21) (101.997 -13.0475 8230.21) (107.381 25.1268 10291.3) (-41.4064 -95.1731 7258.57) (-56.8945 -100.541 10340.4) (69.1855 26.2523 5903.37) (34.5823 91.5406 8027.33) (13.6512 -129.195 4332.11) (41.361 -76.1749 4034.73) (-1.81527 19.4675 2185.5) (46.9861 35.503 1073.68)
900           (98.5062 -12.6494 7963.5) (98.5062 -12.6494 7963.5) (103.927 24.484 9965.6) (-40.2405 -91.774 7037.94) (-56.1349 -97.8496 10050.3) (66.2348 25.7352 5763.61) (30.1365 90.4921 7915.53) (10.5677 -124.721 4375.4) (38.0077 -80.3705 4238.94) (1.09485 17.7954 2520.34) (41.5985 39.6628 1469.09)
950           (95.275 -12.2709 7715.1) (95.275 -12.2709 7715.1) (100.696 23.8873 9662.48) (-39.1911 -88.6599 6832.9) (-55.3928 -95.3183 9781.09) (63.522 25.2419 5633.97) (26.1966 89.5175 7809.89) (7.82919 -120.864 4407.27) (35.329 -83.9846 4408.21) (3.95524 15.75 2819.7) (34.0654 42.9206 1855.61)
1000          (92.2309 -11.9319 7484.74) (92.2309 -11.9319 7484.74) (97.7196 23.3515 9382.2) (-38.202 -85.6929 6644.03) (-54.8144 -93.0533 9534.65) (61.0268 24.7843 5516.37) (22.4742 88.6397 7715.34) (5.33262 -117.497 4434.42) (33.0246 -87.1768 4553.03) (6.61392 13.4816 3084.84) (25.1438 45.3122 2220.6)
1050          (89.4033 -11.6234 7272.7) (89.4033 -11.6234 7272.7) (94.9851 22.8766 9125.19) (-37.3093 -82.9361 6471.78) (-54.3584 -91.0184 9311.84) (58.7443 24.3732 5411.58) (19.0459 87.9025 7633.91) (3.06727 -114.637 4460.29) (31.053 -90.0136 4680.58) (8.99136 11.245 3318.86) (15.8159 47.1077 2555.75)
1100          (86.7955 -11.3456 7079.2) (86.7955 -11.3456 7079.2) (92.4953 22.4629 8891.69) (-36.5131 -80.3934 6316.29) (-54.0232 -89.2134 9112.8) (56.672 24.0114 5319.64) (15.8996 87.3101 7565.94) (1.02293 -112.228 4486.36) (29.3572 -92.5538 4795.04) (11.0824 9.15751 3524.99) (6.82431 48.5099 2856.81)
1150          (84.4186 -11.1296 6904.31) (84.4186 -11.1296 6904.31) (90.2493 22.1036 8681.57) (-35.7857 -78.1248 6177.36) (-53.7686 -87.6569 8936.97) (54.819 23.6831 5239.94) (13.1343 86.7968 7510.57) (-0.732736 -110.33 4512.87) (27.9703 -94.8588 4898.5) (12.8678 7.35172 3706.11) (-1.31533 49.7032 3122.73)
1200          (82.2625 -10.9078 6747.73) (82.2625 -10.9078 6747.73) (88.2442 21.8024 8494.39) (-35.1745 -76.0178 6054.39) (-53.6327 -86.2786 8783.08) (53.1559 23.4169 5171.73) (10.5347 86.4601 7466.5) (-2.36803 -108.653 4539.44) (26.7244 -96.9007 4991.96) (14.4469 5.69291 3864.52) (-8.52984 50.6863 3354.49)
1250          (80.3263 -10.7136 6608.75) (80.3263 -10.7136 6608.75) (86.4694 21.5498 8329.08) (-34.6464 -74.1278 5946.55) (-53.5715 -85.0928 8649.69) (51.6873 23.1924 5113.89) (8.21074 86.2214 7432.09) (-3.81032 -107.273 4565.46) (25.6694 -98.7198 5075.84) (15.8022 4.26192 4002.36) (-14.7266 51.5462 3554.47)
1300          (78.5587 -10.5171 6486.57) (78.5587 -10.5171 6486.57) (84.9251 21.3473 8184.33) (-34.2012 -72.3384 5852.74) (-53.6532 -84.0881 8534.89) (50.3818 23.0155 5065.06) (5.97885 86.1045 7405.4) (-5.15939 -105.995 4590.3) (24.6794 -100.314 5150.45) (16.9937 2.94296 4121.66) (-20.075 52.2297 3725.79)
1350          (77.0507 -10.3753 6379.93) (77.0507 -10.3753 6379.93) (83.5679 21.172 8058.58) (-33.8132 -70.8786 5771.7) (-53.669 -83.225 8436.7) (49.2687 22.8564 5024.17) (4.20195 85.9898 7385.03) (-6.2394 -105.097 4613.47) (23.9497 -101.727 5216.26) (17.9698 1.92949 4224.31) (-24.4643 52.9091 3871.62)
1400          (75.7338 -10.2541 6287.55) (75.7338 -10.2541 6287.55) (82.3945 21.0274 7950.04) (-33.4835 -69.6056 5702.12) (-53.7092 -82.4949 8353.16) (48.3094 22.724 4990.01) (2.65924 85.9165 7369.51) (-7.16812 -104.368 4634.65) (23.3408 -102.956 5273.76) (18.7947 1.08019 4312.18) (-28.1319 53.5041 3995.23)
1450          (74.5924 -10.1509 6208.03) (74.5924 -10.1509 6208.03) (81.3865 20.9083 7856.92) (-33.2046 -68.5037 5642.71) (-53.7631 -81.8793 8282.38) (47.4877 22.6138 4961.52) (1.3291 85.8723 7357.68) (-7.96249 -103.775 4653.67) (22.8334 -104.018 5323.62) (19.4899 0.370411 4387.07) (-31.1891 54.021 4099.64)
1500          (73.6096 -10.0633 6139.97) (73.6096 -10.0633 6139.97) (80.5249 20.8102 7777.43) (-32.9692 -67.5562 5592.19) (-53.8231 -81.3616 8222.6) (46.7873 22.5224 4937.79) (0.189343 85.8479 7348.65) (-8.63868 -103.293 4670.51) (22.4108 -104.93 5366.53) (20.0743 -0.221721 4450.63) (-33.7345 54.467 4187.6)
1550          (72.7682 -9.9894 6081.99) (72.7682 -9.9894 6081.99) (79.792 20.7295 7709.88) (-32.7712 -66.7458 5549.4) (-53.884 -80.9271 8172.26) (46.1928 22.4464 4918.04) (-0.78219 85.8365 7341.73) (-9.21191 -102.899 4685.24) (22.0592 -105.708 5403.26) (20.5646 -0.715203 4504.41) (-35.8527 54.8494 4261.54)
1600          (72.0857 -9.91261 6032.82) (72.0857 -9.91261 6032.82) (79.1556 20.6496 7652.64) (-32.6281 -66.1185 5513.26) (-53.9032 -80.5325 8129.96) (45.6897 22.3883 4901.6) (-1.51018 85.835 7336.37) (-9.67977 -102.625 4697.99) (21.8104 -106.353 5434.54) (20.9661 -1.08679 4549.79) (-37.5569 55.2082 4323.58)
1650          (71.4727 -9.86282 5991.23) (71.4727 -9.86282 5991.23) (78.6333 20.5972 7604.35) (-32.4851 -65.5248 5482.82) (-53.9619 -80.2321 8094.45) (45.266 22.3348 4887.93) (-2.22172 85.8359 7332.21) (-10.09 -102.355 4708.96) (21.5609 -106.915 5461.05) (21.3121 -1.43408 4587.97) (-39.0312 55.4808 4375.58)
1700          (70.9537 -9.82075 5956.14) (70.9537 -9.82075 5956.14) (78.1931 20.5535 7563.68) (-32.3653 -65.0222 5457.24) (-54.0163 -79.9816 8064.71) (44.9094 22.2907 4876.56) (-2.82283 85.8405 7328.96) (-10.4353 -102.131 4718.34) (21.3523 -107.39 5483.46) (21.6009 -1.72453 4620.04) (-40.2597 55.7104 4419.09)
1750          (70.5159 -9.78553 5926.62) (70.5159 -9.78553 5926.62) (77.823 20.5175 7529.5) (-32.2651 -64.5986 5435.78) (-54.0644 -79.7725 8039.83) (44.61 22.254 4867.11) (-3.32855 85.8465 7326.41) (-10.7251 -101.948 4726.31) (21.1787 -107.79 5502.34) (21.8421 -1.96653 4646.93) (-41.2822 55.9038 4455.48)
1800          (70.1475 -9.75606 5901.83) (70.1475 -9.75606 5901.83) (77.5124 20.4878 7500.83) (-32.1814 -64.2422 5417.79) (-54.1065 -79.5981 8019.04) (44.359 22.2235 4859.25) (-3.75317 85.8531 7324.39) (-10.9678 -101.796 4733.07) (21.0343 -108.127 5518.21) (22.0434 -2.16803 4669.44) (-42.1333 56.0665 4485.88)
1850          (69.838 -9.73144 5881.05) (69.838 -9.73144 5881.05) (77.2521 20.4632 7476.81) (-32.1114 -63.9431 5402.75) (-54.1429 -79.4526 8001.67) (44.1489 22.1982 4852.71) (-4.10912 85.8596 7322.78) (-11.171 -101.671 4738.77) (20.9141 -108.409 5531.54) (22.2114 -2.33579 4688.28) (-42.8415 56.2032 4511.26)
1900          (69.5786 -9.71088 5863.65) (69.5786 -9.71088 5863.65) (77.0343 20.4428 7456.71) (-32.053 -63.6924 5390.17) (-54.1742 -79.3313 7987.17) (43.9732 22.1771 4847.27) (-4.40709 85.8657 7321.49) (-11.3408 -101.567 4743.57) (20.8141 -108.645 5542.7) (22.3515 -2.47543 4704.02) (-43.431 56.3177 4532.43)
1950          (69.3635 -9.70378 5849.09) (69.3635 -9.70378 5849.09) (76.8521 20.4273 7439.91) (-31.9984 -63.4944 5379.66) (-54.1909 -79.2361 7975.08) (43.8299 22.1556 4842.74) (-4.63962 85.8618 7320.44) (-11.4672 -101.501 4747.61) (20.7431 -108.849 5552.04) (22.463 -2.57832 4717.17) (-43.9175 56.4229 4550.1)
2000          (69.1403 -9.68667 5836.92) (69.1403 -9.68667 5836.92) (76.7127 20.421 7425.89) (-31.9499 -63.2291 5370.9) (-54.2815 -79.1924 7964.99) (43.6951 22.1363 4838.94) (-4.99233 85.8838 7319.57) (-11.6306 -101.331 4751) (20.5994 -109.021 5559.82) (22.5873 -2.74051 4728.15) (-44.4264 56.4542 4564.85)
2050          (69.0254 -9.67486 5826.79) (69.0254 -9.67486 5826.79) (76.5751 20.4021 7414.19) (-31.9244 -63.1639 5363.58) (-54.2396 -79.0813 7956.59) (43.6041 22.1297 4835.84) (-5.03748 85.8755 7318.9) (-11.6928 -101.361 4753.81) (20.6079 -109.151 5566.36) (22.6444 -2.76425 4737.28) (-44.6709 56.5638 4577.08)
2100          (68.8813 -9.66452 5818.32) (68.8813 -9.66452 5818.32) (76.4728 20.3986 7404.43) (-31.8969 -63.0004 5357.49) (-54.2883 -79.0422 7949.6) (43.5109 22.1175 4833.22) (-5.25383 85.8917 7318.32) (-11.7935 -101.255 4756.19) (20.5279 -109.268 5571.79) (22.7266 -2.86097 4744.91) (-45.0034 56.5979 4587.32)
2150          (68.7931 -9.64695 5811.28) (68.7931 -9.64695 5811.28) (76.3797 20.3775 7396.28) (-31.8785 -62.9426 5352.42) (-54.27 -78.971 7943.78) (43.4477 22.1107 4831.07) (-5.30021 85.8852 7317.87) (-11.8556 -101.275 4758.15) (20.5133 -109.36 5576.34) (22.7674 -2.89134 4751.25) (-45.2019 56.665 4595.8)
2200          (68.7241 -9.64753 5805.41) (68.7241 -9.64753 5805.41) (76.2987 20.3912 7389.55) (-31.8566 -62.8076 5348.2) (-54.2877 -78.9478 7938.94) (43.3841 22.1089 4829.27) (-5.4379 85.8931 7317.48) (-11.9023 -101.174 4759.8) (20.4652 -109.442 5580.09) (22.8221 -2.94963 4756.52) (-45.4129 56.6912 4602.87)
2250          (68.6572 -9.64064 5800.54) (68.6572 -9.64064 5800.54) (76.2359 20.3846 7383.93) (-31.8413 -62.7415 5344.69) (-54.2888 -78.9107 7934.92) (43.337 22.1019 4827.77) (-5.5056 85.8947 7317.16) (-11.951 -101.162 4761.16) (20.4443 -109.507 5583.23) (22.859 -2.98309 4760.9) (-45.5685 56.7281 4608.74)
2300          (68.5865 -9.63957 5796.57) (68.5865 -9.63957 5796.57) (76.1907 20.3763 7379.34) (-31.8275 -62.6986 5341.83) (-54.2927 -78.8775 7931.63) (43.2971 22.0954 4826.54) (-5.56014 85.8945 7316.89) (-11.9929 -101.159 4762.26) (20.4268 -109.558 5585.78) (22.8895 -3.00909 4764.49) (-45.6985 56.76 4613.54)
2350          (68.4942 -9.6321 5793.25) (68.4942 -9.6321 5793.25) (76.1648 20.3609 7375.49) (-31.8124 -62.6664 5339.42) (-54.3382 -78.8566 7928.85) (43.2592 22.0884 4825.49) (-5.66505 85.896 7316.64) (-12.0389 -101.138 4763.19) (20.3925 -109.608 5587.91) (22.9208 -3.05177 4767.5) (-45.8291 56.7685 4617.6)
2400          (68.4509 -9.62373 5790.49) (68.4509 -9.62373 5790.49) (76.1315 20.3524 7372.28) (-31.8072 -62.6491 5337.41) (-54.3461 -78.8271 7926.55) (43.2318 22.0858 4824.64) (-5.70245 85.8959 7316.46) (-12.0652 -101.136 4763.96) (20.3821 -109.645 5589.69) (22.9393 -3.0687 4770) (-45.9147 56.7899 4620.95)
2450          (68.4627 -9.6223 5788.15) (68.4627 -9.6223 5788.15) (76.0833 20.3613 7369.64) (-31.8007 -62.5731 5335.77) (-54.3036 -78.8249 7924.67) (43.2136 22.0846 4823.95) (-5.7086 85.9005 7316.32) (-12.0765 -101.106 4764.61) (20.3781 -109.674 5591.18) (22.9566 -3.07983 4772.06) (-45.9807 56.8134 4623.72)
2500          (68.4231 -9.62313 5786.23) (68.4231 -9.62313 5786.23) (76.0642 20.3565 7367.4) (-31.7925 -62.5652 5334.37) (-54.3142 -78.8048 7923.06) (43.1938 22.0818 4823.35) (-5.73627 85.8965 7316.19) (-12.093 -101.112 4765.15) (20.3717 -109.701 5592.43) (22.9696 -3.08933 4773.81) (-46.0408 56.8296 4626.05)
2550          (68.3964 -9.62031 5784.62) (68.3964 -9.62031 5784.62) (76.0454 20.3533 7365.54) (-31.7889 -62.5433 5333.21) (-54.3141 -78.787 7921.73) (43.177 22.0821 4822.86) (-5.75598 85.8993 7316.08) (-12.1123 -101.103 4765.59) (20.3634 -109.718 5593.47) (22.9836 -3.10235 4775.26) (-46.086 56.8406 4628)
2600          (68.3652 -9.61948 5783.4) (68.3652 -9.61948 5783.4) (76.0353 20.3587 7364.1) (-31.7815 -62.5137 5332.3) (-54.3572 -78.7868 7920.68) (43.1583 22.079 4822.46) (-5.83153 85.9009 7315.98) (-12.1349 -101.076 4765.94) (20.3369 -109.74 5594.25) (22.9999 -3.1293 4776.39) (-46.1578 56.8319 4629.51)
2650          (68.3597 -9.61128 5782.25) (68.3597 -9.61128 5782.25) (76.0145 20.3422 7362.82) (-31.7825 -62.5141 5331.51) (-54.3192 -78.7737 7919.78) (43.1543 22.0778 4822.14) (-5.80099 85.9005 7315.93) (-12.1346 -101.087 4766.26) (20.3486 -109.754 5594.98) (23.0012 -3.12306 4777.38) (-46.1664 56.8558 4630.85)
2700          (68.3434 -9.61726 5781.36) (68.3434 -9.61726 5781.36) (76.0068 20.3586 7361.75) (-31.7759 -62.4871 5330.84) (-54.351 -78.7732 7919) (43.1392 22.0764 4821.83) (-5.85235 85.9006 7315.85) (-12.1508 -101.072 4766.51) (20.3313 -109.767 5595.57) (23.0135 -3.139 4778.22) (-46.2258 56.8501 4631.97)
2750          (68.3336 -9.60933 5780.59) (68.3336 -9.60933 5780.59) (75.9946 20.3394 7360.9) (-31.7774 -62.4943 5330.32) (-54.3248 -78.7598 7918.41) (43.1375 22.0756 4821.63) (-5.83004 85.901 7315.82) (-12.1506 -101.079 4766.72) (20.3398 -109.777 5596.04) (23.0144 -3.1357 4778.87) (-46.2184 56.8669 4632.85)
2800          (68.324 -9.60836 5779.94) (68.324 -9.60836 5779.94) (75.9866 20.3384 7360.15) (-31.7753 -62.4863 5329.85) (-54.3265 -78.7534 7917.87) (43.1309 22.0752 4821.42) (-5.83983 85.901 7315.77) (-12.157 -101.076 4766.9) (20.3368 -109.785 5596.46) (23.0193 -3.14052 4779.46) (-46.236 56.8714 4633.64)
2850          (68.316 -9.60791 5779.46) (68.316 -9.60791 5779.46) (75.9808 20.3374 7359.6) (-31.7734 -62.479 5329.5) (-54.3288 -78.7499 7917.47) (43.1257 22.0745 4821.27) (-5.84972 85.901 7315.74) (-12.162 -101.072 4767.04) (20.3332 -109.792 5596.77) (23.0238 -3.14508 4779.89) (-46.2508 56.8742 4634.22)
2900          (68.3095 -9.60724 5778.99) (68.3095 -9.60724 5778.99) (75.9749 20.3368 7359.05) (-31.7719 -62.473 5329.16) (-54.3297 -78.7452 7917.07) (43.1209 22.074 4821.13) (-5.8567 85.901 7315.71) (-12.1667 -101.071 4767.17) (20.3311 -109.798 5597.08) (23.0275 -3.14844 4780.32) (-46.2633 56.8777 4634.79)
2950          (68.305 -9.60697 5778.68) (68.305 -9.60697 5778.68) (75.971 20.3365 7358.68) (-31.7706 -62.4685 5328.93) (-54.3306 -78.7425 7916.81) (43.1176 22.0736 4821.03) (-5.86219 85.9008 7315.68) (-12.1699 -101.069 4767.25) (20.3292 -109.803 5597.28) (23.0302 -3.15103 4780.6) (-46.2723 56.8798 4635.18)
3000          (68.3005 -9.60645 5778.36) (68.3005 -9.60645 5778.36) (75.9672 20.336 7358.32) (-31.7694 -62.4638 5328.7) (-54.3316 -78.7391 7916.54) (43.1142 22.0734 4820.93) (-5.86768 85.9007 7315.65) (-12.1735 -101.067 4767.34) (20.3273 -109.807 5597.48) (23.033 -3.15392 4780.89) (-46.279 56.8818 4635.57)
3050          (68.298 -9.61263 5778.15) (68.298 -9.61263 5778.15) (75.9652 20.3561 7358.05) (-31.7659 -62.4433 5328.53) (-54.3485 -78.7531 7916.34) (43.1083 22.0732 4820.84) (-5.89744 85.9017 7315.62) (-12.18 -101.059 4767.4) (20.3174 -109.81 5597.63) (23.0361 -3.16011 4781.12) (-46.3462 56.8732 4635.86)
3100          (68.2956 -9.61232 5778) (68.2956 -9.61232 5778) (75.9633 20.3557 7357.87) (-31.7655 -62.4417 5328.41) (-54.3484 -78.752 7916.21) (43.1068 22.0731 4820.79) (-5.89941 85.9018 7315.61) (-12.1813 -101.059 4767.44) (20.3168 -109.812 5597.72) (23.037 -3.16108 4781.25) (-46.3525 56.8742 4636.05)
3150          (68.293 -9.61204 5777.84) (68.293 -9.61204 5777.84) (75.9615 20.3553 7357.7) (-31.7649 -62.4399 5328.3) (-54.3486 -78.7511 7916.08) (43.1052 22.0729 4820.74) (-5.90214 85.9017 7315.59) (-12.1829 -101.057 4767.48) (20.3158 -109.814 5597.82) (23.0382 -3.16238 4781.39) (-46.3601 56.8749 4636.24)
3200          (68.2906 -9.61177 5777.69) (68.2906 -9.61177 5777.69) (75.9596 20.3549 7357.52) (-31.7643 -62.4384 5328.19) (-54.3487 -78.7502 7915.95) (43.1036 22.0728 4820.69) (-5.90469 85.9015 7315.57) (-12.1843 -101.056 4767.52) (20.3149 -109.816 5597.91) (23.0393 -3.16364 4781.53) (-46.3685 56.8755 4636.43)
3250          (68.2906 -9.61177 5777.69) (68.2906 -9.61177 5777.69) (75.9596 20.3549 7357.52) (-31.7643 -62.4384 5328.19) (-54.3487 -78.7502 7915.95) (43.1036 22.0728 4820.69) (-5.90469 85.9015 7315.57) (-12.1843 -101.056 4767.52) (20.3149 -109.816 5597.91) (23.0393 -3.16364 4781.53) (-46.3685 56.8755 4636.43)
3300          (68.2884 -9.6115 5777.55) (68.2884 -9.6115 5777.55) (75.9577 20.3545 7357.35) (-31.7638 -62.4373 5328.08) (-54.3483 -78.749 7915.82) (43.1021 22.0726 4820.64) (-5.90656 85.901 7315.55) (-12.1856 -101.055 4767.55) (20.3142 -109.818 5598) (23.0403 -3.16471 4781.67) (-46.3772 56.876 4636.63)
3350          (68.2884 -9.6115 5777.55) (68.2884 -9.6115 5777.55) (75.9577 20.3545 7357.35) (-31.7638 -62.4373 5328.08) (-54.3483 -78.749 7915.82) (43.1021 22.0726 4820.64) (-5.90656 85.901 7315.55) (-12.1856 -101.055 4767.55) (20.3142 -109.818 5598) (23.0403 -3.16471 4781.67) (-46.3772 56.876 4636.63)
3400          (68.2884 -9.6115 5777.55) (68.2884 -9.6115 5777.55) (75.9577 20.3545 7357.35) (-31.7638 -62.4373 5328.08) (-54.3483 -78.749 7915.82) (43.1021 22.0726 4820.64) (-5.90656 85.901 7315.55) (-12.1856 -101.055 4767.55) (20.3142 -109.818 5598) (23.0403 -3.16471 4781.67) (-46.3772 56.876 4636.63)
3450          (68.2884 -9.6115 5777.55) (68.2884 -9.6115 5777.55) (75.9577 20.3545 7357.35) (-31.7638 -62.4373 5328.08) (-54.3483 -78.749 7915.82) (43.1021 22.0726 4820.64) (-5.90656 85.901 7315.55) (-12.1856 -101.055 4767.55) (20.3142 -109.818 5598) (23.0403 -3.16471 4781.67) (-46.3772 56.876 4636.63)
3500          (68.2884 -9.6115 5777.55) (68.2884 -9.6115 5777.55) (75.9577 20.3545 7357.35) (-31.7638 -62.4373 5328.08) (-54.3483 -78.749 7915.82) (43.1021 22.0726 4820.64) (-5.90656 85.901 7315.55) (-12.1856 -101.055 4767.55) (20.3142 -109.818 5598) (23.0403 -3.16471 4781.67) (-46.3772 56.876 4636.63)
3550          (68.2884 -9.6115 5777.55) (68.2884 -9.6115 5777.55) (75.9577 20.3545 7357.35) (-31.7638 -62.4373 5328.08) (-54.3483 -78.749 7915.82) (43.1021 22.0726 4820.64) (-5.90656 85.901 7315.55) (-12.1856 -101.055 4767.55) (20.3142 -109.818 5598) (23.0403 -3.16471 4781.67) (-46.3772 56.876 4636.63)
3600          (68.2884 -9.6115 5777.55) (68.2884 -9.6115 5777.55) (75.9577 20.3545 7357.35) (-31.7638 -62.4373 5328.08) (-54.3483 -78.749 7915.82) (43.1021 22.0726 4820.64) (-5.90656 85.901 7315.55) (-12.1856 -101.055 4767.55) (20.3142 -109.818 5598) (23.0403 -3.16471 4781.67) (-46.3772 56.876 4636.63)
3650          (68.2884 -9.6115 5777.55) (68.2884 -9.6115 5777.55) (75.9577 20.3545 7357.35) (-31.7638 -62.4373 5328.08) (-54.3483 -78.749 7915.82) (43.1021 22.0726 4820.64) (-5.90656 85.901 7315.55) (-12.1856 -101.055 4767.55) (20.3142 -109.818 5598) (23.0403 -3.16471 4781.67) (-46.3772 56.876 4636.63)
3700          (68.2884 -9.6115 5777.55) (68.2884 -9.6115 5777.55) (75.9577 20.3545 7357.35) (-31.7638 -62.4373 5328.08) (-54.3483 -78.749 7915.82) (43.1021 22.0726 4820.64) (-5.90656 85.901 7315.55) (-12.1856 -101.055 4767.55) (20.3142 -109.818 5598) (23.0403 -3.16471 4781.67) (-46.3772 56.876 4636.63)
3750          (68.2884 -9.6115 5777.55) (68.2884 -9.6115 5777.55) (75.9577 20.3545 7357.35) (-31.7638 -62.4373 5328.08) (-54.3483 -78.749 7915.82) (43.1021 22.0726 4820.64) (-5.90656 85.901 7315.55) (-12.1856 -101.055 4767.55) (20.3142 -109.818 5598) (23.0403 -3.16471 4781.67) (-46.3772 56.876 4636.63)
3800          (68.2884 -9.6115 5777.55) (68.2884 -9.6115 5777.55) (75.9577 20.3545 7357.35) (-31.7638 -62.4373 5328.08) (-54.3483 -78.749 7915.82) (43.1021 22.0726 4820.64) (-5.90656 85.901 7315.55) (-12.1856 -101.055 4767.55) (20.3142 -109.818 5598) (23.0403 -3.16471 4781.67) (-46.3772 56.876 4636.63)
3850          (68.2884 -9.6115 5777.55) (68.2884 -9.6115 5777.55) (75.9577 20.3545 7357.35) (-31.7638 -62.4373 5328.08) (-54.3483 -78.749 7915.82) (43.1021 22.0726 4820.64) (-5.90656 85.901 7315.55) (-12.1856 -101.055 4767.55) (20.3142 -109.818 5598) (23.0403 -3.16471 4781.67) (-46.3772 56.876 4636.63)
3900          (68.2884 -9.6115 5777.55) (68.2884 -9.6115 5777.55) (75.9577 20.3545 7357.35) (-31.7638 -62.4373 5328.08) (-54.3483 -78.749 7915.82) (43.1021 22.0726 4820.64) (-5.90656 85.901 7315.55) (-12.1856 -101.055 4767.55) (20.3142 -109.818 5598) (23.0403 -3.16471 4781.67) (-46.3772 56.876 4636.63)
3950          (68.2884 -9.6115 5777.55) (68.2884 -9.6115 5777.55) (75.9577 20.3545 7357.35) (-31.7638 -62.4373 5328.08) (-54.3483 -78.749 7915.82) (43.1021 22.0726 4820.64) (-5.90656 85.901 7315.55) (-12.1856 -101.055 4767.55) (20.3142 -109.818 5598) (23.0403 -3.16471 4781.67) (-46.3772 56.876 4636.63)
4000          (68.2884 -9.6115 5777.55) (68.2884 -9.6115 5777.55) (75.9577 20.3545 7357.35) (-31.7638 -62.4373 5328.08) (-54.3483 -78.749 7915.82) (43.1021 22.0726 4820.64) (-5.90656 85.901 7315.55) (-12.1856 -101.055 4767.55) (20.3142 -109.818 5598) (23.0403 -3.16471 4781.67) (-46.3772 56.876 4636.63)
4050          (68.2884 -9.6115 5777.55) (68.2884 -9.6115 5777.55) (75.9577 20.3545 7357.35) (-31.7638 -62.4373 5328.08) (-54.3483 -78.749 7915.82) (43.1021 22.0726 4820.64) (-5.90656 85.901 7315.55) (-12.1856 -101.055 4767.55) (20.3142 -109.818 5598) (23.0403 -3.16471 4781.67) (-46.3772 56.876 4636.63)
4100          (68.2884 -9.6115 5777.55) (68.2884 -9.6115 5777.55) (75.9577 20.3545 7357.35) (-31.7638 -62.4373 5328.08) (-54.3483 -78.749 7915.82) (43.1021 22.0726 4820.64) (-5.90656 85.901 7315.55) (-12.1856 -101.055 4767.55) (20.3142 -109.818 5598) (23.0403 -3.16471 4781.67) (-46.3772 56.876 4636.63)
4150          (68.2884 -9.6115 5777.55) (68.2884 -9.6115 5777.55) (75.9577 20.3545 7357.35) (-31.7638 -62.4373 5328.08) (-54.3483 -78.749 7915.82) (43.1021 22.0726 4820.64) (-5.90656 85.901 7315.55) (-12.1856 -101.055 4767.55) (20.3142 -109.818 5598) (23.0403 -3.16471 4781.67) (-46.3772 56.876 4636.63)
4200          (68.2884 -9.6115 5777.55) (68.2884 -9.6115 5777.55) (75.9577 20.3545 7357.35) (-31.7638 -62.4373 5328.08) (-54.3483 -78.749 7915.82) (43.1021 22.0726 4820.64) (-5.90656 85.901 7315.55) (-12.1856 -101.055 4767.55) (20.3142 -109.818 5598) (23.0403 -3.16471 4781.67) (-46.3772 56.876 4636.63)
4250          (68.2884 -9.6115 5777.55) (68.2884 -9.6115 5777.55) (75.9577 20.3545 7357.35) (-31.7638 -62.4373 5328.08) (-54.3483 -78.749 7915.82) (43.1021 22.0726 4820.64) (-5.90656 85.901 7315.55) (-12.1856 -101.055 4767.55) (20.3142 -109.818 5598) (23.0403 -3.16471 4781.67) (-46.3772 56.876 4636.63)
4300          (68.2884 -9.6115 5777.55) (68.2884 -9.6115 5777.55) (75.9577 20.3545 7357.35) (-31.7638 -62.4373 5328.08) (-54.3483 -78.749 7915.82) (43.1021 22.0726 4820.64) (-5.90656 85.901 7315.55) (-12.1856 -101.055 4767.55) (20.3142 -109.818 5598) (23.0403 -3.16471 4781.67) (-46.3772 56.876 4636.63)
4350          (68.2884 -9.6115 5777.55) (68.2884 -9.6115 5777.55) (75.9577 20.3545 7357.35) (-31.7638 -62.4373 5328.08) (-54.3483 -78.749 7915.82) (43.1021 22.0726 4820.64) (-5.90656 85.901 7315.55) (-12.1856 -101.055 4767.55) (20.3142 -109.818 5598) (23.0403 -3.16471 4781.67) (-46.3772 56.876 4636.63)
4400          (68.2884 -9.6115 5777.55) (68.2884 -9.6115 5777.55) (75.9577 20.3545 7357.35) (-31.7638 -62.4373 5328.08) (-54.3483 -78.749 7915.82) (43.1021 22.0726 4820.64) (-5.90656 85.901 7315.55) (-12.1856 -101.055 4767.55) (20.3142 -109.818 5598) (23.0403 -3.16471 4781.67) (-46.3772 56.876 4636.63)
4450          (68.2884 -9.6115 5777.55) (68.2884 -9.6115 5777.55) (75.9577 20.3545 7357.35) (-31.7638 -62.4373 5328.08) (-54.3483 -78.749 7915.82) (43.1021 22.0726 4820.64) (-5.90656 85.901 7315.55) (-12.1856 -101.055 4767.55) (20.3142 -109.818 5598) (23.0403 -3.16471 4781.67) (-46.3772 56.876 4636.63)
4500          (68.2884 -9.6115 5777.55) (68.2884 -9.6115 5777.55) (75.9577 20.3545 7357.35) (-31.7638 -62.4373 5328.08) (-54.3483 -78.749 7915.82) (43.1021 22.0726 4820.64) (-5.90656 85.901 7315.55) (-12.1856 -101.055 4767.55) (20.3142 -109.818 5598) (23.0403 -3.16471 4781.67) (-46.3772 56.876 4636.63)
4550          (68.2884 -9.6115 5777.55) (68.2884 -9.6115 5777.55) (75.9577 20.3545 7357.35) (-31.7638 -62.4373 5328.08) (-54.3483 -78.749 7915.82) (43.1021 22.0726 4820.64) (-5.90656 85.901 7315.55) (-12.1856 -101.055 4767.55) (20.3142 -109.818 5598) (23.0403 -3.16471 4781.67) (-46.3772 56.876 4636.63)
4600          (68.2884 -9.6115 5777.55) (68.2884 -9.6115 5777.55) (75.9577 20.3545 7357.35) (-31.7638 -62.4373 5328.08) (-54.3483 -78.749 7915.82) (43.1021 22.0726 4820.64) (-5.90656 85.901 7315.55) (-12.1856 -101.055 4767.55) (20.3142 -109.818 5598) (23.0403 -3.16471 4781.67) (-46.3772 56.876 4636.63)
4650          (68.2884 -9.6115 5777.55) (68.2884 -9.6115 5777.55) (75.9577 20.3545 7357.35) (-31.7638 -62.4373 5328.08) (-54.3483 -78.749 7915.82) (43.1021 22.0726 4820.64) (-5.90656 85.901 7315.55) (-12.1856 -101.055 4767.55) (20.3142 -109.818 5598) (23.0403 -3.16471 4781.67) (-46.3772 56.876 4636.63)
4700          (68.2884 -9.6115 5777.55) (68.2884 -9.6115 5777.55) (75.9577 20.3545 7357.35) (-31.7638 -62.4373 5328.08) (-54.3483 -78.749 7915.82) (43.1021 22.0726 4820.64) (-5.90656 85.901 7315.55) (-12.1856 -101.055 4767.55) (20.3142 -109.818 5598) (23.0403 -3.16471 4781.67) (-46.3772 56.876 4636.63)
4750          (68.2884 -9.6115 5777.55) (68.2884 -9.6115 5777.55) (75.9577 20.3545 7357.35) (-31.7638 -62.4373 5328.08) (-54.3483 -78.749 7915.82) (43.1021 22.0726 4820.64) (-5.90656 85.901 7315.55) (-12.1856 -101.055 4767.55) (20.3142 -109.818 5598) (23.0403 -3.16471 4781.67) (-46.3772 56.876 4636.63)
4800          (68.2884 -9.6115 5777.55) (68.2884 -9.6115 5777.55) (75.9577 20.3545 7357.35) (-31.7638 -62.4373 5328.08) (-54.3483 -78.749 7915.82) (43.1021 22.0726 4820.64) (-5.90656 85.901 7315.55) (-12.1856 -101.055 4767.55) (20.3142 -109.818 5598) (23.0403 -3.16471 4781.67) (-46.3772 56.876 4636.63)
4850          (68.2884 -9.6115 5777.55) (68.2884 -9.6115 5777.55) (75.9577 20.3545 7357.35) (-31.7638 -62.4373 5328.08) (-54.3483 -78.749 7915.82) (43.1021 22.0726 4820.64) (-5.90656 85.901 7315.55) (-12.1856 -101.055 4767.55) (20.3142 -109.818 5598) (23.0403 -3.16471 4781.67) (-46.3772 56.876 4636.63)
4900          (68.2884 -9.6115 5777.55) (68.2884 -9.6115 5777.55) (75.9577 20.3545 7357.35) (-31.7638 -62.4373 5328.08) (-54.3483 -78.749 7915.82) (43.1021 22.0726 4820.64) (-5.90656 85.901 7315.55) (-12.1856 -101.055 4767.55) (20.3142 -109.818 5598) (23.0403 -3.16471 4781.67) (-46.3772 56.876 4636.63)
4950          (68.2884 -9.6115 5777.55) (68.2884 -9.6115 5777.55) (75.9577 20.3545 7357.35) (-31.7638 -62.4373 5328.08) (-54.3483 -78.749 7915.82) (43.1021 22.0726 4820.64) (-5.90656 85.901 7315.55) (-12.1856 -101.055 4767.55) (20.3142 -109.818 5598) (23.0403 -3.16471 4781.67) (-46.3772 56.876 4636.63)
5000          (68.2884 -9.6115 5777.55) (68.2884 -9.6115 5777.55) (75.9577 20.3545 7357.35) (-31.7638 -62.4373 5328.08) (-54.3483 -78.749 7915.82) (43.1021 22.0726 4820.64) (-5.90656 85.901 7315.55) (-12.1856 -101.055 4767.55) (20.3142 -109.818 5598) (23.0403 -3.16471 4781.67) (-46.3772 56.876 4636.63)
