0 	-0.15746 	-0.15746 	657845 	0.000329719 	0.000329719 	-1377.52
0.0010101 	-0.07746 	-0.07746 	657873 	0.0001622 	0.0001622 	-1377.58
0.0020202 	-0.0563541 	-0.0563541 	657907 	0.000118005 	0.000118005 	-1377.65
0.0030303 	-0.0532427 	-0.0532427 	657946 	0.00011149 	0.00011149 	-1377.73
0.0040404 	-0.0550438 	-0.0550438 	657991 	0.000115261 	0.000115261 	-1377.83
0.00505051 	-0.0602434 	-0.0602434 	658042 	0.000126149 	0.000126149 	-1377.93
0.00606061 	-0.0656383 	-0.0656383 	658099 	0.000137446 	0.000137446 	-1378.05
0.00707071 	-0.0713209 	-0.0713209 	658161 	0.000149345 	0.000149345 	-1378.18
0.00808081 	-0.077839 	-0.077839 	658229 	0.000162994 	0.000162994 	-1378.32
0.00909091 	-0.0838715 	-0.0838715 	658303 	0.000175626 	0.000175626 	-1378.48
0.010101 	-0.0900592 	-0.0900592 	658383 	0.000188583 	0.000188583 	-1378.64
0.0111111 	-0.0965651 	-0.0965651 	658468 	0.000202206 	0.000202206 	-1378.82
0.0121212 	-0.102895 	-0.102895 	658559 	0.00021546 	0.00021546 	-1379.01
0.0131313 	-0.109298 	-0.109298 	658655 	0.000228869 	0.000228869 	-1379.21
0.0141414 	-0.11583 	-0.11583 	658757 	0.000242546 	0.000242546 	-1379.43
0.0151515 	-0.122334 	-0.122334 	658864 	0.000256167 	0.000256166 	-1379.65
0.0161616 	-0.128885 	-0.128885 	658977 	0.000269883 	0.000269883 	-1379.89
0.0171717 	-0.135493 	-0.135493 	659096 	0.000283721 	0.000283722 	-1380.14
0.0181818 	-0.142141 	-0.142141 	659220 	0.000297641 	0.000297641 	-1380.4
0.0191919 	-0.148855 	-0.148855 	659349 	0.000311701 	0.000311701 	-1380.67
0.020202 	-0.155618 	-0.155618 	659484 	0.000325862 	0.000325862 	-1380.95
0.0212121 	-0.162481 	-0.162481 	659625 	0.000340234 	0.000340234 	-1381.25
0.0222222 	-0.169539 	-0.169539 	659770 	0.000355012 	0.000355012 	-1381.55
0.0232323 	-0.176684 	-0.176684 	659922 	0.000369975 	0.000369975 	-1381.87
0.0242424 	-0.183996 	-0.183996 	660078 	0.000385286 	0.000385286 	-1382.2
0.0252525 	-0.189265 	-0.189265 	660240 	0.000396319 	0.000396319 	-1382.53
0.0262626 	-0.186648 	-0.186648 	660407 	0.000390838 	0.000390838 	-1382.88
0.0272727 	-0.183782 	-0.183782 	660580 	0.000384837 	0.000384837 	-1383.25
0.0282828 	-0.181871 	-0.181871 	660758 	0.000380835 	0.000380835 	-1383.62
0.0292929 	-0.180218 	-0.180218 	660941 	0.000377375 	0.000377375 	-1384
0.030303 	-0.177888 	-0.177888 	661130 	0.000372496 	0.000372496 	-1384.4
0.0313131 	-0.177335 	-0.177335 	661323 	0.000371338 	0.000371338 	-1384.8
0.0323232 	-0.176018 	-0.176018 	661522 	0.000368579 	0.000368579 	-1385.22
0.0333333 	-0.173909 	-0.173909 	661726 	0.000364164 	0.000364164 	-1385.65
0.0343434 	-0.177741 	-0.177741 	661936 	0.000372187 	0.000372187 	-1386.08
0.0353535 	-0.173425 	-0.173425 	662151 	0.00036315 	0.00036315 	-1386.53
0.0363636 	-0.166406 	-0.166406 	662370 	0.000348452 	0.000348452 	-1386.99
0.0373737 	-0.182724 	-0.182724 	662595 	0.000382622 	0.000382622 	-1387.47
0.0383838 	-0.169026 	-0.169026 	662825 	0.000353939 	0.000353939 	-1387.95
0.0393939 	-0.144728 	-0.144728 	663060 	0.000303059 	0.000303059 	-1388.44
0.040404 	-0.193129 	-0.193129 	663298 	0.000404409 	0.000404409 	-1388.94
0.0414141 	-0.155627 	-0.155627 	663543 	0.000325882 	0.000325882 	-1389.45
0.0424242 	-0.100764 	-0.100764 	663790 	0.000210999 	0.000210999 	-1389.97
0.0434343 	-0.216068 	-0.216068 	664039 	0.000452444 	0.000452444 	-1390.49
0.0444444 	-0.126892 	-0.126892 	664296 	0.000265709 	0.000265709 	-1391.03
0.0454545 	-0.0608989 	-0.0608989 	664553 	0.000127521 	0.000127521 	-1391.57
0.0464646 	-0.136983 	-0.136983 	664817 	0.00028684 	0.00028684 	-1392.12
0.0474747 	0.0399475 	0.0399475 	665082 	-8.36495e-05 	-8.36495e-05 	-1392.67
0.0484848 	0.0164357 	0.0164357 	665341 	-3.44162e-05 	-3.44162e-05 	-1393.21
0.0494949 	-0.352282 	-0.352282 	1.01342e+06 	0.000737674 	0.000737674 	-1254.82
0.0505051 	0.135922 	0.135922 	3.12515e+06 	-5.38851e-05 	-5.38851e-05 	-2106.21
0.0515152 	0.296729 	0.296729 	3.46311e+06 	-0.000117636 	-0.000117636 	-1372.92
0.0525253 	-0.0802959 	-0.0802959 	3.46395e+06 	3.18326e-05 	3.18326e-05 	-1373.25
0.0535354 	0.107685 	0.107685 	3.46478e+06 	-4.26907e-05 	-4.26907e-05 	-1373.58
0.0545455 	0.0685546 	0.0685546 	3.46562e+06 	-2.71779e-05 	-2.71779e-05 	-1373.91
0.0555556 	0.0616153 	0.0616153 	3.46646e+06 	-2.44269e-05 	-2.44268e-05 	-1374.25
0.0565657 	0.129802 	0.129802 	3.46732e+06 	-5.1459e-05 	-5.14589e-05 	-1374.59
0.0575758 	0.151686 	0.151686 	3.46819e+06 	-6.01345e-05 	-6.01345e-05 	-1374.93
0.0585859 	0.170277 	0.170277 	3.46907e+06 	-6.7505e-05 	-6.7505e-05 	-1375.28
0.059596 	0.192368 	0.192368 	3.46996e+06 	-7.62626e-05 	-7.62625e-05 	-1375.63
0.0606061 	0.205747 	0.205747 	3.47085e+06 	-8.15666e-05 	-8.15666e-05 	-1375.99
0.0616162 	0.215322 	0.215322 	3.47176e+06 	-8.53627e-05 	-8.53627e-05 	-1376.35
0.0626263 	0.222397 	0.222397 	3.47267e+06 	-8.81674e-05 	-8.81674e-05 	-1376.71
0.0636364 	0.22561 	0.22561 	3.47357e+06 	-8.94412e-05 	-8.94412e-05 	-1377.07
0.0646465 	0.225092 	0.225092 	3.47448e+06 	-8.92359e-05 	-8.92359e-05 	-1377.43
0.0656566 	0.220979 	0.220979 	3.47539e+06 	-8.76051e-05 	-8.76051e-05 	-1377.79
0.0666667 	0.213156 	0.213156 	3.47628e+06 	-8.45039e-05 	-8.45039e-05 	-1378.14
0.0676768 	0.201625 	0.201625 	3.47718e+06 	-7.99325e-05 	-7.99326e-05 	-1378.5
0.0686869 	0.186442 	0.186442 	3.47806e+06 	-7.39134e-05 	-7.39134e-05 	-1378.85
0.069697 	0.167664 	0.167664 	3.47893e+06 	-6.64688e-05 	-6.64688e-05 	-1379.19
0.0707071 	0.14536 	0.14536 	3.47979e+06 	-5.76265e-05 	-5.76266e-05 	-1379.53
0.0717172 	0.119615 	0.119615 	3.48063e+06 	-4.74204e-05 	-4.74204e-05 	-1379.87
0.0727273 	0.090523 	0.090523 	3.48146e+06 	-3.5887e-05 	-3.58871e-05 	-1380.19
0.0737374 	0.0581802 	0.0581802 	3.48227e+06 	-2.3065e-05 	-2.3065e-05 	-1380.51
0.0747475 	0.0226879 	0.022688 	3.48306e+06 	-8.99442e-06 	-8.99444e-06 	-1380.83
0.0757576 	-0.0145593 	-0.0145593 	3.48383e+06 	5.77189e-06 	5.77191e-06 	-1381.13
0.0767677 	-0.048582 	-0.0485822 	3.48457e+06 	1.92599e-05 	1.926e-05 	-1381.43
0.0777778 	-0.0790024 	-0.0790023 	3.4853e+06 	3.13198e-05 	3.13198e-05 	-1381.72
0.0787879 	-0.105851 	-0.105851 	3.486e+06 	4.19636e-05 	4.19636e-05 	-1381.99
0.079798 	-0.129166 	-0.129166 	3.48668e+06 	5.12068e-05 	5.12068e-05 	-1382.26
0.0808081 	-0.148996 	-0.148996 	3.48732e+06 	5.9068e-05 	5.9068e-05 	-1382.52
0.0818182 	-0.165393 	-0.165393 	3.48795e+06 	6.55685e-05 	6.55685e-05 	-1382.77
0.0828283 	-0.178418 	-0.178418 	3.48854e+06 	7.07321e-05 	7.07322e-05 	-1383
0.0838384 	-0.188136 	-0.188136 	3.48911e+06 	7.4585e-05 	7.4585e-05 	-1383.23
0.0848485 	-0.19462 	-0.19462 	3.48964e+06 	7.71555e-05 	7.71555e-05 	-1383.44
0.0858586 	-0.197945 	-0.197945 	3.49015e+06 	7.84737e-05 	7.84737e-05 	-1383.64
0.0868687 	-0.198192 	-0.198192 	3.49063e+06 	7.85716e-05 	7.85716e-05 	-1383.83
0.0878788 	-0.195446 	-0.195446 	3.49107e+06 	7.74829e-05 	7.74829e-05 	-1384
0.0888889 	-0.189795 	-0.189795 	3.49148e+06 	7.52425e-05 	7.52425e-05 	-1384.17
0.089899 	-0.181331 	-0.181331 	3.49186e+06 	7.18872e-05 	7.18872e-05 	-1384.32
0.0909091 	-0.170152 	-0.170152 	3.49221e+06 	6.74552e-05 	6.74553e-05 	-1384.46
0.0919192 	-0.156352 	-0.156352 	3.49253e+06 	6.19844e-05 	6.19844e-05 	-1384.58
0.0929293 	-0.140034 	-0.140034 	3.49281e+06 	5.55153e-05 	5.55153e-05 	-1384.69
0.0939394 	-0.121294 	-0.121294 	3.49306e+06 	4.80858e-05 	4.80858e-05 	-1384.79
0.0949495 	-0.10019 	-0.10019 	3.49327e+06 	3.97193e-05 	3.97193e-05 	-1384.88
0.0959596 	-0.0767509 	-0.0767508 	3.49345e+06 	3.04272e-05 	3.04272e-05 	-1384.95
0.0969697 	-0.0509013 	-0.0509013 	3.49359e+06 	2.01794e-05 	2.01794e-05 	-1385.01
0.0979798 	-0.0241363 	-0.0241363 	3.49371e+06 	9.56863e-06 	9.56863e-06 	-1385.05
0.0989899 	0.00300001 	0.00300003 	3.49378e+06 	-1.18933e-06 	-1.18933e-06 	-1385.08
0.1 	0.0137817 	0.0137817 	3.49383e+06 	-5.46363e-06 	-5.46363e-06 	-1385.1
