# Probe 0 (0.0015 0.0015 0)
# Probe 1 (0.0015 0.0015 0.002)
# Probe 2 (0.0015 0.0015 0.004)
# Probe 3 (0.0015 0.0015 0.006)
# Probe 4 (0.0015 0.0015 0.008)
# Probe 5 (0.0015 0.0015 0.01)
# Probe 6 (0.0015 0.0015 0.012)
# Probe 7 (0.0015 0.0015 0.014)
# Probe 8 (0.0015 0.0015 0.016)
# Probe 9 (0.0015 0.0015 0.018)
# Probe 10 (0.0015 0.0015 0.02)
# Time        0             1             2             3             4             5             6             7             8             9             10           
50            (7.94986e-05 0.000110437 -0.0738555) (7.94986e-05 0.000110437 -0.0738555) (7.94986e-05 0.000110437 -0.0738555) (0.000313649 0.000372518 -0.10073) (0.000313649 0.000372518 -0.10073) (6.20402e-06 -0.00014048 0.0507924) (6.20402e-06 -0.00014048 0.0507924) (-0.00030255 -0.000200328 0.0419426) (-0.00030255 -0.000200328 0.0419426) (-0.000153619 -8.27711e-06 0.0383909) (-0.000153619 -8.27711e-06 0.0383909)
100           (-3.35976e-05 -0.000155798 -0.103971) (-3.35976e-05 -0.000155798 -0.103971) (-3.35976e-05 -0.000155798 -0.103971) (-0.00011058 0.000185165 -0.0417303) (-0.00011058 0.000185165 -0.0417303) (-0.000417013 0.000352309 0.0158382) (-0.000417013 0.000352309 0.0158382) (-0.000382723 0.000254789 0.0931378) (-0.000382723 0.000254789 0.0931378) (-8.24005e-05 9.21959e-06 0.0516343) (-8.24005e-05 9.21959e-06 0.0516343)
150           (0.000102847 0.000168539 -0.0609442) (0.000102847 0.000168539 -0.0609442) (0.000102847 0.000168539 -0.0609442) (-8.32546e-05 5.34867e-05 -0.119452) (-8.32546e-05 5.34867e-05 -0.119452) (0.000630333 -0.00057612 0.0494966) (0.000630333 -0.00057612 0.0494966) (0.000529473 -0.000470244 0.0455444) (0.000529473 -0.000470244 0.0455444) (-8.61263e-05 9.13793e-05 0.057074) (-8.61263e-05 9.13793e-05 0.057074)
200           (0.000133346 -0.000419042 -0.0926686) (0.000133346 -0.000419042 -0.0926686) (0.000133346 -0.000419042 -0.0926686) (5.42121e-05 0.000654467 -0.0686581) (5.42121e-05 0.000654467 -0.0686581) (0.000202576 -0.000321035 -0.00829271) (0.000202576 -0.000321035 -0.00829271) (-0.000188774 -0.000250746 0.0579158) (-0.000188774 -0.000250746 0.0579158) (-0.000246722 -1.01856e-05 0.0317981) (-0.000246722 -1.01856e-05 0.0317981)
250           (-0.000257195 0.000764367 -0.1056) (-0.000257195 0.000764367 -0.1056) (-0.000257195 0.000764367 -0.1056) (-3.72975e-05 0.00164781 -0.0876637) (-3.72975e-05 0.00164781 -0.0876637) (-6.41286e-05 -0.000116635 0.0270483) (-6.41286e-05 -0.000116635 0.0270483) (-0.000128923 -0.000647545 0.0524787) (-0.000128923 -0.000647545 0.0524787) (5.49235e-05 -0.000331108 0.0584398) (5.49235e-05 -0.000331108 0.0584398)
300           (-0.000133616 0.00047731 -0.0857857) (-0.000133616 0.00047731 -0.0857857) (-0.000133616 0.00047731 -0.0857857) (2.55226e-05 0.0013427 -0.0936309) (2.55226e-05 0.0013427 -0.0936309) (0.00018191 -0.000382202 0.0311957) (0.00018191 -0.000382202 0.0311957) (-6.3711e-05 -0.000612595 0.0337428) (-6.3711e-05 -0.000612595 0.0337428) (-2.04539e-05 -0.000303185 0.0544043) (-2.04539e-05 -0.000303185 0.0544043)
350           (0.000213192 -0.000344656 -0.108138) (0.000213192 -0.000344656 -0.108138) (0.000213192 -0.000344656 -0.108138) (6.93122e-05 0.0007215 -0.0558527) (6.93122e-05 0.0007215 -0.0558527) (-7.10491e-05 -0.000201985 -0.00679367) (-7.10491e-05 -0.000201985 -0.00679367) (-0.000212683 -0.00035405 0.0662133) (-0.000212683 -0.00035405 0.0662133) (-3.91384e-05 -0.000477134 0.0373833) (-3.91384e-05 -0.000477134 0.0373833)
400           (-7.78771e-06 0.000296062 -0.0871255) (-7.78771e-06 0.000296062 -0.0871255) (-7.78771e-06 0.000296062 -0.0871255) (0.000265453 0.000599442 -0.0825038) (0.000265453 0.000599442 -0.0825038) (0.000169478 -0.000149479 0.0253494) (0.000169478 -0.000149479 0.0253494) (-0.000195649 -0.000308009 0.0663026) (-0.000195649 -0.000308009 0.0663026) (-1.5601e-05 -8.62432e-05 0.0669656) (-1.5601e-05 -8.62432e-05 0.0669656)
450           (4.99767e-05 6.53148e-05 -0.0707732) (4.99767e-05 6.53148e-05 -0.0707732) (4.99767e-05 6.53148e-05 -0.0707732) (0.000215398 0.000566866 -0.116168) (0.000215398 0.000566866 -0.116168) (0.000254311 -0.000472504 0.0311285) (0.000254311 -0.000472504 0.0311285) (0.000339199 -0.000718087 0.0446061) (0.000339199 -0.000718087 0.0446061) (3.13015e-05 -6.59164e-05 0.0436089) (3.13015e-05 -6.59164e-05 0.0436089)
500           (-0.000117298 0.000342135 -0.0697381) (-0.000117298 0.000342135 -0.0697381) (-0.000117298 0.000342135 -0.0697381) (0.000135486 0.000281284 -0.0983918) (0.000135486 0.000281284 -0.0983918) (3.43685e-05 -0.000102866 0.0395304) (3.43685e-05 -0.000102866 0.0395304) (9.94757e-05 -0.000288766 0.0331569) (9.94757e-05 -0.000288766 0.0331569) (-6.26148e-06 0.000145394 0.0293541) (-6.26148e-06 0.000145394 0.0293541)
550           (0.000228187 3.9898e-05 -0.059766) (0.000228187 3.9898e-05 -0.059766) (0.000228187 3.9898e-05 -0.059766) (-0.000143598 0.0001533 -0.0978451) (-0.000143598 0.0001533 -0.0978451) (0.000331224 -0.000227553 0.0455792) (0.000331224 -0.000227553 0.0455792) (0.000411122 -0.000395115 0.0431732) (0.000411122 -0.000395115 0.0431732) (-2.61729e-05 6.28984e-05 0.0439316) (-2.61729e-05 6.28984e-05 0.0439316)
600           (-5.93341e-05 -0.000337972 -0.0807789) (-5.93341e-05 -0.000337972 -0.0807789) (-5.93341e-05 -0.000337972 -0.0807789) (-0.000128303 1.603e-05 -0.0775703) (-0.000128303 1.603e-05 -0.0775703) (-0.00046435 0.000351628 0.00979264) (-0.00046435 0.000351628 0.00979264) (-0.000376453 0.000529934 0.0713883) (-0.000376453 0.000529934 0.0713883) (-4.35801e-05 0.000151458 0.025518) (-4.35801e-05 0.000151458 0.025518)
650           (-4.83343e-05 -3.09241e-05 -0.0625981) (-4.83343e-05 -3.09241e-05 -0.0625981) (-4.83343e-05 -3.09241e-05 -0.0625981) (7.42137e-05 2.1023e-05 -0.060399) (7.42137e-05 2.1023e-05 -0.060399) (-2.39749e-06 1.09818e-05 0.00856428) (-2.39749e-06 1.09818e-05 0.00856428) (-6.8851e-05 -4.295e-05 0.0452826) (-6.8851e-05 -4.295e-05 0.0452826) (-9.20304e-05 -4.59905e-05 0.0345137) (-9.20304e-05 -4.59905e-05 0.0345137)
700           (-0.000270127 0.000625354 -0.10927) (-0.000270127 0.000625354 -0.10927) (-0.000270127 0.000625354 -0.10927) (4.00571e-05 0.000893379 -0.0635549) (4.00571e-05 0.000893379 -0.0635549) (-0.000268818 0.000240056 -0.0101983) (-0.000268818 0.000240056 -0.0101983) (-0.000186851 -0.000453493 0.0779317) (-0.000186851 -0.000453493 0.0779317) (0.000104732 -0.000291118 0.0326697) (0.000104732 -0.000291118 0.0326697)
750           (0.000265776 -0.000377546 -0.105744) (0.000265776 -0.000377546 -0.105744) (0.000265776 -0.000377546 -0.105744) (0.000160258 0.000740406 -0.0763415) (0.000160258 0.000740406 -0.0763415) (0.000941353 -0.00111132 -0.0116762) (0.000941353 -0.00111132 -0.0116762) (6.72126e-05 -0.000669901 0.0709651) (6.72126e-05 -0.000669901 0.0709651) (-9.49569e-05 -0.000257921 0.040081) (-9.49569e-05 -0.000257921 0.040081)
800           (-0.000290948 0.000655158 -0.10087) (-0.000290948 0.000655158 -0.10087) (-0.000290948 0.000655158 -0.10087) (7.87458e-06 0.000728888 -0.0518819) (7.87458e-06 0.000728888 -0.0518819) (-0.000252992 0.000114844 0.000953319) (-0.000252992 0.000114844 0.000953319) (-0.00014792 -0.00026466 0.069369) (-0.00014792 -0.00026466 0.069369) (0.000104948 -0.000109883 0.0192998) (0.000104948 -0.000109883 0.0192998)
850           (4.10635e-05 0.00031012 -0.0940428) (4.10635e-05 0.00031012 -0.0940428) (4.10635e-05 0.00031012 -0.0940428) (0.000104103 0.000423471 -0.0484489) (0.000104103 0.000423471 -0.0484489) (5.19926e-05 -0.000145013 0.013429) (5.19926e-05 -0.000145013 0.013429) (-0.000240628 -0.00025815 0.0484931) (-0.000240628 -0.00025815 0.0484931) (-0.000110343 -8.23799e-05 0.0460589) (-0.000110343 -8.23799e-05 0.0460589)
900           (0.0001076 -0.000372097 -0.0822232) (0.0001076 -0.000372097 -0.0822232) (0.0001076 -0.000372097 -0.0822232) (6.63166e-05 0.000684831 -0.0732908) (6.63166e-05 0.000684831 -0.0732908) (0.000374683 -0.000387993 -0.00349596) (0.000374683 -0.000387993 -0.00349596) (-9.07057e-05 -0.000105506 0.0500274) (-9.07057e-05 -0.000105506 0.0500274) (-6.29645e-06 1.40344e-05 0.0391878) (-6.29645e-06 1.40344e-05 0.0391878)
950           (-5.55193e-05 1.99723e-05 -0.132916) (-5.55193e-05 1.99723e-05 -0.132916) (-5.55193e-05 1.99723e-05 -0.132916) (6.8147e-05 0.000136405 -0.0362175) (6.8147e-05 0.000136405 -0.0362175) (-1.06461e-05 0.000100611 0.00687698) (-1.06461e-05 0.000100611 0.00687698) (7.2529e-05 0.000214509 0.0815107) (7.2529e-05 0.000214509 0.0815107) (-2.03355e-05 0.000193164 0.0412011) (-2.03355e-05 0.000193164 0.0412011)
1000          (-7.38556e-05 -6.83867e-05 -0.0934933) (-7.38556e-05 -6.83867e-05 -0.0934933) (-7.38556e-05 -6.83867e-05 -0.0934933) (0.000136756 7.63539e-05 -0.0587375) (0.000136756 7.63539e-05 -0.0587375) (5.92847e-05 7.15222e-05 -0.0163772) (5.92847e-05 7.15222e-05 -0.0163772) (-1.64938e-05 -1.96003e-05 0.104937) (-1.64938e-05 -1.96003e-05 0.104937) (-7.62347e-06 -0.000193197 0.0392642) (-7.62347e-06 -0.000193197 0.0392642)
1050          (5.719e-06 -0.000174693 -0.108034) (5.719e-06 -0.000174693 -0.108034) (5.719e-06 -0.000174693 -0.108034) (-0.000105112 0.000217688 -0.0284024) (-0.000105112 0.000217688 -0.0284024) (-0.00014352 7.65265e-05 -0.00982129) (-0.00014352 7.65265e-05 -0.00982129) (-0.000397926 0.000261684 0.0868603) (-0.000397926 0.000261684 0.0868603) (-6.91736e-05 -2.29645e-05 0.0498499) (-6.91736e-05 -2.29645e-05 0.0498499)
1100          (-6.89783e-05 -5.68779e-05 -0.0538682) (-6.89783e-05 -5.68779e-05 -0.0538682) (-6.89783e-05 -5.68779e-05 -0.0538682) (-2.54641e-05 7.04672e-05 -0.0816927) (-2.54641e-05 7.04672e-05 -0.0816927) (-0.000356701 0.000207859 0.0530653) (-0.000356701 0.000207859 0.0530653) (-0.000345747 0.000100014 0.0516171) (-0.000345747 0.000100014 0.0516171) (-0.000138485 -0.000104124 0.0508133) (-0.000138485 -0.000104124 0.0508133)
1150          (-0.000192112 -3.98817e-05 -0.116517) (-0.000192112 -3.98817e-05 -0.116517) (-0.000192112 -3.98817e-05 -0.116517) (4.79599e-05 0.000219746 -0.0559828) (4.79599e-05 0.000219746 -0.0559828) (0.000320183 -2.714e-05 0.0339485) (0.000320183 -2.714e-05 0.0339485) (0.000101424 -8.94504e-05 0.0873173) (0.000101424 -8.94504e-05 0.0873173) (-5.08407e-05 -9.49405e-06 0.0575585) (-5.08407e-05 -9.49405e-06 0.0575585)
1200          (0.000261854 1.4084e-06 -0.074864) (0.000261854 1.4084e-06 -0.074864) (0.000261854 1.4084e-06 -0.074864) (8.62258e-07 -2.74207e-05 -0.0971961) (8.62258e-07 -2.74207e-05 -0.0971961) (0.000696871 -0.000552866 0.0472872) (0.000696871 -0.000552866 0.0472872) (0.000330876 -0.000116493 0.063515) (0.000330876 -0.000116493 0.063515) (9.8693e-05 -5.75509e-05 0.0568951) (9.8693e-05 -5.75509e-05 0.0568951)
1250          (-1.38703e-05 -0.000142237 -0.0925271) (-1.38703e-05 -0.000142237 -0.0925271) (-1.38703e-05 -0.000142237 -0.0925271) (0.000105712 0.000100328 -0.0480615) (0.000105712 0.000100328 -0.0480615) (-0.000247806 0.000136577 0.0144415) (-0.000247806 0.000136577 0.0144415) (-0.000397783 0.000187636 0.080323) (-0.000397783 0.000187636 0.080323) (-5.64911e-05 -8.53359e-05 0.0506839) (-5.64911e-05 -8.53359e-05 0.0506839)
1300          (-3.15638e-05 -0.000158443 -0.0948919) (-3.15638e-05 -0.000158443 -0.0948919) (-3.15638e-05 -0.000158443 -0.0948919) (-2.19478e-05 0.00010215 -0.03887) (-2.19478e-05 0.00010215 -0.03887) (-0.000306292 0.000191971 0.00256463) (-0.000306292 0.000191971 0.00256463) (-0.000226775 5.2904e-05 0.0831376) (-0.000226775 5.2904e-05 0.0831376) (-5.78551e-05 -0.000181258 0.0449588) (-5.78551e-05 -0.000181258 0.0449588)
1350          (6.40123e-05 0.000217201 -0.0688998) (6.40123e-05 0.000217201 -0.0688998) (6.40123e-05 0.000217201 -0.0688998) (6.7098e-05 -0.000139403 -0.104372) (6.7098e-05 -0.000139403 -0.104372) (0.000597516 -0.000562042 0.0570386) (0.000597516 -0.000562042 0.0570386) (0.000208087 -0.000245826 0.0472747) (0.000208087 -0.000245826 0.0472747) (-8.80977e-05 3.3241e-05 0.0218126) (-8.80977e-05 3.3241e-05 0.0218126)
1400          (-0.000198442 0.000434024 -0.0899896) (-0.000198442 0.000434024 -0.0899896) (-0.000198442 0.000434024 -0.0899896) (-2.11358e-05 0.000608018 -0.0628583) (-2.11358e-05 0.000608018 -0.0628583) (-0.000226506 0.000187774 -0.00262338) (-0.000226506 0.000187774 -0.00262338) (-0.000126273 -0.000252069 0.0661231) (-0.000126273 -0.000252069 0.0661231) (7.34474e-05 -0.000102995 0.0197628) (7.34474e-05 -0.000102995 0.0197628)
1450          (-5.20606e-05 -6.4299e-06 -0.0635521) (-5.20606e-05 -6.4299e-06 -0.0635521) (-5.20606e-05 -6.4299e-06 -0.0635521) (0.00020974 0.000270542 -0.143194) (0.00020974 0.000270542 -0.143194) (0.000111612 -0.000389856 0.0448881) (0.000111612 -0.000389856 0.0448881) (0.000524222 -0.000861981 0.0253109) (0.000524222 -0.000861981 0.0253109) (0.000290234 -0.000385316 0.059258) (0.000290234 -0.000385316 0.059258)
1500          (-8.22508e-05 0.000417251 -0.0746352) (-8.22508e-05 0.000417251 -0.0746352) (-8.22508e-05 0.000417251 -0.0746352) (0.000137159 0.000420339 -0.115329) (0.000137159 0.000420339 -0.115329) (0.000158326 -0.000393111 0.0429457) (0.000158326 -0.000393111 0.0429457) (0.000166401 -0.000668743 0.034545) (0.000166401 -0.000668743 0.034545) (-1.06361e-05 -0.000132692 0.0377918) (-1.06361e-05 -0.000132692 0.0377918)
1550          (0.00033638 -0.000466916 -0.109247) (0.00033638 -0.000466916 -0.109247) (0.00033638 -0.000466916 -0.109247) (3.92725e-05 0.00106599 -0.0707679) (3.92725e-05 0.00106599 -0.0707679) (-0.000214606 -1.06286e-05 -3.59291e-05) (-0.000214606 -1.06286e-05 -3.59291e-05) (0.000247303 -0.000540634 0.0770838) (0.000247303 -0.000540634 0.0770838) (-7.04112e-05 -0.000240639 0.0411385) (-7.04112e-05 -0.000240639 0.0411385)
1600          (-0.000173616 0.000441319 -0.0818321) (-0.000173616 0.000441319 -0.0818321) (-0.000173616 0.000441319 -0.0818321) (0.000134904 0.000398538 -0.09765) (0.000134904 0.000398538 -0.09765) (0.000152674 -0.000482712 0.0421211) (0.000152674 -0.000482712 0.0421211) (3.64108e-05 -0.000401806 0.0397144) (3.64108e-05 -0.000401806 0.0397144) (3.00616e-05 4.21323e-05 0.0221373) (3.00616e-05 4.21323e-05 0.0221373)
1650          (0.000167711 -0.000257646 -0.0941402) (0.000167711 -0.000257646 -0.0941402) (0.000167711 -0.000257646 -0.0941402) (8.35833e-05 0.000565146 -0.0484507) (8.35833e-05 0.000565146 -0.0484507) (0.000331304 -0.000331308 -0.0105951) (0.000331304 -0.000331308 -0.0105951) (5.78677e-05 -0.000287508 0.0773136) (5.78677e-05 -0.000287508 0.0773136) (-0.00016154 4.5274e-05 0.0268862) (-0.00016154 4.5274e-05 0.0268862)
1700          (-0.000329983 0.000636735 -0.0909801) (-0.000329983 0.000636735 -0.0909801) (-0.000329983 0.000636735 -0.0909801) (-3.76203e-05 0.000690269 -0.0511329) (-3.76203e-05 0.000690269 -0.0511329) (-0.000302227 3.5478e-05 0.00655528) (-0.000302227 3.5478e-05 0.00655528) (-0.000156528 -0.000235797 0.0656353) (-0.000156528 -0.000235797 0.0656353) (0.000100771 -0.000124961 0.0142243) (0.000100771 -0.000124961 0.0142243)
1750          (-9.25509e-05 0.000539132 -0.0983898) (-9.25509e-05 0.000539132 -0.0983898) (-9.25509e-05 0.000539132 -0.0983898) (6.15782e-05 0.0014792 -0.0966348) (6.15782e-05 0.0014792 -0.0966348) (0.000208924 -0.000483954 0.0414358) (0.000208924 -0.000483954 0.0414358) (-0.000263034 -0.000810885 0.0251785) (-0.000263034 -0.000810885 0.0251785) (-0.000231366 -0.000330335 0.0590741) (-0.000231366 -0.000330335 0.0590741)
1800          (0.000253677 -0.000293166 -0.0997812) (0.000253677 -0.000293166 -0.0997812) (0.000253677 -0.000293166 -0.0997812) (0.000108535 0.000714057 -0.060013) (0.000108535 0.000714057 -0.060013) (0.000532967 -0.000416374 -0.0140243) (0.000532967 -0.000416374 -0.0140243) (0.000301198 -0.000799229 0.094932) (0.000301198 -0.000799229 0.094932) (-5.84946e-05 -0.000101803 0.0351038) (-5.84946e-05 -0.000101803 0.0351038)
1850          (0.000229355 -0.000331134 -0.0983018) (0.000229355 -0.000331134 -0.0983018) (0.000229355 -0.000331134 -0.0983018) (0.000130338 0.000666754 -0.0649169) (0.000130338 0.000666754 -0.0649169) (0.000530843 -0.00061179 -0.00954969) (0.000530843 -0.00061179 -0.00954969) (0.000172967 -0.000562848 0.0725579) (0.000172967 -0.000562848 0.0725579) (-5.80367e-05 -0.000124256 0.0323002) (-5.80367e-05 -0.000124256 0.0323002)
1900          (0.000259765 -0.000531721 -0.106429) (0.000259765 -0.000531721 -0.106429) (0.000259765 -0.000531721 -0.106429) (0.000169798 0.000982203 -0.0777057) (0.000169798 0.000982203 -0.0777057) (0.00103498 -0.00114903 -0.00719741) (0.00103498 -0.00114903 -0.00719741) (0.000189609 -0.000631399 0.0622057) (0.000189609 -0.000631399 0.0622057) (-5.87911e-05 -0.00011883 0.035275) (-5.87911e-05 -0.00011883 0.035275)
1950          (4.03351e-05 0.000356556 -0.105041) (4.03351e-05 0.000356556 -0.105041) (4.03351e-05 0.000356556 -0.105041) (0.000253064 0.000695683 -0.0575054) (0.000253064 0.000695683 -0.0575054) (9.45498e-05 -0.000222562 0.0227878) (9.45498e-05 -0.000222562 0.0227878) (-0.000238968 -0.000422703 0.0621756) (-0.000238968 -0.000422703 0.0621756) (-5.39421e-05 -0.000183053 0.0553019) (-5.39421e-05 -0.000183053 0.0553019)
2000          (0.000260603 -0.000377797 -0.114641) (0.000260603 -0.000377797 -0.114641) (0.000260603 -0.000377797 -0.114641) (-9.10681e-05 0.000868455 -0.0508491) (-9.10681e-05 0.000868455 -0.0508491) (-0.000210751 7.68653e-05 -0.0122396) (-0.000210751 7.68653e-05 -0.0122396) (-0.000151006 -0.000319166 0.0695785) (-0.000151006 -0.000319166 0.0695785) (1.39177e-05 -0.000420112 0.0362619) (1.39177e-05 -0.000420112 0.0362619)
2050          (6.79529e-05 0.000521822 -0.0844494) (6.79529e-05 0.000521822 -0.0844494) (6.79529e-05 0.000521822 -0.0844494) (0.000213836 0.000552632 -0.113273) (0.000213836 0.000552632 -0.113273) (0.000171081 -0.000436006 0.0583785) (0.000171081 -0.000436006 0.0583785) (-0.000180691 -0.000465506 0.044241) (-0.000180691 -0.000465506 0.044241) (-2.61156e-05 0.00010186 0.0588008) (-2.61156e-05 0.00010186 0.0588008)
2100          (7.05101e-05 0.000490954 -0.0765602) (7.05101e-05 0.000490954 -0.0765602) (7.05101e-05 0.000490954 -0.0765602) (0.000151338 0.000605393 -0.0911578) (0.000151338 0.000605393 -0.0911578) (9.56224e-05 -0.000292328 0.0361858) (9.56224e-05 -0.000292328 0.0361858) (-0.000200258 -0.000548891 0.043357) (-0.000200258 -0.000548891 0.043357) (-3.26399e-05 2.59963e-05 0.051152) (-3.26399e-05 2.59963e-05 0.051152)
2150          (-0.000385489 0.000825221 -0.102431) (-0.000385489 0.000825221 -0.102431) (-0.000385489 0.000825221 -0.102431) (-7.50102e-05 0.00125382 -0.0652672) (-7.50102e-05 0.00125382 -0.0652672) (-0.000581346 0.000339622 0.00570657) (-0.000581346 0.000339622 0.00570657) (-0.000135911 -0.000396274 0.0603925) (-0.000135911 -0.000396274 0.0603925) (0.000114653 -0.000242936 0.0355071) (0.000114653 -0.000242936 0.0355071)
2200          (-0.000291514 0.000980396 -0.0866966) (-0.000291514 0.000980396 -0.0866966) (-0.000291514 0.000980396 -0.0866966) (-0.000255002 0.00117591 -0.0882901) (-0.000255002 0.00117591 -0.0882901) (-0.000338274 0.000344333 0.040778) (-0.000338274 0.000344333 0.040778) (-0.000122309 -0.000404895 0.0425171) (-0.000122309 -0.000404895 0.0425171) (9.89977e-05 -0.000158696 0.0511237) (9.89977e-05 -0.000158696 0.0511237)
2250          (0.000123623 -0.000392499 -0.0761273) (0.000123623 -0.000392499 -0.0761273) (0.000123623 -0.000392499 -0.0761273) (8.73438e-05 0.000537172 -0.0717741) (8.73438e-05 0.000537172 -0.0717741) (0.000365184 -0.000551995 -9.13527e-05) (0.000365184 -0.000551995 -9.13527e-05) (-0.000164101 -0.000316994 0.0463316) (-0.000164101 -0.000316994 0.0463316) (-0.000164081 -0.000123556 0.0336193) (-0.000164081 -0.000123556 0.0336193)
2300          (2.47581e-05 0.00019349 -0.0888184) (2.47581e-05 0.00019349 -0.0888184) (2.47581e-05 0.00019349 -0.0888184) (8.865e-05 0.000701333 -0.0592473) (8.865e-05 0.000701333 -0.0592473) (0.000299316 -0.000373913 -0.00704418) (0.000299316 -0.000373913 -0.00704418) (-0.000129042 -0.000526986 0.053845) (-0.000129042 -0.000526986 0.053845) (-0.000136339 -0.000429888 0.031943) (-0.000136339 -0.000429888 0.031943)
2350          (0.000295736 -0.00046369 -0.123707) (0.000295736 -0.00046369 -0.123707) (0.000295736 -0.00046369 -0.123707) (-8.89067e-05 0.00102562 -0.056749) (-8.89067e-05 0.00102562 -0.056749) (0.000370354 -0.000355091 -0.0420958) (0.000370354 -0.000355091 -0.0420958) (-0.000198853 -0.000201788 0.104164) (-0.000198853 -0.000201788 0.104164) (0.000467855 -0.000945541 0.0296218) (0.000467855 -0.000945541 0.0296218)
2400          (6.93912e-06 0.000316313 -0.0835406) (6.93912e-06 0.000316313 -0.0835406) (6.93912e-06 0.000316313 -0.0835406) (0.000129021 0.000324607 -0.0647501) (0.000129021 0.000324607 -0.0647501) (0.000127598 -0.000353585 0.0207462) (0.000127598 -0.000353585 0.0207462) (4.11172e-05 -0.000487071 0.05587) (4.11172e-05 -0.000487071 0.05587) (-5.16212e-05 -0.000102636 0.029009) (-5.16212e-05 -0.000102636 0.029009)
2450          (-8.73648e-05 0.000118676 -0.0598327) (-8.73648e-05 0.000118676 -0.0598327) (-8.73648e-05 0.000118676 -0.0598327) (0.000171277 0.000384549 -0.117004) (0.000171277 0.000384549 -0.117004) (-8.85514e-05 -0.000125715 0.0408919) (-8.85514e-05 -0.000125715 0.0408919) (0.000177969 -0.000615771 0.049745) (0.000177969 -0.000615771 0.049745) (0.000148314 -0.00014512 0.0397977) (0.000148314 -0.00014512 0.0397977)
2500          (2.17643e-05 0.00018028 -0.104672) (2.17643e-05 0.00018028 -0.104672) (2.17643e-05 0.00018028 -0.104672) (0.000312642 0.000617776 -0.0641804) (0.000312642 0.000617776 -0.0641804) (0.000159732 -4.81985e-05 0.00241592) (0.000159732 -4.81985e-05 0.00241592) (-0.000344469 -0.000451803 0.0807703) (-0.000344469 -0.000451803 0.0807703) (-0.000285011 -0.000168724 0.0457941) (-0.000285011 -0.000168724 0.0457941)
2550          (-2.8014e-05 -0.000124059 -0.115434) (-2.8014e-05 -0.000124059 -0.115434) (-2.8014e-05 -0.000124059 -0.115434) (-4.67572e-06 0.000131982 -0.0382537) (-4.67572e-06 0.000131982 -0.0382537) (-0.000320486 0.000278843 0.0104719) (-0.000320486 0.000278843 0.0104719) (-0.00032534 0.00020714 0.0982829) (-0.00032534 0.00020714 0.0982829) (-1.36431e-05 -0.00010218 0.0577635) (-1.36431e-05 -0.00010218 0.0577635)
2600          (-1.81862e-05 -0.000196945 -0.113729) (-1.81862e-05 -0.000196945 -0.113729) (-1.81862e-05 -0.000196945 -0.113729) (-0.000170769 0.000189233 -0.0474557) (-0.000170769 0.000189233 -0.0474557) (-0.00029546 0.000249357 0.0172668) (-0.00029546 0.000249357 0.0172668) (-0.000133779 0.000286373 0.062557) (-0.000133779 0.000286373 0.062557) (-4.44637e-05 0.000115628 0.042526) (-4.44637e-05 0.000115628 0.042526)
2650          (4.34386e-05 -0.000468145 -0.107731) (4.34386e-05 -0.000468145 -0.107731) (4.34386e-05 -0.000468145 -0.107731) (-0.000206192 0.000178468 -0.0509062) (-0.000206192 0.000178468 -0.0509062) (-0.000572329 0.000355633 -0.0239056) (-0.000572329 0.000355633 -0.0239056) (-0.000867981 0.000754674 0.10905) (-0.000867981 0.000754674 0.10905) (-0.000162935 3.45308e-06 0.0598355) (-0.000162935 3.45308e-06 0.0598355)
2700          (-0.000216758 -0.000220526 -0.0630645) (-0.000216758 -0.000220526 -0.0630645) (-0.000216758 -0.000220526 -0.0630645) (-3.20908e-05 -9.53563e-06 -0.0946638) (-3.20908e-05 -9.53563e-06 -0.0946638) (-0.000520084 0.000231972 0.0194521) (-0.000520084 0.000231972 0.0194521) (-0.000570683 0.000602988 0.0538408) (-0.000570683 0.000602988 0.0538408) (-7.80468e-05 2.14087e-05 0.0491923) (-7.80468e-05 2.14087e-05 0.0491923)
2750          (-6.80266e-05 -8.25177e-05 -0.102109) (-6.80266e-05 -8.25177e-05 -0.102109) (-6.80266e-05 -8.25177e-05 -0.102109) (-0.000106118 5.44469e-05 -0.0444333) (-0.000106118 5.44469e-05 -0.0444333) (-0.000203015 7.53414e-05 0.0245439) (-0.000203015 7.53414e-05 0.0245439) (-0.000253905 0.000166359 0.068641) (-0.000253905 0.000166359 0.068641) (-2.77672e-06 -0.000101948 0.0659778) (-2.77672e-06 -0.000101948 0.0659778)
2800          (-0.000143251 0.000387272 -0.120205) (-0.000143251 0.000387272 -0.120205) (-0.000143251 0.000387272 -0.120205) (7.09188e-05 -0.000243484 -0.0348266) (7.09188e-05 -0.000243484 -0.0348266) (0.000686512 -0.000767263 0.0162771) (0.000686512 -0.000767263 0.0162771) (0.000422835 -0.00049903 0.111676) (0.000422835 -0.00049903 0.111676) (6.73545e-06 -0.000142094 0.0132172) (6.73545e-06 -0.000142094 0.0132172)
2850          (-0.000124364 -9.43374e-05 -0.0661621) (-0.000124364 -9.43374e-05 -0.0661621) (-0.000124364 -9.43374e-05 -0.0661621) (-1.00966e-06 8.66897e-05 -0.0920946) (-1.00966e-06 8.66897e-05 -0.0920946) (-0.000222677 9.05068e-05 0.017046) (-0.000222677 9.05068e-05 0.017046) (-0.000211902 0.000204198 0.0607597) (-0.000211902 0.000204198 0.0607597) (-8.89603e-05 0.000119926 0.040848) (-8.89603e-05 0.000119926 0.040848)
2900          (-5.83233e-05 -6.08715e-05 -0.0956296) (-5.83233e-05 -6.08715e-05 -0.0956296) (-5.83233e-05 -6.08715e-05 -0.0956296) (4.53478e-05 -5.10714e-06 -0.0640864) (4.53478e-05 -5.10714e-06 -0.0640864) (5.24055e-05 6.64092e-06 0.00494567) (5.24055e-05 6.64092e-06 0.00494567) (2.81834e-05 -9.85835e-06 0.0702432) (2.81834e-05 -9.85835e-06 0.0702432) (3.75076e-06 -6.25181e-05 0.0449735) (3.75076e-06 -6.25181e-05 0.0449735)
2950          (9.47321e-06 0.000271766 -0.136594) (9.47321e-06 0.000271766 -0.136594) (9.47321e-06 0.000271766 -0.136594) (2.29336e-06 5.93226e-06 -0.0325932) (2.29336e-06 5.93226e-06 -0.0325932) (0.000576498 -0.000606565 0.0439077) (0.000576498 -0.000606565 0.0439077) (0.000557684 -0.000473393 0.108225) (0.000557684 -0.000473393 0.108225) (4.05857e-05 0.000145818 0.0536843) (4.05857e-05 0.000145818 0.0536843)
3000          (-7.95301e-05 -8.61994e-05 -0.113216) (-7.95301e-05 -8.61994e-05 -0.113216) (-7.95301e-05 -8.61994e-05 -0.113216) (4.80715e-05 -2.10378e-05 -0.0602825) (4.80715e-05 -2.10378e-05 -0.0602825) (2.0825e-05 7.74135e-05 0.0116946) (2.0825e-05 7.74135e-05 0.0116946) (-1.14202e-05 4.55605e-05 0.0717738) (-1.14202e-05 4.55605e-05 0.0717738) (-2.9581e-05 -4.29905e-05 0.0560566) (-2.9581e-05 -4.29905e-05 0.0560566)
3050          (-0.00072633 -8.8222e-05 -0.0954199) (-0.00072633 -8.8222e-05 -0.0954199) (-0.00072633 -8.8222e-05 -0.0954199) (4.92261e-05 -0.00100456 -0.0668506) (4.92261e-05 -0.00100456 -0.0668506) (-0.000111742 2.15454e-05 0.00261715) (-0.000111742 2.15454e-05 0.00261715) (-0.000102 0.000566496 0.0578223) (-0.000102 0.000566496 0.0578223) (0.000140516 -1.57467e-05 0.0332305) (0.000140516 -1.57467e-05 0.0332305)
3100          (-0.000612266 -1.39239e-05 -0.0780468) (-0.000612266 -1.39239e-05 -0.0780468) (-0.000612266 -1.39239e-05 -0.0780468) (0.000206516 -0.000788453 -0.0637505) (0.000206516 -0.000788453 -0.0637505) (0.000462913 -0.000808909 -0.0178597) (0.000462913 -0.000808909 -0.0178597) (0.000515635 -2.37093e-05 0.067859) (0.000515635 -2.37093e-05 0.067859) (0.000111399 0.000170705 0.0467046) (0.000111399 0.000170705 0.0467046)
3150          (1.77903e-05 -0.000181836 -0.107528) (1.77903e-05 -0.000181836 -0.107528) (1.77903e-05 -0.000181836 -0.107528) (-0.000364533 -0.00053403 -0.0444251) (-0.000364533 -0.00053403 -0.0444251) (-0.000111559 -6.46393e-05 0.00357896) (-0.000111559 -6.46393e-05 0.00357896) (0.00035544 0.00018843 0.07261) (0.00035544 0.00018843 0.07261) (0.000248785 -2.53785e-05 0.0298143) (0.000248785 -2.53785e-05 0.0298143)
3200          (-0.000341813 -0.000280796 -0.0718934) (-0.000341813 -0.000280796 -0.0718934) (-0.000341813 -0.000280796 -0.0718934) (-3.3609e-05 -0.000389005 -0.0996913) (-3.3609e-05 -0.000389005 -0.0996913) (-0.000178431 -7.44474e-05 -0.00501641) (-0.000178431 -7.44474e-05 -0.00501641) (-0.000238605 0.000436624 0.0712052) (-0.000238605 0.000436624 0.0712052) (-6.4304e-05 -3.98154e-06 0.0727018) (-6.4304e-05 -3.98154e-06 0.0727018)
3250          (0.000398449 -0.000649913 -0.0576056) (0.000398449 -0.000649913 -0.0576056) (0.000398449 -0.000649913 -0.0576056) (-9.79428e-05 -0.000446481 -0.0820119) (-9.79428e-05 -0.000446481 -0.0820119) (4.48639e-05 -3.50759e-05 0.0428822) (4.48639e-05 -3.50759e-05 0.0428822) (0.000251842 0.000109121 0.0447656) (0.000251842 0.000109121 0.0447656) (-2.30863e-05 4.19018e-05 0.0319731) (-2.30863e-05 4.19018e-05 0.0319731)
3300          (4.48253e-05 -6.16803e-05 -0.0903982) (4.48253e-05 -6.16803e-05 -0.0903982) (4.48253e-05 -6.16803e-05 -0.0903982) (-0.000308273 -0.000646942 -0.069095) (-0.000308273 -0.000646942 -0.069095) (-0.000147041 -0.000185517 -0.00111431) (-0.000147041 -0.000185517 -0.00111431) (0.000100607 7.58925e-05 0.0568081) (0.000100607 7.58925e-05 0.0568081) (-1.41901e-05 -0.000155824 0.0447809) (-1.41901e-05 -0.000155824 0.0447809)
3350          (-4.78564e-06 -0.0002082 -0.104561) (-4.78564e-06 -0.0002082 -0.104561) (-4.78564e-06 -0.0002082 -0.104561) (-0.000380882 -0.000421999 -0.043378) (-0.000380882 -0.000421999 -0.043378) (-0.000127597 4.6128e-05 -0.00152012) (-0.000127597 4.6128e-05 -0.00152012) (0.000205506 0.000325407 0.0757578) (0.000205506 0.000325407 0.0757578) (0.000177984 0.000215621 0.0252621) (0.000177984 0.000215621 0.0252621)
3400          (-0.000159035 -0.000209297 -0.100718) (-0.000159035 -0.000209297 -0.100718) (-0.000159035 -0.000209297 -0.100718) (8.44799e-05 -0.000694579 -0.0298777) (8.44799e-05 -0.000694579 -0.0298777) (1.53106e-06 -0.000221342 -0.0334288) (1.53106e-06 -0.000221342 -0.0334288) (0.000184455 -0.000305262 0.0577037) (0.000184455 -0.000305262 0.0577037) (6.44049e-05 9.80814e-05 0.047291) (6.44049e-05 9.80814e-05 0.047291)
3450          (-0.000177733 -0.000238662 -0.0905002) (-0.000177733 -0.000238662 -0.0905002) (-0.000177733 -0.000238662 -0.0905002) (6.38746e-05 -0.000862271 -0.048398) (6.38746e-05 -0.000862271 -0.048398) (0.000129026 -0.000548403 -0.0228251) (0.000129026 -0.000548403 -0.0228251) (0.000176419 0.000301958 0.0548142) (0.000176419 0.000301958 0.0548142) (3.04491e-05 0.000342973 0.0462268) (3.04491e-05 0.000342973 0.0462268)
3500          (-6.98097e-05 -2.21228e-05 -0.0784927) (-6.98097e-05 -2.21228e-05 -0.0784927) (-6.98097e-05 -2.21228e-05 -0.0784927) (3.80909e-05 -8.98347e-05 -0.10701) (3.80909e-05 -8.98347e-05 -0.10701) (3.17773e-05 -0.000298657 0.00931505) (3.17773e-05 -0.000298657 0.00931505) (5.38554e-05 -2.16892e-05 -0.010896) (5.38554e-05 -2.16892e-05 -0.010896) (-3.39141e-05 -6.83451e-05 0.0391068) (-3.39141e-05 -6.83451e-05 0.0391068)
3550          (-0.000245334 -0.000193313 -0.0853653) (-0.000245334 -0.000193313 -0.0853653) (-0.000245334 -0.000193313 -0.0853653) (-7.5371e-05 -4.60843e-06 -0.0671586) (-7.5371e-05 -4.60843e-06 -0.0671586) (-0.000506892 0.000158692 -0.0399432) (-0.000506892 0.000158692 -0.0399432) (6.34654e-05 -7.92685e-05 0.0327653) (6.34654e-05 -7.92685e-05 0.0327653) (-4.42333e-05 -2.03252e-05 0.0310926) (-4.42333e-05 -2.03252e-05 0.0310926)
3600          (-7.86305e-05 -7.3506e-05 -0.0737672) (-7.86305e-05 -7.3506e-05 -0.0737672) (-7.86305e-05 -7.3506e-05 -0.0737672) (0.000182668 0.000265969 -0.135256) (0.000182668 0.000265969 -0.135256) (-3.47827e-05 7.35049e-05 0.0340699) (-3.47827e-05 7.35049e-05 0.0340699) (-7.2419e-05 -0.000182622 0.0111589) (-7.2419e-05 -0.000182622 0.0111589) (-7.16224e-05 -0.000107059 0.0501864) (-7.16224e-05 -0.000107059 0.0501864)
3650          (0.000225526 9.21745e-05 -0.0773626) (0.000225526 9.21745e-05 -0.0773626) (0.000225526 9.21745e-05 -0.0773626) (2.38059e-05 1.10246e-05 -0.105031) (2.38059e-05 1.10246e-05 -0.105031) (0.000767173 -0.000586881 -0.0342542) (0.000767173 -0.000586881 -0.0342542) (0.000153889 -0.00028369 0.0314217) (0.000153889 -0.00028369 0.0314217) (2.19277e-05 -4.51821e-05 0.0374434) (2.19277e-05 -4.51821e-05 0.0374434)
3700          (-3.38097e-05 -0.000108258 -0.0838764) (-3.38097e-05 -0.000108258 -0.0838764) (-3.38097e-05 -0.000108258 -0.0838764) (0.000138038 0.000193566 -0.0563053) (0.000138038 0.000193566 -0.0563053) (7.5253e-06 -8.49683e-05 -0.0207571) (7.5253e-06 -8.49683e-05 -0.0207571) (-8.84188e-05 -0.000176005 0.0400146) (-8.84188e-05 -0.000176005 0.0400146) (-0.000136597 -0.000143065 0.0314852) (-0.000136597 -0.000143065 0.0314852)
3750          (0.000188246 0.000117361 -0.113457) (0.000188246 0.000117361 -0.113457) (0.000188246 0.000117361 -0.113457) (0.000244596 -9.02702e-05 -0.0740656) (0.000244596 -9.02702e-05 -0.0740656) (0.00120885 -0.00103926 -0.0511574) (0.00120885 -0.00103926 -0.0511574) (-0.000168475 0.000129448 0.0305546) (-0.000168475 0.000129448 0.0305546) (-0.000219077 0.000124027 0.0397257) (-0.000219077 0.000124027 0.0397257)
3800          (-0.000260582 -0.000138898 -0.0791923) (-0.000260582 -0.000138898 -0.0791923) (-0.000260582 -0.000138898 -0.0791923) (-5.95593e-05 -4.20818e-05 -0.073565) (-5.95593e-05 -4.20818e-05 -0.073565) (-0.000291018 2.14332e-05 -0.0379844) (-0.000291018 2.14332e-05 -0.0379844) (0.000185331 -0.000285615 0.0348249) (0.000185331 -0.000285615 0.0348249) (-8.26531e-05 -8.3923e-05 0.036728) (-8.26531e-05 -8.3923e-05 0.036728)
3850          (-7.1596e-05 -6.20948e-05 -0.0713916) (-7.1596e-05 -6.20948e-05 -0.0713916) (-7.1596e-05 -6.20948e-05 -0.0713916) (0.00015716 0.000292957 -0.12277) (0.00015716 0.000292957 -0.12277) (-5.10014e-05 6.43572e-05 0.0194468) (-5.10014e-05 6.43572e-05 0.0194468) (-4.51322e-05 -0.000159429 0.0208481) (-4.51322e-05 -0.000159429 0.0208481) (-3.81503e-05 -0.00012885 0.0467898) (-3.81503e-05 -0.00012885 0.0467898)
3900          (-0.000130247 -0.000124153 -0.0868246) (-0.000130247 -0.000124153 -0.0868246) (-0.000130247 -0.000124153 -0.0868246) (0.000320878 0.000531304 -0.116041) (0.000320878 0.000531304 -0.116041) (-1.33664e-05 0.00012067 0.0131575) (-1.33664e-05 0.00012067 0.0131575) (-0.000228554 -9.88082e-05 0.00286834) (-0.000228554 -9.88082e-05 0.00286834) (-0.000150046 -0.000190656 0.0590349) (-0.000150046 -0.000190656 0.0590349)
3950          (4.50376e-05 0.000256934 -0.0738463) (4.50376e-05 0.000256934 -0.0738463) (4.50376e-05 0.000256934 -0.0738463) (0.000229502 -0.000123844 -0.105931) (0.000229502 -0.000123844 -0.105931) (0.000323386 -0.000206661 -0.00919521) (0.000323386 -0.000206661 -0.00919521) (-0.000216932 -1.94217e-05 0.0601421) (-0.000216932 -1.94217e-05 0.0601421) (-0.000126557 -2.55379e-05 0.0336739) (-0.000126557 -2.55379e-05 0.0336739)
4000          (-0.000431689 0.000511987 -0.108109) (-0.000431689 0.000511987 -0.108109) (-0.000431689 0.000511987 -0.108109) (-0.000113606 0.000568462 -0.064145) (-0.000113606 0.000568462 -0.064145) (1.72348e-05 0.000278331 -0.0357843) (1.72348e-05 0.000278331 -0.0357843) (0.000274801 -0.000532732 0.07139) (0.000274801 -0.000532732 0.07139) (0.000302826 -0.000240541 0.0114478) (0.000302826 -0.000240541 0.0114478)
4050          (-0.000297007 0.00085478 -0.0787619) (-0.000297007 0.00085478 -0.0787619) (-0.000297007 0.00085478 -0.0787619) (0.000191346 0.000466272 -0.127195) (0.000191346 0.000466272 -0.127195) (-1.20965e-05 0.000553977 0.01777) (-1.20965e-05 0.000553977 0.01777) (0.000100869 -0.000712564 0.0231572) (0.000100869 -0.000712564 0.0231572) (0.000217821 -0.000420107 0.0419443) (0.000217821 -0.000420107 0.0419443)
4100          (0.000382724 -0.000559484 -0.0600028) (0.000382724 -0.000559484 -0.0600028) (0.000382724 -0.000559484 -0.0600028) (-0.00027426 0.000642825 -0.106558) (-0.00027426 0.000642825 -0.106558) (9.13988e-05 0.000190865 0.000733566) (9.13988e-05 0.000190865 0.000733566) (0.000100199 -0.00046253 0.0139641) (0.000100199 -0.00046253 0.0139641) (0.000185308 -0.000443391 0.0397675) (0.000185308 -0.000443391 0.0397675)
4150          (-0.000220445 -0.000189066 -0.0934261) (-0.000220445 -0.000189066 -0.0934261) (-0.000220445 -0.000189066 -0.0934261) (-0.000117476 -7.50847e-05 -0.0790857) (-0.000117476 -7.50847e-05 -0.0790857) (-0.000541064 0.000187279 -0.0360046) (-0.000541064 0.000187279 -0.0360046) (0.000291087 -0.000372746 0.0396626) (0.000291087 -0.000372746 0.0396626) (-1.33607e-05 -5.0476e-05 0.0249785) (-1.33607e-05 -5.0476e-05 0.0249785)
4200          (6.74717e-05 -0.000319312 -0.0846442) (6.74717e-05 -0.000319312 -0.0846442) (6.74717e-05 -0.000319312 -0.0846442) (-0.000227355 0.00014888 -0.120415) (-0.000227355 0.00014888 -0.120415) (-0.0001926 0.000115898 0.00410624) (-0.0001926 0.000115898 0.00410624) (0.000109268 1.57813e-05 0.0200568) (0.000109268 1.57813e-05 0.0200568) (-0.00011344 0.000193913 0.0438415) (-0.00011344 0.000193913 0.0438415)
4250          (-0.000359485 0.000811955 -0.101327) (-0.000359485 0.000811955 -0.101327) (-0.000359485 0.000811955 -0.101327) (0.000248536 0.000647143 -0.0530051) (0.000248536 0.000647143 -0.0530051) (-5.73278e-05 0.000406446 -0.0298998) (-5.73278e-05 0.000406446 -0.0298998) (-0.00010247 -0.00029341 0.080079) (-0.00010247 -0.00029341 0.080079) (0.000185731 -0.000150983 0.0382104) (0.000185731 -0.000150983 0.0382104)
4300          (6.47522e-05 0.000343284 -0.100376) (6.47522e-05 0.000343284 -0.100376) (6.47522e-05 0.000343284 -0.100376) (0.000426621 0.000632207 -0.0557366) (0.000426621 0.000632207 -0.0557366) (0.00014136 -0.000178498 0.0270642) (0.00014136 -0.000178498 0.0270642) (-0.000342672 -0.000259253 0.0712766) (-0.000342672 -0.000259253 0.0712766) (-0.000148572 -8.10843e-05 0.049711) (-0.000148572 -8.10843e-05 0.049711)
4350          (0.00010088 0.000293023 -0.0938442) (0.00010088 0.000293023 -0.0938442) (0.00010088 0.000293023 -0.0938442) (0.00010067 0.000712363 -0.0413009) (0.00010067 0.000712363 -0.0413009) (0.000150092 -0.000439406 0.0103295) (0.000150092 -0.000439406 0.0103295) (-0.000115764 -0.000564975 0.0735371) (-0.000115764 -0.000564975 0.0735371) (-9.07522e-05 -0.000164337 0.0396519) (-9.07522e-05 -0.000164337 0.0396519)
4400          (-0.000149662 0.000235324 -0.0768067) (-0.000149662 0.000235324 -0.0768067) (-0.000149662 0.000235324 -0.0768067) (0.00015533 0.0001542 -0.094117) (0.00015533 0.0001542 -0.094117) (8.23841e-05 -0.000210271 0.0321759) (8.23841e-05 -0.000210271 0.0321759) (1.57452e-05 -0.000197164 0.0239149) (1.57452e-05 -0.000197164 0.0239149) (5.96503e-05 -4.41819e-05 0.033462) (5.96503e-05 -4.41819e-05 0.033462)
4450          (0.00017671 -0.000442586 -0.0846969) (0.00017671 -0.000442586 -0.0846969) (0.00017671 -0.000442586 -0.0846969) (8.29638e-05 0.000685187 -0.0784345) (8.29638e-05 0.000685187 -0.0784345) (0.000757558 -0.000912337 0.000589379) (0.000757558 -0.000912337 0.000589379) (-2.11393e-06 -0.000328024 0.0510265) (-2.11393e-06 -0.000328024 0.0510265) (8.63083e-06 -0.000100641 0.0367733) (8.63083e-06 -0.000100641 0.0367733)
4500          (-0.000456481 0.000934767 -0.116464) (-0.000456481 0.000934767 -0.116464) (-0.000456481 0.000934767 -0.116464) (9.43081e-05 0.000920333 -0.0589225) (9.43081e-05 0.000920333 -0.0589225) (-0.000564294 0.000629591 -0.00881092) (-0.000564294 0.000629591 -0.00881092) (-0.000183086 -0.000370733 0.0716817) (-0.000183086 -0.000370733 0.0716817) (6.77392e-05 -0.000296637 0.033818) (6.77392e-05 -0.000296637 0.033818)
4550          (-0.000109897 0.000564082 -0.081158) (-0.000109897 0.000564082 -0.081158) (-0.000109897 0.000564082 -0.081158) (6.15557e-06 0.00119636 -0.0791755) (6.15557e-06 0.00119636 -0.0791755) (8.4257e-05 -0.000296338 0.0339995) (8.4257e-05 -0.000296338 0.0339995) (0.000108214 -0.000418824 0.0407121) (0.000108214 -0.000418824 0.0407121) (0.000207608 -0.000153417 0.0449691) (0.000207608 -0.000153417 0.0449691)
4600          (5.50686e-05 0.000321506 -0.0646146) (5.50686e-05 0.000321506 -0.0646146) (5.50686e-05 0.000321506 -0.0646146) (0.000102771 0.000189085 -0.0989189) (0.000102771 0.000189085 -0.0989189) (9.17476e-05 -9.96666e-05 0.0515847) (9.17476e-05 -9.96666e-05 0.0515847) (-0.000302315 -0.000136401 0.0293079) (-0.000302315 -0.000136401 0.0293079) (-0.000282364 0.000356244 0.043431) (-0.000282364 0.000356244 0.043431)
4650          (4.62168e-05 -0.000357647 -0.0846647) (4.62168e-05 -0.000357647 -0.0846647) (4.62168e-05 -0.000357647 -0.0846647) (3.1413e-06 0.000339959 -0.0613666) (3.1413e-06 0.000339959 -0.0613666) (-4.15676e-05 -7.27819e-05 -0.0161913) (-4.15676e-05 -7.27819e-05 -0.0161913) (-2.51879e-05 -0.000177226 0.0530333) (-2.51879e-05 -0.000177226 0.0530333) (-5.15109e-06 -0.0001095 0.0299516) (-5.15109e-06 -0.0001095 0.0299516)
4700          (-0.000354413 0.000842104 -0.098376) (-0.000354413 0.000842104 -0.098376) (-0.000354413 0.000842104 -0.098376) (3.98973e-05 0.00111303 -0.0581659) (3.98973e-05 0.00111303 -0.0581659) (-0.000124945 -2.44641e-06 0.0178778) (-0.000124945 -2.44641e-06 0.0178778) (-0.000165476 -0.000195655 0.0586829) (-0.000165476 -0.000195655 0.0586829) (0.000125185 -0.000183259 0.0369536) (0.000125185 -0.000183259 0.0369536)
4750          (-0.000584914 0.00115889 -0.127132) (-0.000584914 0.00115889 -0.127132) (-0.000584914 0.00115889 -0.127132) (-7.34982e-05 0.0010256 -0.0474895) (-7.34982e-05 0.0010256 -0.0474895) (-0.000754073 0.000825193 -0.00912905) (-0.000754073 0.000825193 -0.00912905) (-0.00028006 -0.000729895 0.0632966) (-0.00028006 -0.000729895 0.0632966) (-0.000305751 -0.000557355 0.036746) (-0.000305751 -0.000557355 0.036746)
4800          (7.67094e-05 0.000338269 -0.100975) (7.67094e-05 0.000338269 -0.100975) (7.67094e-05 0.000338269 -0.100975) (9.97186e-05 0.000544928 -0.0508094) (9.97186e-05 0.000544928 -0.0508094) (7.93399e-05 -0.000134432 -0.0175918) (7.93399e-05 -0.000134432 -0.0175918) (-0.000293652 -0.000713264 0.0852362) (-0.000293652 -0.000713264 0.0852362) (-0.000334238 -0.000651451 0.0418593) (-0.000334238 -0.000651451 0.0418593)
4850          (6.11434e-06 0.000130286 -0.108744) (6.11434e-06 0.000130286 -0.108744) (6.11434e-06 0.000130286 -0.108744) (0.000698339 -5.70122e-05 -0.0392117) (0.000698339 -5.70122e-05 -0.0392117) (0.000208166 -2.8003e-05 -0.0392809) (0.000208166 -2.8003e-05 -0.0392809) (-3.20089e-05 -2.54885e-05 0.0698096) (-3.20089e-05 -2.54885e-05 0.0698096) (-0.000358294 -0.000108326 0.0485977) (-0.000358294 -0.000108326 0.0485977)
4900          (-0.000354647 0.000313031 -0.061747) (-0.000354647 0.000313031 -0.061747) (-0.000354647 0.000313031 -0.061747) (0.000960639 -0.000233405 -0.119133) (0.000960639 -0.000233405 -0.119133) (0.000286201 1.44364e-05 0.0120379) (0.000286201 1.44364e-05 0.0120379) (-0.000684505 0.000138763 0.0338843) (-0.000684505 0.000138763 0.0338843) (-0.000260685 -0.000179136 0.0432448) (-0.000260685 -0.000179136 0.0432448)
4950          (-0.000155408 0.00017005 -0.113199) (-0.000155408 0.00017005 -0.113199) (-0.000155408 0.00017005 -0.113199) (0.000329693 0.000193918 -0.0447922) (0.000329693 0.000193918 -0.0447922) (0.000182224 -0.000182304 -0.0393953) (0.000182224 -0.000182304 -0.0393953) (4.79764e-05 -0.000247636 0.0677706) (4.79764e-05 -0.000247636 0.0677706) (-0.000225077 -6.86912e-05 0.027673) (-0.000225077 -6.86912e-05 0.027673)
5000          (0.000106985 -0.000161802 -0.0639492) (0.000106985 -0.000161802 -0.0639492) (0.000106985 -0.000161802 -0.0639492) (0.000252542 0.000222666 -0.118377) (0.000252542 0.000222666 -0.118377) (-4.92564e-05 -0.000121787 0.0366954) (-4.92564e-05 -0.000121787 0.0366954) (-0.000639789 0.000368471 0.0342809) (-0.000639789 0.000368471 0.0342809) (-9.53955e-05 0.000216363 0.0410387) (-9.53955e-05 0.000216363 0.0410387)
