# Probe 0 (0.0015 0.0015 0)
# Probe 1 (0.0015 0.0015 0.002)
# Probe 2 (0.0015 0.0015 0.004)
# Probe 3 (0.0015 0.0015 0.006)
# Probe 4 (0.0015 0.0015 0.008)
# Probe 5 (0.0015 0.0015 0.01)
# Probe 6 (0.0015 0.0015 0.012)
# Probe 7 (0.0015 0.0015 0.014)
# Probe 8 (0.0015 0.0015 0.016)
# Probe 9 (0.0015 0.0015 0.018)
# Probe 10 (0.0015 0.0015 0.02)
# Time        0             1             2             3             4             5             6             7             8             9             10           
50            (160960 -29399.1 -3.20312e+07) (160960 -29399.1 -3.20312e+07) (160960 -29399.1 -3.20312e+07) (-158747 46834.2 -8.67017e+06) (-158747 46834.2 -8.67017e+06) (-32646.9 4133.67 -1.33101e+06) (-32646.9 4133.67 -1.33101e+06) (-8881.86 3420.29 94827.6) (-8881.86 3420.29 94827.6) (3575.17 -35639.5 2.03832e+06) (3575.17 -35639.5 2.03832e+06)
100           (450607 89368.2 -2.8885e+07) (450607 89368.2 -2.8885e+07) (450607 89368.2 -2.8885e+07) (-248960 -35753.1 -1.35258e+07) (-248960 -35753.1 -1.35258e+07) (-73110 6396.22 -3.03251e+06) (-73110 6396.22 -3.03251e+06) (-16064.2 6902.17 -118999) (-16064.2 6902.17 -118999) (5824.6 -25991.3 1.95407e+06) (5824.6 -25991.3 1.95407e+06)
150           (347764 36044.6 -2.57095e+07) (347764 36044.6 -2.57095e+07) (347764 36044.6 -2.57095e+07) (-301955 -150867 -1.58452e+07) (-301955 -150867 -1.58452e+07) (-136013 6872.69 -5.34559e+06) (-136013 6872.69 -5.34559e+06) (-28115.2 12484.3 -540149) (-28115.2 12484.3 -540149) (7247.88 -16734.4 1.82339e+06) (7247.88 -16734.4 1.82339e+06)
200           (317477 19684.1 -2.29068e+07) (317477 19684.1 -2.29068e+07) (317477 19684.1 -2.29068e+07) (-232286 -188736 -1.65987e+07) (-232286 -188736 -1.65987e+07) (-206086 11288.7 -7.5653e+06) (-206086 11288.7 -7.5653e+06) (-46030.5 19945.9 -1.23769e+06) (-46030.5 19945.9 -1.23769e+06) (7138.65 -9783.93 1.62369e+06) (7138.65 -9783.93 1.62369e+06)
250           (291178 15770.8 -2.06402e+07) (291178 15770.8 -2.06402e+07) (291178 15770.8 -2.06402e+07) (-174258 -193814 -1.65651e+07) (-174258 -193814 -1.65651e+07) (-249634 19773.7 -9.27965e+06) (-249634 19773.7 -9.27965e+06) (-69119.3 26865 -2.22486e+06) (-69119.3 26865 -2.22486e+06) (5383.65 -5234.06 1.31919e+06) (5383.65 -5234.06 1.31919e+06)
300           (269114 13168.1 -1.89172e+07) (269114 13168.1 -1.89172e+07) (269114 13168.1 -1.89172e+07) (-148874 -192430 -1.60712e+07) (-148874 -192430 -1.60712e+07) (-252019 14097.2 -1.0391e+07) (-252019 14097.2 -1.0391e+07) (-90855.4 27548 -3.36522e+06) (-90855.4 27548 -3.36522e+06) (2032.21 -2154.38 869973) (2032.21 -2154.38 869973)
350           (251179 11493.9 -1.75733e+07) (251179 11493.9 -1.75733e+07) (251179 11493.9 -1.75733e+07) (-134054 -186184 -1.53583e+07) (-134054 -186184 -1.53583e+07) (-225445 7173.98 -1.10074e+07) (-225445 7173.98 -1.10074e+07) (-99539.8 20014.6 -4.48883e+06) (-99539.8 20014.6 -4.48883e+06) (-2983.92 674.716 237741) (-2983.92 674.716 237741)
400           (235880 10392 -1.64577e+07) (235880 10392 -1.64577e+07) (235880 10392 -1.64577e+07) (-122594 -177862 -1.46041e+07) (-122594 -177862 -1.46041e+07) (-191590 6332.58 -1.1255e+07) (-191590 6332.58 -1.1255e+07) (-89500 11295.9 -5.47344e+06) (-89500 11295.9 -5.47344e+06) (-9856.5 4304.16 -589007) (-9856.5 4304.16 -589007)
450           (222549 9564.02 -1.54977e+07) (222549 9564.02 -1.54977e+07) (222549 9564.02 -1.54977e+07) (-113162 -169555 -1.38933e+07) (-113162 -169555 -1.38933e+07) (-165033 6340.35 -1.12317e+07) (-165033 6340.35 -1.12317e+07) (-69450.4 8960.56 -6.26139e+06) (-69450.4 8960.56 -6.26139e+06) (-18591 8815.96 -1.57871e+06) (-18591 8815.96 -1.57871e+06)
500           (210782 8872.12 -1.46576e+07) (210782 8872.12 -1.46576e+07) (210782 8872.12 -1.46576e+07) (-105403 -161849 -1.32403e+07) (-105403 -161849 -1.32403e+07) (-147315 5957.37 -1.10342e+07) (-147315 5957.37 -1.10342e+07) (-51529.2 11548.4 -6.85661e+06) (-51529.2 11548.4 -6.85661e+06) (-28612.7 12801.7 -2.66557e+06) (-28612.7 12801.7 -2.66557e+06)
550           (200311 8309.57 -1.39127e+07) (200311 8309.57 -1.39127e+07) (200311 8309.57 -1.39127e+07) (-98857.8 -154718 -1.26414e+07) (-98857.8 -154718 -1.26414e+07) (-134698 5671.11 -1.07586e+07) (-134698 5671.11 -1.07586e+07) (-39203.8 14551.2 -7.29493e+06) (-39203.8 14551.2 -7.29493e+06) (-38616.2 14955.1 -3.76802e+06) (-38616.2 14955.1 -3.76802e+06)
600           (190958 7820.94 -1.32484e+07) (190958 7820.94 -1.32484e+07) (190958 7820.94 -1.32484e+07) (-93137.4 -148255 -1.21003e+07) (-93137.4 -148255 -1.21003e+07) (-124602 5465.76 -1.04779e+07) (-124602 5465.76 -1.04779e+07) (-30979.7 16445.1 -7.61924e+06) (-30979.7 16445.1 -7.61924e+06) (-47374.3 15105.4 -4.81176e+06) (-47374.3 15105.4 -4.81176e+06)
650           (182703 7385.79 -1.26606e+07) (182703 7385.79 -1.26606e+07) (182703 7385.79 -1.26606e+07) (-88038.4 -142589 -1.16244e+07) (-88038.4 -142589 -1.16244e+07) (-116010 5290.53 -1.02304e+07) (-116010 5290.53 -1.02304e+07) (-24941.8 17538.1 -7.8678e+06) (-24941.8 17538.1 -7.8678e+06) (-54247.7 14079.5 -5.74693e+06) (-54247.7 14079.5 -5.74693e+06)
700           (175565 6997.54 -1.21495e+07) (175565 6997.54 -1.21495e+07) (175565 6997.54 -1.21495e+07) (-83519.5 -137793 -1.12179e+07) (-83519.5 -137793 -1.12179e+07) (-108666 5120.69 -1.00281e+07) (-108666 5120.69 -1.00281e+07) (-20065.5 18188.1 -8.06814e+06) (-20065.5 18188.1 -8.06814e+06) (-59392.4 12752.5 -6.55019e+06) (-59392.4 12752.5 -6.55019e+06)
750           (169531 6656.41 -1.17146e+07) (169531 6656.41 -1.17146e+07) (169531 6656.41 -1.17146e+07) (-79592.9 -133847 -1.08794e+07) (-79592.9 -133847 -1.08794e+07) (-102494 4956.43 -9.87005e+06) (-102494 4956.43 -9.87005e+06) (-16003 18578.9 -8.23597e+06) (-16003 18578.9 -8.23597e+06) (-63306.7 11630.7 -7.21804e+06) (-63306.7 11630.7 -7.21804e+06)
800           (164594 6369.71 -1.13528e+07) (164594 6369.71 -1.13528e+07) (164594 6369.71 -1.13528e+07) (-76192 -130708 -1.06035e+07) (-76192 -130708 -1.06035e+07) (-97279.1 4794.07 -9.74975e+06) (-97279.1 4794.07 -9.74975e+06) (-12525.6 18740.4 -8.37835e+06) (-12525.6 18740.4 -8.37835e+06) (-66373.2 10958.4 -7.75949e+06) (-66373.2 10958.4 -7.75949e+06)
850           (160538 6123.02 -1.10575e+07) (160538 6123.02 -1.10575e+07) (160538 6123.02 -1.10575e+07) (-73442.3 -128198 -1.03832e+07) (-73442.3 -128198 -1.03832e+07) (-93189.9 4662.98 -9.66032e+06) (-93189.9 4662.98 -9.66032e+06) (-9842.77 18911.8 -8.49819e+06) (-9842.77 18911.8 -8.49819e+06) (-68857.7 10484.1 -8.18979e+06) (-68857.7 10484.1 -8.18979e+06)
900           (157302 5920.52 -1.08208e+07) (157302 5920.52 -1.08208e+07) (157302 5920.52 -1.08208e+07) (-71208.7 -126245 -1.02098e+07) (-71208.7 -126245 -1.02098e+07) (-89940.6 4551.96 -9.5945e+06) (-89940.6 4551.96 -9.5945e+06) (-7717.4 19032.1 -8.59731e+06) (-7717.4 19032.1 -8.59731e+06) (-70848.9 10227.9 -8.52675e+06) (-70848.9 10227.9 -8.52675e+06)
950           (154758 5757.49 -1.06338e+07) (154758 5757.49 -1.06338e+07) (154758 5757.49 -1.06338e+07) (-69425.9 -124741 -1.00749e+07) (-69425.9 -124741 -1.00749e+07) (-87392.7 4460.58 -9.54628e+06) (-87392.7 4460.58 -9.54628e+06) (-6056.87 19119.4 -8.67769e+06) (-6056.87 19119.4 -8.67769e+06) (-72426.1 10104.7 -8.78771e+06) (-72426.1 10104.7 -8.78771e+06)
1000          (152779 5628.36 -1.04878e+07) (152779 5628.36 -1.04878e+07) (152779 5628.36 -1.04878e+07) (-68023.4 -123592 -9.97083e+06) (-68023.4 -123592 -9.97083e+06) (-85416.6 4387.07 -9.51097e+06) (-85416.6 4387.07 -9.51097e+06) (-4773.26 19184 -8.74174e+06) (-4773.26 19184 -8.74174e+06) (-73659.4 10055.6 -8.98816e+06) (-73659.4 10055.6 -8.98816e+06)
1050          (151253 5527.39 -1.0375e+07) (151253 5527.39 -1.0375e+07) (151253 5527.39 -1.0375e+07) (-66932.7 -122718 -9.89119e+06) (-66932.7 -122718 -9.89119e+06) (-83896.8 4328.98 -9.48504e+06) (-83896.8 4328.98 -9.48504e+06) (-3788.84 19232.3 -8.79202e+06) (-3788.84 19232.3 -8.79202e+06) (-74613.5 10044.2 -9.14121e+06) (-74613.5 10044.2 -9.14121e+06)
1100          (150085 5449.25 -1.02884e+07) (150085 5449.25 -1.02884e+07) (150085 5449.25 -1.02884e+07) (-66092 -122056 -9.83053e+06) (-66092 -122056 -9.83053e+06) (-82735.5 4283.68 -9.46595e+06) (-82735.5 4283.68 -9.46595e+06) (-3038.26 19268.5 -8.83104e+06) (-3038.26 19268.5 -8.83104e+06) (-75345.4 10050.3 -9.25754e+06) (-75345.4 10050.3 -9.25754e+06)
1150          (149185 5386.34 -1.02224e+07) (149185 5386.34 -1.02224e+07) (149185 5386.34 -1.02224e+07) (-65458.4 -121560 -9.7845e+06) (-65458.4 -121560 -9.7845e+06) (-81873.6 4233.56 -9.45183e+06) (-81873.6 4233.56 -9.45183e+06) (-2484.35 19293.6 -8.86107e+06) (-2484.35 19293.6 -8.86107e+06) (-75918.7 10049 -9.34566e+06) (-75918.7 10049 -9.34566e+06)
1200          (148512 5341.21 -1.01722e+07) (148512 5341.21 -1.01722e+07) (148512 5341.21 -1.01722e+07) (-64966 -121181 -9.74968e+06) (-64966 -121181 -9.74968e+06) (-81199.2 4210.36 -9.44136e+06) (-81199.2 4210.36 -9.44136e+06) (-2049.34 19314.5 -8.88402e+06) (-2049.34 19314.5 -8.88402e+06) (-76338.9 10066.3 -9.41227e+06) (-76338.9 10066.3 -9.41227e+06)
1250          (148003 5306.93 -1.01342e+07) (148003 5306.93 -1.01342e+07) (148003 5306.93 -1.01342e+07) (-64592.2 -120896 -9.72339e+06) (-64592.2 -120896 -9.72339e+06) (-80689.4 4192.76 -9.43358e+06) (-80689.4 4192.76 -9.43358e+06) (-1720.71 19330.3 -8.90147e+06) (-1720.71 19330.3 -8.90147e+06) (-76656.9 10082 -9.46252e+06) (-76656.9 10082 -9.46252e+06)
1300          (147619 5280.96 -1.01055e+07) (147619 5280.96 -1.01055e+07) (147619 5280.96 -1.01055e+07) (-64309.5 -120682 -9.70358e+06) (-64309.5 -120682 -9.70358e+06) (-80304.8 4179.4 -9.42778e+06) (-80304.8 4179.4 -9.42778e+06) (-1472.96 19342.2 -8.9147e+06) (-1472.96 19342.2 -8.9147e+06) (-76897 10095.2 -9.50036e+06) (-76897 10095.2 -9.50036e+06)
1350          (147325 5263.78 -1.00838e+07) (147325 5263.78 -1.00838e+07) (147325 5263.78 -1.00838e+07) (-64110 -120507 -9.68866e+06) (-64110 -120507 -9.68866e+06) (-80037.8 4182.99 -9.42345e+06) (-80037.8 4182.99 -9.42345e+06) (-1312.91 19375 -8.9247e+06) (-1312.91 19375 -8.9247e+06) (-77073.7 10090.3 -9.52885e+06) (-77073.7 10090.3 -9.52885e+06)
1400          (147110 5247.8 -1.00675e+07) (147110 5247.8 -1.00675e+07) (147110 5247.8 -1.00675e+07) (-63940.3 -120393 -9.67744e+06) (-63940.3 -120393 -9.67744e+06) (-79805.5 4168.35 -9.42021e+06) (-79805.5 4168.35 -9.42021e+06) (-1156.25 19368.1 -8.93224e+06) (-1156.25 19368.1 -8.93224e+06) (-77211.2 10107.8 -9.55026e+06) (-77211.2 10107.8 -9.55026e+06)
1450          (146951 5235.88 -1.00552e+07) (146951 5235.88 -1.00552e+07) (146951 5235.88 -1.00552e+07) (-63809.3 -120304 -9.66902e+06) (-63809.3 -120304 -9.66902e+06) (-79628.4 4161.2 -9.41779e+06) (-79628.4 4161.2 -9.41779e+06) (-1034.6 19367.6 -8.93792e+06) (-1034.6 19367.6 -8.93792e+06) (-77310.4 10122.3 -9.56634e+06) (-77310.4 10122.3 -9.56634e+06)
1500          (146836 5224.87 -1.0046e+07) (146836 5224.87 -1.0046e+07) (146836 5224.87 -1.0046e+07) (-63715.7 -120237 -9.6627e+06) (-63715.7 -120237 -9.6627e+06) (-79503.6 4157.02 -9.41598e+06) (-79503.6 4157.02 -9.41598e+06) (-952.281 19370.7 -8.94218e+06) (-952.281 19370.7 -8.94218e+06) (-77387.1 10132.7 -9.5784e+06) (-77387.1 10132.7 -9.5784e+06)
1550          (146741 5218.8 -1.00391e+07) (146741 5218.8 -1.00391e+07) (146741 5218.8 -1.00391e+07) (-63650 -120187 -9.65797e+06) (-63650 -120187 -9.65797e+06) (-79413.8 4152.05 -9.41463e+06) (-79413.8 4152.05 -9.41463e+06) (-896.122 19372.8 -8.94537e+06) (-896.122 19372.8 -8.94537e+06) (-77446.4 10135.1 -9.58744e+06) (-77446.4 10135.1 -9.58744e+06)
1600          (146668 5219.37 -1.00341e+07) (146668 5219.37 -1.00341e+07) (146668 5219.37 -1.00341e+07) (-63600.8 -120152 -9.65449e+06) (-63600.8 -120152 -9.65449e+06) (-79340.2 4152.33 -9.41361e+06) (-79340.2 4152.33 -9.41361e+06) (-850.166 19372.5 -8.94769e+06) (-850.166 19372.5 -8.94769e+06) (-77487.5 10132.3 -9.59404e+06) (-77487.5 10132.3 -9.59404e+06)
1650          (146622 5210.31 -1.00303e+07) (146622 5210.31 -1.00303e+07) (146622 5210.31 -1.00303e+07) (-63562.8 -120121 -9.65187e+06) (-63562.8 -120121 -9.65187e+06) (-79295 4147.27 -9.41286e+06) (-79295 4147.27 -9.41286e+06) (-819.182 19376.5 -8.94946e+06) (-819.182 19376.5 -8.94946e+06) (-77520.7 10139.8 -9.59908e+06) (-77520.7 10139.8 -9.59908e+06)
1700          (146578 5212.55 -1.00274e+07) (146578 5212.55 -1.00274e+07) (146578 5212.55 -1.00274e+07) (-63534.2 -120102 -9.64986e+06) (-63534.2 -120102 -9.64986e+06) (-79250.2 4148.62 -9.41227e+06) (-79250.2 4148.62 -9.41227e+06) (-791.591 19375 -8.9508e+06) (-791.591 19375 -8.9508e+06) (-77544.5 10135.7 -9.60289e+06) (-77544.5 10135.7 -9.60289e+06)
1750          (146548 5209.5 -1.00253e+07) (146548 5209.5 -1.00253e+07) (146548 5209.5 -1.00253e+07) (-63513.8 -120090 -9.6484e+06) (-63513.8 -120090 -9.6484e+06) (-79220.8 4144.04 -9.41185e+06) (-79220.8 4144.04 -9.41185e+06) (-771.636 19372.2 -8.95179e+06) (-771.636 19372.2 -8.95179e+06) (-77563.2 10136.4 -9.60569e+06) (-77563.2 10136.4 -9.60569e+06)
1800          (146530 5205.29 -1.00237e+07) (146530 5205.29 -1.00237e+07) (146530 5205.29 -1.00237e+07) (-63501.1 -120071 -9.64734e+06) (-63501.1 -120071 -9.64734e+06) (-79211.7 4144.76 -9.41155e+06) (-79211.7 4144.76 -9.41155e+06) (-767.456 19382.8 -8.95249e+06) (-767.456 19382.8 -8.95249e+06) (-77575.7 10139 -9.60771e+06) (-77575.7 10139 -9.60771e+06)
1850          (146514 5206.6 -1.00225e+07) (146514 5206.6 -1.00225e+07) (146514 5206.6 -1.00225e+07) (-63485.2 -120067 -9.64647e+06) (-63485.2 -120067 -9.64647e+06) (-79183 4144.26 -9.41129e+06) (-79183 4144.26 -9.41129e+06) (-747.221 19374.5 -8.95308e+06) (-747.221 19374.5 -8.95308e+06) (-77586.3 10137.3 -9.60936e+06) (-77586.3 10137.3 -9.60936e+06)
1900          (146500 5203.87 -1.00216e+07) (146500 5203.87 -1.00216e+07) (146500 5203.87 -1.00216e+07) (-63479.7 -120056 -9.64586e+06) (-63479.7 -120056 -9.64586e+06) (-79181.1 4143.85 -9.41112e+06) (-79181.1 4143.85 -9.41112e+06) (-747.517 19382.3 -8.95348e+06) (-747.517 19382.3 -8.95348e+06) (-77594.7 10142.9 -9.61054e+06) (-77594.7 10142.9 -9.61054e+06)
1950          (146494 5204.63 -1.00209e+07) (146494 5204.63 -1.00209e+07) (146494 5204.63 -1.00209e+07) (-63470 -120056 -9.64541e+06) (-63470 -120056 -9.64541e+06) (-79162.7 4143.15 -9.41098e+06) (-79162.7 4143.15 -9.41098e+06) (-734.016 19375 -8.95379e+06) (-734.016 19375 -8.95379e+06) (-77599.1 10137.7 -9.61139e+06) (-77599.1 10137.7 -9.61139e+06)
2000          (146486 5202.93 -1.00206e+07) (146486 5202.93 -1.00206e+07) (146486 5202.93 -1.00206e+07) (-63470 -120049 -9.64515e+06) (-63470 -120049 -9.64515e+06) (-79167 4143.36 -9.4109e+06) (-79167 4143.36 -9.4109e+06) (-738.294 19382.6 -8.95395e+06) (-738.294 19382.6 -8.95395e+06) (-77603.7 10143.2 -9.6119e+06) (-77603.7 10143.2 -9.6119e+06)
2050          (146484 5203.66 -1.00202e+07) (146484 5203.66 -1.00202e+07) (146484 5203.66 -1.00202e+07) (-63462.8 -120050 -9.64487e+06) (-63462.8 -120050 -9.64487e+06) (-79153 4142.86 -9.41082e+06) (-79153 4142.86 -9.41082e+06) (-727.973 19375.8 -8.95414e+06) (-727.973 19375.8 -8.95414e+06) (-77605.3 10137.4 -9.61242e+06) (-77605.3 10137.4 -9.61242e+06)
2100          (146480 5203.33 -1.00199e+07) (146480 5203.33 -1.00199e+07) (146480 5203.33 -1.00199e+07) (-63460.4 -120048 -9.6447e+06) (-63460.4 -120048 -9.6447e+06) (-79149.7 4142.78 -9.41076e+06) (-79149.7 4142.78 -9.41076e+06) (-725.884 19376 -8.95425e+06) (-725.884 19376 -8.95425e+06) (-77607.4 10137.5 -9.61276e+06) (-77607.4 10137.5 -9.61276e+06)
2150          (146475 5202.2 -1.00198e+07) (146475 5202.2 -1.00198e+07) (146475 5202.2 -1.00198e+07) (-63463.3 -120043 -9.64461e+06) (-63463.3 -120043 -9.64461e+06) (-79155.9 4143.95 -9.41073e+06) (-79155.9 4143.95 -9.41073e+06) (-730.729 19383.9 -8.95429e+06) (-730.729 19383.9 -8.95429e+06) (-77610.3 10142.9 -9.61293e+06) (-77610.3 10142.9 -9.61293e+06)
2200          (146477 5203.02 -1.00197e+07) (146477 5203.02 -1.00197e+07) (146477 5203.02 -1.00197e+07) (-63458.1 -120046 -9.64452e+06) (-63458.1 -120046 -9.64452e+06) (-79146.4 4142.61 -9.4107e+06) (-79146.4 4142.61 -9.4107e+06) (-723.799 19375.9 -8.95435e+06) (-723.799 19375.9 -8.95435e+06) (-77609.4 10137.8 -9.6131e+06) (-77609.4 10137.8 -9.6131e+06)
2250          (146477 5203.02 -1.00197e+07) (146477 5203.02 -1.00197e+07) (146477 5203.02 -1.00197e+07) (-63458.1 -120046 -9.64452e+06) (-63458.1 -120046 -9.64452e+06) (-79146.4 4142.61 -9.4107e+06) (-79146.4 4142.61 -9.4107e+06) (-723.799 19375.9 -8.95435e+06) (-723.799 19375.9 -8.95435e+06) (-77609.4 10137.8 -9.6131e+06) (-77609.4 10137.8 -9.6131e+06)
2300          (146477 5203.02 -1.00197e+07) (146477 5203.02 -1.00197e+07) (146477 5203.02 -1.00197e+07) (-63458.1 -120046 -9.64452e+06) (-63458.1 -120046 -9.64452e+06) (-79146.4 4142.61 -9.4107e+06) (-79146.4 4142.61 -9.4107e+06) (-723.799 19375.9 -8.95435e+06) (-723.799 19375.9 -8.95435e+06) (-77609.4 10137.8 -9.6131e+06) (-77609.4 10137.8 -9.6131e+06)
2350          (146477 5203.02 -1.00197e+07) (146477 5203.02 -1.00197e+07) (146477 5203.02 -1.00197e+07) (-63458.1 -120046 -9.64452e+06) (-63458.1 -120046 -9.64452e+06) (-79146.4 4142.61 -9.4107e+06) (-79146.4 4142.61 -9.4107e+06) (-723.799 19375.9 -8.95435e+06) (-723.799 19375.9 -8.95435e+06) (-77609.4 10137.8 -9.6131e+06) (-77609.4 10137.8 -9.6131e+06)
2400          (146477 5203.02 -1.00197e+07) (146477 5203.02 -1.00197e+07) (146477 5203.02 -1.00197e+07) (-63458.1 -120046 -9.64452e+06) (-63458.1 -120046 -9.64452e+06) (-79146.4 4142.61 -9.4107e+06) (-79146.4 4142.61 -9.4107e+06) (-723.799 19375.9 -8.95435e+06) (-723.799 19375.9 -8.95435e+06) (-77609.4 10137.8 -9.6131e+06) (-77609.4 10137.8 -9.6131e+06)
2450          (146477 5203.02 -1.00197e+07) (146477 5203.02 -1.00197e+07) (146477 5203.02 -1.00197e+07) (-63458.1 -120046 -9.64452e+06) (-63458.1 -120046 -9.64452e+06) (-79146.4 4142.61 -9.4107e+06) (-79146.4 4142.61 -9.4107e+06) (-723.799 19375.9 -8.95435e+06) (-723.799 19375.9 -8.95435e+06) (-77609.4 10137.8 -9.6131e+06) (-77609.4 10137.8 -9.6131e+06)
2500          (146477 5203.02 -1.00197e+07) (146477 5203.02 -1.00197e+07) (146477 5203.02 -1.00197e+07) (-63458.1 -120046 -9.64452e+06) (-63458.1 -120046 -9.64452e+06) (-79146.4 4142.61 -9.4107e+06) (-79146.4 4142.61 -9.4107e+06) (-723.799 19375.9 -8.95435e+06) (-723.799 19375.9 -8.95435e+06) (-77609.4 10137.8 -9.6131e+06) (-77609.4 10137.8 -9.6131e+06)
2550          (146477 5203.02 -1.00197e+07) (146477 5203.02 -1.00197e+07) (146477 5203.02 -1.00197e+07) (-63458.1 -120046 -9.64452e+06) (-63458.1 -120046 -9.64452e+06) (-79146.4 4142.61 -9.4107e+06) (-79146.4 4142.61 -9.4107e+06) (-723.799 19375.9 -8.95435e+06) (-723.799 19375.9 -8.95435e+06) (-77609.4 10137.8 -9.6131e+06) (-77609.4 10137.8 -9.6131e+06)
2600          (146477 5203.02 -1.00197e+07) (146477 5203.02 -1.00197e+07) (146477 5203.02 -1.00197e+07) (-63458.1 -120046 -9.64452e+06) (-63458.1 -120046 -9.64452e+06) (-79146.4 4142.61 -9.4107e+06) (-79146.4 4142.61 -9.4107e+06) (-723.799 19375.9 -8.95435e+06) (-723.799 19375.9 -8.95435e+06) (-77609.4 10137.8 -9.6131e+06) (-77609.4 10137.8 -9.6131e+06)
2650          (146477 5203.02 -1.00197e+07) (146477 5203.02 -1.00197e+07) (146477 5203.02 -1.00197e+07) (-63458.1 -120046 -9.64452e+06) (-63458.1 -120046 -9.64452e+06) (-79146.4 4142.61 -9.4107e+06) (-79146.4 4142.61 -9.4107e+06) (-723.799 19375.9 -8.95435e+06) (-723.799 19375.9 -8.95435e+06) (-77609.4 10137.8 -9.6131e+06) (-77609.4 10137.8 -9.6131e+06)
2700          (146477 5203.02 -1.00197e+07) (146477 5203.02 -1.00197e+07) (146477 5203.02 -1.00197e+07) (-63458.1 -120046 -9.64452e+06) (-63458.1 -120046 -9.64452e+06) (-79146.4 4142.61 -9.4107e+06) (-79146.4 4142.61 -9.4107e+06) (-723.799 19375.9 -8.95435e+06) (-723.799 19375.9 -8.95435e+06) (-77609.4 10137.8 -9.6131e+06) (-77609.4 10137.8 -9.6131e+06)
2750          (146477 5203.02 -1.00197e+07) (146477 5203.02 -1.00197e+07) (146477 5203.02 -1.00197e+07) (-63458.1 -120046 -9.64452e+06) (-63458.1 -120046 -9.64452e+06) (-79146.4 4142.61 -9.4107e+06) (-79146.4 4142.61 -9.4107e+06) (-723.799 19375.9 -8.95435e+06) (-723.799 19375.9 -8.95435e+06) (-77609.4 10137.8 -9.6131e+06) (-77609.4 10137.8 -9.6131e+06)
2800          (146477 5203.02 -1.00197e+07) (146477 5203.02 -1.00197e+07) (146477 5203.02 -1.00197e+07) (-63458.1 -120046 -9.64452e+06) (-63458.1 -120046 -9.64452e+06) (-79146.4 4142.61 -9.4107e+06) (-79146.4 4142.61 -9.4107e+06) (-723.799 19375.9 -8.95435e+06) (-723.799 19375.9 -8.95435e+06) (-77609.4 10137.8 -9.6131e+06) (-77609.4 10137.8 -9.6131e+06)
2850          (146477 5203.02 -1.00197e+07) (146477 5203.02 -1.00197e+07) (146477 5203.02 -1.00197e+07) (-63458.1 -120046 -9.64452e+06) (-63458.1 -120046 -9.64452e+06) (-79146.4 4142.61 -9.4107e+06) (-79146.4 4142.61 -9.4107e+06) (-723.799 19375.9 -8.95435e+06) (-723.799 19375.9 -8.95435e+06) (-77609.4 10137.8 -9.6131e+06) (-77609.4 10137.8 -9.6131e+06)
2900          (146477 5203.02 -1.00197e+07) (146477 5203.02 -1.00197e+07) (146477 5203.02 -1.00197e+07) (-63458.1 -120046 -9.64452e+06) (-63458.1 -120046 -9.64452e+06) (-79146.4 4142.61 -9.4107e+06) (-79146.4 4142.61 -9.4107e+06) (-723.799 19375.9 -8.95435e+06) (-723.799 19375.9 -8.95435e+06) (-77609.4 10137.8 -9.6131e+06) (-77609.4 10137.8 -9.6131e+06)
2950          (146477 5203.02 -1.00197e+07) (146477 5203.02 -1.00197e+07) (146477 5203.02 -1.00197e+07) (-63458.1 -120046 -9.64452e+06) (-63458.1 -120046 -9.64452e+06) (-79146.4 4142.61 -9.4107e+06) (-79146.4 4142.61 -9.4107e+06) (-723.799 19375.9 -8.95435e+06) (-723.799 19375.9 -8.95435e+06) (-77609.4 10137.8 -9.6131e+06) (-77609.4 10137.8 -9.6131e+06)
3000          (146477 5203.02 -1.00197e+07) (146477 5203.02 -1.00197e+07) (146477 5203.02 -1.00197e+07) (-63458.1 -120046 -9.64452e+06) (-63458.1 -120046 -9.64452e+06) (-79146.4 4142.61 -9.4107e+06) (-79146.4 4142.61 -9.4107e+06) (-723.799 19375.9 -8.95435e+06) (-723.799 19375.9 -8.95435e+06) (-77609.4 10137.8 -9.6131e+06) (-77609.4 10137.8 -9.6131e+06)
3050          (146477 5203.02 -1.00197e+07) (146477 5203.02 -1.00197e+07) (146477 5203.02 -1.00197e+07) (-63458.1 -120046 -9.64452e+06) (-63458.1 -120046 -9.64452e+06) (-79146.4 4142.61 -9.4107e+06) (-79146.4 4142.61 -9.4107e+06) (-723.799 19375.9 -8.95435e+06) (-723.799 19375.9 -8.95435e+06) (-77609.4 10137.8 -9.6131e+06) (-77609.4 10137.8 -9.6131e+06)
3100          (146477 5203.02 -1.00197e+07) (146477 5203.02 -1.00197e+07) (146477 5203.02 -1.00197e+07) (-63458.1 -120046 -9.64452e+06) (-63458.1 -120046 -9.64452e+06) (-79146.4 4142.61 -9.4107e+06) (-79146.4 4142.61 -9.4107e+06) (-723.799 19375.9 -8.95435e+06) (-723.799 19375.9 -8.95435e+06) (-77609.4 10137.8 -9.6131e+06) (-77609.4 10137.8 -9.6131e+06)
3150          (146477 5203.02 -1.00197e+07) (146477 5203.02 -1.00197e+07) (146477 5203.02 -1.00197e+07) (-63458.1 -120046 -9.64452e+06) (-63458.1 -120046 -9.64452e+06) (-79146.4 4142.61 -9.4107e+06) (-79146.4 4142.61 -9.4107e+06) (-723.799 19375.9 -8.95435e+06) (-723.799 19375.9 -8.95435e+06) (-77609.4 10137.8 -9.6131e+06) (-77609.4 10137.8 -9.6131e+06)
3200          (146477 5203.02 -1.00197e+07) (146477 5203.02 -1.00197e+07) (146477 5203.02 -1.00197e+07) (-63458.1 -120046 -9.64452e+06) (-63458.1 -120046 -9.64452e+06) (-79146.4 4142.61 -9.4107e+06) (-79146.4 4142.61 -9.4107e+06) (-723.799 19375.9 -8.95435e+06) (-723.799 19375.9 -8.95435e+06) (-77609.4 10137.8 -9.6131e+06) (-77609.4 10137.8 -9.6131e+06)
3250          (146477 5203.02 -1.00197e+07) (146477 5203.02 -1.00197e+07) (146477 5203.02 -1.00197e+07) (-63458.1 -120046 -9.64452e+06) (-63458.1 -120046 -9.64452e+06) (-79146.4 4142.61 -9.4107e+06) (-79146.4 4142.61 -9.4107e+06) (-723.799 19375.9 -8.95435e+06) (-723.799 19375.9 -8.95435e+06) (-77609.4 10137.8 -9.6131e+06) (-77609.4 10137.8 -9.6131e+06)
3300          (146477 5203.02 -1.00197e+07) (146477 5203.02 -1.00197e+07) (146477 5203.02 -1.00197e+07) (-63458.1 -120046 -9.64452e+06) (-63458.1 -120046 -9.64452e+06) (-79146.4 4142.61 -9.4107e+06) (-79146.4 4142.61 -9.4107e+06) (-723.799 19375.9 -8.95435e+06) (-723.799 19375.9 -8.95435e+06) (-77609.4 10137.8 -9.6131e+06) (-77609.4 10137.8 -9.6131e+06)
3350          (146477 5203.02 -1.00197e+07) (146477 5203.02 -1.00197e+07) (146477 5203.02 -1.00197e+07) (-63458.1 -120046 -9.64452e+06) (-63458.1 -120046 -9.64452e+06) (-79146.4 4142.61 -9.4107e+06) (-79146.4 4142.61 -9.4107e+06) (-723.799 19375.9 -8.95435e+06) (-723.799 19375.9 -8.95435e+06) (-77609.4 10137.8 -9.6131e+06) (-77609.4 10137.8 -9.6131e+06)
3400          (146477 5203.02 -1.00197e+07) (146477 5203.02 -1.00197e+07) (146477 5203.02 -1.00197e+07) (-63458.1 -120046 -9.64452e+06) (-63458.1 -120046 -9.64452e+06) (-79146.4 4142.61 -9.4107e+06) (-79146.4 4142.61 -9.4107e+06) (-723.799 19375.9 -8.95435e+06) (-723.799 19375.9 -8.95435e+06) (-77609.4 10137.8 -9.6131e+06) (-77609.4 10137.8 -9.6131e+06)
3450          (146477 5203.02 -1.00197e+07) (146477 5203.02 -1.00197e+07) (146477 5203.02 -1.00197e+07) (-63458.1 -120046 -9.64452e+06) (-63458.1 -120046 -9.64452e+06) (-79146.4 4142.61 -9.4107e+06) (-79146.4 4142.61 -9.4107e+06) (-723.799 19375.9 -8.95435e+06) (-723.799 19375.9 -8.95435e+06) (-77609.4 10137.8 -9.6131e+06) (-77609.4 10137.8 -9.6131e+06)
3500          (146477 5203.02 -1.00197e+07) (146477 5203.02 -1.00197e+07) (146477 5203.02 -1.00197e+07) (-63458.1 -120046 -9.64452e+06) (-63458.1 -120046 -9.64452e+06) (-79146.4 4142.61 -9.4107e+06) (-79146.4 4142.61 -9.4107e+06) (-723.799 19375.9 -8.95435e+06) (-723.799 19375.9 -8.95435e+06) (-77609.4 10137.8 -9.6131e+06) (-77609.4 10137.8 -9.6131e+06)
3550          (146477 5203.02 -1.00197e+07) (146477 5203.02 -1.00197e+07) (146477 5203.02 -1.00197e+07) (-63458.1 -120046 -9.64452e+06) (-63458.1 -120046 -9.64452e+06) (-79146.4 4142.61 -9.4107e+06) (-79146.4 4142.61 -9.4107e+06) (-723.799 19375.9 -8.95435e+06) (-723.799 19375.9 -8.95435e+06) (-77609.4 10137.8 -9.6131e+06) (-77609.4 10137.8 -9.6131e+06)
3600          (146477 5203.02 -1.00197e+07) (146477 5203.02 -1.00197e+07) (146477 5203.02 -1.00197e+07) (-63458.1 -120046 -9.64452e+06) (-63458.1 -120046 -9.64452e+06) (-79146.4 4142.61 -9.4107e+06) (-79146.4 4142.61 -9.4107e+06) (-723.799 19375.9 -8.95435e+06) (-723.799 19375.9 -8.95435e+06) (-77609.4 10137.8 -9.6131e+06) (-77609.4 10137.8 -9.6131e+06)
3650          (146477 5203.02 -1.00197e+07) (146477 5203.02 -1.00197e+07) (146477 5203.02 -1.00197e+07) (-63458.1 -120046 -9.64452e+06) (-63458.1 -120046 -9.64452e+06) (-79146.4 4142.61 -9.4107e+06) (-79146.4 4142.61 -9.4107e+06) (-723.799 19375.9 -8.95435e+06) (-723.799 19375.9 -8.95435e+06) (-77609.4 10137.8 -9.6131e+06) (-77609.4 10137.8 -9.6131e+06)
3700          (146477 5203.02 -1.00197e+07) (146477 5203.02 -1.00197e+07) (146477 5203.02 -1.00197e+07) (-63458.1 -120046 -9.64452e+06) (-63458.1 -120046 -9.64452e+06) (-79146.4 4142.61 -9.4107e+06) (-79146.4 4142.61 -9.4107e+06) (-723.799 19375.9 -8.95435e+06) (-723.799 19375.9 -8.95435e+06) (-77609.4 10137.8 -9.6131e+06) (-77609.4 10137.8 -9.6131e+06)
3750          (146477 5203.02 -1.00197e+07) (146477 5203.02 -1.00197e+07) (146477 5203.02 -1.00197e+07) (-63458.1 -120046 -9.64452e+06) (-63458.1 -120046 -9.64452e+06) (-79146.4 4142.61 -9.4107e+06) (-79146.4 4142.61 -9.4107e+06) (-723.799 19375.9 -8.95435e+06) (-723.799 19375.9 -8.95435e+06) (-77609.4 10137.8 -9.6131e+06) (-77609.4 10137.8 -9.6131e+06)
3800          (146477 5203.02 -1.00197e+07) (146477 5203.02 -1.00197e+07) (146477 5203.02 -1.00197e+07) (-63458.1 -120046 -9.64452e+06) (-63458.1 -120046 -9.64452e+06) (-79146.4 4142.61 -9.4107e+06) (-79146.4 4142.61 -9.4107e+06) (-723.799 19375.9 -8.95435e+06) (-723.799 19375.9 -8.95435e+06) (-77609.4 10137.8 -9.6131e+06) (-77609.4 10137.8 -9.6131e+06)
3850          (146477 5203.02 -1.00197e+07) (146477 5203.02 -1.00197e+07) (146477 5203.02 -1.00197e+07) (-63458.1 -120046 -9.64452e+06) (-63458.1 -120046 -9.64452e+06) (-79146.4 4142.61 -9.4107e+06) (-79146.4 4142.61 -9.4107e+06) (-723.799 19375.9 -8.95435e+06) (-723.799 19375.9 -8.95435e+06) (-77609.4 10137.8 -9.6131e+06) (-77609.4 10137.8 -9.6131e+06)
3900          (146477 5203.02 -1.00197e+07) (146477 5203.02 -1.00197e+07) (146477 5203.02 -1.00197e+07) (-63458.1 -120046 -9.64452e+06) (-63458.1 -120046 -9.64452e+06) (-79146.4 4142.61 -9.4107e+06) (-79146.4 4142.61 -9.4107e+06) (-723.799 19375.9 -8.95435e+06) (-723.799 19375.9 -8.95435e+06) (-77609.4 10137.8 -9.6131e+06) (-77609.4 10137.8 -9.6131e+06)
3950          (146477 5203.02 -1.00197e+07) (146477 5203.02 -1.00197e+07) (146477 5203.02 -1.00197e+07) (-63458.1 -120046 -9.64452e+06) (-63458.1 -120046 -9.64452e+06) (-79146.4 4142.61 -9.4107e+06) (-79146.4 4142.61 -9.4107e+06) (-723.799 19375.9 -8.95435e+06) (-723.799 19375.9 -8.95435e+06) (-77609.4 10137.8 -9.6131e+06) (-77609.4 10137.8 -9.6131e+06)
4000          (146477 5203.02 -1.00197e+07) (146477 5203.02 -1.00197e+07) (146477 5203.02 -1.00197e+07) (-63458.1 -120046 -9.64452e+06) (-63458.1 -120046 -9.64452e+06) (-79146.4 4142.61 -9.4107e+06) (-79146.4 4142.61 -9.4107e+06) (-723.799 19375.9 -8.95435e+06) (-723.799 19375.9 -8.95435e+06) (-77609.4 10137.8 -9.6131e+06) (-77609.4 10137.8 -9.6131e+06)
4050          (146477 5203.02 -1.00197e+07) (146477 5203.02 -1.00197e+07) (146477 5203.02 -1.00197e+07) (-63458.1 -120046 -9.64452e+06) (-63458.1 -120046 -9.64452e+06) (-79146.4 4142.61 -9.4107e+06) (-79146.4 4142.61 -9.4107e+06) (-723.799 19375.9 -8.95435e+06) (-723.799 19375.9 -8.95435e+06) (-77609.4 10137.8 -9.6131e+06) (-77609.4 10137.8 -9.6131e+06)
4100          (146477 5203.02 -1.00197e+07) (146477 5203.02 -1.00197e+07) (146477 5203.02 -1.00197e+07) (-63458.1 -120046 -9.64452e+06) (-63458.1 -120046 -9.64452e+06) (-79146.4 4142.61 -9.4107e+06) (-79146.4 4142.61 -9.4107e+06) (-723.799 19375.9 -8.95435e+06) (-723.799 19375.9 -8.95435e+06) (-77609.4 10137.8 -9.6131e+06) (-77609.4 10137.8 -9.6131e+06)
4150          (146477 5203.02 -1.00197e+07) (146477 5203.02 -1.00197e+07) (146477 5203.02 -1.00197e+07) (-63458.1 -120046 -9.64452e+06) (-63458.1 -120046 -9.64452e+06) (-79146.4 4142.61 -9.4107e+06) (-79146.4 4142.61 -9.4107e+06) (-723.799 19375.9 -8.95435e+06) (-723.799 19375.9 -8.95435e+06) (-77609.4 10137.8 -9.6131e+06) (-77609.4 10137.8 -9.6131e+06)
4200          (146477 5203.02 -1.00197e+07) (146477 5203.02 -1.00197e+07) (146477 5203.02 -1.00197e+07) (-63458.1 -120046 -9.64452e+06) (-63458.1 -120046 -9.64452e+06) (-79146.4 4142.61 -9.4107e+06) (-79146.4 4142.61 -9.4107e+06) (-723.799 19375.9 -8.95435e+06) (-723.799 19375.9 -8.95435e+06) (-77609.4 10137.8 -9.6131e+06) (-77609.4 10137.8 -9.6131e+06)
4250          (146477 5203.02 -1.00197e+07) (146477 5203.02 -1.00197e+07) (146477 5203.02 -1.00197e+07) (-63458.1 -120046 -9.64452e+06) (-63458.1 -120046 -9.64452e+06) (-79146.4 4142.61 -9.4107e+06) (-79146.4 4142.61 -9.4107e+06) (-723.799 19375.9 -8.95435e+06) (-723.799 19375.9 -8.95435e+06) (-77609.4 10137.8 -9.6131e+06) (-77609.4 10137.8 -9.6131e+06)
4300          (146477 5203.02 -1.00197e+07) (146477 5203.02 -1.00197e+07) (146477 5203.02 -1.00197e+07) (-63458.1 -120046 -9.64452e+06) (-63458.1 -120046 -9.64452e+06) (-79146.4 4142.61 -9.4107e+06) (-79146.4 4142.61 -9.4107e+06) (-723.799 19375.9 -8.95435e+06) (-723.799 19375.9 -8.95435e+06) (-77609.4 10137.8 -9.6131e+06) (-77609.4 10137.8 -9.6131e+06)
4350          (146477 5203.02 -1.00197e+07) (146477 5203.02 -1.00197e+07) (146477 5203.02 -1.00197e+07) (-63458.1 -120046 -9.64452e+06) (-63458.1 -120046 -9.64452e+06) (-79146.4 4142.61 -9.4107e+06) (-79146.4 4142.61 -9.4107e+06) (-723.799 19375.9 -8.95435e+06) (-723.799 19375.9 -8.95435e+06) (-77609.4 10137.8 -9.6131e+06) (-77609.4 10137.8 -9.6131e+06)
4400          (146477 5203.02 -1.00197e+07) (146477 5203.02 -1.00197e+07) (146477 5203.02 -1.00197e+07) (-63458.1 -120046 -9.64452e+06) (-63458.1 -120046 -9.64452e+06) (-79146.4 4142.61 -9.4107e+06) (-79146.4 4142.61 -9.4107e+06) (-723.799 19375.9 -8.95435e+06) (-723.799 19375.9 -8.95435e+06) (-77609.4 10137.8 -9.6131e+06) (-77609.4 10137.8 -9.6131e+06)
4450          (146477 5203.02 -1.00197e+07) (146477 5203.02 -1.00197e+07) (146477 5203.02 -1.00197e+07) (-63458.1 -120046 -9.64452e+06) (-63458.1 -120046 -9.64452e+06) (-79146.4 4142.61 -9.4107e+06) (-79146.4 4142.61 -9.4107e+06) (-723.799 19375.9 -8.95435e+06) (-723.799 19375.9 -8.95435e+06) (-77609.4 10137.8 -9.6131e+06) (-77609.4 10137.8 -9.6131e+06)
4500          (146477 5203.02 -1.00197e+07) (146477 5203.02 -1.00197e+07) (146477 5203.02 -1.00197e+07) (-63458.1 -120046 -9.64452e+06) (-63458.1 -120046 -9.64452e+06) (-79146.4 4142.61 -9.4107e+06) (-79146.4 4142.61 -9.4107e+06) (-723.799 19375.9 -8.95435e+06) (-723.799 19375.9 -8.95435e+06) (-77609.4 10137.8 -9.6131e+06) (-77609.4 10137.8 -9.6131e+06)
4550          (146477 5203.02 -1.00197e+07) (146477 5203.02 -1.00197e+07) (146477 5203.02 -1.00197e+07) (-63458.1 -120046 -9.64452e+06) (-63458.1 -120046 -9.64452e+06) (-79146.4 4142.61 -9.4107e+06) (-79146.4 4142.61 -9.4107e+06) (-723.799 19375.9 -8.95435e+06) (-723.799 19375.9 -8.95435e+06) (-77609.4 10137.8 -9.6131e+06) (-77609.4 10137.8 -9.6131e+06)
4600          (146477 5203.02 -1.00197e+07) (146477 5203.02 -1.00197e+07) (146477 5203.02 -1.00197e+07) (-63458.1 -120046 -9.64452e+06) (-63458.1 -120046 -9.64452e+06) (-79146.4 4142.61 -9.4107e+06) (-79146.4 4142.61 -9.4107e+06) (-723.799 19375.9 -8.95435e+06) (-723.799 19375.9 -8.95435e+06) (-77609.4 10137.8 -9.6131e+06) (-77609.4 10137.8 -9.6131e+06)
4650          (146477 5203.02 -1.00197e+07) (146477 5203.02 -1.00197e+07) (146477 5203.02 -1.00197e+07) (-63458.1 -120046 -9.64452e+06) (-63458.1 -120046 -9.64452e+06) (-79146.4 4142.61 -9.4107e+06) (-79146.4 4142.61 -9.4107e+06) (-723.799 19375.9 -8.95435e+06) (-723.799 19375.9 -8.95435e+06) (-77609.4 10137.8 -9.6131e+06) (-77609.4 10137.8 -9.6131e+06)
4700          (146477 5203.02 -1.00197e+07) (146477 5203.02 -1.00197e+07) (146477 5203.02 -1.00197e+07) (-63458.1 -120046 -9.64452e+06) (-63458.1 -120046 -9.64452e+06) (-79146.4 4142.61 -9.4107e+06) (-79146.4 4142.61 -9.4107e+06) (-723.799 19375.9 -8.95435e+06) (-723.799 19375.9 -8.95435e+06) (-77609.4 10137.8 -9.6131e+06) (-77609.4 10137.8 -9.6131e+06)
4750          (146477 5203.02 -1.00197e+07) (146477 5203.02 -1.00197e+07) (146477 5203.02 -1.00197e+07) (-63458.1 -120046 -9.64452e+06) (-63458.1 -120046 -9.64452e+06) (-79146.4 4142.61 -9.4107e+06) (-79146.4 4142.61 -9.4107e+06) (-723.799 19375.9 -8.95435e+06) (-723.799 19375.9 -8.95435e+06) (-77609.4 10137.8 -9.6131e+06) (-77609.4 10137.8 -9.6131e+06)
4800          (146477 5203.02 -1.00197e+07) (146477 5203.02 -1.00197e+07) (146477 5203.02 -1.00197e+07) (-63458.1 -120046 -9.64452e+06) (-63458.1 -120046 -9.64452e+06) (-79146.4 4142.61 -9.4107e+06) (-79146.4 4142.61 -9.4107e+06) (-723.799 19375.9 -8.95435e+06) (-723.799 19375.9 -8.95435e+06) (-77609.4 10137.8 -9.6131e+06) (-77609.4 10137.8 -9.6131e+06)
4850          (146477 5203.02 -1.00197e+07) (146477 5203.02 -1.00197e+07) (146477 5203.02 -1.00197e+07) (-63458.1 -120046 -9.64452e+06) (-63458.1 -120046 -9.64452e+06) (-79146.4 4142.61 -9.4107e+06) (-79146.4 4142.61 -9.4107e+06) (-723.799 19375.9 -8.95435e+06) (-723.799 19375.9 -8.95435e+06) (-77609.4 10137.8 -9.6131e+06) (-77609.4 10137.8 -9.6131e+06)
4900          (146477 5203.02 -1.00197e+07) (146477 5203.02 -1.00197e+07) (146477 5203.02 -1.00197e+07) (-63458.1 -120046 -9.64452e+06) (-63458.1 -120046 -9.64452e+06) (-79146.4 4142.61 -9.4107e+06) (-79146.4 4142.61 -9.4107e+06) (-723.799 19375.9 -8.95435e+06) (-723.799 19375.9 -8.95435e+06) (-77609.4 10137.8 -9.6131e+06) (-77609.4 10137.8 -9.6131e+06)
4950          (146477 5203.02 -1.00197e+07) (146477 5203.02 -1.00197e+07) (146477 5203.02 -1.00197e+07) (-63458.1 -120046 -9.64452e+06) (-63458.1 -120046 -9.64452e+06) (-79146.4 4142.61 -9.4107e+06) (-79146.4 4142.61 -9.4107e+06) (-723.799 19375.9 -8.95435e+06) (-723.799 19375.9 -8.95435e+06) (-77609.4 10137.8 -9.6131e+06) (-77609.4 10137.8 -9.6131e+06)
5000          (146477 5203.02 -1.00197e+07) (146477 5203.02 -1.00197e+07) (146477 5203.02 -1.00197e+07) (-63458.1 -120046 -9.64452e+06) (-63458.1 -120046 -9.64452e+06) (-79146.4 4142.61 -9.4107e+06) (-79146.4 4142.61 -9.4107e+06) (-723.799 19375.9 -8.95435e+06) (-723.799 19375.9 -8.95435e+06) (-77609.4 10137.8 -9.6131e+06) (-77609.4 10137.8 -9.6131e+06)
