# Probe 0 (0.0015 0.0015 0)
# Probe 1 (0.0015 0.0015 0.002)
# Probe 2 (0.0015 0.0015 0.004)
# Probe 3 (0.0015 0.0015 0.006)
# Probe 4 (0.0015 0.0015 0.008)
# Probe 5 (0.0015 0.0015 0.01)
# Probe 6 (0.0015 0.0015 0.012)
# Probe 7 (0.0015 0.0015 0.014)
# Probe 8 (0.0015 0.0015 0.016)
# Probe 9 (0.0015 0.0015 0.018)
# Probe 10 (0.0015 0.0015 0.02)
# Time        0             1             2             3             4             5             6             7             8             9             10           
50            (-41.2736 15.1761 19361) (-41.2736 15.1761 19361) (-41.2736 15.1761 19361) (84.6733 -60.3418 4995.24) (84.6733 -60.3418 4995.24) (21.5523 -2.43927 925.071) (21.5523 -2.43927 925.071) (5.29927 -2.55084 -32.934) (5.29927 -2.55084 -32.934) (2.57769 26.7019 -1018) (2.57769 26.7019 -1018)
100           (-155.781 -69.8733 17971.7) (-155.781 -69.8733 17971.7) (-155.781 -69.8733 17971.7) (139.899 -29.0521 7796.98) (139.899 -29.0521 7796.98) (48.6888 -3.81717 2104.36) (48.6888 -3.81717 2104.36) (9.33436 -4.85952 92.5061) (9.33436 -4.85952 92.5061) (-0.199803 19.7929 -979.616) (-0.199803 19.7929 -979.616)
150           (-111.249 -29.668 16195.6) (-111.249 -29.668 16195.6) (-111.249 -29.668 16195.6) (177.592 35.4945 9141.59) (177.592 35.4945 9141.59) (91.0752 -4.20896 3702.56) (91.0752 -4.20896 3702.56) (16.1418 -8.5674 335.434) (16.1418 -8.5674 335.434) (-2.27999 13.0425 -914.008) (-2.27999 13.0425 -914.008)
200           (-103.759 -17.0292 14478.7) (-103.759 -17.0292 14478.7) (-103.759 -17.0292 14478.7) (140.538 66.1916 9583.53) (140.538 66.1916 9583.53) (136.651 -6.97606 5223.88) (136.651 -6.97606 5223.88) (26.3137 -13.6002 733.63) (26.3137 -13.6002 733.63) (-2.91458 7.84109 -806.408) (-2.91458 7.84109 -806.408)
250           (-96.3348 -13.8016 13061.2) (-96.3348 -13.8016 13061.2) (-96.3348 -13.8016 13061.2) (108.455 75.4262 9568.84) (108.455 75.4262 9568.84) (162.691 -12.2029 6380.7) (162.691 -12.2029 6380.7) (39.5959 -18.5601 1292.04) (39.5959 -18.5601 1292.04) (-1.89688 4.45627 -634.984) (-1.89688 4.45627 -634.984)
300           (-89.5813 -11.643 11980.3) (-89.5813 -11.643 11980.3) (-89.5813 -11.643 11980.3) (94.1012 77.9913 9285.81) (94.1012 77.9913 9285.81) (162.128 -9.26419 7112.88) (162.128 -9.26419 7112.88) (52.4942 -19.8799 1929.03) (52.4942 -19.8799 1929.03) (0.791468 2.42255 -376.489) (0.791468 2.42255 -376.489)
350           (-83.889 -10.2373 11135) (-83.889 -10.2373 11135) (-83.889 -10.2373 11135) (85.4085 76.7617 8874.87) (85.4085 76.7617 8874.87) (145.123 -5.45354 7505.75) (145.123 -5.45354 7505.75) (58.3824 -15.986 2544.36) (58.3824 -15.986 2544.36) (5.21363 1.00118 -9.87179) (5.21363 1.00118 -9.87179)
400           (-78.9259 -9.29435 10431.2) (-78.9259 -9.29435 10431.2) (-78.9259 -9.29435 10431.2) (78.5191 73.9757 8439.56) (78.5191 73.9757 8439.56) (126.072 -5.01369 7653.03) (126.072 -5.01369 7653.03) (53.8642 -10.992 3068.41) (53.8642 -10.992 3068.41) (11.4641 -0.512925 468.125) (11.4641 -0.512925 468.125)
450           (-74.563 -8.57648 9824.67) (-74.563 -8.57648 9824.67) (-74.563 -8.57648 9824.67) (72.7791 70.9478 8029.12) (72.7791 70.9478 8029.12) (111.944 -5.00918 7623.71) (111.944 -5.00918 7623.71) (43.6764 -9.9309 3472.73) (43.6764 -9.9309 3472.73) (19.4325 -2.26955 1033.82) (19.4325 -2.26955 1033.82)
500           (-70.679 -7.97497 9293.56) (-70.679 -7.97497 9293.56) (-70.679 -7.97497 9293.56) (68.0148 68.0347 7651.96) (68.0148 68.0347 7651.96) (102.312 -4.76003 7481.76) (102.312 -4.76003 7481.76) (34.5333 -12.1176 3766.32) (34.5333 -12.1176 3766.32) (28.5367 -3.50913 1644.3) (28.5367 -3.50913 1644.3)
550           (-67.2244 -7.4804 8822.31) (-67.2244 -7.4804 8822.31) (-67.2244 -7.4804 8822.31) (63.9508 65.2754 7306) (63.9508 65.2754 7306) (94.9331 -4.55534 7289.8) (94.9331 -4.55534 7289.8) (28.2358 -14.4668 3975.36) (28.2358 -14.4668 3975.36) (37.5877 -3.59871 2251.25) (37.5877 -3.59871 2251.25)
600           (-64.1341 -7.04955 8402.01) (-64.1341 -7.04955 8402.01) (-64.1341 -7.04955 8402.01) (60.3841 62.7513 6993.37) (60.3841 62.7513 6993.37) (88.7148 -4.39628 7095.65) (88.7148 -4.39628 7095.65) (23.9609 -15.8867 4126.91) (23.9609 -15.8867 4126.91) (45.4547 -2.58228 2815.29) (45.4547 -2.58228 2815.29)
650           (-61.4107 -6.6658 8030.16) (-61.4107 -6.6658 8030.16) (-61.4107 -6.6658 8030.16) (57.2092 60.5518 6718.46) (57.2092 60.5518 6718.46) (83.3173 -4.25943 6924.55) (83.3173 -4.25943 6924.55) (20.7456 -16.6528 4242.38) (20.7456 -16.6528 4242.38) (51.5302 -1.07966 3313.81) (51.5302 -1.07966 3313.81)
700           (-59.063 -6.32393 7706.99) (-59.063 -6.32393 7706.99) (-59.063 -6.32393 7706.99) (54.4074 58.7179 6483.62) (54.4074 58.7179 6483.62) (78.6909 -4.13267 6784.48) (78.6909 -4.13267 6784.48) (18.1162 -17.0939 4335.87) (18.1162 -17.0939 4335.87) (55.9595 0.35214 3738.73) (55.9595 0.35214 3738.73)
750           (-57.0856 -6.02416 7432.17) (-57.0856 -6.02416 7432.17) (-57.0856 -6.02416 7432.17) (51.9851 57.2394 6288.14) (51.9851 57.2394 6288.14) (74.8126 -4.01589 6674.7) (74.8126 -4.01589 6674.7) (15.9239 -17.368 4414.93) (15.9239 -17.368 4414.93) (59.2352 1.45582 4091.01) (59.2352 1.45582 4091.01)
800           (-55.4944 -5.77107 7203.67) (-55.4944 -5.77107 7203.67) (-55.4944 -5.77107 7203.67) (49.8948 56.1013 6128.76) (49.8948 56.1013 6128.76) (71.5502 -3.90568 6590.89) (71.5502 -3.90568 6590.89) (14.0486 -17.5024 4482.68) (14.0486 -17.5024 4482.68) (61.7537 2.14278 4376.66) (61.7537 2.14278 4376.66)
850           (-54.17 -5.5554 7017.27) (-54.17 -5.5554 7017.27) (-54.17 -5.5554 7017.27) (48.2139 55.1969 6001.55) (48.2139 55.1969 6001.55) (69.0028 -3.81817 6528.37) (69.0028 -3.81817 6528.37) (12.6177 -17.643 4540.19) (12.6177 -17.643 4540.19) (63.777 2.64023 4604) (63.777 2.64023 4604)
900           (-53.1163 -5.37861 6867.89) (-53.1163 -5.37861 6867.89) (-53.1163 -5.37861 6867.89) (46.8534 54.5073 5901.41) (46.8534 54.5073 5901.41) (66.9867 -3.74557 6482.19) (66.9867 -3.74557 6482.19) (11.491 -17.7499 4588.1) (11.491 -17.7499 4588.1) (65.3979 2.95375 4782.36) (65.3979 2.95375 4782.36)
950           (-52.2893 -5.23644 6749.96) (-52.2893 -5.23644 6749.96) (-52.2893 -5.23644 6749.96) (45.7706 53.9854 5823.5) (45.7706 53.9854 5823.5) (65.4111 -3.68673 6448.24) (65.4111 -3.68673 6448.24) (10.6152 -17.8326 4627.16) (10.6152 -17.8326 4627.16) (66.6851 3.15057 4920.74) (66.6851 3.15057 4920.74)
1000          (-51.6472 -5.12393 6657.95) (-51.6472 -5.12393 6657.95) (-51.6472 -5.12393 6657.95) (44.9207 53.5923 5763.44) (44.9207 53.5923 5763.44) (64.1924 -3.63992 6423.31) (64.1924 -3.63992 6423.31) (9.94108 -17.8969 4658.4) (9.94108 -17.8969 4658.4) (67.6949 3.27533 5027.2) (67.6949 3.27533 5027.2)
1050          (-51.1529 -5.03601 6586.84) (-51.1529 -5.03601 6586.84) (-51.1529 -5.03601 6586.84) (44.2608 53.297 5717.46) (44.2608 53.297 5717.46) (63.2571 -3.60323 6404.95) (63.2571 -3.60323 6404.95) (9.42579 -17.9466 4682.99) (9.42579 -17.9466 4682.99) (68.4782 3.35579 5108.58) (68.4782 3.35579 5108.58)
1100          (-50.7747 -4.968 6532.29) (-50.7747 -4.968 6532.29) (-50.7747 -4.968 6532.29) (43.7528 53.0755 5682.43) (43.7528 53.0755 5682.43) (62.5436 -3.5748 6391.4) (62.5436 -3.5748 6391.4) (9.03391 -17.9849 4702.12) (9.03391 -17.9849 4702.12) (69.0807 3.40878 5170.5) (69.0807 3.40878 5170.5)
1150          (-50.4771 -4.91399 6490.68) (-50.4771 -4.91399 6490.68) (-50.4771 -4.91399 6490.68) (43.3742 52.904 5655.85) (43.3742 52.904 5655.85) (62.0295 -3.54497 6381.37) (62.0295 -3.54497 6381.37) (8.75373 -18.0244 4716.86) (8.75373 -18.0244 4716.86) (69.5582 3.46397 5217.43) (69.5582 3.46397 5217.43)
1200          (-50.2611 -4.87457 6459.07) (-50.2611 -4.87457 6459.07) (-50.2611 -4.87457 6459.07) (43.0762 52.7807 5635.75) (43.0762 52.7807 5635.75) (61.6124 -3.53017 6373.92) (61.6124 -3.53017 6373.92) (8.52531 -18.0442 4728.14) (8.52531 -18.0442 4728.14) (69.904 3.48391 5252.93) (69.904 3.48391 5252.93)
1250          (-50.0978 -4.84462 6435.13) (-50.0978 -4.84462 6435.13) (-50.0978 -4.84462 6435.13) (42.8502 52.6883 5620.57) (42.8502 52.6883 5620.57) (61.2973 -3.51896 6368.38) (61.2973 -3.51896 6368.38) (8.35289 -18.0593 4736.72) (8.35289 -18.0593 4736.72) (70.1658 3.49742 5279.71) (70.1658 3.49742 5279.71)
1300          (-49.9745 -4.82194 6417.04) (-49.9745 -4.82194 6417.04) (-49.9745 -4.82194 6417.04) (42.6793 52.6191 5609.14) (42.6793 52.6191 5609.14) (61.0597 -3.51047 6364.25) (61.0597 -3.51047 6364.25) (8.223 -18.0707 4743.23) (8.223 -18.0707 4743.23) (70.3636 3.50683 5299.89) (70.3636 3.50683 5299.89)
1350          (-49.8802 -4.80654 6403.4) (-49.8802 -4.80654 6403.4) (-49.8802 -4.80654 6403.4) (42.5577 52.5586 5600.52) (42.5577 52.5586 5600.52) (60.8922 -3.51175 6361.16) (60.8922 -3.51175 6361.16) (8.13874 -18.0919 4748.16) (8.13874 -18.0919 4748.16) (70.5086 3.52164 5315.08) (70.5086 3.52164 5315.08)
1400          (-49.813 -4.79268 6393.13) (-49.813 -4.79268 6393.13) (-49.813 -4.79268 6393.13) (42.4547 52.5261 5594.05) (42.4547 52.5261 5594.05) (60.7467 -3.50281 6358.85) (60.7467 -3.50281 6358.85) (8.05494 -18.0885 4751.87) (8.05494 -18.0885 4751.87) (70.6212 3.51895 5326.5) (70.6212 3.51895 5326.5)
1450          (-49.7601 -4.78262 6385.41) (-49.7601 -4.78262 6385.41) (-49.7601 -4.78262 6385.41) (42.3783 52.4938 5589.18) (42.3783 52.4938 5589.18) (60.6458 -3.49875 6357.12) (60.6458 -3.49875 6357.12) (7.99466 -18.0965 4754.67) (7.99466 -18.0965 4754.67) (70.7044 3.52352 5335.08) (70.7044 3.52352 5335.08)
1500          (-49.7146 -4.772 6379.62) (-49.7146 -4.772 6379.62) (-49.7146 -4.772 6379.62) (42.3251 52.4949 5585.54) (42.3251 52.4949 5585.54) (60.5493 -3.49579 6355.83) (60.5493 -3.49579 6355.83) (7.95039 -18.0818 4756.76) (7.95039 -18.0818 4756.76) (70.7608 3.52014 5341.51) (70.7608 3.52014 5341.51)
1550          (-49.6848 -4.76709 6375.27) (-49.6848 -4.76709 6375.27) (-49.6848 -4.76709 6375.27) (42.2855 52.4734 5582.8) (42.2855 52.4734 5582.8) (60.5013 -3.49286 6354.86) (60.5013 -3.49286 6354.86) (7.9212 -18.0912 4758.34) (7.9212 -18.0912 4758.34) (70.8114 3.52697 5346.34) (70.8114 3.52697 5346.34)
1600          (-49.6834 -4.76786 6372.12) (-49.6834 -4.76786 6372.12) (-49.6834 -4.76786 6372.12) (42.2432 52.4448 5580.8) (42.2432 52.4448 5580.8) (60.4564 -3.49235 6354.13) (60.4564 -3.49235 6354.13) (7.88955 -18.0947 4759.48) (7.88955 -18.0947 4759.48) (70.8495 3.51177 5349.86) (70.8495 3.51177 5349.86)
1650          (-49.6453 -4.75979 6369.7) (-49.6453 -4.75979 6369.7) (-49.6453 -4.75979 6369.7) (42.2344 52.4519 5579.28) (42.2344 52.4519 5579.28) (60.4315 -3.48998 6353.6) (60.4315 -3.48998 6353.6) (7.88174 -18.0978 4760.35) (7.88174 -18.0978 4760.35) (70.8728 3.53356 5352.54) (70.8728 3.53356 5352.54)
1700          (-49.6523 -4.76191 6367.88) (-49.6523 -4.76191 6367.88) (-49.6523 -4.76191 6367.88) (42.2039 52.4297 5578.12) (42.2039 52.4297 5578.12) (60.4012 -3.49013 6353.18) (60.4012 -3.49013 6353.18) (7.86033 -18.097 4761.01) (7.86033 -18.097 4761.01) (70.8972 3.51375 5354.58) (70.8972 3.51375 5354.58)
1750          (-49.6409 -4.75958 6366.53) (-49.6409 -4.75958 6366.53) (-49.6409 -4.75958 6366.53) (42.1923 52.4217 5577.28) (42.1923 52.4217 5577.28) (60.3891 -3.48769 6352.88) (60.3891 -3.48769 6352.88) (7.8526 -18.1002 4761.5) (7.8526 -18.1002 4761.5) (70.9167 3.51465 5356.07) (70.9167 3.51465 5356.07)
1800          (-49.6212 -4.75589 6365.56) (-49.6212 -4.75589 6365.56) (-49.6212 -4.75589 6365.56) (42.1947 52.4271 5576.67) (42.1947 52.4271 5576.67) (60.3845 -3.48839 6352.66) (60.3845 -3.48839 6352.66) (7.8545 -18.1065 4761.84) (7.8545 -18.1065 4761.84) (70.9184 3.54078 5357.15) (70.9184 3.54078 5357.15)
1850          (-49.6272 -4.7566 6364.78) (-49.6272 -4.7566 6364.78) (-49.6272 -4.7566 6364.78) (42.1763 52.4212 5576.17) (42.1763 52.4212 5576.17) (60.361 -3.48761 6352.48) (60.361 -3.48761 6352.48) (7.83883 -18.098 4762.13) (7.83883 -18.098 4762.13) (70.9344 3.51212 5358.03) (70.9344 3.51212 5358.03)
1900          (-49.6136 -4.75476 6364.21) (-49.6136 -4.75476 6364.21) (-49.6136 -4.75476 6364.21) (42.1808 52.4212 5575.81) (42.1808 52.4212 5575.81) (60.3655 -3.48777 6352.35) (60.3655 -3.48777 6352.35) (7.84349 -18.1066 4762.33) (7.84349 -18.1066 4762.33) (70.933 3.54245 5358.66) (70.933 3.54245 5358.66)
1950          (-49.6187 -4.75484 6363.81) (-49.6187 -4.75484 6363.81) (-49.6187 -4.75484 6363.81) (42.1684 52.419 5575.55) (42.1684 52.419 5575.55) (60.3491 -3.48699 6352.26) (60.3491 -3.48699 6352.26) (7.83261 -18.099 4762.48) (7.83261 -18.099 4762.48) (70.9456 3.5126 5359.11) (70.9456 3.5126 5359.11)
2000          (-49.6099 -4.75402 6363.56) (-49.6099 -4.75402 6363.56) (-49.6099 -4.75402 6363.56) (42.1743 52.4175 5575.4) (42.1743 52.4175 5575.4) (60.3573 -3.48746 6352.2) (60.3573 -3.48746 6352.2) (7.83869 -18.1072 4762.56) (7.83869 -18.1072 4762.56) (70.9406 3.54319 5359.38) (70.9406 3.54319 5359.38)
2050          (-49.6145 -4.75398 6363.32) (-49.6145 -4.75398 6363.32) (-49.6145 -4.75398 6363.32) (42.1647 52.4178 5575.24) (42.1647 52.4178 5575.24) (60.3433 -3.48682 6352.14) (60.3433 -3.48682 6352.14) (7.82962 -18.0999 4762.65) (7.82962 -18.0999 4762.65) (70.9508 3.51308 5359.66) (70.9508 3.51308 5359.66)
2100          (-49.6131 -4.7537 6363.17) (-49.6131 -4.7537 6363.17) (-49.6131 -4.7537 6363.17) (42.1635 52.4174 5575.14) (42.1635 52.4174 5575.14) (60.3414 -3.48678 6352.1) (60.3414 -3.48678 6352.1) (7.82855 -18.1002 4762.71) (7.82855 -18.1002 4762.71) (70.9525 3.51332 5359.84) (70.9525 3.51332 5359.84)
2150          (-49.6071 -4.75345 6363.09) (-49.6071 -4.75345 6363.09) (-49.6071 -4.75345 6363.09) (42.1697 52.415 5575.09) (42.1697 52.415 5575.09) (60.3505 -3.48776 6352.08) (60.3505 -3.48776 6352.08) (7.83468 -18.1077 4762.73) (7.83468 -18.1077 4762.73) (70.9458 3.54367 5359.93) (70.9458 3.54367 5359.93)
2200          (-49.6117 -4.75343 6363.01) (-49.6117 -4.75343 6363.01) (-49.6117 -4.75343 6363.01) (42.1624 52.417 5575.04) (42.1624 52.417 5575.04) (60.3394 -3.48668 6352.06) (60.3394 -3.48668 6352.06) (7.82743 -18.1004 4762.76) (7.82743 -18.1004 4762.76) (70.9541 3.5138 5360.02) (70.9541 3.5138 5360.02)
2250          (-49.6117 -4.75343 6363.01) (-49.6117 -4.75343 6363.01) (-49.6117 -4.75343 6363.01) (42.1624 52.417 5575.04) (42.1624 52.417 5575.04) (60.3394 -3.48668 6352.06) (60.3394 -3.48668 6352.06) (7.82743 -18.1004 4762.76) (7.82743 -18.1004 4762.76) (70.9541 3.5138 5360.02) (70.9541 3.5138 5360.02)
2300          (-49.6117 -4.75343 6363.01) (-49.6117 -4.75343 6363.01) (-49.6117 -4.75343 6363.01) (42.1624 52.417 5575.04) (42.1624 52.417 5575.04) (60.3394 -3.48668 6352.06) (60.3394 -3.48668 6352.06) (7.82743 -18.1004 4762.76) (7.82743 -18.1004 4762.76) (70.9541 3.5138 5360.02) (70.9541 3.5138 5360.02)
2350          (-49.6117 -4.75343 6363.01) (-49.6117 -4.75343 6363.01) (-49.6117 -4.75343 6363.01) (42.1624 52.417 5575.04) (42.1624 52.417 5575.04) (60.3394 -3.48668 6352.06) (60.3394 -3.48668 6352.06) (7.82743 -18.1004 4762.76) (7.82743 -18.1004 4762.76) (70.9541 3.5138 5360.02) (70.9541 3.5138 5360.02)
2400          (-49.6117 -4.75343 6363.01) (-49.6117 -4.75343 6363.01) (-49.6117 -4.75343 6363.01) (42.1624 52.417 5575.04) (42.1624 52.417 5575.04) (60.3394 -3.48668 6352.06) (60.3394 -3.48668 6352.06) (7.82743 -18.1004 4762.76) (7.82743 -18.1004 4762.76) (70.9541 3.5138 5360.02) (70.9541 3.5138 5360.02)
2450          (-49.6117 -4.75343 6363.01) (-49.6117 -4.75343 6363.01) (-49.6117 -4.75343 6363.01) (42.1624 52.417 5575.04) (42.1624 52.417 5575.04) (60.3394 -3.48668 6352.06) (60.3394 -3.48668 6352.06) (7.82743 -18.1004 4762.76) (7.82743 -18.1004 4762.76) (70.9541 3.5138 5360.02) (70.9541 3.5138 5360.02)
2500          (-49.6117 -4.75343 6363.01) (-49.6117 -4.75343 6363.01) (-49.6117 -4.75343 6363.01) (42.1624 52.417 5575.04) (42.1624 52.417 5575.04) (60.3394 -3.48668 6352.06) (60.3394 -3.48668 6352.06) (7.82743 -18.1004 4762.76) (7.82743 -18.1004 4762.76) (70.9541 3.5138 5360.02) (70.9541 3.5138 5360.02)
2550          (-49.6117 -4.75343 6363.01) (-49.6117 -4.75343 6363.01) (-49.6117 -4.75343 6363.01) (42.1624 52.417 5575.04) (42.1624 52.417 5575.04) (60.3394 -3.48668 6352.06) (60.3394 -3.48668 6352.06) (7.82743 -18.1004 4762.76) (7.82743 -18.1004 4762.76) (70.9541 3.5138 5360.02) (70.9541 3.5138 5360.02)
2600          (-49.6117 -4.75343 6363.01) (-49.6117 -4.75343 6363.01) (-49.6117 -4.75343 6363.01) (42.1624 52.417 5575.04) (42.1624 52.417 5575.04) (60.3394 -3.48668 6352.06) (60.3394 -3.48668 6352.06) (7.82743 -18.1004 4762.76) (7.82743 -18.1004 4762.76) (70.9541 3.5138 5360.02) (70.9541 3.5138 5360.02)
2650          (-49.6117 -4.75343 6363.01) (-49.6117 -4.75343 6363.01) (-49.6117 -4.75343 6363.01) (42.1624 52.417 5575.04) (42.1624 52.417 5575.04) (60.3394 -3.48668 6352.06) (60.3394 -3.48668 6352.06) (7.82743 -18.1004 4762.76) (7.82743 -18.1004 4762.76) (70.9541 3.5138 5360.02) (70.9541 3.5138 5360.02)
2700          (-49.6117 -4.75343 6363.01) (-49.6117 -4.75343 6363.01) (-49.6117 -4.75343 6363.01) (42.1624 52.417 5575.04) (42.1624 52.417 5575.04) (60.3394 -3.48668 6352.06) (60.3394 -3.48668 6352.06) (7.82743 -18.1004 4762.76) (7.82743 -18.1004 4762.76) (70.9541 3.5138 5360.02) (70.9541 3.5138 5360.02)
2750          (-49.6117 -4.75343 6363.01) (-49.6117 -4.75343 6363.01) (-49.6117 -4.75343 6363.01) (42.1624 52.417 5575.04) (42.1624 52.417 5575.04) (60.3394 -3.48668 6352.06) (60.3394 -3.48668 6352.06) (7.82743 -18.1004 4762.76) (7.82743 -18.1004 4762.76) (70.9541 3.5138 5360.02) (70.9541 3.5138 5360.02)
2800          (-49.6117 -4.75343 6363.01) (-49.6117 -4.75343 6363.01) (-49.6117 -4.75343 6363.01) (42.1624 52.417 5575.04) (42.1624 52.417 5575.04) (60.3394 -3.48668 6352.06) (60.3394 -3.48668 6352.06) (7.82743 -18.1004 4762.76) (7.82743 -18.1004 4762.76) (70.9541 3.5138 5360.02) (70.9541 3.5138 5360.02)
2850          (-49.6117 -4.75343 6363.01) (-49.6117 -4.75343 6363.01) (-49.6117 -4.75343 6363.01) (42.1624 52.417 5575.04) (42.1624 52.417 5575.04) (60.3394 -3.48668 6352.06) (60.3394 -3.48668 6352.06) (7.82743 -18.1004 4762.76) (7.82743 -18.1004 4762.76) (70.9541 3.5138 5360.02) (70.9541 3.5138 5360.02)
2900          (-49.6117 -4.75343 6363.01) (-49.6117 -4.75343 6363.01) (-49.6117 -4.75343 6363.01) (42.1624 52.417 5575.04) (42.1624 52.417 5575.04) (60.3394 -3.48668 6352.06) (60.3394 -3.48668 6352.06) (7.82743 -18.1004 4762.76) (7.82743 -18.1004 4762.76) (70.9541 3.5138 5360.02) (70.9541 3.5138 5360.02)
2950          (-49.6117 -4.75343 6363.01) (-49.6117 -4.75343 6363.01) (-49.6117 -4.75343 6363.01) (42.1624 52.417 5575.04) (42.1624 52.417 5575.04) (60.3394 -3.48668 6352.06) (60.3394 -3.48668 6352.06) (7.82743 -18.1004 4762.76) (7.82743 -18.1004 4762.76) (70.9541 3.5138 5360.02) (70.9541 3.5138 5360.02)
3000          (-49.6117 -4.75343 6363.01) (-49.6117 -4.75343 6363.01) (-49.6117 -4.75343 6363.01) (42.1624 52.417 5575.04) (42.1624 52.417 5575.04) (60.3394 -3.48668 6352.06) (60.3394 -3.48668 6352.06) (7.82743 -18.1004 4762.76) (7.82743 -18.1004 4762.76) (70.9541 3.5138 5360.02) (70.9541 3.5138 5360.02)
3050          (-49.6117 -4.75343 6363.01) (-49.6117 -4.75343 6363.01) (-49.6117 -4.75343 6363.01) (42.1624 52.417 5575.04) (42.1624 52.417 5575.04) (60.3394 -3.48668 6352.06) (60.3394 -3.48668 6352.06) (7.82743 -18.1004 4762.76) (7.82743 -18.1004 4762.76) (70.9541 3.5138 5360.02) (70.9541 3.5138 5360.02)
3100          (-49.6117 -4.75343 6363.01) (-49.6117 -4.75343 6363.01) (-49.6117 -4.75343 6363.01) (42.1624 52.417 5575.04) (42.1624 52.417 5575.04) (60.3394 -3.48668 6352.06) (60.3394 -3.48668 6352.06) (7.82743 -18.1004 4762.76) (7.82743 -18.1004 4762.76) (70.9541 3.5138 5360.02) (70.9541 3.5138 5360.02)
3150          (-49.6117 -4.75343 6363.01) (-49.6117 -4.75343 6363.01) (-49.6117 -4.75343 6363.01) (42.1624 52.417 5575.04) (42.1624 52.417 5575.04) (60.3394 -3.48668 6352.06) (60.3394 -3.48668 6352.06) (7.82743 -18.1004 4762.76) (7.82743 -18.1004 4762.76) (70.9541 3.5138 5360.02) (70.9541 3.5138 5360.02)
3200          (-49.6117 -4.75343 6363.01) (-49.6117 -4.75343 6363.01) (-49.6117 -4.75343 6363.01) (42.1624 52.417 5575.04) (42.1624 52.417 5575.04) (60.3394 -3.48668 6352.06) (60.3394 -3.48668 6352.06) (7.82743 -18.1004 4762.76) (7.82743 -18.1004 4762.76) (70.9541 3.5138 5360.02) (70.9541 3.5138 5360.02)
3250          (-49.6117 -4.75343 6363.01) (-49.6117 -4.75343 6363.01) (-49.6117 -4.75343 6363.01) (42.1624 52.417 5575.04) (42.1624 52.417 5575.04) (60.3394 -3.48668 6352.06) (60.3394 -3.48668 6352.06) (7.82743 -18.1004 4762.76) (7.82743 -18.1004 4762.76) (70.9541 3.5138 5360.02) (70.9541 3.5138 5360.02)
3300          (-49.6117 -4.75343 6363.01) (-49.6117 -4.75343 6363.01) (-49.6117 -4.75343 6363.01) (42.1624 52.417 5575.04) (42.1624 52.417 5575.04) (60.3394 -3.48668 6352.06) (60.3394 -3.48668 6352.06) (7.82743 -18.1004 4762.76) (7.82743 -18.1004 4762.76) (70.9541 3.5138 5360.02) (70.9541 3.5138 5360.02)
3350          (-49.6117 -4.75343 6363.01) (-49.6117 -4.75343 6363.01) (-49.6117 -4.75343 6363.01) (42.1624 52.417 5575.04) (42.1624 52.417 5575.04) (60.3394 -3.48668 6352.06) (60.3394 -3.48668 6352.06) (7.82743 -18.1004 4762.76) (7.82743 -18.1004 4762.76) (70.9541 3.5138 5360.02) (70.9541 3.5138 5360.02)
3400          (-49.6117 -4.75343 6363.01) (-49.6117 -4.75343 6363.01) (-49.6117 -4.75343 6363.01) (42.1624 52.417 5575.04) (42.1624 52.417 5575.04) (60.3394 -3.48668 6352.06) (60.3394 -3.48668 6352.06) (7.82743 -18.1004 4762.76) (7.82743 -18.1004 4762.76) (70.9541 3.5138 5360.02) (70.9541 3.5138 5360.02)
3450          (-49.6117 -4.75343 6363.01) (-49.6117 -4.75343 6363.01) (-49.6117 -4.75343 6363.01) (42.1624 52.417 5575.04) (42.1624 52.417 5575.04) (60.3394 -3.48668 6352.06) (60.3394 -3.48668 6352.06) (7.82743 -18.1004 4762.76) (7.82743 -18.1004 4762.76) (70.9541 3.5138 5360.02) (70.9541 3.5138 5360.02)
3500          (-49.6117 -4.75343 6363.01) (-49.6117 -4.75343 6363.01) (-49.6117 -4.75343 6363.01) (42.1624 52.417 5575.04) (42.1624 52.417 5575.04) (60.3394 -3.48668 6352.06) (60.3394 -3.48668 6352.06) (7.82743 -18.1004 4762.76) (7.82743 -18.1004 4762.76) (70.9541 3.5138 5360.02) (70.9541 3.5138 5360.02)
3550          (-49.6117 -4.75343 6363.01) (-49.6117 -4.75343 6363.01) (-49.6117 -4.75343 6363.01) (42.1624 52.417 5575.04) (42.1624 52.417 5575.04) (60.3394 -3.48668 6352.06) (60.3394 -3.48668 6352.06) (7.82743 -18.1004 4762.76) (7.82743 -18.1004 4762.76) (70.9541 3.5138 5360.02) (70.9541 3.5138 5360.02)
3600          (-49.6117 -4.75343 6363.01) (-49.6117 -4.75343 6363.01) (-49.6117 -4.75343 6363.01) (42.1624 52.417 5575.04) (42.1624 52.417 5575.04) (60.3394 -3.48668 6352.06) (60.3394 -3.48668 6352.06) (7.82743 -18.1004 4762.76) (7.82743 -18.1004 4762.76) (70.9541 3.5138 5360.02) (70.9541 3.5138 5360.02)
3650          (-49.6117 -4.75343 6363.01) (-49.6117 -4.75343 6363.01) (-49.6117 -4.75343 6363.01) (42.1624 52.417 5575.04) (42.1624 52.417 5575.04) (60.3394 -3.48668 6352.06) (60.3394 -3.48668 6352.06) (7.82743 -18.1004 4762.76) (7.82743 -18.1004 4762.76) (70.9541 3.5138 5360.02) (70.9541 3.5138 5360.02)
3700          (-49.6117 -4.75343 6363.01) (-49.6117 -4.75343 6363.01) (-49.6117 -4.75343 6363.01) (42.1624 52.417 5575.04) (42.1624 52.417 5575.04) (60.3394 -3.48668 6352.06) (60.3394 -3.48668 6352.06) (7.82743 -18.1004 4762.76) (7.82743 -18.1004 4762.76) (70.9541 3.5138 5360.02) (70.9541 3.5138 5360.02)
3750          (-49.6117 -4.75343 6363.01) (-49.6117 -4.75343 6363.01) (-49.6117 -4.75343 6363.01) (42.1624 52.417 5575.04) (42.1624 52.417 5575.04) (60.3394 -3.48668 6352.06) (60.3394 -3.48668 6352.06) (7.82743 -18.1004 4762.76) (7.82743 -18.1004 4762.76) (70.9541 3.5138 5360.02) (70.9541 3.5138 5360.02)
3800          (-49.6117 -4.75343 6363.01) (-49.6117 -4.75343 6363.01) (-49.6117 -4.75343 6363.01) (42.1624 52.417 5575.04) (42.1624 52.417 5575.04) (60.3394 -3.48668 6352.06) (60.3394 -3.48668 6352.06) (7.82743 -18.1004 4762.76) (7.82743 -18.1004 4762.76) (70.9541 3.5138 5360.02) (70.9541 3.5138 5360.02)
3850          (-49.6117 -4.75343 6363.01) (-49.6117 -4.75343 6363.01) (-49.6117 -4.75343 6363.01) (42.1624 52.417 5575.04) (42.1624 52.417 5575.04) (60.3394 -3.48668 6352.06) (60.3394 -3.48668 6352.06) (7.82743 -18.1004 4762.76) (7.82743 -18.1004 4762.76) (70.9541 3.5138 5360.02) (70.9541 3.5138 5360.02)
3900          (-49.6117 -4.75343 6363.01) (-49.6117 -4.75343 6363.01) (-49.6117 -4.75343 6363.01) (42.1624 52.417 5575.04) (42.1624 52.417 5575.04) (60.3394 -3.48668 6352.06) (60.3394 -3.48668 6352.06) (7.82743 -18.1004 4762.76) (7.82743 -18.1004 4762.76) (70.9541 3.5138 5360.02) (70.9541 3.5138 5360.02)
3950          (-49.6117 -4.75343 6363.01) (-49.6117 -4.75343 6363.01) (-49.6117 -4.75343 6363.01) (42.1624 52.417 5575.04) (42.1624 52.417 5575.04) (60.3394 -3.48668 6352.06) (60.3394 -3.48668 6352.06) (7.82743 -18.1004 4762.76) (7.82743 -18.1004 4762.76) (70.9541 3.5138 5360.02) (70.9541 3.5138 5360.02)
4000          (-49.6117 -4.75343 6363.01) (-49.6117 -4.75343 6363.01) (-49.6117 -4.75343 6363.01) (42.1624 52.417 5575.04) (42.1624 52.417 5575.04) (60.3394 -3.48668 6352.06) (60.3394 -3.48668 6352.06) (7.82743 -18.1004 4762.76) (7.82743 -18.1004 4762.76) (70.9541 3.5138 5360.02) (70.9541 3.5138 5360.02)
4050          (-49.6117 -4.75343 6363.01) (-49.6117 -4.75343 6363.01) (-49.6117 -4.75343 6363.01) (42.1624 52.417 5575.04) (42.1624 52.417 5575.04) (60.3394 -3.48668 6352.06) (60.3394 -3.48668 6352.06) (7.82743 -18.1004 4762.76) (7.82743 -18.1004 4762.76) (70.9541 3.5138 5360.02) (70.9541 3.5138 5360.02)
4100          (-49.6117 -4.75343 6363.01) (-49.6117 -4.75343 6363.01) (-49.6117 -4.75343 6363.01) (42.1624 52.417 5575.04) (42.1624 52.417 5575.04) (60.3394 -3.48668 6352.06) (60.3394 -3.48668 6352.06) (7.82743 -18.1004 4762.76) (7.82743 -18.1004 4762.76) (70.9541 3.5138 5360.02) (70.9541 3.5138 5360.02)
4150          (-49.6117 -4.75343 6363.01) (-49.6117 -4.75343 6363.01) (-49.6117 -4.75343 6363.01) (42.1624 52.417 5575.04) (42.1624 52.417 5575.04) (60.3394 -3.48668 6352.06) (60.3394 -3.48668 6352.06) (7.82743 -18.1004 4762.76) (7.82743 -18.1004 4762.76) (70.9541 3.5138 5360.02) (70.9541 3.5138 5360.02)
4200          (-49.6117 -4.75343 6363.01) (-49.6117 -4.75343 6363.01) (-49.6117 -4.75343 6363.01) (42.1624 52.417 5575.04) (42.1624 52.417 5575.04) (60.3394 -3.48668 6352.06) (60.3394 -3.48668 6352.06) (7.82743 -18.1004 4762.76) (7.82743 -18.1004 4762.76) (70.9541 3.5138 5360.02) (70.9541 3.5138 5360.02)
4250          (-49.6117 -4.75343 6363.01) (-49.6117 -4.75343 6363.01) (-49.6117 -4.75343 6363.01) (42.1624 52.417 5575.04) (42.1624 52.417 5575.04) (60.3394 -3.48668 6352.06) (60.3394 -3.48668 6352.06) (7.82743 -18.1004 4762.76) (7.82743 -18.1004 4762.76) (70.9541 3.5138 5360.02) (70.9541 3.5138 5360.02)
4300          (-49.6117 -4.75343 6363.01) (-49.6117 -4.75343 6363.01) (-49.6117 -4.75343 6363.01) (42.1624 52.417 5575.04) (42.1624 52.417 5575.04) (60.3394 -3.48668 6352.06) (60.3394 -3.48668 6352.06) (7.82743 -18.1004 4762.76) (7.82743 -18.1004 4762.76) (70.9541 3.5138 5360.02) (70.9541 3.5138 5360.02)
4350          (-49.6117 -4.75343 6363.01) (-49.6117 -4.75343 6363.01) (-49.6117 -4.75343 6363.01) (42.1624 52.417 5575.04) (42.1624 52.417 5575.04) (60.3394 -3.48668 6352.06) (60.3394 -3.48668 6352.06) (7.82743 -18.1004 4762.76) (7.82743 -18.1004 4762.76) (70.9541 3.5138 5360.02) (70.9541 3.5138 5360.02)
4400          (-49.6117 -4.75343 6363.01) (-49.6117 -4.75343 6363.01) (-49.6117 -4.75343 6363.01) (42.1624 52.417 5575.04) (42.1624 52.417 5575.04) (60.3394 -3.48668 6352.06) (60.3394 -3.48668 6352.06) (7.82743 -18.1004 4762.76) (7.82743 -18.1004 4762.76) (70.9541 3.5138 5360.02) (70.9541 3.5138 5360.02)
4450          (-49.6117 -4.75343 6363.01) (-49.6117 -4.75343 6363.01) (-49.6117 -4.75343 6363.01) (42.1624 52.417 5575.04) (42.1624 52.417 5575.04) (60.3394 -3.48668 6352.06) (60.3394 -3.48668 6352.06) (7.82743 -18.1004 4762.76) (7.82743 -18.1004 4762.76) (70.9541 3.5138 5360.02) (70.9541 3.5138 5360.02)
4500          (-49.6117 -4.75343 6363.01) (-49.6117 -4.75343 6363.01) (-49.6117 -4.75343 6363.01) (42.1624 52.417 5575.04) (42.1624 52.417 5575.04) (60.3394 -3.48668 6352.06) (60.3394 -3.48668 6352.06) (7.82743 -18.1004 4762.76) (7.82743 -18.1004 4762.76) (70.9541 3.5138 5360.02) (70.9541 3.5138 5360.02)
4550          (-49.6117 -4.75343 6363.01) (-49.6117 -4.75343 6363.01) (-49.6117 -4.75343 6363.01) (42.1624 52.417 5575.04) (42.1624 52.417 5575.04) (60.3394 -3.48668 6352.06) (60.3394 -3.48668 6352.06) (7.82743 -18.1004 4762.76) (7.82743 -18.1004 4762.76) (70.9541 3.5138 5360.02) (70.9541 3.5138 5360.02)
4600          (-49.6117 -4.75343 6363.01) (-49.6117 -4.75343 6363.01) (-49.6117 -4.75343 6363.01) (42.1624 52.417 5575.04) (42.1624 52.417 5575.04) (60.3394 -3.48668 6352.06) (60.3394 -3.48668 6352.06) (7.82743 -18.1004 4762.76) (7.82743 -18.1004 4762.76) (70.9541 3.5138 5360.02) (70.9541 3.5138 5360.02)
4650          (-49.6117 -4.75343 6363.01) (-49.6117 -4.75343 6363.01) (-49.6117 -4.75343 6363.01) (42.1624 52.417 5575.04) (42.1624 52.417 5575.04) (60.3394 -3.48668 6352.06) (60.3394 -3.48668 6352.06) (7.82743 -18.1004 4762.76) (7.82743 -18.1004 4762.76) (70.9541 3.5138 5360.02) (70.9541 3.5138 5360.02)
4700          (-49.6117 -4.75343 6363.01) (-49.6117 -4.75343 6363.01) (-49.6117 -4.75343 6363.01) (42.1624 52.417 5575.04) (42.1624 52.417 5575.04) (60.3394 -3.48668 6352.06) (60.3394 -3.48668 6352.06) (7.82743 -18.1004 4762.76) (7.82743 -18.1004 4762.76) (70.9541 3.5138 5360.02) (70.9541 3.5138 5360.02)
4750          (-49.6117 -4.75343 6363.01) (-49.6117 -4.75343 6363.01) (-49.6117 -4.75343 6363.01) (42.1624 52.417 5575.04) (42.1624 52.417 5575.04) (60.3394 -3.48668 6352.06) (60.3394 -3.48668 6352.06) (7.82743 -18.1004 4762.76) (7.82743 -18.1004 4762.76) (70.9541 3.5138 5360.02) (70.9541 3.5138 5360.02)
4800          (-49.6117 -4.75343 6363.01) (-49.6117 -4.75343 6363.01) (-49.6117 -4.75343 6363.01) (42.1624 52.417 5575.04) (42.1624 52.417 5575.04) (60.3394 -3.48668 6352.06) (60.3394 -3.48668 6352.06) (7.82743 -18.1004 4762.76) (7.82743 -18.1004 4762.76) (70.9541 3.5138 5360.02) (70.9541 3.5138 5360.02)
4850          (-49.6117 -4.75343 6363.01) (-49.6117 -4.75343 6363.01) (-49.6117 -4.75343 6363.01) (42.1624 52.417 5575.04) (42.1624 52.417 5575.04) (60.3394 -3.48668 6352.06) (60.3394 -3.48668 6352.06) (7.82743 -18.1004 4762.76) (7.82743 -18.1004 4762.76) (70.9541 3.5138 5360.02) (70.9541 3.5138 5360.02)
4900          (-49.6117 -4.75343 6363.01) (-49.6117 -4.75343 6363.01) (-49.6117 -4.75343 6363.01) (42.1624 52.417 5575.04) (42.1624 52.417 5575.04) (60.3394 -3.48668 6352.06) (60.3394 -3.48668 6352.06) (7.82743 -18.1004 4762.76) (7.82743 -18.1004 4762.76) (70.9541 3.5138 5360.02) (70.9541 3.5138 5360.02)
4950          (-49.6117 -4.75343 6363.01) (-49.6117 -4.75343 6363.01) (-49.6117 -4.75343 6363.01) (42.1624 52.417 5575.04) (42.1624 52.417 5575.04) (60.3394 -3.48668 6352.06) (60.3394 -3.48668 6352.06) (7.82743 -18.1004 4762.76) (7.82743 -18.1004 4762.76) (70.9541 3.5138 5360.02) (70.9541 3.5138 5360.02)
5000          (-49.6117 -4.75343 6363.01) (-49.6117 -4.75343 6363.01) (-49.6117 -4.75343 6363.01) (42.1624 52.417 5575.04) (42.1624 52.417 5575.04) (60.3394 -3.48668 6352.06) (60.3394 -3.48668 6352.06) (7.82743 -18.1004 4762.76) (7.82743 -18.1004 4762.76) (70.9541 3.5138 5360.02) (70.9541 3.5138 5360.02)
