# Probe 0 (0.0015 0.0015 0)
# Probe 1 (0.0015 0.0015 0.002)
# Probe 2 (0.0015 0.0015 0.004)
# Probe 3 (0.0015 0.0015 0.006)
# Probe 4 (0.0015 0.0015 0.008)
# Probe 5 (0.0015 0.0015 0.01)
# Probe 6 (0.0015 0.0015 0.012)
# Probe 7 (0.0015 0.0015 0.014)
# Probe 8 (0.0015 0.0015 0.016)
# Probe 9 (0.0015 0.0015 0.018)
# Probe 10 (0.0015 0.0015 0.02)
# Time        0             1             2             3             4             5             6             7             8             9             10           
50            (-2.78794e-17 -9.32464e-18 8.35041e-14) (-2.78794e-17 -9.32464e-18 8.35041e-14) (-2.78794e-17 -9.32464e-18 8.35041e-14) (-2.41588e-16 -2.66467e-17 2.4468e-13) (-2.41588e-16 -2.66467e-17 2.4468e-13) (1.44234e-16 -1.81799e-17 3.84389e-13) (1.44234e-16 -1.81799e-17 3.84389e-13) (8.28794e-16 -2.26253e-16 4.85655e-13) (8.28794e-16 -2.26253e-16 4.85655e-13) (4.67464e-16 -2.27862e-16 5.38351e-13) (4.67464e-16 -2.27862e-16 5.38351e-13)
100           (-1.40166e-18 -1.24925e-18 4.77645e-15) (-1.40166e-18 -1.24925e-18 4.77645e-15) (-1.40166e-18 -1.24925e-18 4.77645e-15) (-1.51395e-17 -1.15021e-18 1.3997e-14) (-1.51395e-17 -1.15021e-18 1.3997e-14) (5.81618e-18 -1.5128e-20 2.19893e-14) (5.81618e-18 -1.5128e-20 2.19893e-14) (4.59369e-17 -1.23653e-17 2.77812e-14) (4.59369e-17 -1.23653e-17 2.77812e-14) (2.62567e-17 -1.48771e-17 3.07964e-14) (2.62567e-17 -1.48771e-17 3.07964e-14)
150           (-1.37526e-18 1.36028e-18 2.73064e-16) (-1.37526e-18 1.36028e-18 2.73064e-16) (-1.37526e-18 1.36028e-18 2.73064e-16) (-3.87316e-21 -1.11036e-19 7.99813e-16) (-3.87316e-21 -1.11036e-19 7.99813e-16) (-1.22162e-18 -1.24914e-18 1.25643e-15) (-1.22162e-18 -1.24914e-18 1.25643e-15) (1.40166e-18 -1.38764e-18 1.5851e-15) (1.40166e-18 -1.38764e-18 1.5851e-15) (1.51157e-18 -1.5238e-18 1.75941e-15) (1.51157e-18 -1.5238e-18 1.75941e-15)
200           (2.09568e-16 6.3712e-17 -6.47165e-13) (2.09568e-16 6.3712e-17 -6.47165e-13) (2.09568e-16 6.3712e-17 -6.47165e-13) (1.85857e-15 2.26351e-16 -1.89629e-12) (1.85857e-15 2.26351e-16 -1.89629e-12) (-1.12569e-15 1.45445e-16 -2.97903e-12) (-1.12569e-15 1.45445e-16 -2.97903e-12) (-6.42903e-15 1.75452e-15 -3.76383e-12) (-6.42903e-15 1.75452e-15 -3.76383e-12) (-3.61435e-15 1.76824e-15 -4.17221e-12) (-3.61435e-15 1.76824e-15 -4.17221e-12)
250           (1.27511e-17 5.39846e-18 -3.70215e-14) (1.27511e-17 5.39846e-18 -3.70215e-14) (1.27511e-17 5.39846e-18 -3.70215e-14) (1.08221e-16 1.12271e-17 -1.08476e-13) (1.08221e-16 1.12271e-17 -1.08476e-13) (-6.37158e-17 8.4803e-18 -1.70415e-13) (-6.37158e-17 8.4803e-18 -1.70415e-13) (-3.67765e-16 1.01047e-16 -2.15307e-13) (-3.67765e-16 1.01047e-16 -2.15307e-13) (-2.0566e-16 1.00199e-16 -2.38666e-13) (-2.0566e-16 1.00199e-16 -2.38666e-13)
300           (1.2504e-18 -2.62326e-21 -2.11797e-15) (1.2504e-18 -2.62326e-21 -2.11797e-15) (1.2504e-18 -2.62326e-21 -2.11797e-15) (6.81387e-18 1.38639e-19 -6.20192e-15) (6.81387e-18 1.38639e-19 -6.20192e-15) (-4.27436e-18 -1.12396e-18 -9.74277e-15) (-4.27436e-18 -1.12396e-18 -9.74277e-15) (-2.09416e-17 5.80094e-18 -1.23137e-14) (-2.09416e-17 5.80094e-18 -1.23137e-14) (-1.11014e-17 4.30098e-18 -1.36537e-14) (-1.11014e-17 4.30098e-18 -1.36537e-14)
350           (5.19987e-15 1.60317e-15 -1.62254e-11) (5.19987e-15 1.60317e-15 -1.62254e-11) (5.19987e-15 1.60317e-15 -1.62254e-11) (4.40049e-14 5.44713e-15 -4.56942e-11) (4.40049e-14 5.44713e-15 -4.56942e-11) (-2.09411e-14 3.39827e-15 -6.71122e-11) (-2.09411e-14 3.39827e-15 -6.71122e-11) (-1.34266e-13 3.54039e-14 -7.8891e-11) (-1.34266e-13 3.54039e-14 -7.8891e-11) (-7.35463e-14 3.59518e-14 -8.34101e-11) (-7.35463e-14 3.59518e-14 -8.34101e-11)
400           (2.50082e-16 7.74375e-17 -7.79501e-13) (2.50082e-16 7.74375e-17 -7.79501e-13) (2.50082e-16 7.74375e-17 -7.79501e-13) (2.23759e-15 2.73535e-16 -2.28405e-12) (2.23759e-15 2.73535e-16 -2.28405e-12) (-1.35344e-15 1.76138e-16 -3.58821e-12) (-1.35344e-15 1.76138e-16 -3.58821e-12) (-7.74108e-15 2.11533e-15 -4.53351e-12) (-7.74108e-15 2.11533e-15 -4.53351e-12) (-4.35408e-15 2.1306e-15 -5.02541e-12) (-4.35408e-15 2.1306e-15 -5.02541e-12)
450           (1.52781e-17 5.38611e-18 -4.45886e-14) (1.52781e-17 5.38611e-18 -4.45886e-14) (1.52781e-17 5.38611e-18 -4.45886e-14) (1.27679e-16 1.51419e-17 -1.30651e-13) (1.27679e-16 1.51419e-17 -1.30651e-13) (-7.76774e-17 8.47795e-18 -2.05253e-13) (-7.76774e-17 8.47795e-18 -2.05253e-13) (-4.4147e-16 1.24623e-16 -2.5933e-13) (-4.4147e-16 1.24623e-16 -2.5933e-13) (-2.48419e-16 1.23254e-16 -2.87467e-13) (-2.48419e-16 1.23254e-16 -2.87467e-13)
500           (1.52379e-18 -1.52389e-18 -2.5512e-15) (1.52379e-18 -1.52389e-18 -2.5512e-15) (1.52379e-18 -1.52389e-18 -2.5512e-15) (8.18803e-18 1.1241e-20 -7.47427e-15) (8.18803e-18 1.1241e-20 -7.47427e-15) (-4.02595e-18 -9.85463e-19 -1.17411e-14) (-4.02595e-18 -9.85463e-19 -1.17411e-14) (-2.37311e-17 5.71614e-18 -1.48353e-14) (-2.37311e-17 5.71614e-18 -1.48353e-14) (-1.52407e-17 5.68004e-18 -1.64447e-14) (-1.52407e-17 5.68004e-18 -1.64447e-14)
550           (1.82269e-15 5.6355e-16 -5.74258e-12) (1.82269e-15 5.6355e-16 -5.74258e-12) (1.82269e-15 5.6355e-16 -5.74258e-12) (1.43467e-14 1.79682e-15 -1.52828e-11) (1.43467e-14 1.79682e-15 -1.52828e-11) (-4.3497e-15 1.10769e-15 -2.03493e-11) (-4.3497e-15 1.10769e-15 -2.03493e-11) (-3.63499e-14 9.08103e-15 -2.14699e-11) (-3.63499e-14 9.08103e-15 -2.14699e-11) (-1.91167e-14 9.33537e-15 -2.11022e-11) (-1.91167e-14 9.33537e-15 -2.11022e-11)
600           (6.94057e-17 2.06782e-17 -2.13975e-13) (6.94057e-17 2.06782e-17 -2.13975e-13) (6.94057e-17 2.06782e-17 -2.13975e-13) (6.1606e-16 7.61895e-17 -6.26978e-13) (6.1606e-16 7.61895e-17 -6.26978e-13) (-3.72058e-16 4.85612e-17 -9.84973e-13) (-3.72058e-16 4.85612e-17 -9.84973e-13) (-2.12494e-15 5.80401e-16 -1.24446e-12) (-2.12494e-15 5.80401e-16 -1.24446e-12) (-1.1952e-15 5.85813e-16 -1.37948e-12) (-1.1952e-15 5.85813e-16 -1.37948e-12)
650           (4.0548e-18 1.37268e-18 -1.22385e-14) (4.0548e-18 1.37268e-18 -1.22385e-14) (4.0548e-18 1.37268e-18 -1.22385e-14) (3.46949e-17 2.77683e-18 -3.58642e-14) (3.46949e-17 2.77683e-18 -3.58642e-14) (-2.08156e-17 4.15195e-18 -5.63426e-14) (-2.08156e-17 4.15195e-18 -5.63426e-14) (-1.20726e-16 3.45696e-17 -7.11857e-14) (-1.20726e-16 3.45696e-17 -7.11857e-14) (-6.67538e-17 3.21841e-17 -7.89105e-14) (-6.67538e-17 3.21841e-17 -7.89105e-14)
700           (1.23903e-18 -1.24888e-18 -7.01263e-16) (1.23903e-18 -1.24888e-18 -7.01263e-16) (1.23903e-18 -1.24888e-18 -7.01263e-16) (1.40066e-18 1.26148e-19 -2.0531e-15) (1.40066e-18 1.26148e-19 -2.0531e-15) (1.12398e-18 -1.28622e-19 -3.22185e-15) (1.12398e-18 -1.28622e-19 -3.22185e-15) (-5.68977e-18 2.65052e-18 -4.0713e-15) (-5.68977e-18 2.65052e-18 -4.0713e-15) (-1.78911e-18 2.77567e-18 -4.51477e-15) (-1.78911e-18 2.77567e-18 -4.51477e-15)
750           (-4.45355e-16 -1.34725e-16 1.37253e-12) (-4.45355e-16 -1.34725e-16 1.37253e-12) (-4.45355e-16 -1.34725e-16 1.37253e-12) (-3.94046e-15 -4.83217e-16 4.02095e-12) (-3.94046e-15 -4.83217e-16 4.02095e-12) (2.38173e-15 -3.0522e-16 6.31499e-12) (2.38173e-15 -3.0522e-16 6.31499e-12) (1.3623e-14 -3.71708e-15 7.97637e-12) (1.3623e-14 -3.71708e-15 7.97637e-12) (7.65892e-15 -3.74782e-15 8.84027e-12) (7.65892e-15 -3.74782e-15 8.84027e-12)
800           (-2.62429e-17 -5.81479e-18 7.84545e-14) (-2.62429e-17 -5.81479e-18 7.84545e-14) (-2.62429e-17 -5.81479e-18 7.84545e-14) (-2.27449e-16 -2.88684e-17 2.29882e-13) (-2.27449e-16 -2.88684e-17 2.29882e-13) (1.34868e-16 -1.93042e-17 3.61139e-13) (1.34868e-16 -1.93042e-17 3.61139e-13) (7.79957e-16 -2.13845e-16 4.5628e-13) (7.79957e-16 -2.13845e-16 4.5628e-13) (4.38546e-16 -2.16485e-16 5.05791e-13) (4.38546e-16 -2.16485e-16 5.05791e-13)
850           (-1.52643e-18 1.23526e-18 4.48851e-15) (-1.52643e-18 1.23526e-18 4.48851e-15) (-1.52643e-18 1.23526e-18 4.48851e-15) (-1.12277e-17 -1.3739e-18 1.31494e-14) (-1.12277e-17 -1.3739e-18 1.31494e-14) (5.579e-18 -2.38698e-20 2.06562e-14) (5.579e-18 -2.38698e-20 2.06562e-14) (4.42731e-17 -1.37414e-17 2.60994e-14) (4.42731e-17 -1.37414e-17 2.60994e-14) (2.38687e-17 -1.40139e-17 2.89299e-14) (2.38687e-17 -1.40139e-17 2.89299e-14)
900           (1.24649e-18 1.24914e-18 2.55833e-16) (1.24649e-18 1.24914e-18 2.55833e-16) (1.24649e-18 1.24914e-18 2.55833e-16) (-1.40039e-18 1.40002e-19 7.49683e-16) (-1.40039e-18 1.40002e-19 7.49683e-16) (-1.49754e-19 1.25036e-18 1.18081e-15) (-1.49754e-19 1.25036e-18 1.18081e-15) (2.65051e-18 -1.38777e-18 1.49173e-15) (2.65051e-18 -1.38777e-18 1.49173e-15) (2.63557e-18 -1.38778e-18 1.65432e-15) (2.63557e-18 -1.38778e-18 1.65432e-15)
950           (5.77319e-16 1.77355e-16 -1.78464e-12) (5.77319e-16 1.77355e-16 -1.78464e-12) (5.77319e-16 1.77355e-16 -1.78464e-12) (5.12391e-15 6.28937e-16 -5.22926e-12) (5.12391e-15 6.28937e-16 -5.22926e-12) (-3.09841e-15 3.9809e-16 -8.21507e-12) (-3.09841e-15 3.9809e-16 -8.21507e-12) (-1.77263e-14 4.83719e-15 -1.03793e-11) (-1.77263e-14 4.83719e-15 -1.03793e-11) (-9.96452e-15 4.8763e-15 -1.15054e-11) (-9.96452e-15 4.8763e-15 -1.15054e-11)
1000          (3.21704e-17 6.95304e-18 -1.02084e-13) (3.21704e-17 6.95304e-18 -1.02084e-13) (3.21704e-17 6.95304e-18 -1.02084e-13) (2.95362e-16 3.35843e-17 -2.99128e-13) (2.95362e-16 3.35843e-17 -2.99128e-13) (-1.76265e-16 2.48426e-17 -4.69926e-13) (-1.76265e-16 2.48426e-17 -4.69926e-13) (-1.01438e-15 2.76325e-16 -5.93726e-13) (-1.01438e-15 2.76325e-16 -5.93726e-13) (-5.69162e-16 2.78963e-16 -6.5815e-13) (-5.69162e-16 2.78963e-16 -6.5815e-13)
1050          (2.76306e-18 1.11035e-18 -5.83839e-15) (2.76306e-18 1.11035e-18 -5.83839e-15) (2.76306e-18 1.11035e-18 -5.83839e-15) (1.5532e-17 1.38764e-18 -1.71081e-14) (1.5532e-17 1.38764e-18 -1.71081e-14) (-8.45547e-18 1.51282e-19 -2.68801e-14) (-8.45547e-18 1.51282e-19 -2.68801e-14) (-5.70355e-17 1.5282e-17 -3.39637e-14) (-5.70355e-17 1.5282e-17 -3.39637e-14) (-3.21701e-17 1.67921e-17 -3.76532e-14) (-3.21701e-17 1.67921e-17 -3.76532e-14)
1100          (1.25014e-18 -1.37529e-18 -3.3167e-16) (1.25014e-18 -1.37529e-18 -3.3167e-16) (1.25014e-18 -1.37529e-18 -3.3167e-16) (1.40025e-18 -1.26024e-19 -9.75968e-16) (1.40025e-18 -1.26024e-19 -9.75968e-16) (1.38652e-19 2.48665e-19 -1.53888e-15) (1.38652e-19 2.48665e-19 -1.53888e-15) (-2.63804e-18 1.50033e-18 -1.94582e-15) (-2.63804e-18 1.50033e-18 -1.94582e-15) (-1.25051e-18 1.26399e-18 -2.15425e-15) (-1.25051e-18 1.26399e-18 -2.15425e-15)
1150          (4.3729e-16 1.3324e-16 -1.35204e-12) (4.3729e-16 1.3324e-16 -1.35204e-12) (4.3729e-16 1.3324e-16 -1.35204e-12) (3.88217e-15 4.76131e-16 -3.96167e-12) (3.88217e-15 4.76131e-16 -3.96167e-12) (-2.34966e-15 3.0243e-16 -6.22366e-12) (-2.34966e-15 3.0243e-16 -6.22366e-12) (-1.34312e-14 3.66558e-15 -7.8632e-12) (-1.34312e-14 3.66558e-15 -7.8632e-12) (-7.55081e-15 3.69735e-15 -8.71635e-12) (-7.55081e-15 3.69735e-15 -8.71635e-12)
1200          (2.48691e-17 8.05063e-18 -7.7338e-14) (2.48691e-17 8.05063e-18 -7.7338e-14) (2.48691e-17 8.05063e-18 -7.7338e-14) (2.23461e-16 2.49814e-17 -2.26614e-13) (2.23461e-16 2.49814e-17 -2.26614e-13) (-1.33381e-16 1.67946e-17 -3.5601e-13) (-1.33381e-16 1.67946e-17 -3.5601e-13) (-7.67519e-16 2.09696e-16 -4.49802e-13) (-7.67519e-16 2.09696e-16 -4.49802e-13) (-4.32992e-16 2.12445e-16 -4.98608e-13) (-4.32992e-16 2.12445e-16 -4.98608e-13)
1250          (2.78678e-18 -1.23652e-19 -4.42276e-15) (2.78678e-18 -1.23652e-19 -4.42276e-15) (2.78678e-18 -1.23652e-19 -4.42276e-15) (1.62247e-17 1.26275e-18 -1.29603e-14) (1.62247e-17 1.26275e-18 -1.29603e-14) (-5.81492e-18 1.38891e-19 -2.03618e-14) (-5.81492e-18 1.38891e-19 -2.03618e-14) (-4.27591e-17 1.37527e-17 -2.57287e-14) (-4.27591e-17 1.37527e-17 -2.57287e-14) (-2.36075e-17 1.3728e-17 -2.85219e-14) (-2.36075e-17 1.3728e-17 -2.85219e-14)
1300          (-1.24776e-18 1.12524e-18 -2.52205e-16) (-1.24776e-18 1.12524e-18 -2.52205e-16) (-1.24776e-18 1.12524e-18 -2.52205e-16) (1.38778e-19 1.22276e-19 -7.38791e-16) (1.38778e-19 1.22276e-19 -7.38791e-16) (1.11037e-22 -1.27535e-18 -1.16382e-15) (1.11037e-22 -1.27535e-18 -1.16382e-15) (-2.51063e-18 1.26164e-18 -1.47204e-15) (-2.51063e-18 1.26164e-18 -1.47204e-15) (-5.37073e-18 2.38822e-19 -1.63342e-15) (-5.37073e-18 2.38822e-19 -1.63342e-15)
1350          (1.34764e-16 4.28814e-17 -4.17468e-13) (1.34764e-16 4.28814e-17 -4.17468e-13) (1.34764e-16 4.28814e-17 -4.17468e-13) (1.1991e-15 1.47094e-16 -1.22324e-12) (1.1991e-15 1.47094e-16 -1.22324e-12) (-7.24612e-16 9.30106e-17 -1.92168e-12) (-7.24612e-16 9.30106e-17 -1.92168e-12) (-4.14603e-15 1.13112e-15 -2.42793e-12) (-4.14603e-15 1.13112e-15 -2.42793e-12) (-2.33173e-15 1.13969e-15 -2.69137e-12) (-2.33173e-15 1.13969e-15 -2.69137e-12)
1400          (7.09041e-18 1.39915e-18 -2.38827e-14) (7.09041e-18 1.39915e-18 -2.38827e-14) (7.09041e-18 1.39915e-18 -2.38827e-14) (6.9503e-17 6.95166e-18 -6.99756e-14) (6.9503e-17 6.95166e-18 -6.99756e-14) (-4.38803e-17 4.43839e-18 -1.09925e-13) (-4.38803e-17 4.43839e-18 -1.09925e-13) (-2.37201e-16 6.53408e-17 -1.38883e-13) (-2.37201e-16 6.53408e-17 -1.38883e-13) (-1.33117e-16 6.53508e-17 -1.53953e-13) (-1.33117e-16 6.53508e-17 -1.53953e-13)
1450          (1.48769e-19 -1.24776e-18 -1.36325e-15) (1.48769e-19 -1.24776e-18 -1.36325e-15) (1.48769e-19 -1.24776e-18 -1.36325e-15) (4.28961e-18 -1.35028e-18 -3.99975e-15) (4.28961e-18 -1.35028e-18 -3.99975e-15) (-1.38916e-18 1.25175e-19 -6.2867e-15) (-1.38916e-18 1.25175e-19 -6.2867e-15) (-1.249e-17 5.6746e-18 -7.9448e-15) (-1.249e-17 5.6746e-18 -7.9448e-15) (-8.19042e-18 2.90323e-18 -8.80893e-15) (-8.19042e-18 2.90323e-18 -8.80893e-15)
1500          (-4.73234e-16 -1.43179e-16 1.46052e-12) (-4.73234e-16 -1.43179e-16 1.46052e-12) (-4.73234e-16 -1.43179e-16 1.46052e-12) (-4.20681e-15 -5.16264e-16 4.28989e-12) (-4.20681e-15 -5.16264e-16 4.28989e-12) (2.57464e-15 -3.26161e-16 6.7631e-12) (2.57464e-15 -3.26161e-16 6.7631e-12) (1.46445e-14 -3.99907e-15 8.57198e-12) (1.46445e-14 -3.99907e-15 8.57198e-12) (8.24195e-15 -4.03349e-15 9.51953e-12) (8.24195e-15 -4.03349e-15 9.51953e-12)
1550          (-2.80057e-17 -8.17441e-18 8.42923e-14) (-2.80057e-17 -8.17441e-18 8.42923e-14) (-2.80057e-17 -8.17441e-18 8.42923e-14) (-2.41627e-16 -2.91422e-17 2.46987e-13) (-2.41627e-16 -2.91422e-17 2.46987e-13) (1.46968e-16 -1.82174e-17 3.88008e-13) (1.46968e-16 -1.82174e-17 3.88008e-13) (8.36994e-16 -2.30262e-16 4.90223e-13) (8.36994e-16 -2.30262e-16 4.90223e-13) (4.70451e-16 -2.304e-16 5.43414e-13) (4.70451e-16 -2.304e-16 5.43414e-13)
1600          (-2.76194e-18 1.23644e-23 4.82164e-15) (-2.76194e-18 1.23644e-23 4.82164e-15) (-2.76194e-18 1.23644e-23 4.82164e-15) (-1.37528e-17 -1.26288e-18 1.41283e-14) (-1.37528e-17 -1.26288e-18 1.41283e-14) (6.82937e-18 1.23375e-18 2.21938e-14) (6.82937e-18 1.23375e-18 2.21938e-14) (4.9559e-17 -1.51407e-17 2.80389e-14) (4.9559e-17 -1.51407e-17 2.80389e-14) (2.62457e-17 -1.52517e-17 3.10843e-14) (2.62457e-17 -1.52517e-17 3.10843e-14)
1650          (1.23887e-20 1.36016e-18 2.74995e-16) (1.23887e-20 1.36016e-18 2.74995e-16) (1.23887e-20 1.36016e-18 2.74995e-16) (-1.26288e-19 1.25013e-18 8.08247e-16) (-1.26288e-19 1.25013e-18 8.08247e-16) (1.12547e-19 1.37365e-20 1.27058e-15) (1.12547e-19 1.37365e-20 1.27058e-15) (5.28579e-18 -2.51313e-18 1.60153e-15) (5.28579e-18 -2.51313e-18 1.60153e-15) (1.38792e-18 -1.3889e-18 1.77419e-15) (1.38792e-18 -1.3889e-18 1.77419e-15)
1700          (2.13608e-16 6.51124e-17 -6.61445e-13) (2.13608e-16 6.51124e-17 -6.61445e-13) (2.13608e-16 6.51124e-17 -6.61445e-13) (1.90158e-15 2.31914e-16 -1.93813e-12) (1.90158e-15 2.31914e-16 -1.93813e-12) (-1.14804e-15 1.47134e-16 -3.04476e-12) (-1.14804e-15 1.47134e-16 -3.04476e-12) (-6.56933e-15 1.79335e-15 -3.84688e-12) (-6.56933e-15 1.79335e-15 -3.84688e-12) (-3.69232e-15 1.80712e-15 -4.26427e-12) (-3.69232e-15 1.80712e-15 -4.26427e-12)
1750          (1.25016e-17 2.90183e-18 -3.78373e-14) (1.25016e-17 2.90183e-18 -3.78373e-14) (1.25016e-17 2.90183e-18 -3.78373e-14) (1.07012e-16 1.13924e-17 -1.10868e-13) (1.07012e-16 1.13924e-17 -1.10868e-13) (-6.52386e-17 8.34055e-18 -1.7417e-13) (-6.52386e-17 8.34055e-18 -1.7417e-13) (-3.74857e-16 1.02849e-16 -2.20052e-13) (-3.74857e-16 1.02849e-16 -2.20052e-13) (-2.1096e-16 1.04098e-16 -2.43928e-13) (-2.1096e-16 1.04098e-16 -2.43928e-13)
1800          (2.26207e-19 -1.50131e-18 -2.16445e-15) (2.26207e-19 -1.50131e-18 -2.16445e-15) (2.26207e-19 -1.50131e-18 -2.16445e-15) (8.063e-18 1.13672e-18 -6.3412e-15) (8.063e-18 1.13672e-18 -6.3412e-15) (-1.53906e-18 -1.08511e-18 -9.96234e-15) (-1.53906e-18 -1.08511e-18 -9.96234e-15) (-1.95553e-17 5.56499e-18 -1.2586e-14) (-1.95553e-17 5.56499e-18 -1.2586e-14) (-1.25014e-17 5.68989e-18 -1.39527e-14) (-1.25014e-17 5.68989e-18 -1.39527e-14)
1850          (-2.60894e-15 -8.0371e-16 8.14745e-12) (-2.60894e-15 -8.0371e-16 8.14745e-12) (-2.60894e-15 -8.0371e-16 8.14745e-12) (-2.19122e-14 -2.71567e-15 2.28112e-11) (-2.19122e-14 -2.71567e-15 2.28112e-11) (1.01191e-14 -1.69291e-15 3.32227e-11) (1.01191e-14 -1.69291e-15 3.32227e-11) (6.59319e-14 -1.73272e-14 3.87549e-11) (6.59319e-14 -1.73272e-14 3.87549e-11) (3.60239e-14 -1.7609e-14 4.07867e-11) (3.60239e-14 -1.7609e-14 4.07867e-11)
1900          (-1.26148e-16 -3.74565e-17 3.83218e-13) (-1.26148e-16 -3.74565e-17 3.83218e-13) (-1.26148e-16 -3.74565e-17 3.83218e-13) (-1.10083e-15 -1.34604e-16 1.12289e-12) (-1.10083e-15 -1.34604e-16 1.12289e-12) (6.66161e-16 -8.35597e-17 1.76404e-12) (6.66161e-16 -8.35597e-17 1.76404e-12) (3.80599e-15 -1.0385e-15 2.22876e-12) (3.80599e-15 -1.0385e-15 2.22876e-12) (2.14182e-15 -1.04669e-15 2.47059e-12) (2.14182e-15 -1.04669e-15 2.47059e-12)
1950          (-8.45031e-18 -1.38791e-19 2.19207e-14) (-8.45031e-18 -1.38791e-19 2.19207e-14) (-8.45031e-18 -1.38791e-19 2.19207e-14) (-6.39518e-17 -8.18677e-18 6.42334e-14) (-6.39518e-17 -8.18677e-18 6.42334e-14) (3.63338e-17 -4.28975e-18 1.00911e-13) (3.63338e-17 -4.28975e-18 1.00911e-13) (2.16772e-16 -5.98023e-17 1.27494e-13) (2.16772e-16 -5.98023e-17 1.27494e-13) (1.22127e-16 -5.85648e-17 1.41328e-13) (1.22127e-16 -5.85648e-17 1.41328e-13)
2000          (-1.36267e-18 -1.23763e-22 1.25457e-15) (-1.36267e-18 -1.23763e-22 1.25457e-15) (-1.36267e-18 -1.23763e-22 1.25457e-15) (-4.42688e-18 1.13647e-18 3.67503e-15) (-4.42688e-18 1.13647e-18 3.67503e-15) (1.26178e-18 -1.37517e-20 5.77287e-15) (1.26178e-18 -1.37517e-20 5.77287e-15) (1.36141e-17 -4.02472e-18 7.29352e-15) (1.36141e-17 -4.02472e-18 7.29352e-15) (5.80505e-18 -5.53736e-18 8.08497e-15) (5.80505e-18 -5.53736e-18 8.08497e-15)
2050          (1.48633e-15 4.55306e-16 -4.61113e-12) (1.48633e-15 4.55306e-16 -4.61113e-12) (1.48633e-15 4.55306e-16 -4.61113e-12) (1.3159e-14 1.61804e-15 -1.34536e-11) (1.3159e-14 1.61804e-15 -1.34536e-11) (-7.79945e-15 1.0186e-15 -2.09947e-11) (-7.79945e-15 1.0186e-15 -2.09947e-11) (-4.49954e-14 1.22434e-14 -2.63524e-11) (-4.49954e-14 1.22434e-14 -2.63524e-11) (-2.52405e-14 1.23502e-14 -2.90939e-11) (-2.52405e-14 1.23502e-14 -2.90939e-11)
2100          (8.19071e-17 2.50927e-17 -2.59301e-13) (8.19071e-17 2.50927e-17 -2.59301e-13) (8.19071e-17 2.50927e-17 -2.59301e-13) (7.45287e-16 9.01952e-17 -7.59791e-13) (7.45287e-16 9.01952e-17 -7.59791e-13) (-4.47427e-16 5.84382e-17 -1.19362e-12) (-4.47427e-16 5.84382e-17 -1.19362e-12) (-2.57472e-15 7.05016e-16 -1.50807e-12) (-2.57472e-15 7.05016e-16 -1.50807e-12) (-1.4478e-15 7.09179e-16 -1.6717e-12) (-1.4478e-15 7.09179e-16 -1.6717e-12)
2150          (8.0491e-18 1.25151e-18 -1.48346e-14) (8.0491e-18 1.25151e-18 -1.48346e-14) (8.0491e-18 1.25151e-18 -1.48346e-14) (4.05234e-17 2.90297e-18 -4.34629e-14) (4.05234e-17 2.90297e-18 -4.34629e-14) (-2.51064e-17 2.78919e-18 -6.82784e-14) (-2.51064e-17 2.78919e-18 -6.82784e-14) (-1.46008e-16 4.16335e-17 -8.62673e-14) (-1.46008e-16 4.16335e-17 -8.62673e-14) (-8.2881e-17 4.15087e-17 -9.56228e-14) (-8.2881e-17 4.15087e-17 -9.56228e-14)
2200          (-1.12284e-18 -1.25039e-21 -8.47596e-16) (-1.12284e-18 -1.25039e-21 -8.47596e-16) (-1.12284e-18 -1.25039e-21 -8.47596e-16) (2.77568e-18 -1.3739e-18 -2.48646e-15) (2.77568e-18 -1.3739e-18 -2.48646e-15) (-1.38778e-18 -1.36253e-18 -3.90781e-15) (-1.38778e-18 -1.36253e-18 -3.90781e-15) (-5.67878e-18 2.91335e-18 -4.93695e-15) (-5.67878e-18 2.91335e-18 -4.93695e-15) (-5.43732e-18 2.90058e-18 -5.47179e-15) (-5.43732e-18 2.90058e-18 -5.47179e-15)
2250          (2.08547e-15 6.39823e-16 -6.46053e-12) (2.08547e-15 6.39823e-16 -6.46053e-12) (2.08547e-15 6.39823e-16 -6.46053e-12) (1.85344e-14 2.27775e-15 -1.89221e-11) (1.85344e-14 2.27775e-15 -1.89221e-11) (-1.12e-14 1.43636e-15 -2.97063e-11) (-1.12e-14 1.43636e-15 -2.97063e-11) (-6.40647e-14 1.74764e-14 -3.75077e-11) (-6.40647e-14 1.74764e-14 -3.75077e-11) (-3.60109e-14 1.76192e-14 -4.15606e-11) (-3.60109e-14 1.76192e-14 -4.15606e-11)
2300          (1.20474e-16 3.33346e-17 -3.68926e-13) (1.20474e-16 3.33346e-17 -3.68926e-13) (1.20474e-16 3.33346e-17 -3.68926e-13) (1.06017e-15 1.27841e-16 -1.08101e-12) (1.06017e-15 1.27841e-16 -1.08101e-12) (-6.42454e-16 8.21407e-17 -1.69825e-12) (-6.42454e-16 8.21407e-17 -1.69825e-12) (-3.66442e-15 1.00062e-15 -2.14564e-12) (-3.66442e-15 1.00062e-15 -2.14564e-12) (-2.05845e-15 1.0066e-15 -2.37845e-12) (-2.05845e-15 1.0066e-15 -2.37845e-12)
2350          (7.06531e-18 1.13685e-18 -2.11031e-14) (7.06531e-18 1.13685e-18 -2.11031e-14) (7.06531e-18 1.13685e-18 -2.11031e-14) (5.98149e-17 6.81411e-18 -6.18365e-14) (5.98149e-17 6.81411e-18 -6.18365e-14) (-3.607e-17 5.6649e-18 -9.7146e-14) (-3.607e-17 5.6649e-18 -9.7146e-14) (-2.06948e-16 5.91362e-17 -1.22739e-13) (-2.06948e-16 5.91362e-17 -1.22739e-13) (-1.16727e-16 5.95497e-17 -1.36058e-13) (-1.16727e-16 5.95497e-17 -1.36058e-13)
2400          (1.37503e-18 -1.26139e-22 -1.20833e-15) (1.37503e-18 -1.26139e-22 -1.20833e-15) (1.37503e-18 -1.26139e-22 -1.20833e-15) (4.16321e-18 -2.6354e-18 -3.5387e-15) (4.16321e-18 -2.6354e-18 -3.5387e-15) (-4.03579e-18 1.2379e-21 -5.55936e-15) (-4.03579e-18 1.2379e-21 -5.55936e-15) (-1.23525e-17 4.29935e-18 -7.02319e-15) (-1.23525e-17 4.29935e-18 -7.02319e-15) (-5.565e-18 2.92444e-18 -7.78467e-15) (-5.565e-18 2.92444e-18 -7.78467e-15)
2450          (1.21695e-15 3.73276e-16 -3.77055e-12) (1.21695e-15 3.73276e-16 -3.77055e-12) (1.21695e-15 3.73276e-16 -3.77055e-12) (1.07824e-14 1.32286e-15 -1.10174e-11) (1.07824e-14 1.32286e-15 -1.10174e-11) (-6.43895e-15 8.35511e-16 -1.72328e-11) (-6.43895e-15 8.35511e-16 -1.72328e-11) (-3.70215e-14 1.00861e-14 -2.16797e-11) (-3.70215e-14 1.00861e-14 -2.16797e-11) (-2.07849e-14 1.01697e-14 -2.39687e-11) (-2.07849e-14 1.01697e-14 -2.39687e-11)
2500          (7.06521e-17 1.95539e-17 -2.13292e-13) (7.06521e-17 1.95539e-17 -2.13292e-13) (7.06521e-17 1.95539e-17 -2.13292e-13) (6.09424e-16 7.50905e-17 -6.24974e-13) (6.09424e-16 7.50905e-17 -6.24974e-13) (-3.69295e-16 4.58248e-17 -9.81826e-13) (-3.69295e-16 4.58248e-17 -9.81826e-13) (-2.11912e-15 5.78727e-16 -1.24049e-12) (-2.11912e-15 5.78727e-16 -1.24049e-12) (-1.19102e-15 5.83015e-16 -1.37508e-12) (-1.19102e-15 5.83015e-16 -1.37508e-12)
2550          (5.5611e-18 -1.4988e-18 -1.21998e-14) (5.5611e-18 -1.4988e-18 -1.21998e-14) (5.5611e-18 -1.4988e-18 -1.21998e-14) (3.49457e-17 2.78819e-18 -3.57503e-14) (3.49457e-17 2.78819e-18 -3.57503e-14) (-2.20659e-17 2.90172e-18 -5.61663e-14) (-2.20659e-17 2.90172e-18 -5.61663e-14) (-1.2074e-16 3.48071e-17 -7.09607e-14) (-1.2074e-16 3.48071e-17 -7.09607e-14) (-6.93891e-17 3.34468e-17 -7.86624e-14) (-6.93891e-17 3.34468e-17 -7.86624e-14)
2600          (-1.25026e-18 2.49675e-19 -6.9847e-16) (-1.25026e-18 2.49675e-19 -6.9847e-16) (-1.25026e-18 2.49675e-19 -6.9847e-16) (2.51588e-18 1.24889e-20 -2.04409e-15) (2.51588e-18 1.24889e-20 -2.04409e-15) (-1.5113e-20 -1.23651e-19 -3.21312e-15) (-1.5113e-20 -1.23651e-19 -3.21312e-15) (-5.56487e-18 2.77431e-18 -4.05753e-15) (-5.56487e-18 2.77431e-18 -4.05753e-15) (-3.03922e-18 3.90214e-18 -4.49476e-15) (-3.03922e-18 3.90214e-18 -4.49476e-15)
2650          (2.34084e-15 7.17552e-16 -7.25147e-12) (2.34084e-15 7.17552e-16 -7.25147e-12) (2.34084e-15 7.17552e-16 -7.25147e-12) (2.08103e-14 2.55397e-15 -2.1243e-11) (2.08103e-14 2.55397e-15 -2.1243e-11) (-1.25882e-14 1.6139e-15 -3.33607e-11) (-1.25882e-14 1.6139e-15 -3.33607e-11) (-7.19666e-14 1.96346e-14 -4.2135e-11) (-7.19666e-14 1.96346e-14 -4.2135e-11) (-4.04581e-14 1.9794e-14 -4.6697e-11) (-4.04581e-14 1.9794e-14 -4.6697e-11)
2700          (1.33364e-16 4.14685e-17 -4.14434e-13) (1.33364e-16 4.14685e-17 -4.14434e-13) (1.33364e-16 4.14685e-17 -4.14434e-13) (1.18826e-15 1.45569e-16 -1.21435e-12) (1.18826e-15 1.45569e-16 -1.21435e-12) (-7.20285e-16 9.28718e-17 -1.90772e-12) (-7.20285e-16 9.28718e-17 -1.90772e-12) (-4.11673e-15 1.12302e-15 -2.41031e-12) (-4.11673e-15 1.12302e-15 -2.41031e-12) (-2.31393e-15 1.1325e-15 -2.67183e-12) (-2.31393e-15 1.1325e-15 -2.67183e-12)
2750          (9.58953e-18 1.6637e-18 -2.37083e-14) (9.58953e-18 1.6637e-18 -2.37083e-14) (9.58953e-18 1.6637e-18 -2.37083e-14) (6.79018e-17 9.32449e-18 -6.94652e-14) (6.79018e-17 9.32449e-18 -6.94652e-14) (-4.2755e-17 8.28643e-18 -1.09126e-13) (-4.2755e-17 8.28643e-18 -1.09126e-13) (-2.33427e-16 6.51022e-17 -1.37878e-13) (-2.33427e-16 6.51022e-17 -1.37878e-13) (-1.33227e-16 6.52398e-17 -1.5284e-13) (-1.33227e-16 6.52398e-17 -1.5284e-13)
2800          (-2.48539e-19 -1.249e-18 -1.35579e-15) (-2.48539e-19 -1.249e-18 -1.35579e-15) (-2.48539e-19 -1.249e-18 -1.35579e-15) (4.17585e-18 -2.62178e-21 -3.97202e-15) (4.17585e-18 -2.62178e-21 -3.97202e-15) (-1.64034e-18 -1.12286e-21 -6.24157e-15) (-1.64034e-18 -1.12286e-21 -6.24157e-15) (-1.25025e-17 3.03937e-18 -7.8881e-15) (-1.25025e-17 3.03937e-18 -7.8881e-15) (-9.57456e-18 4.2745e-18 -8.74333e-15) (-9.57456e-18 4.2745e-18 -8.74333e-15)
2850          (1.34603e-15 4.12255e-16 -4.17e-12) (1.34603e-15 4.12255e-16 -4.17e-12) (1.34603e-15 4.12255e-16 -4.17e-12) (1.19027e-14 1.46413e-15 -1.21696e-11) (1.19027e-14 1.46413e-15 -1.21696e-11) (-7.06102e-15 9.23849e-16 -1.89974e-11) (-7.06102e-15 9.23849e-16 -1.89974e-11) (-4.07286e-14 1.1083e-14 -2.38521e-11) (-4.07286e-14 1.1083e-14 -2.38521e-11) (-2.28514e-14 1.11788e-14 -2.63376e-11) (-2.28514e-14 1.11788e-14 -2.63376e-11)
2900          (7.75898e-17 1.97191e-17 -2.34694e-13) (7.75898e-17 1.97191e-17 -2.34694e-13) (7.75898e-17 1.97191e-17 -2.34694e-13) (6.73236e-16 8.17696e-17 -6.87686e-13) (6.73236e-16 8.17696e-17 -6.87686e-13) (-4.08042e-16 5.28484e-17 -1.08034e-12) (-4.08042e-16 5.28484e-17 -1.08034e-12) (-2.33057e-15 6.37153e-16 -1.36495e-12) (-2.33057e-15 6.37153e-16 -1.36495e-12) (-1.31041e-15 6.41304e-16 -1.51305e-12) (-1.31041e-15 6.41304e-16 -1.51305e-12)
2950          (4.02496e-18 1.37515e-18 -1.3427e-14) (4.02496e-18 1.37515e-18 -1.3427e-14) (4.02496e-18 1.37515e-18 -1.3427e-14) (3.90966e-17 4.17719e-18 -3.93423e-14) (3.90966e-17 4.17719e-18 -3.93423e-14) (-2.34672e-17 2.9243e-18 -6.18023e-14) (-2.34672e-17 2.9243e-18 -6.18023e-14) (-1.33354e-16 3.74813e-17 -7.80795e-14) (-1.33354e-16 3.74813e-17 -7.80795e-14) (-7.61918e-17 4.00817e-17 -8.65501e-14) (-7.61918e-17 4.00817e-17 -8.65501e-14)
3000          (1.1366e-19 1.24888e-20 -7.67107e-16) (1.1366e-19 1.24888e-20 -7.67107e-16) (1.1366e-19 1.24888e-20 -7.67107e-16) (2.7893e-18 -1.2372e-24 -2.24951e-15) (2.7893e-18 -1.2372e-24 -2.24951e-15) (-1.24901e-18 1.24763e-18 -3.53502e-15) (-1.24901e-18 1.24763e-18 -3.53502e-15) (-5.42762e-18 2.63942e-18 -4.466e-15) (-5.42762e-18 2.63942e-18 -4.466e-15) (-4.16446e-18 2.7743e-18 -4.95209e-15) (-4.16446e-18 2.7743e-18 -4.95209e-15)
3050          (1.02545e-15 3.12498e-16 -3.17361e-12) (1.02545e-15 3.12498e-16 -3.17361e-12) (1.02545e-15 3.12498e-16 -3.17361e-12) (9.10616e-15 1.11983e-15 -9.2963e-12) (9.10616e-15 1.11983e-15 -9.2963e-12) (-5.50645e-15 7.06473e-16 -1.45974e-11) (-5.50645e-15 7.06473e-16 -1.45974e-11) (-3.14862e-14 8.59041e-15 -1.84344e-11) (-3.14862e-14 8.59041e-15 -1.84344e-11) (-1.76995e-14 8.65858e-15 -2.04288e-11) (-1.76995e-14 8.65858e-15 -2.04288e-11)
3100          (5.8176e-17 1.66661e-17 -1.81322e-13) (5.8176e-17 1.66661e-17 -1.81322e-13) (5.8176e-17 1.66661e-17 -1.81322e-13) (5.22089e-16 6.38482e-17 -5.31296e-13) (5.22089e-16 6.38482e-17 -5.31296e-13) (-3.15169e-16 4.03708e-17 -8.34653e-13) (-3.15169e-16 4.03708e-17 -8.34653e-13) (-1.80268e-15 4.93833e-16 -1.05454e-12) (-1.80268e-15 4.93833e-16 -1.05454e-12) (-1.01312e-15 4.96845e-16 -1.16896e-12) (-1.01312e-15 4.96845e-16 -1.16896e-12)
3150          (4.03856e-18 -1.23652e-18 -1.03708e-14) (4.03856e-18 -1.23652e-18 -1.03708e-14) (4.03856e-18 -1.23652e-18 -1.03708e-14) (3.0655e-17 2.63817e-18 -3.0391e-14) (3.0655e-17 2.63817e-18 -3.0391e-14) (-1.67896e-17 2.90159e-18 -4.77454e-14) (-1.67896e-17 2.90159e-18 -4.77454e-14) (-1.0271e-16 2.87563e-17 -6.03217e-14) (-1.0271e-16 2.87563e-17 -6.03217e-14) (-5.82982e-17 2.7882e-17 -6.68665e-14) (-5.82982e-17 2.7882e-17 -6.68665e-14)
3200          (2.62152e-19 -1.24914e-19 -5.91984e-16) (2.62152e-19 -1.24914e-19 -5.91984e-16) (2.62152e-19 -1.24914e-19 -5.91984e-16) (1.4018e-18 -1.27411e-20 -1.73751e-15) (1.4018e-18 -1.27411e-20 -1.73751e-15) (-1.24888e-18 -1.38778e-18 -2.73098e-15) (-1.24888e-18 -1.38778e-18 -2.73098e-15) (-5.53876e-18 3.01412e-18 -3.45095e-15) (-5.53876e-18 3.01412e-18 -3.45095e-15) (-2.77545e-18 1.26301e-18 -3.82494e-15) (-2.77545e-18 1.26301e-18 -3.82494e-15)
3250          (9.74101e-16 2.99471e-16 -3.01438e-12) (9.74101e-16 2.99471e-16 -3.01438e-12) (9.74101e-16 2.99471e-16 -3.01438e-12) (8.65219e-15 1.06181e-15 -8.83179e-12) (8.65219e-15 1.06181e-15 -8.83179e-12) (-5.23707e-15 6.69128e-16 -1.38727e-11) (-5.23707e-15 6.69128e-16 -1.38727e-11) (-2.9933e-14 8.16841e-15 -1.75251e-11) (-2.9933e-14 8.16841e-15 -1.75251e-11) (-1.68267e-14 8.23213e-15 -1.9425e-11) (-1.68267e-14 8.23213e-15 -1.9425e-11)
3300          (5.81608e-17 1.78875e-17 -1.7237e-13) (5.81608e-17 1.78875e-17 -1.7237e-13) (5.81608e-17 1.78875e-17 -1.7237e-13) (4.96582e-16 5.84395e-17 -5.05071e-13) (4.96582e-16 5.84395e-17 -5.05071e-13) (-2.99766e-16 4.01082e-17 -7.93463e-13) (-2.99766e-16 4.01082e-17 -7.93463e-13) (-1.71149e-15 4.67815e-16 -1.0025e-12) (-1.71149e-15 4.67815e-16 -1.0025e-12) (-9.62022e-16 4.71879e-16 -1.11127e-12) (-9.62022e-16 4.71879e-16 -1.11127e-12)
3350          (4.13573e-18 -9.98075e-21 -9.85909e-15) (4.13573e-18 -9.98075e-21 -9.85909e-15) (4.13573e-18 -9.98075e-21 -9.85909e-15) (3.03939e-17 1.52657e-18 -2.88928e-14) (3.03939e-17 1.52657e-18 -2.88928e-14) (-1.54159e-17 3.88717e-18 -4.53946e-14) (-1.54159e-17 3.88717e-18 -4.53946e-14) (-9.72826e-17 2.77581e-17 -5.73485e-14) (-9.72826e-17 2.77581e-17 -5.73485e-14) (-5.55102e-17 2.65205e-17 -6.35669e-14) (-5.55102e-17 2.65205e-17 -6.35669e-14)
3400          (-1.37513e-21 -1.24915e-19 -5.6298e-16) (-1.37513e-21 -1.24915e-19 -5.6298e-16) (-1.37513e-21 -1.24915e-19 -5.6298e-16) (4.13435e-18 -1.38767e-22 -1.65189e-15) (4.13435e-18 -1.38767e-22 -1.65189e-15) (1.36128e-18 -1.38763e-18 -2.59691e-15) (1.36128e-18 -1.38763e-18 -2.59691e-15) (-6.78763e-18 1.38767e-18 -3.27939e-15) (-6.78763e-18 1.38767e-18 -3.27939e-15) (-4.01344e-18 2.6494e-18 -3.63612e-15) (-4.01344e-18 2.6494e-18 -3.63612e-15)
3450          (1.06958e-15 3.26363e-16 -3.30485e-12) (1.06958e-15 3.26363e-16 -3.30485e-12) (1.06958e-15 3.26363e-16 -3.30485e-12) (9.48754e-15 1.16699e-15 -9.68305e-12) (9.48754e-15 1.16699e-15 -9.68305e-12) (-5.74227e-15 7.35479e-16 -1.52103e-11) (-5.74227e-15 7.35479e-16 -1.52103e-11) (-3.28202e-14 8.95782e-15 -1.92155e-11) (-3.28202e-14 8.95782e-15 -1.92155e-11) (-1.8452e-14 9.0276e-15 -2.12991e-11) (-1.8452e-14 9.0276e-15 -2.12991e-11)
3500          (6.13151e-17 1.79177e-17 -1.88997e-13) (6.13151e-17 1.79177e-17 -1.88997e-13) (6.13151e-17 1.79177e-17 -1.88997e-13) (5.41546e-16 6.52537e-17 -5.53787e-13) (5.41546e-16 6.52537e-17 -5.53787e-13) (-3.27673e-16 4.16364e-17 -8.69992e-13) (-3.27673e-16 4.16364e-17 -8.69992e-13) (-1.87539e-15 5.12125e-16 -1.09919e-12) (-1.87539e-15 5.12125e-16 -1.09919e-12) (-1.05505e-15 5.164e-16 -1.21846e-12) (-1.05505e-15 5.164e-16 -1.21846e-12)
3550          (4.17571e-18 1.27536e-25 -1.08098e-14) (4.17571e-18 1.27536e-25 -1.08098e-14) (4.17571e-18 1.27536e-25 -1.08098e-14) (3.19055e-17 2.78794e-18 -3.16776e-14) (3.19055e-17 2.78794e-18 -3.16776e-14) (-1.79036e-17 2.76456e-18 -4.97652e-14) (-1.79036e-17 2.76456e-18 -4.97652e-14) (-1.06861e-16 3.05175e-17 -6.28748e-14) (-1.06861e-16 3.05175e-17 -6.28748e-14) (-5.9811e-17 2.92824e-17 -6.97e-14) (-5.9811e-17 2.92824e-17 -6.97e-14)
3600          (1.24789e-19 -1.26275e-18 -6.175e-16) (1.24789e-19 -1.26275e-18 -6.175e-16) (1.24789e-19 -1.26275e-18 -6.175e-16) (2.6493e-18 -1.12411e-23 -1.81098e-15) (2.6493e-18 -1.12411e-23 -1.81098e-15) (-2.64803e-21 -2.63525e-18 -2.84496e-15) (-2.64803e-21 -2.63525e-18 -2.84496e-15) (-5.43984e-18 1.41277e-18 -3.59543e-15) (-5.43984e-18 1.41277e-18 -3.59543e-15) (-2.76306e-18 1.52531e-18 -3.98629e-15) (-2.76306e-18 1.52531e-18 -3.98629e-15)
3650          (3.09476e-16 9.57284e-17 -9.53519e-13) (3.09476e-16 9.57284e-17 -9.53519e-13) (3.09476e-16 9.57284e-17 -9.53519e-13) (2.73558e-15 3.38472e-16 -2.79346e-12) (2.73558e-15 3.38472e-16 -2.79346e-12) (-1.65472e-15 2.12252e-16 -4.38728e-12) (-1.65472e-15 2.12252e-16 -4.38728e-12) (-9.46337e-15 2.58317e-15 -5.54162e-12) (-9.46337e-15 2.58317e-15 -5.54162e-12) (-5.32151e-15 2.60387e-15 -6.14189e-12) (-5.32151e-15 2.60387e-15 -6.14189e-12)
3700          (1.55446e-17 4.18847e-18 -5.45073e-14) (1.55446e-17 4.18847e-18 -5.45073e-14) (1.55446e-17 4.18847e-18 -5.45073e-14) (1.55822e-16 1.94178e-17 -1.59711e-13) (1.55822e-16 1.94178e-17 -1.59711e-13) (-9.56449e-17 1.26027e-17 -2.50904e-13) (-9.56449e-17 1.26027e-17 -2.50904e-13) (-5.38619e-16 1.48518e-16 -3.17008e-13) (-5.38619e-16 1.48518e-16 -3.17008e-13) (-3.02668e-16 1.48533e-16 -3.51406e-13) (-3.02668e-16 1.48533e-16 -3.51406e-13)
3750          (2.87396e-19 -1.37391e-18 -3.11852e-15) (2.87396e-19 -1.37391e-18 -3.11852e-15) (2.87396e-19 -1.37391e-18 -3.11852e-15) (1.11035e-17 -1.1241e-19 -9.13779e-15) (1.11035e-17 -1.1241e-19 -9.13779e-15) (-2.92809e-18 1.26275e-19 -1.43539e-14) (-2.92809e-18 1.26275e-19 -1.43539e-14) (-3.05325e-17 9.83923e-18 -1.81333e-14) (-3.05325e-17 9.83923e-18 -1.81333e-14) (-1.78052e-17 9.59068e-18 -2.01017e-14) (-1.78052e-17 9.59068e-18 -2.01017e-14)
3800          (4.10367e-15 1.09826e-14 -2.30793e-11) (4.10367e-15 1.09826e-14 -2.30793e-11) (4.10367e-15 1.09826e-14 -2.30793e-11) (6.72448e-14 8.44448e-15 -6.81832e-11) (6.72448e-14 8.44448e-15 -6.81832e-11) (5.78529e-15 5.30401e-15 -8.03552e-11) (5.78529e-15 5.30401e-15 -8.03552e-11) (-1.01296e-13 2.07919e-14 -6.03672e-11) (-1.01296e-13 2.07919e-14 -6.03672e-11) (-4.60098e-14 2.23014e-14 -4.67036e-11) (-4.60098e-14 2.23014e-14 -4.67036e-11)
3850          (1.9694e-16 5.84374e-17 -6.10607e-13) (1.9694e-16 5.84374e-17 -6.10607e-13) (1.9694e-16 5.84374e-17 -6.10607e-13) (1.75297e-15 2.13849e-16 -1.78917e-12) (1.75297e-15 2.13849e-16 -1.78917e-12) (-1.06071e-15 1.3728e-16 -2.81075e-12) (-1.06071e-15 1.3728e-16 -2.81075e-12) (-6.06527e-15 1.65459e-15 -3.55122e-12) (-6.06527e-15 1.65459e-15 -3.55122e-12) (-3.41158e-15 1.66981e-15 -3.93654e-12) (-3.41158e-15 1.66981e-15 -3.93654e-12)
3900          (1.12421e-17 1.53892e-18 -3.49272e-14) (1.12421e-17 1.53892e-18 -3.49272e-14) (1.12421e-17 1.53892e-18 -3.49272e-14) (1.00312e-16 1.09772e-17 -1.02345e-13) (1.00312e-16 1.09772e-17 -1.02345e-13) (-5.96886e-17 8.57512e-18 -1.60784e-13) (-5.96886e-17 8.57512e-18 -1.60784e-13) (-3.45824e-16 9.44959e-17 -2.0314e-13) (-3.45824e-16 9.44959e-17 -2.0314e-13) (-1.95682e-16 9.56324e-17 -2.25179e-13) (-1.95682e-16 9.56324e-17 -2.25179e-13)
3950          (2.51177e-18 -1.1116e-18 -1.99764e-15) (2.51177e-18 -1.1116e-18 -1.99764e-15) (2.51177e-18 -1.1116e-18 -1.99764e-15) (8.06161e-18 1.24884e-22 -5.85611e-15) (8.06161e-18 1.24884e-22 -5.85611e-15) (-4.02593e-18 1.26263e-20 -9.19895e-15) (-4.02593e-18 1.26263e-20 -9.19895e-15) (-1.94415e-17 4.30351e-18 -1.16223e-14) (-1.94415e-17 4.30351e-18 -1.16223e-14) (-1.11147e-17 7.07615e-18 -1.28835e-14) (-1.11147e-17 7.07615e-18 -1.28835e-14)
4000          (-2.97219e-15 -9.13278e-16 9.25806e-12) (-2.97219e-15 -9.13278e-16 9.25806e-12) (-2.97219e-15 -9.13278e-16 9.25806e-12) (-2.54535e-14 -3.14432e-15 2.63197e-11) (-2.54535e-14 -3.14432e-15 2.63197e-11) (1.29772e-14 -1.96632e-15 3.9338e-11) (1.29772e-14 -1.96632e-15 3.9338e-11) (8.03968e-14 -2.14151e-14 4.7189e-11) (8.03968e-14 -2.14151e-14 4.7189e-11) (4.43766e-14 -2.16998e-14 5.05929e-11) (4.43766e-14 -2.16998e-14 5.05929e-11)
4050          (-1.50032e-16 -4.56734e-17 4.6568e-13) (-1.50032e-16 -4.56734e-17 4.6568e-13) (-1.50032e-16 -4.56734e-17 4.6568e-13) (-1.33677e-15 -1.63786e-16 1.36451e-12) (-1.33677e-15 -1.63786e-16 1.36451e-12) (8.09256e-16 -1.05222e-16 2.14362e-12) (8.09256e-16 -1.05222e-16 2.14362e-12) (4.62345e-15 -1.26569e-15 2.70834e-12) (4.62345e-15 -1.26569e-15 2.70834e-12) (2.60108e-15 -1.27429e-15 3.00221e-12) (2.60108e-15 -1.27429e-15 3.00221e-12)
4100          (-8.46558e-18 -2.77317e-19 2.66394e-14) (-8.46558e-18 -2.77317e-19 2.66394e-14) (-8.46558e-18 -2.77317e-19 2.66394e-14) (-7.6456e-17 -8.32791e-18 7.80548e-14) (-7.6456e-17 -8.32791e-18 7.80548e-14) (4.58233e-17 -8.03676e-18 1.22621e-13) (4.58233e-17 -8.03676e-18 1.22621e-13) (2.64669e-16 -7.3414e-17 1.54924e-13) (2.64669e-16 -7.3414e-17 1.54924e-13) (1.48621e-16 -7.24174e-17 1.71733e-13) (1.48621e-16 -7.24174e-17 1.71733e-13)
4150          (-1.38765e-18 -1.24888e-20 1.52409e-15) (-1.38765e-18 -1.24888e-20 1.52409e-15) (-1.38765e-18 -1.24888e-20 1.52409e-15) (-4.28711e-18 1.36141e-18 4.46411e-15) (-4.28711e-18 1.36141e-18 4.46411e-15) (3.01148e-18 -1.51018e-18 7.01319e-15) (3.01148e-18 -1.51018e-18 7.01319e-15) (1.27663e-17 -4.17584e-18 8.86459e-15) (1.27663e-17 -4.17584e-18 8.86459e-15) (8.4516e-18 -4.55079e-18 9.82776e-15) (8.4516e-18 -4.55079e-18 9.82776e-15)
4200          (-3.88801e-17 -1.11046e-17 1.20005e-13) (-3.88801e-17 -1.11046e-17 1.20005e-13) (-3.88801e-17 -1.11046e-17 1.20005e-13) (-3.98313e-16 -4.96712e-17 3.89493e-13) (-3.98313e-16 -4.96712e-17 3.89493e-13) (3.47085e-16 -3.05462e-17 7.01507e-13) (3.47085e-16 -3.05462e-17 7.01507e-13) (1.70564e-15 -4.88493e-16 9.93059e-13) (1.70564e-15 -4.88493e-16 9.93059e-13) (9.93833e-16 -4.87142e-16 1.17162e-12) (9.93833e-16 -4.87142e-16 1.17162e-12)
4250          (-1.52696e-18 -1.24888e-18 9.6951e-15) (-1.52696e-18 -1.24888e-18 9.6951e-15) (-1.52696e-18 -1.24888e-18 9.6951e-15) (-2.92683e-17 -2.92419e-18 2.84081e-14) (-2.92683e-17 -2.92419e-18 2.84081e-14) (1.65025e-17 -1.53917e-18 4.46316e-14) (1.65025e-17 -1.53917e-18 4.46316e-14) (9.68951e-17 -2.7742e-17 5.63895e-14) (9.68951e-17 -2.7742e-17 5.63895e-14) (5.42624e-17 -2.65192e-17 6.25066e-14) (5.42624e-17 -2.65192e-17 6.25066e-14)
4300          (-1.25039e-19 -1.48505e-19 5.55554e-16) (-1.25039e-19 -1.48505e-19 5.55554e-16) (-1.25039e-19 -1.48505e-19 5.55554e-16) (-1.63895e-18 -9.86723e-19 1.62635e-15) (-1.63895e-18 -9.86723e-19 1.62635e-15) (1.11049e-18 -1.23651e-18 2.55154e-15) (1.11049e-18 -1.23651e-18 2.55154e-15) (4.0287e-18 -3.87468e-18 3.22098e-15) (4.0287e-18 -3.87468e-18 3.22098e-15) (1.55293e-18 -1.40165e-18 3.57472e-15) (1.55293e-18 -1.40165e-18 3.57472e-15)
4350          (-1.4545e-15 -4.44314e-16 4.50592e-12) (-1.4545e-15 -4.44314e-16 4.50592e-12) (-1.4545e-15 -4.44314e-16 4.50592e-12) (-1.29354e-14 -1.58927e-15 1.32024e-11) (-1.29354e-14 -1.58927e-15 1.32024e-11) (7.82877e-15 -1.00305e-15 2.07393e-11) (7.82877e-15 -1.00305e-15 2.07393e-11) (4.47526e-14 -1.22141e-14 2.62013e-11) (4.47526e-14 -1.22141e-14 2.62013e-11) (2.51602e-14 -1.23114e-14 2.9043e-11) (2.51602e-14 -1.23114e-14 2.9043e-11)
4400          (-8.4515e-17 -2.62156e-17 2.57707e-13) (-8.4515e-17 -2.62156e-17 2.57707e-13) (-8.4515e-17 -2.62156e-17 2.57707e-13) (-7.39989e-16 -8.89698e-17 7.55119e-13) (-7.39989e-16 -8.89698e-17 7.55119e-13) (4.4715e-16 -5.82884e-17 1.18628e-12) (4.4715e-16 -5.82884e-17 1.18628e-12) (2.56057e-15 -6.99603e-16 1.4988e-12) (2.56057e-15 -6.99603e-16 1.4988e-12) (1.43695e-15 -7.02518e-16 1.66142e-12) (1.43695e-15 -7.02518e-16 1.66142e-12)
4450          (-6.66135e-18 -1.24914e-20 1.47412e-14) (-6.66135e-18 -1.24914e-20 1.47412e-14) (-6.66135e-18 -1.24914e-20 1.47412e-14) (-4.54081e-17 -3.03939e-18 4.31935e-14) (-4.54081e-17 -3.03939e-18 4.31935e-14) (2.50939e-17 -4.27575e-18 6.78573e-14) (2.50939e-17 -4.27575e-18 6.78573e-14) (1.47093e-16 -4.15074e-17 8.57348e-14) (1.47093e-16 -4.15074e-17 8.57348e-14) (8.06341e-17 -4.06332e-17 9.50408e-14) (8.06341e-17 -4.06332e-17 9.50408e-14)
4500          (-2.52312e-18 -9.8646e-19 8.44592e-16) (-2.52312e-18 -9.8646e-19 8.44592e-16) (-2.52312e-18 -9.8646e-19 8.44592e-16) (-1.52779e-18 -1.24775e-18 2.47266e-15) (-1.52779e-18 -1.24775e-18 2.47266e-15) (1.26288e-18 -1.11049e-20 3.88408e-15) (1.26288e-18 -1.11049e-20 3.88408e-15) (8.0756e-18 -2.76168e-18 4.90448e-15) (8.0756e-18 -2.76168e-18 4.90448e-15) (4.28949e-18 -1.63897e-18 5.43027e-15) (4.28949e-18 -1.63897e-18 5.43027e-15)
4550          (3.17914e-16 9.83788e-17 -9.81087e-13) (3.17914e-16 9.83788e-17 -9.81087e-13) (3.17914e-16 9.83788e-17 -9.81087e-13) (2.81455e-15 3.45452e-16 -2.87286e-12) (2.81455e-15 3.45452e-16 -2.87286e-12) (-1.69638e-15 2.18026e-16 -4.50863e-12) (-1.69638e-15 2.18026e-16 -4.50863e-12) (-9.7175e-15 2.65107e-15 -5.69077e-12) (-9.7175e-15 2.65107e-15 -5.69077e-12) (-5.46333e-15 2.67324e-15 -6.3044e-12) (-5.46333e-15 2.67324e-15 -6.3044e-12)
4600          (1.94038e-17 3.05187e-18 -5.59779e-14) (1.94038e-17 3.05187e-18 -5.59779e-14) (1.94038e-17 3.05187e-18 -5.59779e-14) (1.61098e-16 2.08028e-17 -1.64021e-13) (1.61098e-16 2.08028e-17 -1.64021e-13) (-9.8494e-17 1.26277e-17 -2.57669e-13) (-9.8494e-17 1.26277e-17 -2.57669e-13) (-5.56369e-16 1.52672e-16 -3.2555e-13) (-5.56369e-16 1.52672e-16 -3.2555e-13) (-3.13502e-16 1.52672e-16 -3.60877e-13) (-3.13502e-16 1.52672e-16 -3.60877e-13)
4650          (1.37529e-18 1.3614e-18 -3.20222e-15) (1.37529e-18 1.3614e-18 -3.20222e-15) (1.37529e-18 1.3614e-18 -3.20222e-15) (9.86586e-18 1.2514e-18 -9.37929e-15) (9.86586e-18 1.2514e-18 -9.37929e-15) (-2.90323e-18 1.39765e-18 -1.47371e-14) (-2.90323e-18 1.39765e-18 -1.47371e-14) (-3.06699e-17 9.71321e-18 -1.86232e-14) (-3.06699e-17 9.71321e-18 -1.86232e-14) (-1.67811e-17 8.45407e-18 -2.0643e-14) (-1.67811e-17 8.45407e-18 -2.0643e-14)
4700          (5.07706e-16 -2.05503e-14 -2.11527e-11) (5.07706e-16 -2.05503e-14 -2.11527e-11) (5.07706e-16 -2.05503e-14 -2.11527e-11) (5.59184e-14 5.65341e-15 -5.79312e-11) (5.59184e-14 5.65341e-15 -5.79312e-11) (4.32272e-15 4.2853e-15 -6.61874e-11) (4.32272e-15 4.2853e-15 -6.61874e-11) (-8.71233e-14 1.86945e-14 -5.17656e-11) (-8.71233e-14 1.86945e-14 -5.17656e-11) (-4.0844e-14 1.98411e-14 -4.23041e-11) (-4.0844e-14 1.98411e-14 -4.23041e-11)
4750          (1.66285e-16 5.00827e-17 -5.13731e-13) (1.66285e-16 5.00827e-17 -5.13731e-13) (1.66285e-16 5.00827e-17 -5.13731e-13) (1.47526e-15 1.8054e-16 -1.50531e-12) (1.47526e-15 1.8054e-16 -1.50531e-12) (-8.92651e-16 1.16328e-16 -2.36481e-12) (-8.92651e-16 1.16328e-16 -2.36481e-12) (-5.10238e-15 1.39464e-15 -2.98781e-12) (-5.10238e-15 1.39464e-15 -2.98781e-12) (-2.86894e-15 1.40589e-15 -3.31199e-12) (-2.86894e-15 1.40589e-15 -3.31199e-12)
4800          (9.58958e-18 1.64134e-18 -2.93872e-14) (9.58958e-18 1.64134e-18 -2.93872e-14) (9.58958e-18 1.64134e-18 -2.93872e-14) (8.3421e-17 1.10898e-17 -8.61072e-14) (8.3421e-17 1.10898e-17 -8.61072e-14) (-5.10983e-17 7.05131e-18 -1.35273e-13) (-5.10983e-17 7.05131e-18 -1.35273e-13) (-2.92701e-16 8.17406e-17 -1.70911e-13) (-2.92701e-16 8.17406e-17 -1.70911e-13) (-1.65022e-16 7.92452e-17 -1.89457e-13) (-1.65022e-16 7.92452e-17 -1.89457e-13)
4850          (1.39879e-19 -1.25013e-18 -1.68138e-15) (1.39879e-19 -1.25013e-18 -1.68138e-15) (1.39879e-19 -1.25013e-18 -1.68138e-15) (4.42689e-18 -1.37379e-18 -4.92668e-15) (4.42689e-18 -1.37379e-18 -4.92668e-15) (-1.63884e-18 1.51257e-18 -7.73957e-15) (-1.63884e-18 1.51257e-18 -7.73957e-15) (-1.6777e-17 4.18833e-18 -9.77717e-15) (-1.6777e-17 4.18833e-18 -9.77717e-15) (-9.82561e-18 5.55236e-18 -1.08385e-14) (-9.82561e-18 5.55236e-18 -1.08385e-14)
4900          (2.56842e-15 7.89464e-16 -7.97616e-12) (2.56842e-15 7.89464e-16 -7.97616e-12) (2.56842e-15 7.89464e-16 -7.97616e-12) (2.23855e-14 2.75798e-15 -2.30014e-11) (2.23855e-14 2.75798e-15 -2.30014e-11) (-1.24673e-14 1.7334e-15 -3.52307e-11) (-1.24673e-14 1.7334e-15 -3.52307e-11) (-7.40321e-14 1.99717e-14 -4.33969e-11) (-7.40321e-14 1.99717e-14 -4.33969e-11) (-4.12582e-14 2.01826e-14 -4.73476e-11) (-4.12582e-14 2.01826e-14 -4.73476e-11)
4950          (1.41278e-16 4.18837e-17 -4.2753e-13) (1.41278e-16 4.18837e-17 -4.2753e-13) (1.41278e-16 4.18837e-17 -4.2753e-13) (1.22827e-15 1.50133e-16 -1.25273e-12) (1.22827e-15 1.50133e-16 -1.25273e-12) (-7.41253e-16 9.57734e-17 -1.96802e-12) (-7.41253e-16 9.57734e-17 -1.96802e-12) (-4.24593e-15 1.15776e-15 -2.48649e-12) (-4.24593e-15 1.15776e-15 -2.48649e-12) (-2.38737e-15 1.16981e-15 -2.75628e-12) (-2.38737e-15 1.16981e-15 -2.75628e-12)
5000          (8.35165e-18 2.78816e-18 -2.44539e-14) (8.35165e-18 2.78816e-18 -2.44539e-14) (8.35165e-18 2.78816e-18 -2.44539e-14) (7.07759e-17 6.94167e-18 -7.16557e-14) (7.07759e-17 6.94167e-18 -7.16557e-14) (-4.3046e-17 5.56236e-18 -1.12575e-13) (-4.3046e-17 5.56236e-18 -1.12575e-13) (-2.45352e-16 6.81262e-17 -1.42234e-13) (-2.45352e-16 6.81262e-17 -1.42234e-13) (-1.37266e-16 6.54911e-17 -1.57668e-13) (-1.37266e-16 6.54911e-17 -1.57668e-13)
