# Probe 0 (0 0 0)
# Time        0            
5             1000         
10            965.978      
15            938.513      
20            914.272      
25            892.651      
30            873.197      
35            855.564      
40            839.478      
45            824.724      
50            811.126      
55            798.539      
60            786.844      
65            775.941      
70            765.745      
75            756.184      
80            747.196      
85            738.726      
90            730.729      
95            723.163      
100           715.992      
105           709.185      
110           702.712      
115           696.549      
120           690.673      
125           685.063      
130           679.701      
135           674.572      
140           669.658      
145           664.948      
150           660.427      
155           656.086      
160           651.913      
165           647.898      
170           644.034      
175           640.311      
180           636.722      
185           633.26       
190           629.919      
195           626.692      
200           623.573      
205           620.559      
210           617.643      
215           614.821      
220           612.089      
225           609.442      
230           606.878      
235           604.392      
240           601.981      
245           599.642      
250           597.372      
255           595.168      
260           593.028      
265           590.948      
270           588.928      
275           586.963      
280           585.053      
285           583.196      
290           581.388      
295           579.629      
300           577.917      
305           576.25       
310           574.627      
315           573.045      
320           571.505      
325           570.003      
330           568.54       
335           567.113      
340           565.721      
345           564.364      
350           563.041      
355           561.749      
360           560.489      
365           559.259      
370           558.058      
375           556.886      
380           555.742      
385           554.624      
390           553.532      
395           552.466      
400           551.424      
405           550.405      
410           549.41       
415           548.438      
420           547.487      
425           546.558      
430           545.649      
435           544.761      
440           543.892      
445           543.042      
450           542.21       
455           541.397      
460           540.601      
465           539.822      
470           539.06       
475           538.315      
480           537.585      
485           536.871      
490           536.171      
495           535.487      
500           534.816      
505           534.16       
510           533.517      
515           532.888      
520           532.271      
525           531.667      
530           531.076      
535           530.496      
540           529.929      
545           529.373      
550           528.828      
555           528.294      
560           527.771      
565           527.258      
570           526.756      
575           526.263      
580           525.78       
585           525.307      
590           524.843      
595           524.389      
600           523.943      
605           523.506      
610           523.077      
615           522.657      
620           522.245      
625           521.841      
630           521.445      
635           521.056      
640           520.675      
645           520.302      
650           519.935      
655           519.575      
660           519.223      
665           518.877      
670           518.537      
675           518.204      
680           517.878      
685           517.557      
690           517.243      
695           516.934      
700           516.631      
705           516.334      
710           516.043      
715           515.757      
720           515.476      
725           515.201      
730           514.93       
735           514.665      
740           514.405      
745           514.149      
750           513.898      
755           513.652      
760           513.41       
765           513.173      
770           512.94       
775           512.712      
780           512.487      
785           512.267      
790           512.051      
795           511.838      
800           511.63       
805           511.425      
810           511.224      
815           511.027      
820           510.833      
825           510.643      
830           510.457      
835           510.273      
840           510.093      
845           509.916      
850           509.743      
855           509.572      
860           509.405      
865           509.241      
870           509.079      
875           508.921      
880           508.765      
885           508.612      
890           508.462      
895           508.314      
900           508.169      
905           508.027      
910           507.887      
915           507.75       
920           507.615      
925           507.483      
930           507.353      
935           507.225      
940           507.1        
945           506.977      
950           506.855      
955           506.737      
960           506.62       
965           506.505      
970           506.392      
975           506.282      
980           506.173      
985           506.066      
990           505.961      
995           505.858      
1000          505.756      
1005          505.657      
1010          505.559      
1015          505.463      
1020          505.369      
1025          505.276      
1030          505.185      
1035          505.095      
1040          505.008      
1045          504.921      
1050          504.836      
1055          504.753      
1060          504.671      
1065          504.59       
1070          504.511      
1075          504.434      
1080          504.357      
1085          504.282      
1090          504.209      
1095          504.136      
1100          504.065      
1105          503.995      
1110          503.926      
1115          503.859      
1120          503.792      
1125          503.727      
1130          503.663      
1135          503.6        
1140          503.538      
1145          503.478      
1150          503.418      
1155          503.359      
1160          503.302      
1165          503.245      
1170          503.189      
1175          503.135      
1180          503.081      
1185          503.028      
1190          502.976      
1195          502.925      
1200          502.875      
1205          502.826      
1210          502.777      
1215          502.73       
1220          502.683      
1225          502.637      
1230          502.592      
1235          502.547      
1240          502.504      
1245          502.461      
1250          502.419      
1255          502.377      
1260          502.337      
1265          502.297      
1270          502.257      
1275          502.219      
1280          502.181      
1285          502.143      
1290          502.107      
1295          502.071      
1300          502.035      
1305          502.001      
1310          501.966      
1315          501.933      
1320          501.9        
1325          501.867      
1330          501.835      
1335          501.804      
1340          501.773      
1345          501.743      
1350          501.713      
1355          501.684      
1360          501.655      
1365          501.627      
1370          501.599      
1375          501.572      
1380          501.545      
1385          501.518      
1390          501.493      
1395          501.467      
1400          501.442      
1405          501.417      
1410          501.393      
1415          501.369      
1420          501.346      
1425          501.323      
1430          501.301      
1435          501.278      
1440          501.257      
1445          501.235      
1450          501.214      
1455          501.193      
1460          501.173      
1465          501.153      
1470          501.133      
1475          501.114      
1480          501.095      
1485          501.076      
1490          501.058      
1495          501.04       
1500          501.022      
1505          501.005      
1510          500.988      
1515          500.971      
1520          500.954      
1525          500.938      
1530          500.922      
1535          500.906      
1540          500.891      
1545          500.876      
1550          500.861      
1555          500.846      
1560          500.832      
1565          500.818      
1570          500.804      
1575          500.79       
1580          500.776      
1585          500.763      
1590          500.75       
1595          500.737      
1600          500.725      
1605          500.713      
1610          500.7        
1615          500.688      
1620          500.677      
1625          500.665      
1630          500.654      
1635          500.643      
1640          500.632      
1645          500.621      
1650          500.611      
1655          500.6        
1660          500.59       
1665          500.58       
1670          500.57       
1675          500.56       
1680          500.551      
1685          500.541      
1690          500.532      
1695          500.523      
1700          500.514      
1705          500.505      
1710          500.497      
1715          500.488      
1720          500.48       
1725          500.472      
1730          500.464      
1735          500.456      
1740          500.448      
1745          500.441      
1750          500.433      
1755          500.426      
1760          500.418      
1765          500.411      
1770          500.404      
1775          500.397      
1780          500.391      
1785          500.384      
1790          500.378      
1795          500.371      
1800          500.365      
1805          500.359      
1810          500.352      
1815          500.346      
1820          500.341      
1825          500.335      
1830          500.329      
1835          500.324      
1840          500.318      
1845          500.313      
1850          500.307      
1855          500.302      
1860          500.297      
1865          500.292      
1870          500.287      
1875          500.282      
1880          500.277      
1885          500.273      
1890          500.268      
1895          500.263      
1900          500.259      
1905          500.254      
1910          500.25       
1915          500.246      
1920          500.242      
1925          500.238      
1930          500.234      
1935          500.23       
1940          500.226      
1945          500.222      
1950          500.218      
1955          500.214      
1960          500.211      
1965          500.207      
1970          500.204      
1975          500.2        
1980          500.197      
1985          500.193      
1990          500.19       
1995          500.187      
2000          500.184      
2005          500.181      
2010          500.177      
2015          500.174      
2020          500.172      
2025          500.169      
2030          500.166      
2035          500.163      
2040          500.16       
2045          500.157      
2050          500.155      
2055          500.152      
2060          500.15       
2065          500.147      
2070          500.144      
2075          500.142      
2080          500.14       
2085          500.137      
2090          500.135      
2095          500.133      
2100          500.13       
2105          500.128      
2110          500.126      
2115          500.124      
2120          500.122      
2125          500.12       
2130          500.118      
2135          500.116      
2140          500.114      
2145          500.112      
2150          500.11       
2155          500.108      
2160          500.106      
2165          500.104      
2170          500.103      
2175          500.101      
2180          500.099      
2185          500.097      
2190          500.096      
2195          500.094      
2200          500.093      
2205          500.091      
2210          500.089      
2215          500.088      
2220          500.086      
2225          500.085      
2230          500.083      
2235          500.082      
2240          500.081      
2245          500.079      
2250          500.078      
2255          500.077      
2260          500.075      
2265          500.074      
2270          500.073      
2275          500.072      
2280          500.07       
2285          500.069      
2290          500.068      
2295          500.067      
2300          500.066      
2305          500.065      
2310          500.063      
2315          500.062      
2320          500.061      
2325          500.06       
2330          500.059      
2335          500.058      
2340          500.057      
2345          500.056      
2350          500.055      
