# Probe 0 (0.0015 0.0015 0)
# Probe 1 (0.0015 0.0015 0.002)
# Probe 2 (0.0015 0.0015 0.004)
# Probe 3 (0.0015 0.0015 0.006)
# Probe 4 (0.0015 0.0015 0.008)
# Probe 5 (0.0015 0.0015 0.01)
# Probe 6 (0.0015 0.0015 0.012)
# Probe 7 (0.0015 0.0015 0.014)
# Probe 8 (0.0015 0.0015 0.016)
# Probe 9 (0.0015 0.0015 0.018)
# Probe 10 (0.0015 0.0015 0.02)
# Time        0             1             2             3             4             5             6             7             8             9             10           
50            95143.6       95143.6       35599.4       12699.7       4978.93       2374.19       1599.04       1364.43       1607.78       2523.97       5195.6       
100           128682        128682        61535.1       23579.6       9004.73       3789.29       2097.89       1571.09       1775.11       2789.47       5609.22      
150           147039        147039        86442.3       38345.3       15254.5       6082.1        2921.56       1897.5        1997.4        3097.56       6063.99      
200           157993        157993        104479        54282.7       23765.5       9459.06       4181.16       2388.57       2290.89       3445.18       6526.99      
250           165410        165410        117317        68745         34026.9       14110.5       6025.09       3107.68       2680.88       3836.63       6982.31      
300           170908        170908        127022        80759.8       44857.9       20071.7       8626.25       4139.48       3204.51       4284.25       7428.18      
350           175192        175192        134656        90558         55048.2       27064.3       12136         5584.1        3911.47       4808.45       7872.02      
400           178635        178635        140828        98631.9       64049.5       34533.9       16623         7548.21       4864.24       5438.26       8328.16      
450           181470        181470        145934        105402        71890.9       41937.7       22013         10133.8       6139.99       6213.35       8817.37      
500           183860        183860        150260        111202        78785.3       48968.5       28067.1       13410.1       7826.64       7184.81       9366.74      
550           185925        185925        154010        116278        84939.1       55544.1       34461.1       17379.2       10012.4       8413.9        10009.2      
600           187749        187749        157334        120812        90516.3       61688         40910.6       21956.6       12768.8       9967.68       10782.3      
650           189391        189391        160336        124932        95639.5       67449.3       47244.5       26989.2       16129.2       11911.2       11726        
700           190893        190893        163087        128726        100397        72878.6       53392.8       32299.5       20063.2       14289.2       12875.1      
750           192284        192284        165640        132260        104856        78022.3       59336.7       37726         24465.3       17107.2       14251.3      
800           193585        193585        168031        135578        109063        82914         65066.9       43137.7       29170.8       20315.7       15852.7      
850           194811        194811        170285        138713        113048        87570.6       70567.1       48433.6       33997.1       23810.2       17648.6      
900           195969        195969        172416        141679        116825        91993.8       75812.6       53534.9       38780.8       27451         19581.2      
950           197064        197064        174431        144483        120395        96174.6       80775         58379.9       43395         31091.8       21574.8      
1000          198096        198096        176329        147122        123750        100098        85425.6       62920.9       47749.2       34606         23550.4      
1050          199063        199063        178106        149588        126880        103749        89739.8       67123         51783.3       37900.6       25439.8      
1100          199962        199962        179756        151875        129774        107113        93699.8       70964.1       55462.4       40918.4       27193.2      
1150          200791        200791        181275        153976        132425        110182        97296.1       74434.9       58772.8       43632.9       28782.1      
1200          201547        201547        182661        155888        134830        112954        100529        77538.3       61717.4       46040.6       30195.7      
1250          202230        202230        183910        157608        136988        115433        103409        80287.8       64312.6       48154.2       31436.8      
1300          202842        202842        185028        159145        138909        117632        105950        82702.7       66579.7       49992.5       32515.3      
1350          203386        203386        186021        160505        140606        119567        108178        84808.9       68547.6       51581.5       33445.8      
1400          203865        203865        186894        161700        142093        121257        110116        86635         70246.5       52948.1       34244.4      
1450          204284        204284        187657        162743        143388        122724        111794        88210.1       71706.7       54118.8       34927.1      
1500          204648        204648        188320        163647        144508        123991        113240        89563.1       72957         55118.5       35509.1      
1550          204963        204963        188892        164428        145473        125081        114480        90721         74024.4       55969.9       36003.9      
1600          205233        205233        189384        165098        146301        126014        115540        91709         74933.3       56693.5       36424        
1650          205465        205465        189805        165671        147009        126810        116444        92550         75705.6       57307.3       36779.8      
1700          205663        205663        190165        166160        147613        127489        117212        93264.2       76360.6       57827.3       37081.1      
1750          205832        205832        190471        166577        148126        128065        117865        93869.8       76915.3       58267.2       37335.8      
1800          205976        205976        190732        166930        148561        128554        118418        94382.4       77384.4       58638.9       37550.8      
1850          206097        206097        190953        167230        148930        128968        118885        94815.7       77780.7       58952.7       37732.3      
1900          206200        206200        191140        167484        149243        129318        119281        95181.8       78115.2       59217.4       37885.4      
1950          206287        206287        191298        167698        149506        129613        119614        95490.7       78397.4       59440.5       38014.3      
2000          206361        206361        191431        167879        149729        129863        119896        95751.1       78635.1       59628.6       38123        
2050          206423        206423        191544        168032        149917        130073        120134        95970.7       78835.7       59787.1       38214.6      
2100          206475        206475        191639        168161        150075        130250        120333        96155.4       79004.2       59920.2       38291.4      
2150          206520        206520        191719        168269        150209        130399        120502        96311         79146.2       60032.5       38356.3      
2200          206557        206557        191786        168361        150321        130525        120643        96441.8       79265.5       60126.7       38410.7      
2250          206588        206588        191842        168437        150415        130630        120762        96551.7       79365.7       60205.8       38456.3      
2300          206614        206614        191890        168502        150494        130719        120862        96644         79449.9       60272.3       38494.8      
2350          206636        206636        191930        168556        150561        130793        120946        96721.6       79520.7       60328.3       38527.1      
2400          206654        206654        191963        168601        150616        130855        121015        96785.7       79579.1       60374.3       38553.7      
2450          206670        206670        191991        168639        150662        130907        121074        96839.8       79628.5       60413.4       38576.3      
2500          206683        206683        192014        168670        150701        130950        121123        96885.3       79670         60446.2       38595.3      
2550          206693        206693        192034        168697        150734        130987        121164        96923.6       79705         60473.9       38611.2      
2600          206703        206703        192051        168720        150762        131018        121200        96956.4       79734.9       60497.6       38624.9      
2650          206710        206710        192064        168738        150785        131044        121228        96982.8       79758.9       60516.5       38635.9      
2700          206716        206716        192075        168753        150803        131065        121252        97004.5       79778.7       60532.1       38644.9      
2750          206722        206722        192085        168766        150819        131083        121272        97023.4       79796         60545.9       38652.8      
2800          206726        206726        192093        168778        150833        131098        121290        97039.8       79811         60557.7       38659.6      
2850          206730        206730        192100        168787        150844        131111        121304        97052.9       79823         60567.1       38665.1      
2900          206733        206733        192106        168794        150854        131121        121316        97063.5       79832.6       60574.8       38669.5      
2950          206736        206736        192111        168801        150862        131130        121326        97072.7       79840.9       60581.3       38673.3      
3000          206738        206738        192115        168806        150868        131138        121334        97080.6       79848.1       60587         38676.6      
3050          206740        206740        192118        168811        150874        131144        121341        97087.2       79854.2       60591.9       38679.3      
3100          206741        206741        192120        168814        150878        131149        121347        97092.4       79859         60595.6       38681.5      
3150          206742        206742        192122        168817        150882        131153        121351        97096.2       79862.4       60598.3       38683.1      
3200          206743        206743        192124        168820        150885        131156        121355        97100.1       79866.1       60601.3       38684.8      
3250          206744        206744        192126        168822        150887        131159        121358        97102.7       79868.5       60603.2       38685.9      
3300          206745        206745        192127        168823        150889        131161        121361        97105.4       79870.9       60605.1       38687        
3350          206745        206745        192128        168824        150890        131162        121362        97106.6       79872         60606         38687.6      
3400          206746        206746        192128        168825        150891        131164        121364        97108         79873.3       60607.1       38688.2      
3450          206746        206746        192129        168826        150893        131165        121365        97109.3       79874.5       60608         38688.8      
3500          206746        206746        192129        168826        150893        131165        121365        97109.3       79874.5       60608         38688.8      
3550          206746        206746        192129        168826        150893        131165        121365        97109.3       79874.5       60608         38688.8      
3600          206746        206746        192129        168826        150893        131165        121365        97109.3       79874.5       60608         38688.8      
3650          206746        206746        192129        168826        150893        131165        121365        97109.3       79874.5       60608         38688.8      
3700          206746        206746        192129        168826        150893        131165        121365        97109.3       79874.5       60608         38688.8      
3750          206746        206746        192129        168826        150893        131165        121365        97109.3       79874.5       60608         38688.8      
3800          206746        206746        192129        168826        150893        131165        121365        97109.3       79874.5       60608         38688.8      
3850          206746        206746        192129        168826        150893        131165        121365        97109.3       79874.5       60608         38688.8      
3900          206746        206746        192129        168826        150893        131165        121365        97109.3       79874.5       60608         38688.8      
3950          206746        206746        192129        168826        150893        131165        121365        97109.3       79874.5       60608         38688.8      
4000          206746        206746        192129        168826        150893        131165        121365        97109.3       79874.5       60608         38688.8      
4050          206746        206746        192129        168826        150893        131165        121365        97109.3       79874.5       60608         38688.8      
4100          206746        206746        192129        168826        150893        131165        121365        97109.3       79874.5       60608         38688.8      
4150          206746        206746        192129        168826        150893        131165        121365        97109.3       79874.5       60608         38688.8      
4200          206746        206746        192129        168826        150893        131165        121365        97109.3       79874.5       60608         38688.8      
4250          206746        206746        192129        168826        150893        131165        121365        97109.3       79874.5       60608         38688.8      
4300          206746        206746        192129        168826        150893        131165        121365        97109.3       79874.5       60608         38688.8      
4350          206746        206746        192129        168826        150893        131165        121365        97109.3       79874.5       60608         38688.8      
4400          206746        206746        192129        168826        150893        131165        121365        97109.3       79874.5       60608         38688.8      
4450          206746        206746        192129        168826        150893        131165        121365        97109.3       79874.5       60608         38688.8      
4500          206746        206746        192129        168826        150893        131165        121365        97109.3       79874.5       60608         38688.8      
4550          206746        206746        192129        168826        150893        131165        121365        97109.3       79874.5       60608         38688.8      
4600          206746        206746        192129        168826        150893        131165        121365        97109.3       79874.5       60608         38688.8      
4650          206746        206746        192129        168826        150893        131165        121365        97109.3       79874.5       60608         38688.8      
4700          206746        206746        192129        168826        150893        131165        121365        97109.3       79874.5       60608         38688.8      
4750          206746        206746        192129        168826        150893        131165        121365        97109.3       79874.5       60608         38688.8      
4800          206746        206746        192129        168826        150893        131165        121365        97109.3       79874.5       60608         38688.8      
4850          206746        206746        192129        168826        150893        131165        121365        97109.3       79874.5       60608         38688.8      
4900          206746        206746        192129        168826        150893        131165        121365        97109.3       79874.5       60608         38688.8      
4950          206746        206746        192129        168826        150893        131165        121365        97109.3       79874.5       60608         38688.8      
5000          206746        206746        192129        168826        150893        131165        121365        97109.3       79874.5       60608         38688.8      
