# Probe 0 (0.0015 0.0015 0)
# Probe 1 (0.0015 0.0015 0.002)
# Probe 2 (0.0015 0.0015 0.004)
# Probe 3 (0.0015 0.0015 0.006)
# Probe 4 (0.0015 0.0015 0.008)
# Probe 5 (0.0015 0.0015 0.01)
# Probe 6 (0.0015 0.0015 0.012)
# Probe 7 (0.0015 0.0015 0.014)
# Probe 8 (0.0015 0.0015 0.016)
# Probe 9 (0.0015 0.0015 0.018)
# Probe 10 (0.0015 0.0015 0.02)
# Time        0             1             2             3             4             5             6             7             8             9             10           
50            (1.00441e+06 33963.4 -4.27932e+07) (1.00441e+06 33963.4 -4.27932e+07) (27608.1 61504.9 -2.0611e+07) (9041.4 -37402.1 -7.65512e+06) (10062.3 6127.43 -2.58139e+06) (618.236 2071.61 -844974) (13019.1 -3803.09 -252440) (6405.23 -15835.1 2186.62) (10117.3 -1474.45 289885) (-6835.76 14371 896955) (12982.9 15422.7 2.57484e+06)
100           (2.38093e+06 78207.2 -3.75856e+07) (2.38093e+06 78207.2 -3.75856e+07) (-40433 331976 -2.62755e+07) (24251.6 -123448 -1.31326e+07) (9955.61 8785.49 -4.94757e+06) (-2556.27 2198.31 -1.72671e+06) (13226.7 -4894.95 -554550) (6372.75 -16582.7 -80695.1) (10686.4 -1684.24 304597) (-8784.94 19296.3 958528) (21669.2 26425.9 2.52404e+06)
150           (3.07315e+06 120169 -3.20574e+07) (3.07315e+06 120169 -3.20574e+07) (-321751 378478 -2.71735e+07) (-1033.03 -363672 -1.77969e+07) (14223.7 18086.3 -8.06579e+06) (-9675.76 2833.02 -3.08323e+06) (13794 -7152.9 -1.04615e+06) (6346.61 -17777.2 -231038) (11409.7 -1905.41 300017) (-10950.9 24859.7 1.01665e+06) (29962.3 37981.5 2.46414e+06)
200           (3.40143e+06 140649 -2.79651e+07) (3.40143e+06 140649 -2.79651e+07) (-395882 304845 -2.59277e+07) (64.2848 -710929 -2.01784e+07) (72565.9 51149.3 -1.12059e+07) (-23039 5927.26 -4.89609e+06) (15250.7 -11700.3 -1.76762e+06) (6362.78 -19776.6 -472567) (12384.6 -2157.53 264153) (-13285.3 30968 1.05902e+06) (36603.7 47952.5 2.39467e+06)
250           (3.60484e+06 154114 -2.50379e+07) (3.60484e+06 154114 -2.50379e+07) (-401891 275419 -2.41662e+07) (17283.4 -1.02201e+06 -2.08225e+07) (228363 104285 -1.36586e+07) (-44292.3 15589.2 -7.00046e+06) (18826.1 -20629.4 -2.75071e+06) (6495.85 -23200.6 -836051) (13756.8 -2455.64 182238) (-15713.4 37569.8 1.07536e+06) (41479.2 55461.5 2.31396e+06)
300           (3.74989e+06 164040 -2.2821e+07) (3.74989e+06 164040 -2.2821e+07) (-411989 260619 -2.2537e+07) (18949.3 -1.25138e+06 -2.05409e+07) (419831 154706 -1.5172e+07) (-69793.7 38087.8 -9.05791e+06) (27541.5 -37091.5 -3.98305e+06) (6958 -29156.1 -1.35543e+06) (15759.9 -2827.28 36193.2) (-18217.4 44698.1 1.05592e+06) (45090.1 60935 2.21884e+06)
350           (3.86071e+06 171760 -2.10754e+07) (3.86071e+06 171760 -2.10754e+07) (-422451 250050 -2.11585e+07) (20401 -1.42638e+06 -1.99019e+07) (578773 196574 -1.58734e+07) (-85115 72555.1 -1.0728e+07) (47547.5 -63405.9 -5.37005e+06) (8307.25 -39436 -2.05614e+06) (18779.6 -3305.52 -193912) (-20835 52424.6 990136) (47998.5 65210.8 2.10451e+06)
400           (3.94884e+06 177921 -1.96635e+07) (3.94884e+06 177921 -1.96635e+07) (-431149 241656 -2.00007e+07) (24047.2 -1.56817e+06 -1.91946e+07) (700911 233805 -1.60245e+07) (-77894.6 105776 -1.18566e+07) (87585.6 -96622.1 -6.74643e+06) (11967 -56570.2 -2.93969e+06) (23471.6 -3939.45 -527488) (-23700.7 60927 865980) (50672.4 69058.6 1.96423e+06)
450           (4.02087e+06 182973 -1.84948e+07) (4.02087e+06 182973 -1.84948e+07) (-438247 234803 -1.90168e+07) (28396.7 -1.68583e+06 -1.85108e+07) (800536 267706 -1.58661e+07) (-52536 126757 -1.24695e+07) (153258 -127725 -7.95099e+06) (20861.7 -83463.5 -3.96825e+06) (30890 -4758.5 -980108) (-27004.2 70502.6 669346) (53444.5 73018.9 1.78888e+06)
500           (4.0812e+06 187222 -1.75044e+07) (4.0812e+06 187222 -1.75044e+07) (-444151 229071 -1.81647e+07) (32726.8 -1.78557e+06 -1.78686e+07) (885782 298258 -1.55583e+07) (-21388.2 136999 -1.26795e+07) (241698 -149992 -8.88962e+06) (39415.6 -122354 -5.06011e+06) (42558 -5718.19 -1.55631e+06) (-30997.2 81622.6 385023) (56571.9 77483.5 1.5667e+06)
550           (4.13299e+06 190882 -1.66453e+07) (4.13299e+06 190882 -1.66453e+07) (-449181 224149 -1.74117e+07) (36805.4 -1.87212e+06 -1.72678e+07) (960484 325871 -1.51836e+07) (7948.16 144070 -1.26195e+07) (343567 -165098 -9.54124e+06) (71551.3 -173212 -6.11219e+06) (60310.2 -6604.28 -2.24131e+06) (-36011.6 94954.2 -789.403) (60289.4 82794.9 1.28362e+06)
600           (4.17844e+06 194113 -1.58838e+07) (4.17844e+06 194113 -1.58838e+07) (-453532 219833 -1.67342e+07) (40649.2 -1.94875e+06 -1.67044e+07) (1.02709e+06 351078 -1.4781e+07) (33660.3 152114 -1.24014e+07) (447841 -178260 -9.93285e+06) (116810 -233809 -7.03545e+06) (85815.9 -7144.21 -2.99723e+06) (-42485.7 111271 -496614) (64824.7 89295.5 924291)
650           (4.21922e+06 197013 -1.51959e+07) (4.21922e+06 197013 -1.51959e+07) (-457443 215938 -1.61148e+07) (44180.1 -2.01813e+06 -1.6174e+07) (1.08759e+06 374415 -1.43706e+07) (56234.7 161355 -1.20987e+07) (546614 -192252 -1.0115e+07) (169059 -302281 -7.77884e+06) (120293 -7326.24 -3.7695e+06) (-50948.5 131424 -1.10079e+06) (70496.2 97428.7 473957)
700           (4.25638e+06 199661 -1.45652e+07) (4.25638e+06 199661 -1.45652e+07) (-460990 212379 -1.55417e+07) (47488 -2.08177e+06 -1.56725e+07) (1.14325e+06 396156 -1.39619e+07) (76474.8 171010 -1.17511e+07) (636714 -207357 -1.01448e+07) (220427 -377651 -8.33239e+06) (163680 -7926.4 -4.50259e+06) (-61959.9 155905 -1.79702e+06) (77588.1 107605 -77275.4)
750           (4.29071e+06 202110 -1.39799e+07) (4.29071e+06 202110 -1.39799e+07) (-464252 209085 -1.50061e+07) (50606.1 -2.14086e+06 -1.5196e+07) (1.19505e+06 416560 -1.35593e+07) (95018.2 180579 -1.13798e+07) (718932 -222986 -1.00741e+07) (267083 -458067 -8.71784e+06) (214124 -9787.64 -5.15468e+06) (-75968.6 184783 -2.55351e+06) (86367.5 120188 -729970)
800           (4.32275e+06 204398 -1.34317e+07) (4.32275e+06 204398 -1.34317e+07) (-467287 206004 -1.45017e+07) (53560.8 -2.19622e+06 -1.4742e+07) (1.24368e+06 435831 -1.31661e+07) (112297 189864 -1.0999e+07) (795110 -238593 -9.94408e+06) (309271 -540471 -8.97401e+06) (268122 -12929.8 -5.70552e+06) (-93069.1 217631 -3.32955e+06) (96978.6 135360 -1.47178e+06)
850           (4.35289e+06 206552 -1.29148e+07) (4.35289e+06 206552 -1.29148e+07) (-470134 203103 -1.40244e+07) (56368.1 -2.24843e+06 -1.43092e+07) (1.28959e+06 454098 -1.27856e+07) (128555 198794 -1.06203e+07) (866592 -253820 -9.78427e+06) (348325 -621958 -9.14249e+06) (322139 -16666.4 -6.15584e+06) (-112762 253563 -4.08711e+06) (109346 152986 -2.27778e+06)
900           (4.38136e+06 208588 -1.2426e+07) (4.38136e+06 208588 -1.2426e+07) (-472821 200362 -1.35724e+07) (59033.7 -2.29781e+06 -1.38978e+07) (1.33304e+06 471418 -1.24214e+07) (143895 207328 -1.02532e+07) (933982 -268451 -9.61475e+06) (385015 -700543 -9.25797e+06) (373980 -20386.5 -6.52097e+06) (-133992 291327 -4.79988e+06) (123115 172547 -3.1152e+06)
950           (4.40827e+06 210513 -1.1964e+07) (4.40827e+06 210513 -1.1964e+07) (-475361 197773 -1.31452e+07) (61555.3 -2.34449e+06 -1.35091e+07) (1.37409e+06 487792 -1.20772e+07) (158334 215427 -9.90495e+06) (997396 -282350 -9.44867e+06) (419508 -775024 -9.34499e+06) (422725 -23868.8 -6.82202e+06) (-155521 329490 -5.45506e+06) (137686 193205 -3.95034e+06)
1000          (4.43365e+06 212328 -1.15288e+07) (4.43365e+06 212328 -1.15288e+07) (-477760 195336 -1.27436e+07) (63925.6 -2.38844e+06 -1.31448e+07) (1.41271e+06 503186 -1.17559e+07) (171842 223050 -9.58106e+06) (1.05672e+06 -295414 -9.29432e+06) (451723 -844644 -9.41909e+06) (468026 -27101 -7.07873e+06) (-176319 366697 -6.0497e+06) (152349 213989 -4.75449e+06)
1050          (4.45746e+06 214029 -1.11215e+07) (4.45746e+06 214029 -1.11215e+07) (-480015 193055 -1.23687e+07) (66135.8 -2.42956e+06 -1.28064e+07) (1.4488e+06 517549 -1.14599e+07) (184377 230160 -9.28502e+06) (1.11176e+06 -307565 -9.15646e+06) (481528 -908906 -9.48914e+06) (509685 -30092.8 -7.30561e+06) (-195724 401878 -6.58588e+06) (166456 234011 -5.50699e+06)
1100          (4.47963e+06 215612 -1.07431e+07) (4.47963e+06 215612 -1.07431e+07) (-482122 190938 -1.20217e+07) (68177.7 -2.46775e+06 -1.24954e+07) (1.48223e+06 530830 -1.11906e+07) (195900 236726 -9.01866e+06) (1.16236e+06 -318745 -9.03724e+06) (508821 -967514 -9.55934e+06) (547565 -32831.6 -7.51142e+06) (-213393 434325 -7.0673e+06) (179543 252628 -6.19541e+06)
1150          (4.5001e+06 217073 -1.03948e+07) (4.5001e+06 217073 -1.03948e+07) (-484073 188989 -1.17036e+07) (70045.5 -2.50287e+06 -1.22124e+07) (1.51293e+06 542994 -1.09485e+07) (206387 242728 -8.78234e+06) (1.2084e+06 -328923 -8.93683e+06) (533556 -1.02036e+06 -9.63082e+06) (581625 -35300.6 -7.7005e+06) (-229207 463661 -7.49768e+06) (191356 269472 -6.81421e+06)
1200          (4.51883e+06 218407 -1.00773e+07) (4.51883e+06 218407 -1.00773e+07) (-485865 187215 -1.14149e+07) (71737 -2.53488e+06 -1.19577e+07) (1.54083e+06 554023 -1.07333e+07) (215837 248159 -8.57517e+06) (1.24989e+06 -338093 -8.85404e+06) (555749 -1.06752e+06 -9.70294e+06) (611929 -37494.1 -7.87442e+06) (-243179 489771 -7.88042e+06) (201817 284416 -7.36289e+06)
1250          (4.53579e+06 219599 -9.79095e+06) (4.53579e+06 219599 -9.79095e+06) (-487515 185597 -1.11555e+07) (73230.1 -2.56382e+06 -1.17306e+07) (1.56597e+06 563938 -1.05436e+07) (224274 253028 -8.3947e+06) (1.287e+06 -346292 -8.7864e+06) (575517 -1.10931e+06 -9.77404e+06) (638720 -39419.8 -8.03341e+06) (-255424 512803 -8.21896e+06) (211017 297555 -7.84456e+06)
1300          (4.55099e+06 220682 -9.53463e+06) (4.55099e+06 220682 -9.53463e+06) (-488977 184168 -1.09244e+07) (74581 -2.58961e+06 -1.15297e+07) (1.58836e+06 572747 -1.03781e+07) (231736 257348 -8.23973e+06) (1.31975e+06 -353527 -8.73241e+06) (592898 -1.14587e+06 -9.84268e+06) (662082 -41095.8 -8.17754e+06) (-266033 532794 -8.51611e+06) (218933 308885 -8.26353e+06)
1350          (4.56451e+06 221645 -9.30725e+06) (4.56451e+06 221645 -9.30725e+06) (-490283 182902 -1.07202e+07) (75772 -2.61247e+06 -1.13536e+07) (1.60816e+06 580523 -1.02346e+07) (238284 261155 -8.10717e+06) (1.34849e+06 -359880 -8.68949e+06) (608101 -1.1777e+06 -9.90748e+06) (682375 -42543.4 -8.30684e+06) (-275186 550080 -8.77545e+06) (225747 318641 -8.62574e+06)
1400          (4.57645e+06 222493 -9.10715e+06) (4.57645e+06 222493 -9.10715e+06) (-491439 181789 -1.05412e+07) (76814.3 -2.63258e+06 -1.12002e+07) (1.62555e+06 587336 -1.01109e+07) (243993 264484 -7.99426e+06) (1.37356e+06 -365418 -8.65546e+06) (621313 -1.20526e+06 -9.96741e+06) (699908 -43787.6 -8.4217e+06) (-283045 564947 -9.00053e+06) (231586 327000 -8.93732e+06)
1450          (4.58689e+06 223236 -8.93234e+06) (4.58689e+06 223236 -8.93234e+06) (-492454 180817 -1.03852e+07) (77720.5 -2.65014e+06 -1.10673e+07) (1.6407e+06 593265 -1.00048e+07) (248940 267377 -7.89838e+06) (1.39528e+06 -370220 -8.62848e+06) (632734 -1.22901e+06 -1.00219e+07) (714985 -44852.6 -8.52282e+06) (-289768 577680 -9.19488e+06) (236573 334138 -9.20429e+06)
1500          (4.59598e+06 223882 -8.78054e+06) (4.59598e+06 223882 -8.78054e+06) (-493340 179973 -1.02502e+07) (78504.1 -2.66538e+06 -1.09528e+07) (1.65384e+06 598396 -9.91406e+06) (253204 269878 -7.81714e+06) (1.41401e+06 -374361 -8.60703e+06) (642561 -1.24939e+06 -1.00706e+07) (727903 -45761.4 -8.61114e+06) (-295503 588550 -9.36199e+06) (240821 340217 -9.4323e+06)
1550          (4.60385e+06 224440 -8.64944e+06) (4.60385e+06 224440 -8.64944e+06) (-494107 179245 -1.01338e+07) (79178.6 -2.67853e+06 -1.08546e+07) (1.66516e+06 602815 -9.83673e+06) (256866 272031 -7.74844e+06) (1.4301e+06 -377917 -8.58992e+06) (650982 -1.26681e+06 -1.01138e+07) (738934 -46535 -8.68777e+06) (-300383 597806 -9.50512e+06) (244432 345383 -9.62651e+06)
1600          (4.61062e+06 224921 -8.53672e+06) (4.61062e+06 224921 -8.53672e+06) (-494769 178619 -1.0034e+07) (79756.7 -2.68984e+06 -1.07706e+07) (1.67489e+06 606605 -9.77098e+06) (259998 273875 -7.6904e+06) (1.44386e+06 -380961 -8.57619e+06) (658176 -1.28167e+06 -1.01516e+07) (748330 -47192.1 -8.75388e+06) (-304527 605669 -9.62734e+06) (247495 349766 -9.79159e+06)
1650          (4.61642e+06 225324 -8.44023e+06) (4.61642e+06 225324 -8.44023e+06) (-495324 178086 -9.94857e+06) (80280.3 -2.6995e+06 -1.0699e+07) (1.6832e+06 609823 -9.71518e+06) (262677 275442 -7.64138e+06) (1.4556e+06 -383584 -8.56509e+06) (664329 -1.29432e+06 -1.01845e+07) (756308 -47775 -8.81067e+06) (-308051 612334 -9.73143e+06) (250068 353461 -9.93164e+06)
1700          (4.62138e+06 225677 -8.35781e+06) (4.62138e+06 225677 -8.35781e+06) (-495812 177628 -9.87578e+06) (80696.8 -2.70777e+06 -1.06381e+07) (1.69029e+06 612588 -9.66791e+06) (264948 276785 -7.60007e+06) (1.46559e+06 -385790 -8.55612e+06) (669534 -1.30505e+06 -1.02129e+07) (763084 -48243.1 -8.85923e+06) (-311025 617983 -9.81987e+06) (252267 356604 -1.00503e+07)
1750          (4.62561e+06 225978 -8.28763e+06) (4.62561e+06 225978 -8.28763e+06) (-496229 177239 -9.81386e+06) (81050.7 -2.7148e+06 -1.05864e+07) (1.69633e+06 614939 -9.62793e+06) (266877 277927 -7.56526e+06) (1.47407e+06 -387663 -8.54883e+06) (673949 -1.31414e+06 -1.02374e+07) (768823 -48638.7 -8.90065e+06) (-313539 622761 -9.89488e+06) (254126 359261 -1.01507e+07)
1800          (4.62921e+06 226234 -8.228e+06) (4.62921e+06 226234 -8.228e+06) (-496584 176909 -9.76131e+06) (81350.9 -2.72078e+06 -1.05426e+07) (1.70145e+06 616934 -9.59415e+06) (268511 278896 -7.53594e+06) (1.48126e+06 -389251 -8.54287e+06) (677689 -1.32183e+06 -1.02583e+07) (773677 -48972.9 -8.93587e+06) (-315663 626798 -9.95839e+06) (255696 361504 -1.02355e+07)
1850          (4.63226e+06 226451 -8.17743e+06) (4.63226e+06 226451 -8.17743e+06) (-496885 176628 -9.71678e+06) (81605.1 -2.72585e+06 -1.05055e+07) (1.7058e+06 618624 -9.56563e+06) (269894 279716 -7.51126e+06) (1.48734e+06 -390595 -8.53798e+06) (680851 -1.32834e+06 -1.02762e+07) (777778 -49255 -8.96577e+06) (-317455 630206 -1.00121e+07) (257020 363397 -1.03071e+07)
1900          (4.63484e+06 226635 -8.13463e+06) (4.63484e+06 226635 -8.13463e+06) (-497140 176391 -9.6791e+06) (81820.1 -2.73014e+06 -1.04742e+07) (1.70947e+06 620054 -9.54158e+06) (271062 280410 -7.49049e+06) (1.49248e+06 -391731 -8.53395e+06) (683523 -1.33383e+06 -1.02914e+07) (781240 -49492.8 -8.9911e+06) (-318967 633081 -1.00575e+07) (258137 364993 -1.03675e+07)
1950          (4.63702e+06 226791 -8.09843e+06) (4.63702e+06 226791 -8.09843e+06) (-497356 176190 -9.64727e+06) (82001.7 -2.73377e+06 -1.04478e+07) (1.71258e+06 621262 -9.52131e+06) (272049 280997 -7.47301e+06) (1.49682e+06 -392691 -8.53063e+06) (685779 -1.33846e+06 -1.03043e+07) (784160 -49693.3 -9.01253e+06) (-320241 635504 -1.00958e+07) (259078 366337 -1.04185e+07)
2000          (4.63886e+06 226926 -8.06787e+06) (4.63886e+06 226926 -8.06787e+06) (-497535 176024 -9.62039e+06) (82155.1 -2.73681e+06 -1.04255e+07) (1.71519e+06 622281 -9.50423e+06) (272881 281492 -7.45829e+06) (1.50047e+06 -393493 -8.52786e+06) (687668 -1.34235e+06 -1.03152e+07) (786608 -49859.2 -9.03063e+06) (-321309 637532 -1.0128e+07) (259863 367461 -1.04614e+07)
2050          (4.64043e+06 227044 -8.04205e+06) (4.64043e+06 227044 -8.04205e+06) (-497703 175877 -9.59773e+06) (82258.7 -2.73943e+06 -1.04067e+07) (1.71743e+06 623164 -9.48983e+06) (273583 281918 -7.44586e+06) (1.50358e+06 -394159 -8.52555e+06) (689262 -1.34565e+06 -1.03245e+07) (788705 -49980.2 -9.0459e+06) (-322210 639268 -1.01553e+07) (260553 368436 -1.04976e+07)
2100          (4.64174e+06 227130 -8.02034e+06) (4.64174e+06 227130 -8.02034e+06) (-497829 175757 -9.57863e+06) (82378.8 -2.74159e+06 -1.03909e+07) (1.71928e+06 623877 -9.47774e+06) (274173 282265 -7.43549e+06) (1.50617e+06 -394743 -8.52365e+06) (690623 -1.34842e+06 -1.03322e+07) (790443 -50112.1 -9.0588e+06) (-322974 640712 -1.01782e+07) (261110 369233 -1.05279e+07)
2150          (4.64286e+06 227209 -8.002e+06) (4.64286e+06 227209 -8.002e+06) (-497939 175654 -9.56253e+06) (82475 -2.74344e+06 -1.03775e+07) (1.72087e+06 624489 -9.46754e+06) (274675 282562 -7.42673e+06) (1.50838e+06 -395236 -8.52206e+06) (691768 -1.35077e+06 -1.03389e+07) (791923 -50214.1 -9.06964e+06) (-323619 641939 -1.01975e+07) (261581 369910 -1.05536e+07)
2200          (4.64379e+06 227275 -7.98658e+06) (4.64379e+06 227275 -7.98658e+06) (-498032 175568 -9.549e+06) (82551.2 -2.74499e+06 -1.03663e+07) (1.72219e+06 625002 -9.45899e+06) (275094 282810 -7.41939e+06) (1.51022e+06 -395644 -8.52074e+06) (692726 -1.35274e+06 -1.03444e+07) (793162 -50299.4 -9.07878e+06) (-324156 642965 -1.02137e+07) (261980 370480 -1.05751e+07)
2250          (4.64456e+06 227328 -7.97364e+06) (4.64456e+06 227328 -7.97364e+06) (-498106 175498 -9.53761e+06) (82617.6 -2.74627e+06 -1.03569e+07) (1.72328e+06 625428 -9.4518e+06) (275441 283020 -7.41325e+06) (1.51175e+06 -395982 -8.51964e+06) (693523 -1.35436e+06 -1.03491e+07) (794181 -50370.2 -9.08647e+06) (-324605 643811 -1.02273e+07) (262308 370948 -1.05931e+07)
2300          (4.64522e+06 227374 -7.96276e+06) (4.64522e+06 227374 -7.96276e+06) (-498171 175436 -9.52807e+06) (82672.2 -2.74736e+06 -1.0349e+07) (1.72422e+06 625792 -9.44576e+06) (275738 283196 -7.40806e+06) (1.51306e+06 -396272 -8.5187e+06) (694201 -1.35575e+06 -1.0353e+07) (795056 -50429.6 -9.09291e+06) (-324987 644536 -1.02388e+07) (262588 371349 -1.06083e+07)
2350          (4.64578e+06 227413 -7.95359e+06) (4.64578e+06 227413 -7.95359e+06) (-498226 175385 -9.52003e+06) (82718.6 -2.74828e+06 -1.03423e+07) (1.725e+06 626096 -9.44069e+06) (275988 283344 -7.4037e+06) (1.51415e+06 -396514 -8.51792e+06) (694769 -1.35692e+06 -1.03563e+07) (795790 -50481.4 -9.09834e+06) (-325307 645143 -1.02484e+07) (262822 371685 -1.06211e+07)
2400          (4.64623e+06 227452 -7.94602e+06) (4.64623e+06 227452 -7.94602e+06) (-498269 175350 -9.51336e+06) (82755.5 -2.74902e+06 -1.03368e+07) (1.72564e+06 626348 -9.43651e+06) (276189 283464 -7.40014e+06) (1.51503e+06 -396702 -8.5173e+06) (695220 -1.35785e+06 -1.0359e+07) (796381 -50519.6 -9.10285e+06) (-325560 645630 -1.02563e+07) (263015 371957 -1.06316e+07)
2450          (4.64662e+06 227478 -7.93968e+06) (4.64662e+06 227478 -7.93968e+06) (-498306 175313 -9.50778e+06) (82791.7 -2.74967e+06 -1.03322e+07) (1.7262e+06 626560 -9.43295e+06) (276365 283564 -7.39709e+06) (1.51581e+06 -396880 -8.51672e+06) (695628 -1.35869e+06 -1.03613e+07) (796902 -50561.3 -9.1066e+06) (-325791 646064 -1.0263e+07) (263180 372196 -1.06405e+07)
2500          (4.64694e+06 227497 -7.93432e+06) (4.64694e+06 227497 -7.93432e+06) (-498339 175282 -9.50307e+06) (82820 -2.75021e+06 -1.03283e+07) (1.72666e+06 626735 -9.42997e+06) (276510 283649 -7.39454e+06) (1.51645e+06 -397025 -8.51626e+06) (695966 -1.35937e+06 -1.03632e+07) (797333 -50592.1 -9.10978e+06) (-325978 646423 -1.02687e+07) (263321 372396 -1.0648e+07)
2550          (4.64721e+06 227515 -7.92984e+06) (4.64721e+06 227515 -7.92984e+06) (-498370 175252 -9.49916e+06) (82836.5 -2.75067e+06 -1.0325e+07) (1.72705e+06 626886 -9.42746e+06) (276638 283728 -7.39233e+06) (1.517e+06 -397140 -8.51583e+06) (696249 -1.35994e+06 -1.03648e+07) (797699 -50613.5 -9.11242e+06) (-326138 646722 -1.02734e+07) (263435 372560 -1.06543e+07)
2600          (4.64745e+06 227530 -7.92596e+06) (4.64745e+06 227530 -7.92596e+06) (-498395 175229 -9.49576e+06) (82855.7 -2.75106e+06 -1.03222e+07) (1.72738e+06 627016 -9.42532e+06) (276743 283789 -7.39049e+06) (1.51747e+06 -397246 -8.5155e+06) (696495 -1.36045e+06 -1.03662e+07) (798017 -50636.3 -9.11471e+06) (-326276 646986 -1.02775e+07) (263539 372708 -1.06597e+07)
2650          (4.64764e+06 227546 -7.92283e+06) (4.64764e+06 227546 -7.92283e+06) (-498407 175218 -9.49297e+06) (82877.5 -2.75136e+06 -1.03199e+07) (1.72764e+06 627118 -9.42359e+06) (276821 283834 -7.38908e+06) (1.51783e+06 -397329 -8.51528e+06) (696679 -1.36083e+06 -1.03674e+07) (798256 -50654.8 -9.11658e+06) (-326379 647188 -1.02808e+07) (263619 372821 -1.0664e+07)
2700          (4.64779e+06 227557 -7.92028e+06) (4.64779e+06 227557 -7.92028e+06) (-498422 175204 -9.49073e+06) (82890.8 -2.75161e+06 -1.03181e+07) (1.72786e+06 627203 -9.42218e+06) (276891 283876 -7.38786e+06) (1.51813e+06 -397397 -8.51506e+06) (696837 -1.36116e+06 -1.03683e+07) (798460 -50669.3 -9.11809e+06) (-326468 647357 -1.02834e+07) (263684 372914 -1.06676e+07)
2750          (4.64792e+06 227566 -7.91808e+06) (4.64792e+06 227566 -7.91808e+06) (-498440 175187 -9.48883e+06) (82895.7 -2.75184e+06 -1.03165e+07) (1.72805e+06 627277 -9.42093e+06) (276957 283917 -7.38673e+06) (1.51841e+06 -397451 -8.51481e+06) (696980 -1.36144e+06 -1.0369e+07) (798643 -50678.3 -9.11938e+06) (-326549 647504 -1.02858e+07) (263738 372994 -1.06708e+07)
2800          (4.64804e+06 227574 -7.91615e+06) (4.64804e+06 227574 -7.91615e+06) (-498452 175176 -9.48713e+06) (82905.4 -2.75204e+06 -1.03151e+07) (1.72822e+06 627341 -9.41986e+06) (277010 283948 -7.38581e+06) (1.51864e+06 -397502 -8.51465e+06) (697100 -1.36169e+06 -1.03697e+07) (798797 -50689.2 -9.12052e+06) (-326616 647632 -1.02878e+07) (263788 373065 -1.06734e+07)
2850          (4.64813e+06 227580 -7.9146e+06) (4.64813e+06 227580 -7.9146e+06) (-498460 175168 -9.48577e+06) (82914.2 -2.75219e+06 -1.0314e+07) (1.72835e+06 627392 -9.419e+06) (277051 283972 -7.38508e+06) (1.51882e+06 -397543 -8.51452e+06) (697195 -1.36188e+06 -1.03703e+07) (798920 -50698.1 -9.12145e+06) (-326670 647734 -1.02895e+07) (263827 373121 -1.06756e+07)
2900          (4.64821e+06 227586 -7.91335e+06) (4.64821e+06 227586 -7.91335e+06) (-498468 175161 -9.48467e+06) (82920.4 -2.75232e+06 -1.0313e+07) (1.72846e+06 627434 -9.41831e+06) (277085 283992 -7.38448e+06) (1.51897e+06 -397576 -8.51441e+06) (697273 -1.36204e+06 -1.03707e+07) (799020 -50705 -9.12218e+06) (-326714 647817 -1.02908e+07) (263860 373167 -1.06774e+07)
2950          (4.64828e+06 227592 -7.91225e+06) (4.64828e+06 227592 -7.91225e+06) (-498471 175159 -9.48368e+06) (82930.6 -2.75242e+06 -1.03122e+07) (1.72855e+06 627471 -9.41771e+06) (277111 284006 -7.38402e+06) (1.5191e+06 -397608 -8.51436e+06) (697337 -1.36218e+06 -1.03712e+07) (799104 -50713.6 -9.12285e+06) (-326749 647891 -1.02919e+07) (263891 373211 -1.06788e+07)
3000          (4.64833e+06 227595 -7.91133e+06) (4.64833e+06 227595 -7.91133e+06) (-498476 175153 -9.48287e+06) (82935.4 -2.75251e+06 -1.03115e+07) (1.72863e+06 627501 -9.41719e+06) (277136 284021 -7.38357e+06) (1.51921e+06 -397632 -8.51428e+06) (697394 -1.3623e+06 -1.03715e+07) (799178 -50719 -9.1234e+06) (-326782 647952 -1.02929e+07) (263915 373245 -1.06801e+07)
3050          (4.64838e+06 227598 -7.91057e+06) (4.64838e+06 227598 -7.91057e+06) (-498484 175146 -9.48223e+06) (82934.1 -2.75259e+06 -1.0311e+07) (1.7287e+06 627526 -9.41676e+06) (277161 284036 -7.38315e+06) (1.5193e+06 -397650 -8.51416e+06) (697447 -1.3624e+06 -1.03717e+07) (799244 -50720.1 -9.12382e+06) (-326811 648003 -1.02937e+07) (263932 373270 -1.06813e+07)
3100          (4.64841e+06 227600 -7.90996e+06) (4.64841e+06 227600 -7.90996e+06) (-498487 175143 -9.48169e+06) (82937.2 -2.75265e+06 -1.03106e+07) (1.72875e+06 627546 -9.41642e+06) (277177 284046 -7.38286e+06) (1.51938e+06 -397665 -8.51411e+06) (697484 -1.36247e+06 -1.03719e+07) (799293 -50723.2 -9.12418e+06) (-326832 648043 -1.02944e+07) (263947 373293 -1.06821e+07)
3150          (4.64844e+06 227603 -7.90951e+06) (4.64844e+06 227603 -7.90951e+06) (-498487 175143 -9.48127e+06) (82944.2 -2.75269e+06 -1.03102e+07) (1.72879e+06 627561 -9.41616e+06) (277187 284051 -7.38268e+06) (1.51943e+06 -397680 -8.5141e+06) (697509 -1.36253e+06 -1.03721e+07) (799326 -50729.3 -9.12448e+06) (-326847 648075 -1.02948e+07) (263962 373313 -1.06827e+07)
3200          (4.64847e+06 227604 -7.90906e+06) (4.64847e+06 227604 -7.90906e+06) (-498493 175138 -9.48089e+06) (82941.7 -2.75274e+06 -1.03099e+07) (1.72883e+06 627576 -9.41591e+06) (277202 284061 -7.38242e+06) (1.51949e+06 -397689 -8.51402e+06) (697541 -1.36259e+06 -1.03723e+07) (799367 -50728.2 -9.12471e+06) (-326864 648104 -1.02953e+07) (263971 373327 -1.06834e+07)
3250          (4.64849e+06 227605 -7.90876e+06) (4.64849e+06 227605 -7.90876e+06) (-498494 175136 -9.48062e+06) (82943.1 -2.75277e+06 -1.03097e+07) (1.72885e+06 627586 -9.41573e+06) (277211 284065 -7.38227e+06) (1.51952e+06 -397697 -8.51398e+06) (697561 -1.36263e+06 -1.03724e+07) (799392 -50729.8 -9.12489e+06) (-326875 648125 -1.02956e+07) (263980 373338 -1.06838e+07)
3300          (4.6485e+06 227607 -7.90847e+06) (4.6485e+06 227607 -7.90847e+06) (-498496 175134 -9.48036e+06) (82944.6 -2.7528e+06 -1.03095e+07) (1.72888e+06 627596 -9.41556e+06) (277219 284070 -7.38211e+06) (1.51956e+06 -397705 -8.51395e+06) (697580 -1.36267e+06 -1.03725e+07) (799416 -50731.4 -9.12506e+06) (-326886 648146 -1.0296e+07) (263988 373350 -1.06843e+07)
3350          (4.64851e+06 227608 -7.90831e+06) (4.64851e+06 227608 -7.90831e+06) (-498495 175135 -9.48021e+06) (82949.7 -2.75281e+06 -1.03093e+07) (1.72889e+06 627601 -9.41547e+06) (277221 284070 -7.38207e+06) (1.51958e+06 -397711 -8.51395e+06) (697588 -1.36269e+06 -1.03725e+07) (799426 -50735.9 -9.12517e+06) (-326891 648158 -1.02961e+07) (263995 373359 -1.06845e+07)
3400          (4.64852e+06 227608 -7.90817e+06) (4.64852e+06 227608 -7.90817e+06) (-498498 175133 -9.4801e+06) (82946 -2.75283e+06 -1.03092e+07) (1.7289e+06 627606 -9.41539e+06) (277227 284075 -7.38196e+06) (1.5196e+06 -397712 -8.5139e+06) (697599 -1.36271e+06 -1.03726e+07) (799441 -50732.8 -9.12522e+06) (-326897 648167 -1.02963e+07) (263996 373362 -1.06847e+07)
3450          (4.64853e+06 227609 -7.90802e+06) (4.64853e+06 227609 -7.90802e+06) (-498496 175133 -9.47995e+06) (82951 -2.75284e+06 -1.03091e+07) (1.72892e+06 627610 -9.41529e+06) (277230 284075 -7.38191e+06) (1.51961e+06 -397718 -8.5139e+06) (697608 -1.36273e+06 -1.03726e+07) (799452 -50737.2 -9.12533e+06) (-326903 648179 -1.02964e+07) (264004 373372 -1.06849e+07)
3500          (4.64853e+06 227609 -7.90802e+06) (4.64853e+06 227609 -7.90802e+06) (-498496 175133 -9.47995e+06) (82951 -2.75284e+06 -1.03091e+07) (1.72892e+06 627610 -9.41529e+06) (277230 284075 -7.38191e+06) (1.51961e+06 -397718 -8.5139e+06) (697608 -1.36273e+06 -1.03726e+07) (799452 -50737.2 -9.12533e+06) (-326903 648179 -1.02964e+07) (264004 373372 -1.06849e+07)
3550          (4.64853e+06 227609 -7.90802e+06) (4.64853e+06 227609 -7.90802e+06) (-498496 175133 -9.47995e+06) (82951 -2.75284e+06 -1.03091e+07) (1.72892e+06 627610 -9.41529e+06) (277230 284075 -7.38191e+06) (1.51961e+06 -397718 -8.5139e+06) (697608 -1.36273e+06 -1.03726e+07) (799452 -50737.2 -9.12533e+06) (-326903 648179 -1.02964e+07) (264004 373372 -1.06849e+07)
3600          (4.64853e+06 227609 -7.90802e+06) (4.64853e+06 227609 -7.90802e+06) (-498496 175133 -9.47995e+06) (82951 -2.75284e+06 -1.03091e+07) (1.72892e+06 627610 -9.41529e+06) (277230 284075 -7.38191e+06) (1.51961e+06 -397718 -8.5139e+06) (697608 -1.36273e+06 -1.03726e+07) (799452 -50737.2 -9.12533e+06) (-326903 648179 -1.02964e+07) (264004 373372 -1.06849e+07)
3650          (4.64853e+06 227609 -7.90802e+06) (4.64853e+06 227609 -7.90802e+06) (-498496 175133 -9.47995e+06) (82951 -2.75284e+06 -1.03091e+07) (1.72892e+06 627610 -9.41529e+06) (277230 284075 -7.38191e+06) (1.51961e+06 -397718 -8.5139e+06) (697608 -1.36273e+06 -1.03726e+07) (799452 -50737.2 -9.12533e+06) (-326903 648179 -1.02964e+07) (264004 373372 -1.06849e+07)
3700          (4.64853e+06 227609 -7.90802e+06) (4.64853e+06 227609 -7.90802e+06) (-498496 175133 -9.47995e+06) (82951 -2.75284e+06 -1.03091e+07) (1.72892e+06 627610 -9.41529e+06) (277230 284075 -7.38191e+06) (1.51961e+06 -397718 -8.5139e+06) (697608 -1.36273e+06 -1.03726e+07) (799452 -50737.2 -9.12533e+06) (-326903 648179 -1.02964e+07) (264004 373372 -1.06849e+07)
3750          (4.64853e+06 227609 -7.90802e+06) (4.64853e+06 227609 -7.90802e+06) (-498496 175133 -9.47995e+06) (82951 -2.75284e+06 -1.03091e+07) (1.72892e+06 627610 -9.41529e+06) (277230 284075 -7.38191e+06) (1.51961e+06 -397718 -8.5139e+06) (697608 -1.36273e+06 -1.03726e+07) (799452 -50737.2 -9.12533e+06) (-326903 648179 -1.02964e+07) (264004 373372 -1.06849e+07)
3800          (4.64853e+06 227609 -7.90802e+06) (4.64853e+06 227609 -7.90802e+06) (-498496 175133 -9.47995e+06) (82951 -2.75284e+06 -1.03091e+07) (1.72892e+06 627610 -9.41529e+06) (277230 284075 -7.38191e+06) (1.51961e+06 -397718 -8.5139e+06) (697608 -1.36273e+06 -1.03726e+07) (799452 -50737.2 -9.12533e+06) (-326903 648179 -1.02964e+07) (264004 373372 -1.06849e+07)
3850          (4.64853e+06 227609 -7.90802e+06) (4.64853e+06 227609 -7.90802e+06) (-498496 175133 -9.47995e+06) (82951 -2.75284e+06 -1.03091e+07) (1.72892e+06 627610 -9.41529e+06) (277230 284075 -7.38191e+06) (1.51961e+06 -397718 -8.5139e+06) (697608 -1.36273e+06 -1.03726e+07) (799452 -50737.2 -9.12533e+06) (-326903 648179 -1.02964e+07) (264004 373372 -1.06849e+07)
3900          (4.64853e+06 227609 -7.90802e+06) (4.64853e+06 227609 -7.90802e+06) (-498496 175133 -9.47995e+06) (82951 -2.75284e+06 -1.03091e+07) (1.72892e+06 627610 -9.41529e+06) (277230 284075 -7.38191e+06) (1.51961e+06 -397718 -8.5139e+06) (697608 -1.36273e+06 -1.03726e+07) (799452 -50737.2 -9.12533e+06) (-326903 648179 -1.02964e+07) (264004 373372 -1.06849e+07)
3950          (4.64853e+06 227609 -7.90802e+06) (4.64853e+06 227609 -7.90802e+06) (-498496 175133 -9.47995e+06) (82951 -2.75284e+06 -1.03091e+07) (1.72892e+06 627610 -9.41529e+06) (277230 284075 -7.38191e+06) (1.51961e+06 -397718 -8.5139e+06) (697608 -1.36273e+06 -1.03726e+07) (799452 -50737.2 -9.12533e+06) (-326903 648179 -1.02964e+07) (264004 373372 -1.06849e+07)
4000          (4.64853e+06 227609 -7.90802e+06) (4.64853e+06 227609 -7.90802e+06) (-498496 175133 -9.47995e+06) (82951 -2.75284e+06 -1.03091e+07) (1.72892e+06 627610 -9.41529e+06) (277230 284075 -7.38191e+06) (1.51961e+06 -397718 -8.5139e+06) (697608 -1.36273e+06 -1.03726e+07) (799452 -50737.2 -9.12533e+06) (-326903 648179 -1.02964e+07) (264004 373372 -1.06849e+07)
4050          (4.64853e+06 227609 -7.90802e+06) (4.64853e+06 227609 -7.90802e+06) (-498496 175133 -9.47995e+06) (82951 -2.75284e+06 -1.03091e+07) (1.72892e+06 627610 -9.41529e+06) (277230 284075 -7.38191e+06) (1.51961e+06 -397718 -8.5139e+06) (697608 -1.36273e+06 -1.03726e+07) (799452 -50737.2 -9.12533e+06) (-326903 648179 -1.02964e+07) (264004 373372 -1.06849e+07)
4100          (4.64853e+06 227609 -7.90802e+06) (4.64853e+06 227609 -7.90802e+06) (-498496 175133 -9.47995e+06) (82951 -2.75284e+06 -1.03091e+07) (1.72892e+06 627610 -9.41529e+06) (277230 284075 -7.38191e+06) (1.51961e+06 -397718 -8.5139e+06) (697608 -1.36273e+06 -1.03726e+07) (799452 -50737.2 -9.12533e+06) (-326903 648179 -1.02964e+07) (264004 373372 -1.06849e+07)
4150          (4.64853e+06 227609 -7.90802e+06) (4.64853e+06 227609 -7.90802e+06) (-498496 175133 -9.47995e+06) (82951 -2.75284e+06 -1.03091e+07) (1.72892e+06 627610 -9.41529e+06) (277230 284075 -7.38191e+06) (1.51961e+06 -397718 -8.5139e+06) (697608 -1.36273e+06 -1.03726e+07) (799452 -50737.2 -9.12533e+06) (-326903 648179 -1.02964e+07) (264004 373372 -1.06849e+07)
4200          (4.64853e+06 227609 -7.90802e+06) (4.64853e+06 227609 -7.90802e+06) (-498496 175133 -9.47995e+06) (82951 -2.75284e+06 -1.03091e+07) (1.72892e+06 627610 -9.41529e+06) (277230 284075 -7.38191e+06) (1.51961e+06 -397718 -8.5139e+06) (697608 -1.36273e+06 -1.03726e+07) (799452 -50737.2 -9.12533e+06) (-326903 648179 -1.02964e+07) (264004 373372 -1.06849e+07)
4250          (4.64853e+06 227609 -7.90802e+06) (4.64853e+06 227609 -7.90802e+06) (-498496 175133 -9.47995e+06) (82951 -2.75284e+06 -1.03091e+07) (1.72892e+06 627610 -9.41529e+06) (277230 284075 -7.38191e+06) (1.51961e+06 -397718 -8.5139e+06) (697608 -1.36273e+06 -1.03726e+07) (799452 -50737.2 -9.12533e+06) (-326903 648179 -1.02964e+07) (264004 373372 -1.06849e+07)
4300          (4.64853e+06 227609 -7.90802e+06) (4.64853e+06 227609 -7.90802e+06) (-498496 175133 -9.47995e+06) (82951 -2.75284e+06 -1.03091e+07) (1.72892e+06 627610 -9.41529e+06) (277230 284075 -7.38191e+06) (1.51961e+06 -397718 -8.5139e+06) (697608 -1.36273e+06 -1.03726e+07) (799452 -50737.2 -9.12533e+06) (-326903 648179 -1.02964e+07) (264004 373372 -1.06849e+07)
4350          (4.64853e+06 227609 -7.90802e+06) (4.64853e+06 227609 -7.90802e+06) (-498496 175133 -9.47995e+06) (82951 -2.75284e+06 -1.03091e+07) (1.72892e+06 627610 -9.41529e+06) (277230 284075 -7.38191e+06) (1.51961e+06 -397718 -8.5139e+06) (697608 -1.36273e+06 -1.03726e+07) (799452 -50737.2 -9.12533e+06) (-326903 648179 -1.02964e+07) (264004 373372 -1.06849e+07)
4400          (4.64853e+06 227609 -7.90802e+06) (4.64853e+06 227609 -7.90802e+06) (-498496 175133 -9.47995e+06) (82951 -2.75284e+06 -1.03091e+07) (1.72892e+06 627610 -9.41529e+06) (277230 284075 -7.38191e+06) (1.51961e+06 -397718 -8.5139e+06) (697608 -1.36273e+06 -1.03726e+07) (799452 -50737.2 -9.12533e+06) (-326903 648179 -1.02964e+07) (264004 373372 -1.06849e+07)
4450          (4.64853e+06 227609 -7.90802e+06) (4.64853e+06 227609 -7.90802e+06) (-498496 175133 -9.47995e+06) (82951 -2.75284e+06 -1.03091e+07) (1.72892e+06 627610 -9.41529e+06) (277230 284075 -7.38191e+06) (1.51961e+06 -397718 -8.5139e+06) (697608 -1.36273e+06 -1.03726e+07) (799452 -50737.2 -9.12533e+06) (-326903 648179 -1.02964e+07) (264004 373372 -1.06849e+07)
4500          (4.64853e+06 227609 -7.90802e+06) (4.64853e+06 227609 -7.90802e+06) (-498496 175133 -9.47995e+06) (82951 -2.75284e+06 -1.03091e+07) (1.72892e+06 627610 -9.41529e+06) (277230 284075 -7.38191e+06) (1.51961e+06 -397718 -8.5139e+06) (697608 -1.36273e+06 -1.03726e+07) (799452 -50737.2 -9.12533e+06) (-326903 648179 -1.02964e+07) (264004 373372 -1.06849e+07)
4550          (4.64853e+06 227609 -7.90802e+06) (4.64853e+06 227609 -7.90802e+06) (-498496 175133 -9.47995e+06) (82951 -2.75284e+06 -1.03091e+07) (1.72892e+06 627610 -9.41529e+06) (277230 284075 -7.38191e+06) (1.51961e+06 -397718 -8.5139e+06) (697608 -1.36273e+06 -1.03726e+07) (799452 -50737.2 -9.12533e+06) (-326903 648179 -1.02964e+07) (264004 373372 -1.06849e+07)
4600          (4.64853e+06 227609 -7.90802e+06) (4.64853e+06 227609 -7.90802e+06) (-498496 175133 -9.47995e+06) (82951 -2.75284e+06 -1.03091e+07) (1.72892e+06 627610 -9.41529e+06) (277230 284075 -7.38191e+06) (1.51961e+06 -397718 -8.5139e+06) (697608 -1.36273e+06 -1.03726e+07) (799452 -50737.2 -9.12533e+06) (-326903 648179 -1.02964e+07) (264004 373372 -1.06849e+07)
4650          (4.64853e+06 227609 -7.90802e+06) (4.64853e+06 227609 -7.90802e+06) (-498496 175133 -9.47995e+06) (82951 -2.75284e+06 -1.03091e+07) (1.72892e+06 627610 -9.41529e+06) (277230 284075 -7.38191e+06) (1.51961e+06 -397718 -8.5139e+06) (697608 -1.36273e+06 -1.03726e+07) (799452 -50737.2 -9.12533e+06) (-326903 648179 -1.02964e+07) (264004 373372 -1.06849e+07)
4700          (4.64853e+06 227609 -7.90802e+06) (4.64853e+06 227609 -7.90802e+06) (-498496 175133 -9.47995e+06) (82951 -2.75284e+06 -1.03091e+07) (1.72892e+06 627610 -9.41529e+06) (277230 284075 -7.38191e+06) (1.51961e+06 -397718 -8.5139e+06) (697608 -1.36273e+06 -1.03726e+07) (799452 -50737.2 -9.12533e+06) (-326903 648179 -1.02964e+07) (264004 373372 -1.06849e+07)
4750          (4.64853e+06 227609 -7.90802e+06) (4.64853e+06 227609 -7.90802e+06) (-498496 175133 -9.47995e+06) (82951 -2.75284e+06 -1.03091e+07) (1.72892e+06 627610 -9.41529e+06) (277230 284075 -7.38191e+06) (1.51961e+06 -397718 -8.5139e+06) (697608 -1.36273e+06 -1.03726e+07) (799452 -50737.2 -9.12533e+06) (-326903 648179 -1.02964e+07) (264004 373372 -1.06849e+07)
4800          (4.64853e+06 227609 -7.90802e+06) (4.64853e+06 227609 -7.90802e+06) (-498496 175133 -9.47995e+06) (82951 -2.75284e+06 -1.03091e+07) (1.72892e+06 627610 -9.41529e+06) (277230 284075 -7.38191e+06) (1.51961e+06 -397718 -8.5139e+06) (697608 -1.36273e+06 -1.03726e+07) (799452 -50737.2 -9.12533e+06) (-326903 648179 -1.02964e+07) (264004 373372 -1.06849e+07)
4850          (4.64853e+06 227609 -7.90802e+06) (4.64853e+06 227609 -7.90802e+06) (-498496 175133 -9.47995e+06) (82951 -2.75284e+06 -1.03091e+07) (1.72892e+06 627610 -9.41529e+06) (277230 284075 -7.38191e+06) (1.51961e+06 -397718 -8.5139e+06) (697608 -1.36273e+06 -1.03726e+07) (799452 -50737.2 -9.12533e+06) (-326903 648179 -1.02964e+07) (264004 373372 -1.06849e+07)
4900          (4.64853e+06 227609 -7.90802e+06) (4.64853e+06 227609 -7.90802e+06) (-498496 175133 -9.47995e+06) (82951 -2.75284e+06 -1.03091e+07) (1.72892e+06 627610 -9.41529e+06) (277230 284075 -7.38191e+06) (1.51961e+06 -397718 -8.5139e+06) (697608 -1.36273e+06 -1.03726e+07) (799452 -50737.2 -9.12533e+06) (-326903 648179 -1.02964e+07) (264004 373372 -1.06849e+07)
4950          (4.64853e+06 227609 -7.90802e+06) (4.64853e+06 227609 -7.90802e+06) (-498496 175133 -9.47995e+06) (82951 -2.75284e+06 -1.03091e+07) (1.72892e+06 627610 -9.41529e+06) (277230 284075 -7.38191e+06) (1.51961e+06 -397718 -8.5139e+06) (697608 -1.36273e+06 -1.03726e+07) (799452 -50737.2 -9.12533e+06) (-326903 648179 -1.02964e+07) (264004 373372 -1.06849e+07)
5000          (4.64853e+06 227609 -7.90802e+06) (4.64853e+06 227609 -7.90802e+06) (-498496 175133 -9.47995e+06) (82951 -2.75284e+06 -1.03091e+07) (1.72892e+06 627610 -9.41529e+06) (277230 284075 -7.38191e+06) (1.51961e+06 -397718 -8.5139e+06) (697608 -1.36273e+06 -1.03726e+07) (799452 -50737.2 -9.12533e+06) (-326903 648179 -1.02964e+07) (264004 373372 -1.06849e+07)
