# Probe 0 (0.0015 0.0015 0)
# Probe 1 (0.0015 0.0015 0.002)
# Probe 2 (0.0015 0.0015 0.004)
# Probe 3 (0.0015 0.0015 0.006)
# Probe 4 (0.0015 0.0015 0.008)
# Probe 5 (0.0015 0.0015 0.01)
# Probe 6 (0.0015 0.0015 0.012)
# Probe 7 (0.0015 0.0015 0.014)
# Probe 8 (0.0015 0.0015 0.016)
# Probe 9 (0.0015 0.0015 0.018)
# Probe 10 (0.0015 0.0015 0.02)
# Time        0             1             2             3             4             5             6             7             8             9             10           
50            (-667.34 -24.0774 28867) (-667.34 -24.0774 28867) (-18.5388 -41.9017 13963.6) (-5.94214 24.5468 5099.33) (-6.78929 -4.20504 1732.45) (-0.405417 -1.35402 557.886) (-8.47725 2.46949 167.793) (-4.08943 10.3895 -2.0977) (-6.56299 0.9503 -187.601) (4.55994 -9.50126 -599.681) (-9.33457 -10.6054 -1722.9)
100           (-1590.84 -55.5521 25300.8) (-1590.84 -55.5521 25300.8) (25.983 -226.155 17784.9) (-15.9152 81.1974 8749.27) (-6.72092 -6.03687 3320.26) (1.71399 -1.43729 1139.03) (-8.6181 3.16997 368.558) (-4.06624 10.878 50.3352) (-6.9369 1.08568 -197.032) (5.86151 -12.7597 -640.544) (-15.5465 -18.141 -1687.32)
150           (-2058.2 -84.99 21567.6) (-2058.2 -84.99 21567.6) (212.411 -258.104 18376.2) (0.869922 239.353 11859.9) (-9.60218 -12.4474 5412.23) (6.46804 -1.85723 2032.55) (-8.99852 4.61867 695.161) (-4.04519 11.6567 145.542) (-7.41142 1.2284 -193.892) (7.30857 -16.4399 -679.174) (-21.4982 -26.0687 -1645.58)
200           (-2280.12 -99.3744 18812) (-2280.12 -99.3744 18812) (261.631 -208.301 17525.6) (0.309387 468.402 13450.8) (-48.9335 -35.2087 7517.81) (15.3918 -3.90469 3225.2) (-9.9687 7.53632 1174.33) (-4.0481 12.9585 298.584) (-8.04997 1.39107 -170.388) (8.86925 -20.4798 -707.414) (-26.2964 -32.928 -1597.62)
250           (-2417.63 -108.826 16842.3) (-2417.63 -108.826 16842.3) (265.66 -188.477 16331.6) (-10.8917 674.008 13883.1) (-153.763 -71.9009 9160.96) (29.5804 -10.284 4606.33) (-12.3407 13.2646 1826.95) (-4.12104 15.1864 528.994) (-8.94717 1.58335 -116.92) (10.4943 -24.8438 -718.463) (-29.8535 -38.1118 -1542.44)
300           (-2515.7 -115.791 15350.8) (-2515.7 -115.791 15350.8) (272.397 -178.544 15228.8) (-11.8766 825.739 13696.9) (-282.416 -106.836 10173.5) (46.5933 -25.1115 5950.88) (-18.1019 23.8266 2644.42) (-4.39745 19.0602 858.339) (-10.2547 1.82298 -21.729) (12.172 -29.5522 -705.949) (-32.5168 -41.9038 -1478.03)
350           (-2590.62 -121.206 14176.6) (-2590.62 -121.206 14176.6) (279.371 -171.457 14296.1) (-12.7472 941.508 13271.5) (-389.184 -135.851 10641.9) (56.8178 -47.8026 7035.21) (-31.2741 40.7251 3563.31) (-5.23148 25.7488 1302.82) (-12.2226 2.13121 128.141) (13.9272 -34.6507 -662.961) (-34.679 -44.8721 -1401.22)
400           (-2650.22 -125.528 13226.9) (-2650.22 -125.528 13226.9) (285.169 -165.829 13512.8) (-15.082 1035.31 12800.1) (-471.259 -161.59 10742) (52.0348 -69.6359 7762.01) (-57.5337 62.0967 4473.32) (-7.533 36.9056 1863.52) (-15.276 2.53969 345.301) (15.8486 -40.2558 -581.636) (-36.669 -47.5417 -1307.58)
450           (-2698.92 -129.072 12440.9) (-2698.92 -129.072 12440.9) (289.902 -161.233 12847.3) (-17.8928 1113.15 12344.3) (-538.221 -184.985 10635.1) (35.1733 -83.3653 8152.97) (-100.452 82.1755 5267.4) (-13.1784 54.4328 2516.63) (-20.0973 3.06734 639.849) (18.0617 -46.5625 -452.744) (-38.7232 -50.2828 -1191.07)
500           (-2739.72 -132.052 11774.8) (-2739.72 -132.052 11774.8) (293.839 -157.391 12271) (-20.6997 1179.14 11916) (-595.525 -206.05 10428.3) (14.4503 -90.0013 8284.3) (-158.053 96.6367 5883.86) (-25.0151 79.8094 3210.53) (-27.6716 3.68549 1014.69) (20.7335 -53.8807 -266.298) (-41.0263 -53.3647 -1043.92)
550           (-2774.73 -134.619 11197) (-2774.73 -134.619 11197) (297.194 -154.091 11761.8) (-23.3471 1236.41 11515.4) (-645.743 -225.081 10176.9) (-5.07006 -94.5581 8242.41) (-224.218 106.528 6309.88) (-45.5778 113.046 3879.88) (-39.1839 4.25614 1460.11) (24.0845 -62.6492 -13.1803) (-43.7486 -57.0235 -856.822)
600           (-2805.47 -136.886 10684.9) (-2805.47 -136.886 10684.9) (300.096 -151.197 11303.6) (-25.8445 1287.11 11139.7) (-690.515 -242.449 9906.92) (-22.1773 -99.7733 8099.44) (-291.844 115.178 6564.3) (-74.5824 152.711 4468.04) (-55.7098 4.60363 1951.39) (28.4057 -73.3768 312.342) (-47.0572 -61.4952 -619.611)
650           (-2833.04 -138.919 10222.3) (-2833.04 -138.919 10222.3) (302.705 -148.586 10884.8) (-28.1392 1333.02 10785.9) (-731.189 -258.525 9631.68) (-37.1951 -105.792 7902.37) (-355.897 124.357 6680.96) (-108.08 197.589 4942.22) (-78.0316 4.72037 2452.97) (34.0487 -86.6251 709.417) (-51.184 -67.0852 -322.494)
700           (-2858.18 -140.776 9798.19) (-2858.18 -140.776 9798.19) (305.072 -146.2 10497.3) (-30.2896 1375.13 10451.4) (-768.611 -273.499 9357.59) (-50.659 -112.093 7676.6) (-414.372 134.24 6697.58) (-140.995 247.03 5295.68) (-106.107 5.10626 2928.73) (41.3856 -102.722 1167.65) (-56.3377 -74.0758 41.1521)
750           (-2881.39 -142.494 9404.63) (-2881.39 -142.494 9404.63) (307.248 -143.991 10135.2) (-32.3171 1414.22 10133.7) (-803.433 -287.552 9087.69) (-62.9937 -118.342 7435.75) (-467.785 144.45 6648.32) (-170.857 299.809 5542.01) (-138.742 6.30472 3351.57) (50.7152 -121.719 1666.46) (-62.7148 -82.7184 471.837)
800           (-2903.06 -144.099 9035.97) (-2903.06 -144.099 9035.97) (309.273 -141.926 9794.1) (-34.2387 1450.86 9830.81) (-836.124 -300.823 8824.07) (-74.4867 -124.409 7188.97) (-517.31 154.637 6560.18) (-197.834 353.91 5705.79) (-173.684 8.32901 3708.47) (62.1021 -143.341 2179.25) (-70.4229 -93.1381 961.573)
850           (-2923.44 -145.609 8688.41) (-2923.44 -145.609 8688.41) (311.174 -139.981 9471.43) (-36.0646 1485.41 9542.11) (-866.993 -313.402 8568.96) (-85.3009 -130.245 6943.61) (-563.802 164.572 6452.58) (-222.797 407.415 5813.53) (-208.655 10.7372 4000.07) (75.2165 -167.008 2680.95) (-79.4101 -105.243 1494.07)
900           (-2942.69 -147.037 8359.73) (-2942.69 -147.037 8359.73) (312.967 -138.144 9165.81) (-37.7985 1518.08 9267.73) (-896.201 -325.329 8324.82) (-95.5048 -135.823 6705.78) (-607.643 174.118 6338.73) (-246.246 459.017 5887.36) (-242.235 13.1354 4236.38) (89.36 -191.895 3153.93) (-89.4216 -118.68 2047.77)
950           (-2960.89 -148.387 8049.07) (-2960.89 -148.387 8049.07) (314.662 -136.408 8877.01) (-39.4386 1548.97 9008.46) (-923.801 -336.604 8094.02) (-105.109 -141.117 6480.23) (-648.903 183.184 6227.28) (-268.294 507.923 5942.97) (-273.823 15.3807 4431.17) (103.71 -217.054 3589.36) (-100.024 -132.874 2600.4)
1000          (-2978.06 -149.66 7756.46) (-2978.06 -149.66 7756.46) (316.262 -134.774 8605.46) (-40.9803 1578.05 8765.44) (-949.764 -347.204 7878.63) (-114.093 -146.1 6270.43) (-687.503 191.705 6123.7) (-288.886 553.636 5990.29) (-303.186 17.4649 4597.25) (117.579 -241.587 3984.92) (-110.7 -147.159 3132.91)
1050          (-2994.16 -150.853 7482.54) (-2994.16 -150.853 7482.54) (317.767 -133.245 8351.96) (-42.4179 1605.27 8539.76) (-974.023 -357.095 7680.17) (-122.431 -150.747 6078.66) (-723.319 199.63 6031.13) (-307.94 595.83 6035) (-330.191 19.3942 4744.04) (130.524 -264.788 4341.75) (-120.98 -160.925 3631.49)
1100          (-3009.15 -151.963 7228.11) (-3009.15 -151.963 7228.11) (319.173 -131.825 8117.36) (-43.7459 1630.53 8332.3) (-996.502 -366.241 7499.63) (-130.095 -155.04 5906.1) (-756.239 206.921 5950.98) (-325.389 634.309 6079.79) (-354.748 21.1603 4877.22) (142.314 -286.186 4662.16) (-130.521 -173.729 4087.78)
1150          (-3023 -152.987 6993.9) (-3023 -152.987 6993.9) (320.475 -130.519 7902.3) (-44.9605 1653.77 8143.58) (-1017.14 -374.618 7337.34) (-137.071 -158.963 5753) (-786.198 213.558 5883.39) (-341.203 669.005 6125.39) (-376.828 22.7523 4999.58) (152.868 -305.532 4948.56) (-139.138 -185.316 4498.01)
1200          (-3035.66 -153.923 6780.37) (-3035.66 -153.923 6780.37) (321.671 -129.33 7707.08) (-46.0604 1674.95 7973.65) (-1035.89 -382.214 7193.04) (-143.356 -162.513 5618.76) (-813.191 219.538 5827.56) (-355.392 699.965 6171.38) (-396.473 24.1667 5112.16) (162.192 -322.75 5203.2) (-146.772 -195.598 4861.78)
1250          (-3047.13 -154.759 6587.82) (-3047.13 -154.759 6587.82) (322.771 -128.245 7531.68) (-47.031 1694.1 7822.17) (-1052.8 -389.042 7065.89) (-148.968 -165.696 5501.82) (-837.335 224.884 5781.84) (-368.032 727.402 6216.71) (-413.839 25.4084 5215.09) (170.365 -337.938 5428.37) (-153.485 -204.638 5181.13)
1300          (-3057.41 -155.518 6415.45) (-3057.41 -155.518 6415.45) (323.747 -127.288 7375.41) (-47.9093 1711.17 7688.23) (-1067.85 -395.11 6954.89) (-153.931 -168.52 5401.39) (-858.641 229.602 5745.26) (-379.145 751.4 6260.48) (-428.983 26.489 5308.41) (177.445 -351.12 5625.97) (-159.262 -212.435 5458.9)
1350          (-3066.55 -156.194 6262.54) (-3066.55 -156.194 6262.54) (324.618 -126.439 7237.33) (-48.6836 1726.3 7570.76) (-1081.16 -400.465 6858.68) (-158.287 -171.008 5315.48) (-877.344 233.744 5716.11) (-388.865 772.297 6301.79) (-442.137 27.4224 5392.14) (183.552 -362.518 5798.38) (-164.236 -219.147 5699.03)
1400          (-3074.62 -156.789 6127.98) (-3074.62 -156.789 6127.98) (325.389 -125.693 7116.26) (-49.3611 1739.6 7468.44) (-1092.85 -405.158 6775.74) (-162.083 -173.184 5242.3) (-893.65 237.355 5692.93) (-397.313 790.389 6339.99) (-453.501 28.2246 5466.53) (188.797 -372.321 5947.98) (-168.497 -224.899 5905.58)
1450          (-3081.69 -157.31 6010.42) (-3081.69 -157.31 6010.42) (326.066 -125.041 7010.81) (-49.9502 1751.22 7379.83) (-1103.04 -409.241 6704.57) (-165.374 -175.075 5180.15) (-907.782 240.485 5674.5) (-404.616 805.977 6374.71) (-463.274 28.9112 5532.02) (193.283 -380.716 6077.14) (-172.137 -229.811 6082.55)
1500          (-3087.83 -157.763 5908.33) (-3087.83 -157.763 5908.33) (326.657 -124.476 6919.5) (-50.4596 1761.3 7303.48) (-1111.87 -412.776 6643.73) (-168.21 -176.71 5127.49) (-919.969 243.185 5659.8) (-410.899 819.353 6405.8) (-471.646 29.4972 5589.22) (197.11 -387.883 6188.17) (-175.236 -233.994 6233.68)
1550          (-3093.15 -158.154 5820.17) (-3093.15 -158.154 5820.17) (327.169 -123.988 6840.81) (-50.8979 1770 7237.96) (-1119.48 -415.82 6591.88) (-170.646 -178.117 5082.95) (-930.433 245.504 5648.04) (-416.283 830.791 6433.31) (-478.796 29.996 5638.86) (200.366 -393.985 6283.27) (-177.871 -237.548 6362.41)
1600          (-3097.73 -158.491 5744.36) (-3097.73 -158.491 5744.36) (327.61 -123.569 6773.28) (-51.2736 1777.49 7181.94) (-1126.02 -418.431 6547.79) (-172.729 -179.322 5045.33) (-939.386 247.488 5638.59) (-420.883 840.543 6457.42) (-484.886 30.4196 5681.69) (203.132 -399.17 6364.46) (-180.106 -240.563 6471.82)
1650          (-3101.65 -158.774 5679.47) (-3101.65 -158.774 5679.47) (327.98 -123.211 6715.54) (-51.6142 1783.88 7134.18) (-1131.6 -420.647 6510.37) (-174.51 -180.346 5013.55) (-947.021 249.197 5630.92) (-424.817 848.845 6478.38) (-490.056 30.7954 5718.47) (205.483 -403.563 6433.61) (-181.984 -243.105 6564.64)
1700          (-3105.01 -159.022 5624.04) (-3105.01 -159.022 5624.04) (328.306 -122.904 6666.32) (-51.8848 1789.35 7093.56) (-1136.37 -422.551 6478.67) (-176.021 -181.225 4986.77) (-953.519 250.635 5624.72) (-428.146 855.888 6496.5) (-494.447 31.0972 5749.94) (207.467 -407.287 6492.35) (-183.588 -245.268 6643.28)
1750          (-3107.87 -159.233 5576.84) (-3107.87 -159.233 5576.84) (328.584 -122.644 6624.45) (-52.1148 1794 7059.08) (-1140.43 -424.171 6451.86) (-177.304 -181.971 4964.2) (-959.036 251.857 5619.66) (-430.969 861.856 6512.07) (-498.167 31.3523 5776.77) (209.144 -410.438 6542.17) (-184.944 -247.096 6709.8)
1800          (-3110.3 -159.413 5536.74) (-3110.3 -159.413 5536.74) (328.82 -122.422 6588.91) (-52.3098 1797.96 7029.87) (-1143.88 -425.545 6429.21) (-178.391 -182.604 4945.2) (-963.712 252.892 5615.52) (-433.36 866.906 6525.41) (-501.313 31.5677 5799.59) (210.562 -413.099 6584.35) (-186.089 -248.639 6766.02)
1850          (-3112.36 -159.565 5502.73) (-3112.36 -159.565 5502.73) (329.021 -122.234 6558.8) (-52.475 1801.31 7005.16) (-1146.8 -426.709 6410.09) (-179.31 -183.14 4929.19) (-967.669 253.768 5612.12) (-435.383 871.175 6536.79) (-503.971 31.7496 5818.96) (211.758 -415.346 6620.02) (-187.056 -249.941 6813.48)
1900          (-3114.11 -159.694 5473.94) (-3114.11 -159.694 5473.94) (329.191 -122.075 6533.32) (-52.6147 1804.15 6984.27) (-1149.27 -427.694 6393.96) (-180.088 -183.594 4915.73) (-971.014 254.509 5609.31) (-437.091 874.779 6546.48) (-506.215 31.9029 5835.37) (212.766 -417.241 6650.16) (-187.87 -251.039 6853.52)
1950          (-3115.58 -159.803 5449.6) (-3115.58 -159.803 5449.6) (329.335 -121.941 6511.79) (-52.7327 1806.55 6966.63) (-1151.36 -428.527 6380.36) (-180.744 -183.977 4904.39) (-973.838 255.134 5606.99) (-438.533 877.821 6554.7) (-508.107 32.0322 5849.25) (213.616 -418.839 6675.59) (-188.557 -251.964 6887.27)
2000          (-3116.83 -159.897 5429.04) (-3116.83 -159.897 5429.04) (329.455 -121.829 6493.62) (-52.8324 1808.56 6951.76) (-1153.12 -429.228 6368.91) (-181.297 -184.301 4894.85) (-976.209 255.657 5605.06) (-439.741 880.371 6561.66) (-509.694 32.1391 5860.98) (214.329 -420.176 6697.03) (-189.129 -252.737 6915.71)
2050          (-3117.89 -159.98 5411.68) (-3117.89 -159.98 5411.68) (329.567 -121.73 6478.29) (-52.8995 1810.3 6939.22) (-1154.62 -429.837 6359.25) (-181.764 -184.58 4886.79) (-978.234 256.092 5603.45) (-440.761 882.544 6567.57) (-511.054 32.2173 5870.87) (214.931 -421.322 6715.12) (-189.633 -253.409 6939.69)
2100          (-3118.77 -160.041 5397.08) (-3118.77 -160.041 5397.08) (329.65 -121.651 6465.37) (-52.9776 1811.73 6928.67) (-1155.87 -430.327 6351.14) (-182.156 -184.807 4880.07) (-979.92 256.472 5602.12) (-441.631 884.358 6572.53) (-512.18 32.3022 5879.22) (215.44 -422.273 6730.33) (-190.039 -253.956 6959.83)
2150          (-3119.53 -160.096 5384.74) (-3119.53 -160.096 5384.74) (329.724 -121.581 6454.49) (-53.0401 1812.95 6919.77) (-1156.93 -430.75 6344.31) (-182.49 -185.001 4874.39) (-981.357 256.794 5601.01) (-442.364 885.905 6576.75) (-513.14 32.3681 5886.25) (215.871 -423.083 6743.14) (-190.383 -254.423 6976.8)
2200          (-3120.16 -160.143 5374.38) (-3120.16 -160.143 5374.38) (329.786 -121.524 6445.33) (-53.0897 1813.98 6912.29) (-1157.82 -431.104 6338.57) (-182.77 -185.163 4869.63) (-982.557 257.06 5600.08) (-442.976 887.195 6580.29) (-513.943 32.4231 5892.17) (216.23 -423.758 6753.91) (-190.674 -254.814 6991.06)
2250          (-3120.68 -160.18 5365.67) (-3120.68 -160.18 5365.67) (329.835 -121.477 6437.64) (-53.1328 1814.82 6906.02) (-1158.55 -431.396 6333.75) (-183 -185.3 4865.65) (-983.55 257.28 5599.31) (-443.486 888.256 6583.24) (-514.602 32.4686 5897.16) (216.528 -424.316 6762.97) (-190.912 -255.137 7003.02)
2300          (-3121.13 -160.212 5358.36) (-3121.13 -160.212 5358.36) (329.879 -121.435 6431.18) (-53.1683 1815.55 6900.75) (-1159.18 -431.647 6329.7) (-183.198 -185.415 4862.28) (-984.4 257.469 5598.65) (-443.92 889.169 6585.75) (-515.17 32.5069 5901.33) (216.783 -424.794 6770.57) (-191.116 -255.413 7013.09)
2350          (-3121.5 -160.239 5352.19) (-3121.5 -160.239 5352.19) (329.915 -121.401 6425.74) (-53.1984 1816.15 6896.31) (-1159.71 -431.856 6326.3) (-183.364 -185.512 4859.46) (-985.112 257.627 5598.11) (-444.283 889.934 6587.85) (-515.645 32.5403 5904.85) (216.996 -425.194 6776.97) (-191.288 -255.644 7021.55)
2400          (-3121.81 -160.267 5347.1) (-3121.81 -160.267 5347.1) (329.944 -121.377 6421.23) (-53.2224 1816.64 6892.62) (-1160.14 -432.03 6323.49) (-183.497 -185.59 4857.16) (-985.685 257.749 5597.67) (-444.57 890.549 6589.61) (-516.028 32.565 5907.77) (217.166 -425.515 6782.23) (-191.428 -255.83 7028.52)
2450          (-3122.07 -160.285 5342.84) (-3122.07 -160.285 5342.84) (329.969 -121.353 6417.46) (-53.246 1817.07 6889.53) (-1160.52 -432.176 6321.11) (-183.614 -185.655 4855.18) (-986.191 257.866 5597.27) (-444.832 891.097 6591.05) (-516.366 32.5919 5910.2) (217.32 -425.801 6786.68) (-191.549 -255.995 7034.43)
2500          (-3122.29 -160.298 5339.23) (-3122.29 -160.298 5339.23) (329.99 -121.332 6414.27) (-53.2643 1817.43 6886.93) (-1160.82 -432.297 6319.11) (-183.711 -185.711 4853.52) (-986.609 257.96 5596.95) (-445.047 891.546 6592.27) (-516.645 32.6117 5912.25) (217.445 -426.038 6790.42) (-191.652 -256.132 7039.39)
2550          (-3122.47 -160.311 5336.21) (-3122.47 -160.311 5336.21) (330.011 -121.312 6411.63) (-53.275 1817.73 6884.78) (-1161.08 -432.401 6317.43) (-183.796 -185.762 4852.09) (-986.963 258.035 5596.65) (-445.228 891.922 6593.29) (-516.883 32.6255 5913.97) (217.551 -426.235 6793.59) (-191.735 -256.246 7043.58)
2600          (-3122.64 -160.322 5333.61) (-3122.64 -160.322 5333.61) (330.028 -121.296 6409.33) (-53.2875 1818 6882.9) (-1161.31 -432.49 6315.99) (-183.866 -185.803 4850.89) (-987.271 258.104 5596.42) (-445.386 892.253 6594.18) (-517.088 32.6402 5915.45) (217.643 -426.409 6796.3) (-191.811 -256.347 7047.16)
2650          (-3122.76 -160.333 5331.5) (-3122.76 -160.333 5331.5) (330.036 -121.289 6407.45) (-53.3017 1818.19 6881.35) (-1161.49 -432.56 6314.83) (-183.918 -185.832 4849.98) (-987.503 258.158 5596.26) (-445.504 892.507 6594.91) (-517.243 32.6522 5916.66) (217.712 -426.542 6798.45) (-191.869 -256.425 7050.02)
2700          (-3122.86 -160.341 5329.78) (-3122.86 -160.341 5329.78) (330.046 -121.279 6405.93) (-53.3104 1818.36 6880.11) (-1161.63 -432.619 6313.88) (-183.964 -185.859 4849.19) (-987.702 258.202 5596.11) (-445.605 892.721 6595.5) (-517.376 32.6615 5917.64) (217.772 -426.654 6800.23) (-191.916 -256.489 7052.38)
2750          (-3122.95 -160.346 5328.31) (-3122.95 -160.346 5328.31) (330.058 -121.268 6404.65) (-53.3135 1818.51 6879.07) (-1161.76 -432.67 6313.05) (-184.008 -185.886 4848.46) (-987.879 258.237 5595.93) (-445.696 892.905 6595.98) (-517.494 32.6673 5918.48) (217.825 -426.75 6801.81) (-191.956 -256.544 7054.46)
2800          (-3123.03 -160.352 5327.01) (-3123.03 -160.352 5327.01) (330.066 -121.261 6403.5) (-53.3198 1818.64 6878.14) (-1161.87 -432.714 6312.33) (-184.043 -185.906 4847.86) (-988.029 258.271 5595.82) (-445.773 893.066 6596.42) (-517.594 32.6743 5919.22) (217.87 -426.835 6803.15) (-191.993 -256.593 7056.25)
2850          (-3123.1 -160.357 5325.96) (-3123.1 -160.357 5325.96) (330.071 -121.256 6402.57) (-53.3255 1818.74 6877.38) (-1161.96 -432.749 6311.76) (-184.071 -185.922 4847.39) (-988.148 258.298 5595.73) (-445.834 893.194 6596.78) (-517.674 32.6801 5919.81) (217.906 -426.902 6804.24) (-192.021 -256.631 7057.68)
2900          (-3123.15 -160.361 5325.12) (-3123.15 -160.361 5325.12) (330.076 -121.251 6401.83) (-53.3295 1818.82 6876.78) (-1162.03 -432.778 6311.29) (-184.093 -185.935 4847) (-988.246 258.319 5595.65) (-445.883 893.299 6597.07) (-517.739 32.6845 5920.29) (217.935 -426.957 6805.11) (-192.045 -256.663 7058.84)
2950          (-3123.19 -160.365 5324.38) (-3123.19 -160.365 5324.38) (330.078 -121.249 6401.16) (-53.3362 1818.89 6876.22) (-1162.1 -432.803 6310.89) (-184.111 -185.944 4846.7) (-988.328 258.34 5595.62) (-445.924 893.392 6597.34) (-517.793 32.69 5920.73) (217.959 -427.006 6805.85) (-192.067 -256.693 7059.82)
3000          (-3123.23 -160.367 5323.77) (-3123.23 -160.367 5323.77) (330.082 -121.246 6400.61) (-53.3393 1818.95 6875.77) (-1162.15 -432.824 6310.54) (-184.127 -185.954 4846.41) (-988.399 258.356 5595.56) (-445.961 893.469 6597.55) (-517.841 32.6935 5921.08) (217.981 -427.046 6806.49) (-192.085 -256.716 7060.68)
3050          (-3123.26 -160.369 5323.26) (-3123.26 -160.369 5323.26) (330.087 -121.241 6400.18) (-53.3384 1819.01 6875.42) (-1162.19 -432.842 6310.25) (-184.144 -185.964 4846.14) (-988.463 258.367 5595.48) (-445.995 893.532 6597.7) (-517.884 32.6942 5921.35) (218 -427.079 6807.05) (-192.097 -256.734 7061.42)
3100          (-3123.29 -160.371 5322.85) (-3123.29 -160.371 5322.85) (330.09 -121.239 6399.82) (-53.3404 1819.05 6875.13) (-1162.23 -432.856 6310.02) (-184.155 -185.971 4845.95) (-988.51 258.377 5595.44) (-446.019 893.583 6597.84) (-517.915 32.6963 5921.59) (218.014 -427.106 6807.48) (-192.109 -256.749 7061.99)
3150          (-3123.3 -160.373 5322.54) (-3123.3 -160.373 5322.54) (330.09 -121.239 6399.53) (-53.3451 1819.07 6874.88) (-1162.26 -432.866 6309.85) (-184.161 -185.974 4845.84) (-988.543 258.387 5595.43) (-446.035 893.623 6597.96) (-517.937 32.7002 5921.78) (218.024 -427.127 6807.78) (-192.12 -256.763 7062.39)
3200          (-3123.32 -160.373 5322.24) (-3123.32 -160.373 5322.24) (330.093 -121.235 6399.28) (-53.3433 1819.11 6874.68) (-1162.28 -432.876 6309.68) (-184.171 -185.98 4845.66) (-988.581 258.393 5595.38) (-446.055 893.659 6598.04) (-517.963 32.6994 5921.93) (218.036 -427.146 6808.12) (-192.126 -256.773 7062.84)
3250          (-3123.33 -160.374 5322.04) (-3123.33 -160.374 5322.04) (330.094 -121.234 6399.1) (-53.3443 1819.13 6874.53) (-1162.3 -432.883 6309.56) (-184.177 -185.983 4845.56) (-988.605 258.398 5595.35) (-446.067 893.685 6598.1) (-517.979 32.7004 5922.04) (218.043 -427.16 6808.33) (-192.132 -256.781 7063.14)
3300          (-3123.35 -160.375 5321.84) (-3123.35 -160.375 5321.84) (330.095 -121.233 6398.92) (-53.3452 1819.15 6874.38) (-1162.32 -432.89 6309.45) (-184.183 -185.986 4845.47) (-988.628 258.403 5595.33) (-446.08 893.711 6598.17) (-517.995 32.7015 5922.16) (218.05 -427.173 6808.55) (-192.138 -256.789 7063.42)
3350          (-3123.35 -160.376 5321.74) (-3123.35 -160.376 5321.74) (330.094 -121.234 6398.82) (-53.3486 1819.15 6874.29) (-1162.33 -432.893 6309.38) (-184.184 -185.986 4845.44) (-988.639 258.407 5595.33) (-446.085 893.726 6598.21) (-518.002 32.7044 5922.23) (218.054 -427.182 6808.64) (-192.143 -256.795 7063.55)
3400          (-3123.36 -160.376 5321.64) (-3123.36 -160.376 5321.64) (330.096 -121.232 6398.74) (-53.3462 1819.17 6874.23) (-1162.33 -432.897 6309.33) (-184.188 -185.989 4845.37) (-988.652 258.408 5595.3) (-446.092 893.736 6598.22) (-518.011 32.7024 5922.26) (218.057 -427.187 6808.76) (-192.144 -256.797 7063.72)
3450          (-3123.37 -160.377 5321.54) (-3123.37 -160.377 5321.54) (330.096 -121.232 6398.64) (-53.3495 1819.17 6874.14) (-1162.34 -432.899 6309.27) (-184.19 -185.989 4845.33) (-988.664 258.412 5595.3) (-446.097 893.752 6598.26) (-518.019 32.7053 5922.33) (218.062 -427.196 6808.85) (-192.15 -256.804 7063.85)
3500          (-3123.37 -160.377 5321.54) (-3123.37 -160.377 5321.54) (330.096 -121.232 6398.64) (-53.3495 1819.17 6874.14) (-1162.34 -432.899 6309.27) (-184.19 -185.989 4845.33) (-988.664 258.412 5595.3) (-446.097 893.752 6598.26) (-518.019 32.7053 5922.33) (218.062 -427.196 6808.85) (-192.15 -256.804 7063.85)
3550          (-3123.37 -160.377 5321.54) (-3123.37 -160.377 5321.54) (330.096 -121.232 6398.64) (-53.3495 1819.17 6874.14) (-1162.34 -432.899 6309.27) (-184.19 -185.989 4845.33) (-988.664 258.412 5595.3) (-446.097 893.752 6598.26) (-518.019 32.7053 5922.33) (218.062 -427.196 6808.85) (-192.15 -256.804 7063.85)
3600          (-3123.37 -160.377 5321.54) (-3123.37 -160.377 5321.54) (330.096 -121.232 6398.64) (-53.3495 1819.17 6874.14) (-1162.34 -432.899 6309.27) (-184.19 -185.989 4845.33) (-988.664 258.412 5595.3) (-446.097 893.752 6598.26) (-518.019 32.7053 5922.33) (218.062 -427.196 6808.85) (-192.15 -256.804 7063.85)
3650          (-3123.37 -160.377 5321.54) (-3123.37 -160.377 5321.54) (330.096 -121.232 6398.64) (-53.3495 1819.17 6874.14) (-1162.34 -432.899 6309.27) (-184.19 -185.989 4845.33) (-988.664 258.412 5595.3) (-446.097 893.752 6598.26) (-518.019 32.7053 5922.33) (218.062 -427.196 6808.85) (-192.15 -256.804 7063.85)
3700          (-3123.37 -160.377 5321.54) (-3123.37 -160.377 5321.54) (330.096 -121.232 6398.64) (-53.3495 1819.17 6874.14) (-1162.34 -432.899 6309.27) (-184.19 -185.989 4845.33) (-988.664 258.412 5595.3) (-446.097 893.752 6598.26) (-518.019 32.7053 5922.33) (218.062 -427.196 6808.85) (-192.15 -256.804 7063.85)
3750          (-3123.37 -160.377 5321.54) (-3123.37 -160.377 5321.54) (330.096 -121.232 6398.64) (-53.3495 1819.17 6874.14) (-1162.34 -432.899 6309.27) (-184.19 -185.989 4845.33) (-988.664 258.412 5595.3) (-446.097 893.752 6598.26) (-518.019 32.7053 5922.33) (218.062 -427.196 6808.85) (-192.15 -256.804 7063.85)
3800          (-3123.37 -160.377 5321.54) (-3123.37 -160.377 5321.54) (330.096 -121.232 6398.64) (-53.3495 1819.17 6874.14) (-1162.34 -432.899 6309.27) (-184.19 -185.989 4845.33) (-988.664 258.412 5595.3) (-446.097 893.752 6598.26) (-518.019 32.7053 5922.33) (218.062 -427.196 6808.85) (-192.15 -256.804 7063.85)
3850          (-3123.37 -160.377 5321.54) (-3123.37 -160.377 5321.54) (330.096 -121.232 6398.64) (-53.3495 1819.17 6874.14) (-1162.34 -432.899 6309.27) (-184.19 -185.989 4845.33) (-988.664 258.412 5595.3) (-446.097 893.752 6598.26) (-518.019 32.7053 5922.33) (218.062 -427.196 6808.85) (-192.15 -256.804 7063.85)
3900          (-3123.37 -160.377 5321.54) (-3123.37 -160.377 5321.54) (330.096 -121.232 6398.64) (-53.3495 1819.17 6874.14) (-1162.34 -432.899 6309.27) (-184.19 -185.989 4845.33) (-988.664 258.412 5595.3) (-446.097 893.752 6598.26) (-518.019 32.7053 5922.33) (218.062 -427.196 6808.85) (-192.15 -256.804 7063.85)
3950          (-3123.37 -160.377 5321.54) (-3123.37 -160.377 5321.54) (330.096 -121.232 6398.64) (-53.3495 1819.17 6874.14) (-1162.34 -432.899 6309.27) (-184.19 -185.989 4845.33) (-988.664 258.412 5595.3) (-446.097 893.752 6598.26) (-518.019 32.7053 5922.33) (218.062 -427.196 6808.85) (-192.15 -256.804 7063.85)
4000          (-3123.37 -160.377 5321.54) (-3123.37 -160.377 5321.54) (330.096 -121.232 6398.64) (-53.3495 1819.17 6874.14) (-1162.34 -432.899 6309.27) (-184.19 -185.989 4845.33) (-988.664 258.412 5595.3) (-446.097 893.752 6598.26) (-518.019 32.7053 5922.33) (218.062 -427.196 6808.85) (-192.15 -256.804 7063.85)
4050          (-3123.37 -160.377 5321.54) (-3123.37 -160.377 5321.54) (330.096 -121.232 6398.64) (-53.3495 1819.17 6874.14) (-1162.34 -432.899 6309.27) (-184.19 -185.989 4845.33) (-988.664 258.412 5595.3) (-446.097 893.752 6598.26) (-518.019 32.7053 5922.33) (218.062 -427.196 6808.85) (-192.15 -256.804 7063.85)
4100          (-3123.37 -160.377 5321.54) (-3123.37 -160.377 5321.54) (330.096 -121.232 6398.64) (-53.3495 1819.17 6874.14) (-1162.34 -432.899 6309.27) (-184.19 -185.989 4845.33) (-988.664 258.412 5595.3) (-446.097 893.752 6598.26) (-518.019 32.7053 5922.33) (218.062 -427.196 6808.85) (-192.15 -256.804 7063.85)
4150          (-3123.37 -160.377 5321.54) (-3123.37 -160.377 5321.54) (330.096 -121.232 6398.64) (-53.3495 1819.17 6874.14) (-1162.34 -432.899 6309.27) (-184.19 -185.989 4845.33) (-988.664 258.412 5595.3) (-446.097 893.752 6598.26) (-518.019 32.7053 5922.33) (218.062 -427.196 6808.85) (-192.15 -256.804 7063.85)
4200          (-3123.37 -160.377 5321.54) (-3123.37 -160.377 5321.54) (330.096 -121.232 6398.64) (-53.3495 1819.17 6874.14) (-1162.34 -432.899 6309.27) (-184.19 -185.989 4845.33) (-988.664 258.412 5595.3) (-446.097 893.752 6598.26) (-518.019 32.7053 5922.33) (218.062 -427.196 6808.85) (-192.15 -256.804 7063.85)
4250          (-3123.37 -160.377 5321.54) (-3123.37 -160.377 5321.54) (330.096 -121.232 6398.64) (-53.3495 1819.17 6874.14) (-1162.34 -432.899 6309.27) (-184.19 -185.989 4845.33) (-988.664 258.412 5595.3) (-446.097 893.752 6598.26) (-518.019 32.7053 5922.33) (218.062 -427.196 6808.85) (-192.15 -256.804 7063.85)
4300          (-3123.37 -160.377 5321.54) (-3123.37 -160.377 5321.54) (330.096 -121.232 6398.64) (-53.3495 1819.17 6874.14) (-1162.34 -432.899 6309.27) (-184.19 -185.989 4845.33) (-988.664 258.412 5595.3) (-446.097 893.752 6598.26) (-518.019 32.7053 5922.33) (218.062 -427.196 6808.85) (-192.15 -256.804 7063.85)
4350          (-3123.37 -160.377 5321.54) (-3123.37 -160.377 5321.54) (330.096 -121.232 6398.64) (-53.3495 1819.17 6874.14) (-1162.34 -432.899 6309.27) (-184.19 -185.989 4845.33) (-988.664 258.412 5595.3) (-446.097 893.752 6598.26) (-518.019 32.7053 5922.33) (218.062 -427.196 6808.85) (-192.15 -256.804 7063.85)
4400          (-3123.37 -160.377 5321.54) (-3123.37 -160.377 5321.54) (330.096 -121.232 6398.64) (-53.3495 1819.17 6874.14) (-1162.34 -432.899 6309.27) (-184.19 -185.989 4845.33) (-988.664 258.412 5595.3) (-446.097 893.752 6598.26) (-518.019 32.7053 5922.33) (218.062 -427.196 6808.85) (-192.15 -256.804 7063.85)
4450          (-3123.37 -160.377 5321.54) (-3123.37 -160.377 5321.54) (330.096 -121.232 6398.64) (-53.3495 1819.17 6874.14) (-1162.34 -432.899 6309.27) (-184.19 -185.989 4845.33) (-988.664 258.412 5595.3) (-446.097 893.752 6598.26) (-518.019 32.7053 5922.33) (218.062 -427.196 6808.85) (-192.15 -256.804 7063.85)
4500          (-3123.37 -160.377 5321.54) (-3123.37 -160.377 5321.54) (330.096 -121.232 6398.64) (-53.3495 1819.17 6874.14) (-1162.34 -432.899 6309.27) (-184.19 -185.989 4845.33) (-988.664 258.412 5595.3) (-446.097 893.752 6598.26) (-518.019 32.7053 5922.33) (218.062 -427.196 6808.85) (-192.15 -256.804 7063.85)
4550          (-3123.37 -160.377 5321.54) (-3123.37 -160.377 5321.54) (330.096 -121.232 6398.64) (-53.3495 1819.17 6874.14) (-1162.34 -432.899 6309.27) (-184.19 -185.989 4845.33) (-988.664 258.412 5595.3) (-446.097 893.752 6598.26) (-518.019 32.7053 5922.33) (218.062 -427.196 6808.85) (-192.15 -256.804 7063.85)
4600          (-3123.37 -160.377 5321.54) (-3123.37 -160.377 5321.54) (330.096 -121.232 6398.64) (-53.3495 1819.17 6874.14) (-1162.34 -432.899 6309.27) (-184.19 -185.989 4845.33) (-988.664 258.412 5595.3) (-446.097 893.752 6598.26) (-518.019 32.7053 5922.33) (218.062 -427.196 6808.85) (-192.15 -256.804 7063.85)
4650          (-3123.37 -160.377 5321.54) (-3123.37 -160.377 5321.54) (330.096 -121.232 6398.64) (-53.3495 1819.17 6874.14) (-1162.34 -432.899 6309.27) (-184.19 -185.989 4845.33) (-988.664 258.412 5595.3) (-446.097 893.752 6598.26) (-518.019 32.7053 5922.33) (218.062 -427.196 6808.85) (-192.15 -256.804 7063.85)
4700          (-3123.37 -160.377 5321.54) (-3123.37 -160.377 5321.54) (330.096 -121.232 6398.64) (-53.3495 1819.17 6874.14) (-1162.34 -432.899 6309.27) (-184.19 -185.989 4845.33) (-988.664 258.412 5595.3) (-446.097 893.752 6598.26) (-518.019 32.7053 5922.33) (218.062 -427.196 6808.85) (-192.15 -256.804 7063.85)
4750          (-3123.37 -160.377 5321.54) (-3123.37 -160.377 5321.54) (330.096 -121.232 6398.64) (-53.3495 1819.17 6874.14) (-1162.34 -432.899 6309.27) (-184.19 -185.989 4845.33) (-988.664 258.412 5595.3) (-446.097 893.752 6598.26) (-518.019 32.7053 5922.33) (218.062 -427.196 6808.85) (-192.15 -256.804 7063.85)
4800          (-3123.37 -160.377 5321.54) (-3123.37 -160.377 5321.54) (330.096 -121.232 6398.64) (-53.3495 1819.17 6874.14) (-1162.34 -432.899 6309.27) (-184.19 -185.989 4845.33) (-988.664 258.412 5595.3) (-446.097 893.752 6598.26) (-518.019 32.7053 5922.33) (218.062 -427.196 6808.85) (-192.15 -256.804 7063.85)
4850          (-3123.37 -160.377 5321.54) (-3123.37 -160.377 5321.54) (330.096 -121.232 6398.64) (-53.3495 1819.17 6874.14) (-1162.34 -432.899 6309.27) (-184.19 -185.989 4845.33) (-988.664 258.412 5595.3) (-446.097 893.752 6598.26) (-518.019 32.7053 5922.33) (218.062 -427.196 6808.85) (-192.15 -256.804 7063.85)
4900          (-3123.37 -160.377 5321.54) (-3123.37 -160.377 5321.54) (330.096 -121.232 6398.64) (-53.3495 1819.17 6874.14) (-1162.34 -432.899 6309.27) (-184.19 -185.989 4845.33) (-988.664 258.412 5595.3) (-446.097 893.752 6598.26) (-518.019 32.7053 5922.33) (218.062 -427.196 6808.85) (-192.15 -256.804 7063.85)
4950          (-3123.37 -160.377 5321.54) (-3123.37 -160.377 5321.54) (330.096 -121.232 6398.64) (-53.3495 1819.17 6874.14) (-1162.34 -432.899 6309.27) (-184.19 -185.989 4845.33) (-988.664 258.412 5595.3) (-446.097 893.752 6598.26) (-518.019 32.7053 5922.33) (218.062 -427.196 6808.85) (-192.15 -256.804 7063.85)
5000          (-3123.37 -160.377 5321.54) (-3123.37 -160.377 5321.54) (330.096 -121.232 6398.64) (-53.3495 1819.17 6874.14) (-1162.34 -432.899 6309.27) (-184.19 -185.989 4845.33) (-988.664 258.412 5595.3) (-446.097 893.752 6598.26) (-518.019 32.7053 5922.33) (218.062 -427.196 6808.85) (-192.15 -256.804 7063.85)
