# Probe 0 (0.0015 0.0015 0)
# Probe 1 (0.0015 0.0015 0.002)
# Probe 2 (0.0015 0.0015 0.004)
# Probe 3 (0.0015 0.0015 0.006)
# Probe 4 (0.0015 0.0015 0.008)
# Probe 5 (0.0015 0.0015 0.01)
# Probe 6 (0.0015 0.0015 0.012)
# Probe 7 (0.0015 0.0015 0.014)
# Probe 8 (0.0015 0.0015 0.016)
# Probe 9 (0.0015 0.0015 0.018)
# Probe 10 (0.0015 0.0015 0.02)
# Time        0             1             2             3             4             5             6             7             8             9             10           
50            (1.59019e-09 -2.53896e-09 -2.02058e-10) (1.59019e-09 -2.53896e-09 -2.02058e-10) (6.2603e-09 -6.6351e-09 -5.90887e-10) (1.02688e-08 -1.22741e-08 -6.56648e-10) (1.34304e-08 -1.67988e-08 -1.12996e-09) (1.8115e-08 -2.15118e-08 -1.07501e-09) (2.10211e-08 -2.54016e-08 -5.23203e-10) (2.31997e-08 -2.73937e-08 -2.87296e-10) (2.60038e-08 -2.7647e-08 2.82059e-10) (2.72815e-08 -2.86205e-08 3.49212e-10) (2.69156e-08 -2.84724e-08 1.49101e-09)
100           (2.35872e-09 -2.09114e-09 -4.54434e-10) (2.35872e-09 -2.09114e-09 -4.54434e-10) (6.44045e-09 -8.17052e-09 -9.27182e-10) (1.16683e-08 -1.32706e-08 -1.68712e-09) (1.58642e-08 -1.88427e-08 -2.2147e-09) (2.03218e-08 -2.37904e-08 -1.40263e-09) (2.39952e-08 -2.88513e-08 -1.76679e-09) (2.64803e-08 -3.07591e-08 -1.58788e-09) (2.94177e-08 -3.18006e-08 2.17191e-10) (3.10327e-08 -3.23789e-08 4.08704e-10) (3.13714e-08 -3.29302e-08 -9.22304e-11)
150           (2.43662e-09 -2.46072e-09 3.61287e-11) (2.43662e-09 -2.46072e-09 3.61287e-11) (6.42074e-09 -8.18761e-09 6.48295e-10) (1.17589e-08 -1.46684e-08 -6.77716e-10) (1.63274e-08 -1.95992e-08 3.7047e-10) (2.1448e-08 -2.53815e-08 1.13619e-09) (2.46176e-08 -2.97166e-08 3.16245e-10) (2.79368e-08 -3.18768e-08 2.02517e-09) (2.98421e-08 -3.30594e-08 2.43711e-09) (3.1938e-08 -3.38772e-08 1.9637e-09) (3.27212e-08 -3.46107e-08 1.601e-09)
200           (2.97046e-09 -3.15788e-09 -1.64729e-10) (2.97046e-09 -3.15788e-09 -1.64729e-10) (6.97861e-09 -8.68673e-09 5.28761e-10) (1.19327e-08 -1.40135e-08 1.62806e-09) (1.57602e-08 -1.89759e-08 1.6838e-10) (2.12783e-08 -2.49829e-08 -3.86757e-10) (2.43965e-08 -2.99717e-08 -2.11637e-10) (2.73375e-08 -3.22741e-08 -5.89501e-11) (3.05595e-08 -3.28706e-08 -6.33879e-10) (3.29241e-08 -3.37369e-08 -1.26678e-09) (3.29634e-08 -3.39957e-08 -1.51043e-10)
250           (1.94463e-09 -2.91942e-09 2.13917e-10) (1.94463e-09 -2.91942e-09 2.13917e-10) (6.86452e-09 -8.49113e-09 2.34363e-10) (1.20881e-08 -1.49593e-08 1.64469e-10) (1.58597e-08 -2.00774e-08 1.4258e-09) (2.07574e-08 -2.58022e-08 2.35714e-09) (2.44686e-08 -3.04042e-08 1.56942e-09) (2.75535e-08 -3.22266e-08 2.35384e-10) (3.03286e-08 -3.32444e-08 6.1699e-10) (3.24373e-08 -3.49308e-08 1.6299e-09) (3.17514e-08 -3.44122e-08 8.67863e-10)
300           (2.5274e-09 -2.63698e-09 -1.1266e-09) (2.5274e-09 -2.63698e-09 -1.1266e-09) (7.41176e-09 -8.63896e-09 -1.17314e-09) (1.17343e-08 -1.42297e-08 -5.68419e-10) (1.6351e-08 -2.01934e-08 -8.5041e-10) (2.16658e-08 -2.54231e-08 -8.76399e-10) (2.44387e-08 -3.09874e-08 5.65303e-10) (2.77492e-08 -3.21046e-08 8.15298e-10) (3.05874e-08 -3.37604e-08 -9.33175e-11) (3.29158e-08 -3.39462e-08 -1.55193e-10) (3.27561e-08 -3.37884e-08 1.94691e-09)
350           (2.70391e-09 -2.77856e-09 1.73962e-10) (2.70391e-09 -2.77856e-09 1.73962e-10) (6.86902e-09 -9.01777e-09 9.25703e-10) (1.19434e-08 -1.40509e-08 6.17465e-10) (1.58237e-08 -1.96919e-08 -2.62937e-10) (2.02634e-08 -2.48347e-08 6.78579e-11) (2.39368e-08 -2.96376e-08 4.2511e-10) (2.72488e-08 -3.16069e-08 -6.23414e-10) (3.04475e-08 -3.29143e-08 -1.46303e-09) (3.26596e-08 -3.36332e-08 -1.60702e-09) (3.2725e-08 -3.35799e-08 -1.85014e-09)
400           (2.16757e-09 -2.51257e-09 7.07667e-10) (2.16757e-09 -2.51257e-09 7.07667e-10) (6.70842e-09 -8.86696e-09 9.65485e-10) (1.16463e-08 -1.42081e-08 5.69484e-10) (1.5861e-08 -1.94781e-08 6.51514e-10) (2.11227e-08 -2.53877e-08 1.04253e-09) (2.46508e-08 -2.94472e-08 9.97869e-10) (2.70443e-08 -3.23268e-08 5.57888e-10) (2.97989e-08 -3.22649e-08 6.06708e-11) (3.23078e-08 -3.3981e-08 -1.34013e-10) (3.23389e-08 -3.35654e-08 -3.64355e-10)
450           (2.46482e-09 -2.85603e-09 -1.90179e-10) (2.46482e-09 -2.85603e-09 -1.90179e-10) (6.87907e-09 -8.91909e-09 1.4953e-10) (1.17612e-08 -1.44865e-08 8.89731e-11) (1.64598e-08 -2.03478e-08 -2.7751e-10) (2.13048e-08 -2.57413e-08 3.60513e-11) (2.56321e-08 -3.09815e-08 -7.6282e-11) (2.79729e-08 -3.28102e-08 1.34443e-10) (3.09997e-08 -3.42788e-08 1.77477e-09) (3.28022e-08 -3.4539e-08 1.21668e-09) (3.25835e-08 -3.49075e-08 5.78036e-10)
500           (1.73927e-09 -3.3468e-09 5.33719e-10) (1.73927e-09 -3.3468e-09 5.33719e-10) (7.35146e-09 -8.12409e-09 -1.40355e-10) (1.13322e-08 -1.42123e-08 -1.18787e-09) (1.65125e-08 -1.97298e-08 -4.01442e-10) (2.07319e-08 -2.6013e-08 -1.32059e-10) (2.42037e-08 -3.01096e-08 -4.716e-10) (2.71347e-08 -3.23292e-08 -7.07317e-10) (3.04819e-08 -3.38196e-08 -2.78999e-11) (3.29818e-08 -3.45102e-08 9.60863e-10) (3.16229e-08 -3.42427e-08 9.2755e-11)
550           (2.51596e-09 -2.38842e-09 -1.47907e-10) (2.51596e-09 -2.38842e-09 -1.47907e-10) (6.76046e-09 -8.41675e-09 7.59134e-10) (1.17371e-08 -1.44868e-08 1.49178e-09) (1.66943e-08 -2.00535e-08 9.86777e-10) (2.13734e-08 -2.52545e-08 2.29058e-10) (2.46517e-08 -3.06699e-08 8.80984e-10) (2.80933e-08 -3.15336e-08 2.15729e-09) (3.06984e-08 -3.35702e-08 2.11771e-09) (3.27686e-08 -3.40322e-08 2.03836e-09) (3.25499e-08 -3.404e-08 1.10829e-09)
600           (2.21977e-09 -3.14045e-09 -9.9898e-10) (2.21977e-09 -3.14045e-09 -9.9898e-10) (7.13872e-09 -8.62944e-09 5.61212e-11) (1.14812e-08 -1.45564e-08 1.47747e-09) (1.63606e-08 -2.00973e-08 1.48856e-09) (2.15646e-08 -2.60046e-08 2.11169e-09) (2.5248e-08 -3.0173e-08 2.43544e-09) (2.81251e-08 -3.19026e-08 2.75208e-09) (3.18873e-08 -3.30136e-08 3.7874e-09) (3.28372e-08 -3.44097e-08 3.2702e-09) (3.29807e-08 -3.4579e-08 2.68134e-09)
650           (2.61431e-09 -2.5584e-09 -8.90663e-10) (2.61431e-09 -2.5584e-09 -8.90663e-10) (6.83588e-09 -8.69058e-09 -1.14774e-09) (1.10552e-08 -1.3826e-08 -1.41766e-09) (1.65074e-08 -1.95574e-08 -9.46967e-10) (2.06253e-08 -2.45754e-08 -1.16845e-09) (2.45286e-08 -2.95006e-08 -1.33136e-09) (2.79413e-08 -3.09585e-08 -1.75265e-09) (3.08761e-08 -3.27181e-08 -2.7672e-09) (3.30043e-08 -3.34009e-08 -3.0895e-09) (3.26115e-08 -3.36101e-08 -3.13877e-09)
700           (2.72843e-09 -2.86513e-09 -4.22925e-10) (2.72843e-09 -2.86513e-09 -4.22925e-10) (6.82129e-09 -8.77473e-09 -1.36545e-09) (1.18442e-08 -1.42789e-08 -1.38745e-09) (1.69305e-08 -1.93041e-08 -1.67294e-09) (2.08628e-08 -2.53448e-08 -1.0823e-09) (2.44123e-08 -3.01642e-08 -2.27369e-10) (2.69648e-08 -3.16711e-08 -1.44284e-09) (2.99955e-08 -3.27692e-08 -2.16737e-09) (3.27037e-08 -3.315e-08 -1.84195e-09) (3.32388e-08 -3.38726e-08 -8.50998e-10)
750           (2.11408e-09 -2.71452e-09 -1.54547e-10) (2.11408e-09 -2.71452e-09 -1.54547e-10) (7.28947e-09 -8.19638e-09 9.03303e-10) (1.18788e-08 -1.41509e-08 2.26088e-10) (1.57945e-08 -1.91651e-08 -2.43176e-10) (2.04931e-08 -2.49125e-08 -1.19978e-09) (2.37192e-08 -2.96067e-08 -1.98891e-09) (2.68852e-08 -3.07261e-08 -1.45108e-09) (2.96142e-08 -3.29105e-08 4.43309e-11) (3.0712e-08 -3.33696e-08 8.83096e-10) (3.22131e-08 -3.38464e-08 6.11524e-10)
800           (3.31848e-09 -2.12062e-09 1.3546e-10) (3.31848e-09 -2.12062e-09 1.3546e-10) (7.18276e-09 -8.20733e-09 4.62814e-10) (1.1856e-08 -1.46043e-08 1.22292e-09) (1.68742e-08 -1.96431e-08 1.63366e-09) (2.10751e-08 -2.53379e-08 1.80325e-09) (2.50218e-08 -3.0355e-08 2.69505e-09) (2.82619e-08 -3.20806e-08 2.7426e-09) (3.05372e-08 -3.38092e-08 2.13939e-09) (3.29628e-08 -3.45114e-08 1.42084e-09) (3.31176e-08 -3.42859e-08 1.30526e-09)
850           (2.44972e-09 -2.5814e-09 -2.72443e-11) (2.44972e-09 -2.5814e-09 -2.72443e-11) (7.49977e-09 -8.12416e-09 2.99896e-10) (1.1817e-08 -1.46992e-08 -1.54024e-09) (1.61771e-08 -2.00413e-08 -3.02171e-09) (2.15269e-08 -2.56753e-08 -2.39715e-09) (2.4255e-08 -2.97389e-08 -1.81061e-09) (2.67988e-08 -3.22109e-08 -2.30633e-09) (3.01294e-08 -3.34388e-08 -3.24382e-09) (3.26714e-08 -3.42399e-08 -3.72853e-09) (3.30338e-08 -3.44131e-08 -3.93252e-09)
900           (1.99386e-09 -2.67021e-09 -5.12872e-10) (1.99386e-09 -2.67021e-09 -5.12872e-10) (6.9228e-09 -8.09178e-09 -6.99338e-10) (1.16196e-08 -1.41304e-08 -1.91035e-10) (1.63507e-08 -1.97142e-08 -9.55842e-10) (2.06381e-08 -2.54763e-08 -1.63042e-09) (2.44421e-08 -3.03065e-08 -7.70852e-10) (2.80227e-08 -3.22652e-08 3.23573e-10) (3.11042e-08 -3.21284e-08 4.25632e-10) (3.28835e-08 -3.41165e-08 3.33692e-10) (3.23339e-08 -3.42214e-08 5.76276e-10)
950           (2.34611e-09 -3.10188e-09 -2.59856e-10) (2.34611e-09 -3.10188e-09 -2.59856e-10) (6.9298e-09 -7.89143e-09 -1.23825e-09) (1.19561e-08 -1.31395e-08 -1.91721e-09) (1.74285e-08 -1.92714e-08 -1.44534e-09) (2.15021e-08 -2.50086e-08 5.15084e-11) (2.55128e-08 -3.04346e-08 -9.55607e-11) (2.80291e-08 -3.15519e-08 -6.24766e-10) (3.11207e-08 -3.3301e-08 -2.19229e-09) (3.36445e-08 -3.36539e-08 -2.36023e-09) (3.37946e-08 -3.41414e-08 -1.53424e-10)
1000          (1.8534e-09 -2.50919e-09 -1.94301e-10) (1.8534e-09 -2.50919e-09 -1.94301e-10) (6.69897e-09 -8.01188e-09 1.11296e-10) (1.17861e-08 -1.45828e-08 -1.03107e-09) (1.6829e-08 -1.97632e-08 -1.6784e-09) (2.15051e-08 -2.46447e-08 -9.63076e-10) (2.46904e-08 -3.0189e-08 -1.04242e-09) (2.71821e-08 -3.22589e-08 1.49782e-10) (3.06298e-08 -3.2874e-08 1.48032e-09) (3.22166e-08 -3.3506e-08 2.38898e-09) (3.24472e-08 -3.38516e-08 2.3038e-09)
1050          (2.592e-09 -2.90414e-09 -5.12605e-10) (2.592e-09 -2.90414e-09 -5.12605e-10) (7.35681e-09 -8.35636e-09 -5.36855e-10) (1.23826e-08 -1.34234e-08 -7.88411e-10) (1.64916e-08 -1.9461e-08 -2.19806e-09) (2.08277e-08 -2.48169e-08 -9.93597e-10) (2.42505e-08 -2.93749e-08 4.36734e-10) (2.79059e-08 -3.22711e-08 -6.44744e-10) (3.0148e-08 -3.30698e-08 -1.40475e-09) (3.19612e-08 -3.29929e-08 -6.66883e-10) (3.24397e-08 -3.3807e-08 -4.45854e-10)
1100          (2.49599e-09 -2.84506e-09 -4.82548e-10) (2.49599e-09 -2.84506e-09 -4.82548e-10) (6.9756e-09 -7.97486e-09 -2.75982e-10) (1.19242e-08 -1.46293e-08 -4.56133e-10) (1.61886e-08 -1.97237e-08 3.17996e-10) (2.07391e-08 -2.47819e-08 -6.59741e-11) (2.42579e-08 -2.94411e-08 -1.6071e-09) (2.78807e-08 -3.11072e-08 -2.26174e-09) (3.10127e-08 -3.28175e-08 -2.75806e-09) (3.24479e-08 -3.38359e-08 -2.97138e-09) (3.34695e-08 -3.42719e-08 -3.14887e-09)
1150          (2.61847e-09 -2.96633e-09 2.85448e-10) (2.61847e-09 -2.96633e-09 2.85448e-10) (6.96133e-09 -8.29329e-09 1.25355e-09) (1.19862e-08 -1.4391e-08 9.47316e-10) (1.66761e-08 -2.04438e-08 -4.83359e-10) (2.1403e-08 -2.55964e-08 -8.85404e-10) (2.48244e-08 -3.01638e-08 -1.12361e-09) (2.76267e-08 -3.20621e-08 -1.30213e-09) (3.06047e-08 -3.26178e-08 -3.4129e-10) (3.25529e-08 -3.33579e-08 3.84304e-10) (3.2707e-08 -3.31717e-08 -7.63964e-10)
1200          (2.38473e-09 -3.05401e-09 -6.6169e-10) (2.38473e-09 -3.05401e-09 -6.6169e-10) (6.66549e-09 -8.24122e-09 1.02503e-10) (1.12062e-08 -1.41912e-08 4.33315e-10) (1.68604e-08 -1.99604e-08 2.76166e-10) (2.17723e-08 -2.58231e-08 -7.13719e-10) (2.45369e-08 -3.00511e-08 -5.81247e-10) (2.77301e-08 -3.24608e-08 1.91761e-10) (3.06632e-08 -3.35828e-08 8.38967e-10) (3.24527e-08 -3.43244e-08 1.00701e-09) (3.25218e-08 -3.42625e-08 5.79157e-10)
1250          (2.28853e-09 -3.08072e-09 -4.52947e-10) (2.28853e-09 -3.08072e-09 -4.52947e-10) (6.78722e-09 -8.49928e-09 4.83466e-10) (1.15744e-08 -1.42549e-08 1.34712e-09) (1.68511e-08 -1.99543e-08 4.16621e-10) (2.04101e-08 -2.5287e-08 -9.84816e-11) (2.43557e-08 -2.95534e-08 4.06604e-10) (2.77098e-08 -3.1907e-08 1.53899e-09) (3.04813e-08 -3.28773e-08 1.90064e-09) (3.25705e-08 -3.39279e-08 2.35501e-09) (3.24392e-08 -3.41671e-08 1.54563e-09)
1300          (2.67931e-09 -2.45571e-09 2.04348e-11) (2.67931e-09 -2.45571e-09 2.04348e-11) (6.9893e-09 -8.66591e-09 1.48095e-10) (1.15325e-08 -1.44517e-08 -5.05467e-10) (1.66511e-08 -1.91352e-08 -1.37317e-09) (2.0483e-08 -2.48498e-08 -5.16651e-10) (2.5529e-08 -2.96026e-08 -5.79138e-10) (2.82888e-08 -3.20845e-08 -1.47369e-09) (3.06497e-08 -3.29392e-08 -1.5012e-09) (3.26124e-08 -3.3621e-08 -1.30055e-09) (3.30199e-08 -3.39495e-08 -1.01966e-09)
1350          (2.53055e-09 -2.88957e-09 -9.41598e-10) (2.53055e-09 -2.88957e-09 -9.41598e-10) (6.6858e-09 -8.71025e-09 -2.41032e-09) (1.22369e-08 -1.39118e-08 -2.12066e-09) (1.60949e-08 -1.9202e-08 -1.57702e-09) (2.14162e-08 -2.45188e-08 -1.76915e-09) (2.56615e-08 -3.01277e-08 -9.17648e-10) (2.79622e-08 -3.12872e-08 2.87464e-10) (3.11497e-08 -3.31768e-08 6.25208e-10) (3.30526e-08 -3.27122e-08 8.01456e-10) (3.22e-08 -3.30184e-08 4.58229e-10)
1400          (2.19574e-09 -3.21074e-09 6.87534e-10) (2.19574e-09 -3.21074e-09 6.87534e-10) (7.0907e-09 -8.44937e-09 1.17908e-09) (1.21367e-08 -1.45549e-08 1.6862e-09) (1.60763e-08 -1.95031e-08 1.22708e-09) (2.10378e-08 -2.46635e-08 9.28789e-10) (2.49134e-08 -2.93253e-08 7.47363e-10) (2.7589e-08 -3.16486e-08 8.1462e-11) (3.13628e-08 -3.31349e-08 -4.15596e-10) (3.26766e-08 -3.36869e-08 6.55995e-11) (3.26017e-08 -3.3314e-08 4.51755e-10)
1450          (2.49752e-09 -2.79303e-09 -6.96867e-10) (2.49752e-09 -2.79303e-09 -6.96867e-10) (6.97466e-09 -8.58569e-09 -6.30797e-10) (1.23777e-08 -1.49393e-08 -7.32149e-11) (1.66501e-08 -1.98617e-08 -2.4092e-10) (2.0985e-08 -2.60486e-08 -1.18811e-10) (2.44507e-08 -3.02229e-08 -1.08082e-09) (2.70308e-08 -3.1858e-08 -1.75853e-09) (3.01664e-08 -3.25568e-08 -1.43202e-09) (3.28473e-08 -3.39983e-08 -1.99127e-09) (3.24317e-08 -3.40444e-08 -1.59031e-09)
1500          (1.98001e-09 -2.65123e-09 -5.50318e-10) (1.98001e-09 -2.65123e-09 -5.50318e-10) (6.89595e-09 -8.76749e-09 -8.80611e-10) (1.15998e-08 -1.32966e-08 -1.49231e-09) (1.60626e-08 -1.88166e-08 -2.48255e-09) (2.0657e-08 -2.43416e-08 -1.77465e-09) (2.42768e-08 -2.93238e-08 -5.94964e-10) (2.73767e-08 -3.10533e-08 3.64382e-10) (2.97013e-08 -3.20768e-08 5.96009e-10) (3.22697e-08 -3.3007e-08 4.91046e-10) (3.24602e-08 -3.2633e-08 2.31291e-09)
1550          (2.62902e-09 -2.84404e-09 3.40172e-10) (2.62902e-09 -2.84404e-09 3.40172e-10) (7.32027e-09 -8.61899e-09 4.19369e-10) (1.19567e-08 -1.43921e-08 1.70751e-11) (1.6857e-08 -2.03578e-08 6.84926e-10) (2.11605e-08 -2.57548e-08 1.13903e-09) (2.47756e-08 -3.04734e-08 1.49553e-09) (2.78734e-08 -3.26842e-08 1.28157e-09) (3.02674e-08 -3.33243e-08 -4.61559e-11) (3.34796e-08 -3.46153e-08 1.04547e-09) (3.22921e-08 -3.45558e-08 1.86242e-09)
1600          (2.0513e-09 -2.77943e-09 -2.26298e-10) (2.0513e-09 -2.77943e-09 -2.26298e-10) (7.17621e-09 -7.95608e-09 -7.77021e-10) (1.18088e-08 -1.43393e-08 -1.96153e-09) (1.67575e-08 -1.89628e-08 -1.58064e-09) (2.10825e-08 -2.47972e-08 -5.42099e-10) (2.39764e-08 -2.95956e-08 -1.24048e-09) (2.69659e-08 -3.17184e-08 -9.60535e-10) (3.01902e-08 -3.27254e-08 -2.34826e-09) (3.20049e-08 -3.32058e-08 -2.19945e-09) (3.16916e-08 -3.3442e-08 -1.2209e-09)
1650          (2.94785e-09 -2.19168e-09 4.68541e-10) (2.94785e-09 -2.19168e-09 4.68541e-10) (7.31852e-09 -8.1807e-09 1.03452e-09) (1.20029e-08 -1.33881e-08 6.4124e-10) (1.6501e-08 -1.9851e-08 2.54615e-10) (2.05286e-08 -2.57194e-08 6.40701e-10) (2.40267e-08 -2.96507e-08 2.07178e-09) (2.71291e-08 -3.14668e-08 2.35255e-09) (3.03905e-08 -3.32573e-08 1.36432e-09) (3.25333e-08 -3.38174e-08 1.6316e-09) (3.25749e-08 -3.3116e-08 1.59647e-09)
1700          (2.58937e-09 -2.93336e-09 -2.95501e-10) (2.58937e-09 -2.93336e-09 -2.95501e-10) (6.6901e-09 -8.31145e-09 -8.56696e-10) (1.18186e-08 -1.46416e-08 -1.46658e-10) (1.65663e-08 -2.02776e-08 1.33929e-09) (2.02601e-08 -2.52058e-08 1.76518e-09) (2.42565e-08 -2.94051e-08 2.61495e-09) (2.62203e-08 -3.2027e-08 1.86144e-09) (2.9959e-08 -3.29781e-08 9.30226e-10) (3.20803e-08 -3.4395e-08 9.93668e-10) (3.23497e-08 -3.36347e-08 1.16355e-09)
1750          (2.14485e-09 -2.68037e-09 3.53826e-10) (2.14485e-09 -2.68037e-09 3.53826e-10) (7.05593e-09 -8.39019e-09 4.39251e-10) (1.12389e-08 -1.44219e-08 8.25138e-10) (1.64673e-08 -1.9471e-08 4.99046e-10) (2.07108e-08 -2.50799e-08 5.40152e-10) (2.47532e-08 -2.96767e-08 7.58999e-10) (2.73659e-08 -3.15512e-08 7.62188e-10) (3.0296e-08 -3.28266e-08 7.6655e-10) (3.26773e-08 -3.36155e-08 2.46676e-10) (3.22375e-08 -3.34761e-08 9.17659e-10)
1800          (2.20559e-09 -3.09185e-09 -4.6452e-10) (2.20559e-09 -3.09185e-09 -4.6452e-10) (6.78923e-09 -8.37317e-09 7.43613e-10) (1.17837e-08 -1.3561e-08 1.55322e-09) (1.61119e-08 -1.92952e-08 2.11393e-09) (2.04453e-08 -2.49228e-08 1.991e-09) (2.44427e-08 -2.89928e-08 9.07625e-10) (2.81619e-08 -3.15413e-08 4.63548e-10) (3.04454e-08 -3.30888e-08 8.05622e-10) (3.33074e-08 -3.34994e-08 7.8481e-10) (3.19703e-08 -3.39384e-08 1.31478e-09)
1850          (2.70476e-09 -2.36467e-09 5.66968e-11) (2.70476e-09 -2.36467e-09 5.66968e-11) (7.01952e-09 -9.0301e-09 -2.45426e-10) (1.14642e-08 -1.44288e-08 7.71679e-11) (1.65246e-08 -2.1004e-08 1.12711e-10) (2.16836e-08 -2.61713e-08 1.82093e-09) (2.49009e-08 -3.10038e-08 2.64918e-09) (2.87668e-08 -3.36003e-08 1.65102e-09) (3.13858e-08 -3.37415e-08 8.96988e-10) (3.31254e-08 -3.49837e-08 3.29399e-09) (3.34425e-08 -3.53445e-08 3.24134e-09)
1900          (2.11136e-09 -2.56122e-09 -3.03193e-10) (2.11136e-09 -2.56122e-09 -3.03193e-10) (6.93259e-09 -8.15755e-09 -3.34015e-10) (1.13067e-08 -1.48317e-08 4.35817e-10) (1.63097e-08 -1.93577e-08 1.05786e-09) (2.09339e-08 -2.57284e-08 3.84295e-10) (2.45373e-08 -3.01323e-08 -1.5911e-09) (2.76058e-08 -3.23072e-08 -1.24077e-09) (3.06992e-08 -3.3607e-08 -1.49483e-09) (3.16635e-08 -3.44821e-08 -8.39386e-10) (3.24044e-08 -3.40188e-08 -6.98942e-11)
1950          (2.25678e-09 -2.83771e-09 4.07051e-10) (2.25678e-09 -2.83771e-09 4.07051e-10) (7.41194e-09 -8.006e-09 1.61718e-09) (1.24434e-08 -1.46013e-08 2.4363e-09) (1.70485e-08 -1.96067e-08 2.15495e-09) (2.09758e-08 -2.49446e-08 1.78678e-09) (2.45659e-08 -2.99874e-08 2.11993e-09) (2.85746e-08 -3.22438e-08 2.58848e-09) (3.10197e-08 -3.32289e-08 1.22507e-09) (3.28626e-08 -3.38813e-08 3.00591e-10) (3.33016e-08 -3.38367e-08 1.34448e-09)
2000          (2.25582e-09 -2.69817e-09 5.51419e-10) (2.25582e-09 -2.69817e-09 5.51419e-10) (7.21174e-09 -8.17325e-09 9.69034e-10) (1.19743e-08 -1.42626e-08 1.65558e-09) (1.64894e-08 -1.97974e-08 1.41549e-09) (2.14311e-08 -2.56509e-08 1.54489e-09) (2.47346e-08 -2.99273e-08 1.87221e-09) (2.81532e-08 -3.22399e-08 -8.984e-11) (3.03748e-08 -3.30317e-08 -2.23472e-10) (3.34979e-08 -3.31731e-08 6.39707e-10) (3.26097e-08 -3.42361e-08 8.79401e-10)
2050          (2.36105e-09 -2.69325e-09 -4.15002e-10) (2.36105e-09 -2.69325e-09 -4.15002e-10) (7.40978e-09 -8.73997e-09 -8.9034e-10) (1.21824e-08 -1.43959e-08 -1.04222e-09) (1.679e-08 -2.0464e-08 -1.92348e-09) (2.11413e-08 -2.58668e-08 -1.59715e-09) (2.48421e-08 -2.99172e-08 -2.23582e-10) (2.82211e-08 -3.18562e-08 -1.0461e-09) (3.1124e-08 -3.37137e-08 -2.08722e-09) (3.36633e-08 -3.41793e-08 -2.24053e-09) (3.36401e-08 -3.41451e-08 -2.03463e-09)
2100          (2.32988e-09 -2.27798e-09 -3.42438e-10) (2.32988e-09 -2.27798e-09 -3.42438e-10) (7.48069e-09 -8.15423e-09 -1.48963e-10) (1.15968e-08 -1.45782e-08 1.10657e-09) (1.612e-08 -1.96252e-08 2.49401e-09) (2.14589e-08 -2.52957e-08 3.01483e-09) (2.45701e-08 -2.99725e-08 3.14912e-09) (2.71466e-08 -3.18348e-08 3.02969e-09) (3.04836e-08 -3.29255e-08 2.32357e-09) (3.27668e-08 -3.4e-08 1.75771e-09) (3.25431e-08 -3.31337e-08 2.34182e-09)
2150          (2.25936e-09 -2.85661e-09 -1.87453e-10) (2.25936e-09 -2.85661e-09 -1.87453e-10) (7.06441e-09 -8.86242e-09 -3.78132e-10) (1.19186e-08 -1.38508e-08 -1.22889e-09) (1.65113e-08 -1.99948e-08 -1.93089e-09) (2.10809e-08 -2.48787e-08 -2.86957e-09) (2.49272e-08 -3.05562e-08 -3.25136e-09) (2.78446e-08 -3.13841e-08 -3.33437e-09) (3.01199e-08 -3.39334e-08 -3.47574e-09) (3.23067e-08 -3.3181e-08 -3.53214e-09) (3.28114e-08 -3.34034e-08 -2.99345e-09)
2200          (1.98496e-09 -3.29126e-09 6.68666e-11) (1.98496e-09 -3.29126e-09 6.68666e-11) (7.20095e-09 -8.60654e-09 2.6445e-10) (1.18812e-08 -1.44298e-08 2.63913e-10) (1.65789e-08 -2.04104e-08 1.49389e-09) (2.19977e-08 -2.56668e-08 1.6063e-09) (2.50387e-08 -2.98544e-08 1.65128e-09) (2.82923e-08 -3.14467e-08 2.54183e-09) (3.12564e-08 -3.25737e-08 2.19515e-09) (3.32502e-08 -3.39737e-08 1.25244e-09) (3.37162e-08 -3.41161e-08 1.88126e-09)
2250          (3.49646e-09 -3.63144e-09 5.3675e-11) (3.49646e-09 -3.63144e-09 5.3675e-11) (7.65278e-09 -9.29169e-09 -4.56115e-10) (1.20689e-08 -1.39676e-08 3.03658e-10) (1.7052e-08 -1.95644e-08 2.01631e-09) (2.10443e-08 -2.55816e-08 2.80411e-09) (2.44487e-08 -3.06063e-08 3.3758e-09) (2.7537e-08 -3.17389e-08 3.81082e-09) (3.07767e-08 -3.33261e-08 3.34892e-09) (3.26299e-08 -3.34376e-08 2.71924e-09) (3.2876e-08 -3.34547e-08 2.45352e-09)
2300          (2.80091e-09 -2.58711e-09 2.4607e-10) (2.80091e-09 -2.58711e-09 2.4607e-10) (6.80357e-09 -8.52919e-09 7.6875e-10) (1.14711e-08 -1.43083e-08 -1.39271e-11) (1.68917e-08 -1.98156e-08 -4.3397e-10) (2.07398e-08 -2.54737e-08 -1.53162e-09) (2.40351e-08 -3.06698e-08 -1.72143e-09) (2.80149e-08 -3.22399e-08 -2.67887e-10) (3.08155e-08 -3.30625e-08 4.6138e-10) (3.2471e-08 -3.41831e-08 1.02831e-09) (3.36971e-08 -3.38383e-08 9.60343e-10)
2350          (2.24198e-09 -2.81438e-09 -5.00303e-10) (2.24198e-09 -2.81438e-09 -5.00303e-10) (7.06237e-09 -8.83701e-09 1.32864e-10) (1.23141e-08 -1.44883e-08 5.43981e-10) (1.69637e-08 -1.97374e-08 3.49045e-10) (2.08139e-08 -2.50841e-08 1.00044e-09) (2.4015e-08 -2.91941e-08 2.05312e-10) (2.78999e-08 -3.15178e-08 -3.45276e-10) (3.08017e-08 -3.2628e-08 -2.17388e-09) (3.21971e-08 -3.35828e-08 -3.57083e-09) (3.22145e-08 -3.36127e-08 -2.42253e-09)
2400          (2.23681e-09 -3.1674e-09 2.93181e-11) (2.23681e-09 -3.1674e-09 2.93181e-11) (6.9381e-09 -8.15309e-09 9.31688e-10) (1.22006e-08 -1.44424e-08 1.91577e-10) (1.63267e-08 -2.02552e-08 -3.84682e-10) (2.12165e-08 -2.53716e-08 2.91656e-10) (2.46929e-08 -3.01186e-08 -5.13219e-10) (2.7535e-08 -3.24248e-08 -5.44869e-10) (3.00828e-08 -3.30547e-08 -1.05187e-09) (3.20481e-08 -3.38855e-08 -2.35707e-09) (3.29984e-08 -3.46819e-08 -2.89061e-09)
2450          (2.15355e-09 -2.97277e-09 5.67295e-10) (2.15355e-09 -2.97277e-09 5.67295e-10) (6.95996e-09 -8.17031e-09 1.48736e-09) (1.26168e-08 -1.35089e-08 1.08305e-09) (1.69878e-08 -1.89726e-08 1.53614e-12) (2.16404e-08 -2.53555e-08 -6.10029e-10) (2.53006e-08 -2.99892e-08 -4.36117e-10) (2.88251e-08 -3.17872e-08 4.33223e-10) (3.05682e-08 -3.26158e-08 3.96505e-10) (3.24203e-08 -3.41723e-08 1.6576e-09) (3.31614e-08 -3.49362e-08 2.65767e-09)
2500          (1.84184e-09 -2.6369e-09 1.6498e-10) (1.84184e-09 -2.6369e-09 1.6498e-10) (7.13721e-09 -8.37268e-09 1.35463e-10) (1.1921e-08 -1.42405e-08 -5.48045e-10) (1.63895e-08 -1.95392e-08 -1.6228e-09) (2.11531e-08 -2.47797e-08 -1.90449e-09) (2.46852e-08 -3.01464e-08 -7.83443e-10) (2.75947e-08 -3.19053e-08 9.1936e-10) (3.07951e-08 -3.2934e-08 1.05572e-09) (3.2734e-08 -3.39867e-08 1.47883e-09) (3.35429e-08 -3.42183e-08 2.32317e-09)
2550          (2.25746e-09 -2.71283e-09 -5.38857e-11) (2.25746e-09 -2.71283e-09 -5.38857e-11) (6.87689e-09 -8.04615e-09 -4.63229e-10) (1.22123e-08 -1.38761e-08 -1.36138e-09) (1.63802e-08 -1.96552e-08 -5.19412e-10) (2.11367e-08 -2.50491e-08 1.00963e-09) (2.48697e-08 -2.99166e-08 1.6047e-09) (2.76997e-08 -3.20776e-08 1.39944e-09) (3.07106e-08 -3.26797e-08 1.59286e-09) (3.30701e-08 -3.38244e-08 1.28518e-09) (3.21892e-08 -3.39769e-08 1.22686e-09)
2600          (2.50876e-09 -2.99584e-09 1.95838e-11) (2.50876e-09 -2.99584e-09 1.95838e-11) (7.08108e-09 -8.37501e-09 -7.43021e-10) (1.18505e-08 -1.42153e-08 -1.39768e-09) (1.68606e-08 -1.97751e-08 -6.56277e-10) (2.14251e-08 -2.50604e-08 -8.11121e-10) (2.51719e-08 -3.0263e-08 -1.32183e-10) (2.78691e-08 -3.17277e-08 -8.33764e-10) (3.08746e-08 -3.29745e-08 -1.09347e-09) (3.28735e-08 -3.32976e-08 -4.38374e-10) (3.22448e-08 -3.37068e-08 -1.39741e-10)
2650          (2.53335e-09 -2.34886e-09 6.65344e-10) (2.53335e-09 -2.34886e-09 6.65344e-10) (7.48404e-09 -8.64581e-09 1.68119e-09) (1.18216e-08 -1.44107e-08 1.55025e-09) (1.61322e-08 -1.99203e-08 1.48777e-09) (2.15277e-08 -2.56611e-08 2.09805e-09) (2.46129e-08 -3.05927e-08 1.93458e-09) (2.74783e-08 -3.18095e-08 2.82681e-09) (3.01221e-08 -3.27685e-08 2.77298e-09) (3.24141e-08 -3.35317e-08 3.41957e-09) (3.33479e-08 -3.3889e-08 3.85902e-09)
2700          (2.43551e-09 -2.83638e-09 -4.18032e-10) (2.43551e-09 -2.83638e-09 -4.18032e-10) (6.94545e-09 -8.4118e-09 -7.01408e-10) (1.21475e-08 -1.48565e-08 2.98933e-11) (1.64684e-08 -1.95586e-08 1.79629e-10) (2.15008e-08 -2.55901e-08 2.07025e-10) (2.47795e-08 -3.0234e-08 5.93014e-10) (2.77168e-08 -3.18183e-08 4.9247e-10) (3.05263e-08 -3.35412e-08 5.87355e-10) (3.18299e-08 -3.34722e-08 7.27244e-10) (3.20846e-08 -3.38382e-08 7.69315e-11)
2750          (2.05415e-09 -2.60233e-09 -1.50138e-10) (2.05415e-09 -2.60233e-09 -1.50138e-10) (7.36137e-09 -8.57059e-09 8.57984e-11) (1.21728e-08 -1.39598e-08 -1.18646e-10) (1.63185e-08 -2.04919e-08 -6.47755e-11) (2.04546e-08 -2.53772e-08 6.05793e-10) (2.43958e-08 -3.01285e-08 1.64884e-09) (2.74504e-08 -3.17585e-08 9.15329e-10) (3.08124e-08 -3.27746e-08 7.80195e-10) (3.29029e-08 -3.38475e-08 2.55629e-09) (3.25572e-08 -3.43987e-08 2.05611e-09)
2800          (2.30883e-09 -2.30459e-09 -4.55282e-10) (2.30883e-09 -2.30459e-09 -4.55282e-10) (7.62165e-09 -8.8436e-09 3.17795e-10) (1.15011e-08 -1.43027e-08 8.42853e-13) (1.68697e-08 -1.94872e-08 4.94847e-10) (2.10098e-08 -2.51404e-08 8.26506e-10) (2.50794e-08 -3.05475e-08 1.54519e-10) (2.7911e-08 -3.24919e-08 2.26359e-10) (3.02696e-08 -3.3568e-08 1.68829e-09) (3.16655e-08 -3.39612e-08 1.47392e-09) (3.18571e-08 -3.44484e-08 3.69343e-09)
2850          (2.48967e-09 -2.91317e-09 9.21547e-11) (2.48967e-09 -2.91317e-09 9.21547e-11) (7.11468e-09 -8.33075e-09 4.37956e-10) (1.16516e-08 -1.37682e-08 3.90443e-10) (1.70308e-08 -1.94463e-08 5.71119e-10) (2.11914e-08 -2.50342e-08 8.62665e-10) (2.5052e-08 -2.99322e-08 1.52776e-09) (2.75112e-08 -3.17663e-08 4.40841e-10) (2.96862e-08 -3.24866e-08 1.65239e-12) (3.11304e-08 -3.29368e-08 -7.27343e-10) (3.15872e-08 -3.35646e-08 1.30969e-11)
2900          (2.50725e-09 -2.78666e-09 7.16986e-10) (2.50725e-09 -2.78666e-09 7.16986e-10) (6.92187e-09 -8.21087e-09 -4.12318e-10) (1.15092e-08 -1.34999e-08 -1.28054e-09) (1.64625e-08 -1.96786e-08 -1.49461e-09) (2.07628e-08 -2.45197e-08 -1.24999e-09) (2.4288e-08 -2.92006e-08 -2.65319e-10) (2.71489e-08 -3.14899e-08 -6.627e-10) (2.97405e-08 -3.21439e-08 -1.1503e-09) (3.16349e-08 -3.35207e-08 -7.27739e-10) (3.1366e-08 -3.31768e-08 -7.68846e-10)
2950          (3.19773e-09 -2.6077e-09 -8.00877e-10) (3.19773e-09 -2.6077e-09 -8.00877e-10) (7.22509e-09 -7.77863e-09 -1.02234e-09) (1.19092e-08 -1.4022e-08 -1.89764e-09) (1.59966e-08 -1.96017e-08 -1.89135e-09) (2.08601e-08 -2.49337e-08 -1.55128e-09) (2.41526e-08 -2.89192e-08 -7.13369e-10) (2.70907e-08 -3.05216e-08 -2.8412e-09) (2.95516e-08 -3.21924e-08 -3.19916e-09) (3.1761e-08 -3.33287e-08 -3.03639e-09) (3.18226e-08 -3.28247e-08 -3.09716e-09)
3000          (2.30791e-09 -2.60581e-09 -5.39337e-10) (2.30791e-09 -2.60581e-09 -5.39337e-10) (6.69907e-09 -8.51742e-09 1.9882e-10) (1.14664e-08 -1.43552e-08 1.16973e-09) (1.68358e-08 -1.98369e-08 1.70267e-09) (2.05634e-08 -2.50826e-08 1.61681e-09) (2.44503e-08 -3.00392e-08 1.23358e-09) (2.75854e-08 -3.20522e-08 1.57649e-09) (3.07446e-08 -3.32716e-08 1.82901e-09) (3.23042e-08 -3.36035e-08 8.79948e-10) (3.15788e-08 -3.36756e-08 8.03856e-10)
3050          (2.38855e-09 -3.39147e-09 -9.96976e-10) (2.38855e-09 -3.39147e-09 -9.96976e-10) (6.83354e-09 -9.39951e-09 -1.12418e-09) (1.20226e-08 -1.4439e-08 -7.11641e-10) (1.61781e-08 -1.92605e-08 -1.52088e-09) (2.12235e-08 -2.51874e-08 -2.08063e-09) (2.40543e-08 -2.98612e-08 -1.49384e-09) (2.75729e-08 -3.12275e-08 -1.75986e-09) (3.06758e-08 -3.26324e-08 -1.11823e-09) (3.27967e-08 -3.42922e-08 -4.67901e-10) (3.172e-08 -3.44175e-08 6.93519e-10)
3100          (1.82948e-09 -3.10609e-09 1.99867e-10) (1.82948e-09 -3.10609e-09 1.99867e-10) (6.8045e-09 -8.73314e-09 8.24357e-10) (1.17687e-08 -1.43548e-08 2.3559e-10) (1.60427e-08 -1.89394e-08 4.67412e-10) (2.05599e-08 -2.53151e-08 1.16842e-09) (2.4122e-08 -3.02444e-08 2.19524e-09) (2.65131e-08 -3.19278e-08 2.01275e-09) (3.04004e-08 -3.22854e-08 5.91271e-10) (3.2023e-08 -3.43669e-08 -4.07897e-10) (3.18893e-08 -3.31768e-08 4.69021e-10)
3150          (2.47227e-09 -2.73339e-09 -1.26018e-09) (2.47227e-09 -2.73339e-09 -1.26018e-09) (7.40745e-09 -8.69569e-09 -1.5562e-09) (1.18829e-08 -1.37178e-08 -1.24303e-09) (1.65357e-08 -1.98953e-08 -8.61707e-10) (2.11404e-08 -2.56854e-08 5.20023e-11) (2.5026e-08 -2.96958e-08 -4.76744e-10) (2.7743e-08 -3.23778e-08 -7.8415e-10) (3.09197e-08 -3.26368e-08 -5.44791e-10) (3.36306e-08 -3.437e-08 7.90544e-10) (3.35799e-08 -3.40405e-08 1.30088e-09)
3200          (2.02314e-09 -2.34389e-09 5.88866e-10) (2.02314e-09 -2.34389e-09 5.88866e-10) (6.83663e-09 -8.12593e-09 2.91848e-11) (1.21069e-08 -1.41426e-08 -9.89261e-10) (1.62571e-08 -1.93656e-08 -1.09166e-09) (2.03554e-08 -2.48294e-08 -4.28183e-10) (2.45969e-08 -2.95784e-08 -6.01385e-10) (2.7518e-08 -3.19746e-08 -1.30838e-09) (3.05931e-08 -3.26324e-08 -2.74813e-09) (3.23457e-08 -3.34535e-08 -3.28115e-09) (3.26238e-08 -3.39163e-08 -2.18855e-09)
3250          (2.53981e-09 -2.68116e-09 4.51894e-10) (2.53981e-09 -2.68116e-09 4.51894e-10) (7.08482e-09 -8.39885e-09 1.94458e-09) (1.19299e-08 -1.41358e-08 1.28867e-09) (1.65239e-08 -1.94908e-08 1.23906e-09) (2.09764e-08 -2.52386e-08 2.30693e-09) (2.53979e-08 -3.00582e-08 3.73386e-09) (2.79391e-08 -3.1732e-08 3.95177e-09) (3.1268e-08 -3.30118e-08 2.39826e-09) (3.27679e-08 -3.35048e-08 1.25209e-09) (3.32711e-08 -3.42753e-08 1.83626e-09)
3300          (1.85933e-09 -2.6236e-09 9.20312e-11) (1.85933e-09 -2.6236e-09 9.20312e-11) (7.10048e-09 -8.48097e-09 8.5203e-10) (1.17158e-08 -1.47744e-08 1.39249e-09) (1.65022e-08 -1.9327e-08 1.03736e-09) (2.11051e-08 -2.5336e-08 -2.12909e-11) (2.54164e-08 -3.0011e-08 -1.84987e-10) (2.81242e-08 -3.21712e-08 6.54177e-10) (3.13812e-08 -3.26339e-08 5.52347e-10) (3.32677e-08 -3.2969e-08 -5.95753e-10) (3.33476e-08 -3.3854e-08 -1.03272e-09)
3350          (2.30238e-09 -2.42044e-09 -7.82969e-12) (2.30238e-09 -2.42044e-09 -7.82969e-12) (7.5384e-09 -8.63753e-09 3.75984e-10) (1.15218e-08 -1.35378e-08 3.29351e-10) (1.58584e-08 -1.90997e-08 7.65168e-10) (2.01285e-08 -2.50553e-08 2.20712e-09) (2.42899e-08 -2.90108e-08 1.30445e-09) (2.6895e-08 -3.12336e-08 8.9032e-11) (3.00731e-08 -3.22423e-08 -8.56761e-11) (3.19559e-08 -3.36706e-08 1.26648e-09) (3.17684e-08 -3.33208e-08 1.40129e-09)
3400          (2.55712e-09 -2.58744e-09 -4.54194e-10) (2.55712e-09 -2.58744e-09 -4.54194e-10) (6.54719e-09 -8.7512e-09 -1.2198e-09) (1.1989e-08 -1.42953e-08 -7.22321e-10) (1.60714e-08 -1.9951e-08 1.02533e-09) (2.14724e-08 -2.5644e-08 1.44139e-09) (2.43614e-08 -3.04308e-08 2.38612e-09) (2.73919e-08 -3.22464e-08 2.02284e-09) (3.04741e-08 -3.32793e-08 8.89908e-10) (3.24936e-08 -3.43852e-08 7.57104e-10) (3.21838e-08 -3.40947e-08 1.71255e-09)
3450          (2.92632e-09 -3.18201e-09 1.36195e-10) (2.92632e-09 -3.18201e-09 1.36195e-10) (7.27724e-09 -8.84801e-09 -6.10525e-10) (1.23722e-08 -1.42944e-08 -1.16467e-09) (1.67962e-08 -2.04148e-08 -9.14909e-10) (2.10643e-08 -2.55296e-08 -2.97433e-10) (2.47644e-08 -3.04965e-08 1.64316e-09) (2.81126e-08 -3.21784e-08 1.70287e-09) (3.08325e-08 -3.37491e-08 9.35707e-10) (3.27711e-08 -3.36494e-08 2.77415e-10) (3.32431e-08 -3.36115e-08 -8.55651e-10)
3500          (2.44474e-09 -2.75043e-09 -4.16893e-10) (2.44474e-09 -2.75043e-09 -4.16893e-10) (7.33045e-09 -8.85741e-09 -9.08224e-10) (1.2056e-08 -1.4363e-08 -7.36762e-10) (1.58763e-08 -1.97123e-08 -5.35445e-10) (2.15337e-08 -2.52053e-08 -2.72508e-10) (2.49137e-08 -3.0148e-08 -7.2757e-10) (2.79592e-08 -3.22757e-08 -1.13077e-09) (3.06131e-08 -3.36145e-08 -4.0805e-10) (3.31335e-08 -3.39375e-08 4.80869e-10) (3.28878e-08 -3.45022e-08 1.781e-09)
3550          (2.37135e-09 -2.87415e-09 4.77168e-10) (2.37135e-09 -2.87415e-09 4.77168e-10) (6.65448e-09 -8.70676e-09 1.06041e-09) (1.14347e-08 -1.41634e-08 9.98394e-10) (1.64437e-08 -1.96987e-08 7.72359e-10) (2.11297e-08 -2.44477e-08 -4.55573e-10) (2.43481e-08 -2.98682e-08 -1.98675e-10) (2.71369e-08 -3.18465e-08 -5.80943e-10) (3.0192e-08 -3.2587e-08 -1.1708e-09) (3.25503e-08 -3.31388e-08 -2.01131e-09) (3.15765e-08 -3.42001e-08 2.37543e-10)
3600          (2.78164e-09 -3.05996e-09 -1.4454e-10) (2.78164e-09 -3.05996e-09 -1.4454e-10) (6.8703e-09 -8.43894e-09 -5.84934e-11) (1.19134e-08 -1.41917e-08 1.55078e-09) (1.66016e-08 -2.02861e-08 1.88463e-09) (2.12287e-08 -2.56083e-08 1.58333e-09) (2.48177e-08 -2.96728e-08 3.79125e-09) (2.7692e-08 -3.19583e-08 4.36026e-09) (3.05592e-08 -3.29962e-08 4.18195e-09) (3.27889e-08 -3.38072e-08 5.20248e-09) (3.23995e-08 -3.40078e-08 4.04962e-09)
3650          (2.66678e-09 -3.14332e-09 3.60769e-10) (2.66678e-09 -3.14332e-09 3.60769e-10) (7.08243e-09 -8.71868e-09 1.62305e-09) (1.21338e-08 -1.41559e-08 1.65634e-09) (1.70068e-08 -2.03691e-08 1.75359e-09) (2.15469e-08 -2.51e-08 6.32541e-10) (2.45576e-08 -2.93758e-08 -1.42013e-10) (2.71659e-08 -3.20764e-08 1.80422e-11) (3.08045e-08 -3.25112e-08 6.72212e-10) (3.1931e-08 -3.42466e-08 1.1913e-09) (3.20795e-08 -3.34914e-08 2.89049e-09)
3700          (1.82264e-09 -3.11963e-09 -9.87485e-10) (1.82264e-09 -3.11963e-09 -9.87485e-10) (7.0099e-09 -8.30224e-09 -1.64827e-09) (1.16386e-08 -1.33472e-08 -1.50576e-09) (1.64535e-08 -1.91903e-08 -1.54879e-09) (2.09066e-08 -2.4789e-08 -7.89263e-10) (2.48443e-08 -2.90958e-08 -4.88764e-10) (2.73923e-08 -3.12251e-08 8.68189e-10) (3.06288e-08 -3.29306e-08 9.47938e-10) (3.21522e-08 -3.32059e-08 6.69022e-10) (3.26547e-08 -3.33363e-08 -1.54656e-10)
3750          (2.11618e-09 -3.14734e-09 1.02115e-09) (2.11618e-09 -3.14734e-09 1.02115e-09) (7.18799e-09 -8.46281e-09 1.32635e-09) (1.25032e-08 -1.4725e-08 1.53981e-09) (1.66089e-08 -1.94535e-08 1.69831e-09) (2.1261e-08 -2.53837e-08 2.04426e-11) (2.53655e-08 -2.99343e-08 1.45417e-09) (2.78053e-08 -3.24173e-08 7.74616e-10) (3.01163e-08 -3.31776e-08 2.363e-10) (3.17321e-08 -3.43663e-08 5.06928e-10) (3.3045e-08 -3.37426e-08 1.38969e-09)
3800          (2.71579e-09 -2.97672e-09 -4.09059e-10) (2.71579e-09 -2.97672e-09 -4.09059e-10) (7.35754e-09 -8.33948e-09 -6.43988e-10) (1.14743e-08 -1.47336e-08 -7.31852e-10) (1.67229e-08 -1.99353e-08 -6.00739e-10) (2.05618e-08 -2.5728e-08 1.50903e-10) (2.44314e-08 -3.01168e-08 9.51854e-10) (2.72697e-08 -3.22894e-08 1.26069e-09) (3.10989e-08 -3.33208e-08 7.77768e-10) (3.18657e-08 -3.3718e-08 3.84679e-10) (3.27752e-08 -3.43897e-08 1.11309e-09)
3850          (2.49878e-09 -3.17038e-09 -1.06071e-09) (2.49878e-09 -3.17038e-09 -1.06071e-09) (7.5616e-09 -8.43723e-09 -6.45982e-10) (1.19922e-08 -1.456e-08 -7.4041e-10) (1.64384e-08 -2.01936e-08 -1.08782e-09) (2.10015e-08 -2.58194e-08 -7.86845e-10) (2.50416e-08 -3.02693e-08 3.48627e-10) (2.82215e-08 -3.16782e-08 -7.74991e-10) (3.08743e-08 -3.3202e-08 -1.83857e-09) (3.34434e-08 -3.46076e-08 -7.75296e-10) (3.34088e-08 -3.44101e-08 2.52206e-10)
3900          (2.16026e-09 -2.56809e-09 -1.91399e-09) (2.16026e-09 -2.56809e-09 -1.91399e-09) (7.09433e-09 -8.3273e-09 -2.48644e-09) (1.11021e-08 -1.39442e-08 -2.57079e-09) (1.65541e-08 -1.97261e-08 -2.46891e-09) (2.06153e-08 -2.54117e-08 -1.62991e-09) (2.46907e-08 -2.95165e-08 -1.41267e-09) (2.82769e-08 -3.18756e-08 -1.97979e-09) (2.99125e-08 -3.32012e-08 -2.6481e-09) (3.30545e-08 -3.40758e-08 -1.34086e-09) (3.27292e-08 -3.32337e-08 -9.75466e-10)
3950          (2.38815e-09 -3.19282e-09 3.89494e-10) (2.38815e-09 -3.19282e-09 3.89494e-10) (6.51984e-09 -8.486e-09 2.85877e-10) (1.15678e-08 -1.35674e-08 1.59528e-09) (1.66168e-08 -1.9282e-08 1.5634e-09) (2.09028e-08 -2.4476e-08 1.16923e-09) (2.42064e-08 -2.88475e-08 1.56601e-09) (2.75194e-08 -3.04457e-08 1.51088e-09) (3.03515e-08 -3.15858e-08 4.74851e-10) (3.21481e-08 -3.25977e-08 5.15558e-10) (3.29017e-08 -3.29921e-08 1.28648e-09)
4000          (2.46133e-09 -3.34381e-09 -4.06442e-11) (2.46133e-09 -3.34381e-09 -4.06442e-11) (6.43319e-09 -8.15444e-09 -3.3664e-10) (1.14387e-08 -1.44865e-08 -9.08331e-10) (1.62421e-08 -1.94615e-08 2.66168e-10) (2.06956e-08 -2.5444e-08 1.06797e-09) (2.4616e-08 -3.05786e-08 1.26347e-09) (2.78933e-08 -3.21743e-08 8.66938e-10) (2.99605e-08 -3.29841e-08 1.332e-09) (3.24033e-08 -3.39425e-08 1.4266e-09) (3.23296e-08 -3.3461e-08 1.03243e-09)
4050          (2.64254e-09 -2.80526e-09 1.26708e-10) (2.64254e-09 -2.80526e-09 1.26708e-10) (6.54561e-09 -8.98908e-09 2.11415e-10) (1.20149e-08 -1.40274e-08 6.71026e-10) (1.61614e-08 -1.97981e-08 -4.47876e-10) (2.05598e-08 -2.5193e-08 3.36832e-10) (2.46259e-08 -2.94585e-08 5.79471e-10) (2.80164e-08 -3.18461e-08 5.59605e-10) (3.05981e-08 -3.28291e-08 -2.99976e-10) (3.25024e-08 -3.35687e-08 8.74574e-10) (3.2543e-08 -3.40786e-08 1.90684e-09)
4100          (2.15533e-09 -2.51708e-09 4.74378e-10) (2.15533e-09 -2.51708e-09 4.74378e-10) (7.17235e-09 -8.37654e-09 3.9874e-10) (1.12626e-08 -1.44134e-08 4.97344e-10) (1.62464e-08 -1.92561e-08 -5.99445e-10) (2.16933e-08 -2.51893e-08 -3.93151e-10) (2.41806e-08 -2.94889e-08 7.68075e-10) (2.74915e-08 -3.14435e-08 9.38757e-10) (3.01914e-08 -3.26725e-08 5.74363e-11) (3.25328e-08 -3.33004e-08 1.30572e-10) (3.21734e-08 -3.3837e-08 -9.03777e-10)
4150          (2.55253e-09 -2.54047e-09 5.47459e-10) (2.55253e-09 -2.54047e-09 5.47459e-10) (7.33219e-09 -8.6565e-09 7.11629e-10) (1.22595e-08 -1.40917e-08 -1.92414e-10) (1.68538e-08 -1.97061e-08 6.90162e-10) (2.15744e-08 -2.47469e-08 3.10127e-10) (2.51419e-08 -2.98959e-08 5.49568e-10) (2.77282e-08 -3.12824e-08 2.62001e-10) (3.02802e-08 -3.28511e-08 -1.41354e-10) (3.26285e-08 -3.30593e-08 1.92071e-10) (3.24495e-08 -3.3466e-08 -9.79708e-10)
4200          (1.74151e-09 -2.5067e-09 -6.02144e-10) (1.74151e-09 -2.5067e-09 -6.02144e-10) (7.13664e-09 -8.48148e-09 -7.86847e-10) (1.16406e-08 -1.42057e-08 8.83512e-11) (1.66362e-08 -1.92311e-08 6.5151e-10) (2.10047e-08 -2.47825e-08 1.03457e-10) (2.41247e-08 -2.94307e-08 -9.13717e-11) (2.77597e-08 -3.17633e-08 -1.65515e-09) (3.0752e-08 -3.24709e-08 -2.57119e-09) (3.21654e-08 -3.37753e-08 -1.86287e-09) (3.34633e-08 -3.38495e-08 -5.46759e-10)
4250          (2.58389e-09 -2.62556e-09 -2.25553e-10) (2.58389e-09 -2.62556e-09 -2.25553e-10) (6.63791e-09 -7.8233e-09 -4.10778e-10) (1.17088e-08 -1.3233e-08 -5.37458e-10) (1.63185e-08 -1.96984e-08 6.45685e-10) (2.04592e-08 -2.46932e-08 1.84442e-09) (2.38945e-08 -2.87921e-08 2.44402e-09) (2.71993e-08 -3.08823e-08 2.70513e-09) (2.98723e-08 -3.21597e-08 1.36833e-09) (3.2059e-08 -3.29589e-08 1.11118e-09) (3.20035e-08 -3.36427e-08 1.75224e-09)
4300          (2.42452e-09 -2.86478e-09 -7.6456e-10) (2.42452e-09 -2.86478e-09 -7.6456e-10) (7.31382e-09 -8.37428e-09 -1.75462e-09) (1.16311e-08 -1.41182e-08 -1.61566e-09) (1.62415e-08 -1.95846e-08 -1.42703e-09) (2.08877e-08 -2.50038e-08 -1.24757e-09) (2.44033e-08 -2.96043e-08 -1.40802e-09) (2.78292e-08 -3.19028e-08 -1.13359e-09) (3.08477e-08 -3.29552e-08 -1.8378e-09) (3.23326e-08 -3.41044e-08 -2.68921e-09) (3.24476e-08 -3.42728e-08 -1.48463e-09)
4350          (2.11813e-09 -3.42672e-09 6.8674e-10) (2.11813e-09 -3.42672e-09 6.8674e-10) (6.77986e-09 -8.02327e-09 7.20844e-10) (1.17475e-08 -1.41161e-08 -4.71064e-10) (1.60998e-08 -1.96239e-08 4.54382e-11) (2.05905e-08 -2.50326e-08 1.59815e-09) (2.43851e-08 -2.98233e-08 2.26693e-09) (2.65587e-08 -3.20593e-08 2.7372e-09) (3.08101e-08 -3.2402e-08 2.22469e-09) (3.20674e-08 -3.2874e-08 2.25922e-09) (3.21776e-08 -3.3852e-08 1.62468e-09)
4400          (2.13946e-09 -2.70687e-09 -8.13799e-11) (2.13946e-09 -2.70687e-09 -8.13799e-11) (6.65004e-09 -8.87265e-09 1.48545e-10) (1.19993e-08 -1.40113e-08 1.36484e-10) (1.62335e-08 -1.91595e-08 5.32373e-10) (2.09338e-08 -2.49497e-08 1.18858e-09) (2.42519e-08 -2.89821e-08 1.38639e-10) (2.71696e-08 -3.10923e-08 -4.49206e-10) (2.97265e-08 -3.24424e-08 -9.87605e-10) (3.25637e-08 -3.29962e-08 -1.82177e-09) (3.20385e-08 -3.2901e-08 -2.75557e-09)
4450          (2.65976e-09 -2.75721e-09 1.73254e-11) (2.65976e-09 -2.75721e-09 1.73254e-11) (6.99365e-09 -8.30901e-09 3.66885e-11) (1.13939e-08 -1.43259e-08 -3.62425e-10) (1.66297e-08 -2.00845e-08 -5.46589e-10) (2.09783e-08 -2.4949e-08 1.05769e-09) (2.44481e-08 -2.92286e-08 1.35438e-09) (2.7148e-08 -3.20064e-08 8.43243e-10) (3.02884e-08 -3.33185e-08 1.28346e-09) (3.34489e-08 -3.39718e-08 1.2202e-09) (3.22071e-08 -3.42411e-08 2.99897e-09)
4500          (2.32304e-09 -2.58456e-09 8.17844e-10) (2.32304e-09 -2.58456e-09 8.17844e-10) (6.86519e-09 -8.60444e-09 9.61763e-10) (1.12924e-08 -1.37983e-08 1.20805e-09) (1.7052e-08 -1.91391e-08 1.99519e-09) (2.06693e-08 -2.5224e-08 1.46011e-09) (2.43936e-08 -2.95554e-08 1.31194e-09) (2.68845e-08 -3.21703e-08 2.07242e-09) (3.01313e-08 -3.24737e-08 2.00828e-09) (3.19959e-08 -3.26681e-08 2.54662e-09) (3.17645e-08 -3.33346e-08 3.83403e-09)
4550          (2.23104e-09 -2.47404e-09 4.42535e-10) (2.23104e-09 -2.47404e-09 4.42535e-10) (6.65447e-09 -8.51572e-09 2.39084e-10) (1.18221e-08 -1.43591e-08 -4.6809e-11) (1.64182e-08 -1.90571e-08 -6.46338e-10) (2.12824e-08 -2.52977e-08 2.79845e-10) (2.47001e-08 -2.88699e-08 1.42524e-10) (2.77327e-08 -3.06819e-08 -9.05224e-10) (3.03609e-08 -3.18273e-08 -4.91419e-10) (3.26381e-08 -3.32014e-08 6.07587e-10) (3.26491e-08 -3.27461e-08 1.40135e-09)
4600          (2.51467e-09 -2.76011e-09 -5.69463e-11) (2.51467e-09 -2.76011e-09 -5.69463e-11) (7.17553e-09 -7.87947e-09 2.35393e-10) (1.22368e-08 -1.36598e-08 4.23903e-10) (1.5668e-08 -1.94089e-08 1.03484e-09) (2.13562e-08 -2.45042e-08 1.60244e-09) (2.41065e-08 -2.86652e-08 1.55593e-09) (2.75005e-08 -3.11344e-08 2.88527e-09) (3.04846e-08 -3.18625e-08 3.19167e-09) (3.23365e-08 -3.29208e-08 3.04692e-09) (3.25279e-08 -3.30865e-08 1.90785e-09)
4650          (2.62648e-09 -3.06563e-09 -1.26901e-10) (2.62648e-09 -3.06563e-09 -1.26901e-10) (7.23064e-09 -8.18094e-09 4.7776e-10) (1.16771e-08 -1.42012e-08 1.14932e-09) (1.64442e-08 -1.91749e-08 1.32502e-10) (2.02334e-08 -2.49278e-08 -9.38648e-10) (2.43855e-08 -3.00783e-08 -1.85423e-09) (2.69314e-08 -3.2298e-08 -1.90222e-09) (2.99856e-08 -3.29032e-08 -7.80386e-10) (3.20109e-08 -3.30414e-08 -1.37229e-09) (3.13064e-08 -3.35317e-08 -2.34539e-09)
4700          (2.31131e-09 -3.05994e-09 -5.2256e-10) (2.31131e-09 -3.05994e-09 -5.2256e-10) (6.49861e-09 -8.41998e-09 2.99899e-10) (1.16266e-08 -1.38802e-08 1.21611e-09) (1.66573e-08 -1.92296e-08 1.7814e-09) (2.10962e-08 -2.47816e-08 6.42059e-10) (2.44414e-08 -2.89928e-08 2.94298e-10) (2.80912e-08 -3.15366e-08 1.2536e-09) (3.08449e-08 -3.19316e-08 1.08261e-09) (3.2852e-08 -3.37575e-08 1.6681e-09) (3.31221e-08 -3.36452e-08 3.35144e-09)
4750          (2.31387e-09 -3.52477e-09 9.75735e-12) (2.31387e-09 -3.52477e-09 9.75735e-12) (7.0268e-09 -8.12745e-09 -5.91107e-10) (1.22129e-08 -1.39928e-08 -8.12078e-10) (1.64237e-08 -1.94166e-08 -1.30678e-10) (2.11607e-08 -2.49401e-08 1.31533e-09) (2.47186e-08 -2.9848e-08 1.73227e-09) (2.71088e-08 -3.15379e-08 9.05055e-10) (3.12165e-08 -3.28962e-08 -2.85143e-10) (3.23567e-08 -3.36577e-08 -1.49862e-09) (3.21548e-08 -3.40303e-08 -1.52356e-09)
4800          (3.00974e-09 -2.61734e-09 -9.87102e-12) (3.00974e-09 -2.61734e-09 -9.87102e-12) (7.18587e-09 -8.40291e-09 6.24193e-10) (1.21994e-08 -1.41876e-08 2.08637e-10) (1.66606e-08 -2.05245e-08 -9.79255e-11) (2.09395e-08 -2.54214e-08 6.96567e-10) (2.50528e-08 -3.06941e-08 8.5541e-10) (2.80294e-08 -3.26075e-08 -9.93302e-11) (3.08451e-08 -3.30924e-08 -1.32793e-09) (3.22373e-08 -3.46567e-08 -9.99015e-10) (3.26851e-08 -3.42357e-08 -2.26183e-09)
4850          (2.30651e-09 -3.13251e-09 1.96758e-10) (2.30651e-09 -3.13251e-09 1.96758e-10) (7.6375e-09 -8.3212e-09 -2.98697e-10) (1.12948e-08 -1.50873e-08 -2.79417e-10) (1.65902e-08 -2.05368e-08 -6.85815e-10) (2.21288e-08 -2.58347e-08 -7.21582e-11) (2.5633e-08 -3.02963e-08 9.10993e-10) (2.87865e-08 -3.2549e-08 2.41614e-10) (3.12441e-08 -3.34706e-08 3.59669e-10) (3.31606e-08 -3.42806e-08 -9.61372e-11) (3.30994e-08 -3.50843e-08 5.14591e-10)
4900          (2.687e-09 -3.60531e-09 -6.11308e-10) (2.687e-09 -3.60531e-09 -6.11308e-10) (7.46633e-09 -8.08013e-09 -2.0434e-09) (1.17851e-08 -1.34613e-08 -2.11746e-09) (1.67828e-08 -1.96925e-08 -1.63675e-09) (2.06828e-08 -2.4924e-08 -5.19973e-10) (2.4509e-08 -2.954e-08 -3.9371e-10) (2.84279e-08 -3.15094e-08 -1.08599e-09) (3.04818e-08 -3.28632e-08 -1.23544e-09) (3.24012e-08 -3.36216e-08 -1.55813e-09) (3.2531e-08 -3.32028e-08 -2.34615e-09)
4950          (2.35315e-09 -2.34399e-09 -1.65984e-11) (2.35315e-09 -2.34399e-09 -1.65984e-11) (6.97448e-09 -8.86395e-09 -7.01046e-10) (1.18733e-08 -1.45926e-08 -8.20445e-10) (1.63357e-08 -2.02916e-08 3.45457e-10) (2.10814e-08 -2.53259e-08 1.40146e-09) (2.4688e-08 -2.93926e-08 1.57541e-09) (2.7636e-08 -3.14712e-08 7.89773e-10) (3.02556e-08 -3.31014e-08 2.4414e-10) (3.16137e-08 -3.41764e-08 3.6351e-10) (3.16623e-08 -3.39699e-08 1.17027e-09)
5000          (2.13921e-09 -2.85895e-09 -6.02926e-10) (2.13921e-09 -2.85895e-09 -6.02926e-10) (6.85988e-09 -8.80472e-09 -2.47218e-10) (1.17503e-08 -1.44819e-08 -4.53398e-10) (1.6535e-08 -1.94763e-08 -7.07256e-10) (2.12037e-08 -2.54072e-08 9.40673e-10) (2.48302e-08 -3.02122e-08 2.30868e-09) (2.71581e-08 -3.26623e-08 1.17638e-09) (3.094e-08 -3.35883e-08 1.38608e-09) (3.27669e-08 -3.40338e-08 2.3541e-09) (3.34584e-08 -3.42462e-08 2.28838e-09)
