# Probe 0 (0.0015 0.0015 0)
# Probe 1 (0.0015 0.0015 0.002)
# Probe 2 (0.0015 0.0015 0.004)
# Probe 3 (0.0015 0.0015 0.006)
# Probe 4 (0.0015 0.0015 0.008)
# Probe 5 (0.0015 0.0015 0.01)
# Probe 6 (0.0015 0.0015 0.012)
# Probe 7 (0.0015 0.0015 0.014)
# Probe 8 (0.0015 0.0015 0.016)
# Probe 9 (0.0015 0.0015 0.018)
# Probe 10 (0.0015 0.0015 0.02)
# Time        0             1             2             3             4             5             6             7             8             9             10           
50            196012        161679        127256        101432        84088.8       73028.8       65478.3       58949.5       51378.5       41044.2       26646.5      
100           204574        179108        150991        125754        104207        86543.4       72200.3       60038.9       48713.5       37022         24170.6      
150           207962        186201        161495        138114        116521        97021.5       79677.2       64244         50212.4       36939.8       23837        
200           209698        189869        167077        145019        123972        104166        85747.8       68740.3       53021         38327.7       24301        
250           210725        192050        170449        149305        128800        109098        90333.7       72584.4       55856.3       40062         25003.1      
300           211393        193473        172669        152174        132111        112599        93743.9       75621.5       58268.4       41661.7       25689.3      
350           211853        194456        174213        154185        134462        115130        96266.9       77934.4       60169.4       42968.8       26264.5      
400           212181        195157        175316        155629        136161        116974        98124.9       79660.5       61610.2       43975.9       26713        
450           212418        195664        176114        156676        137396        118319        99486.6       80932.8       62679.4       44728.8       27050.1      
500           212590        196032        176693        157436        138294        119298        100480        81863         63463.1       45282.2       27298.5      
550           212715        196299        177115        157989        138947        120010        101202        82539.6       64033.5       45685.4       27479.7      
600           212806        196493        177420        158390        139420        120526        101726        83029.9       64446.9       45977.8       27611        
650           212872        196633        177641        158680        139762        120900        102104        83384.4       64745.8       46189         27706        
700           212919        196735        177801        158890        140010        121169        102378        83640.3       64961.4       46341.4       27774.5      
750           212954        196808        177916        159041        140188        121364        102575        83824.6       65116.7       46451.2       27823.8      
800           212979        196860        177999        159150        140316        121503        102716        83957.1       65228.3       46530.1       27859.3      
850           212996        196898        178059        159227        140408        121603        102817        84051.8       65308.2       46586.5       27884.6      
900           213008        196924        178100        159281        140472        121673        102888        84118.1       65364.2       46626.2       27902.5      
950           213017        196943        178130        159321        140518        121723        102939        84166.1       65404.6       46654.8       27915.3      
1000          213023        196957        178151        159349        140551        121760        102976        84200.5       65433.8       46675.2       27924.8      
1050          213028        196966        178166        159368        140574        121785        103001        84224.3       65453.7       46689.5       27931        
1100          213031        196973        178177        159382        140591        121803        103020        84241.8       65468.6       46700         27935.8      
1150          213033        196977        178183        159391        140601        121814        103031        84252.5       65477.7       46706.4       27938.8      
1200          213034        196981        178189        159398        140609        121823        103041        84261.3       65485         46711.7       27940.9      
1250          213035        196983        178192        159402        140614        121829        103046        84266.7       65489.7       46715.2       27942.5      
1300          213036        196983        178193        159403        140616        121831        103048        84268.4       65491.3       46716.3       27943.1      
1350          213036        196983        178193        159403        140616        121831        103048        84268.4       65491.3       46716.3       27943.1      
1400          213036        196983        178193        159403        140616        121831        103048        84268.4       65491.3       46716.3       27943.1      
1450          213036        196983        178193        159403        140616        121831        103048        84268.4       65491.3       46716.3       27943.1      
1500          213036        196983        178193        159403        140616        121831        103048        84268.4       65491.3       46716.3       27943.1      
1550          213036        196983        178193        159403        140616        121831        103048        84268.4       65491.3       46716.3       27943.1      
1600          213036        196983        178193        159403        140616        121831        103048        84268.4       65491.3       46716.3       27943.1      
1650          213036        196983        178193        159403        140616        121831        103048        84268.4       65491.3       46716.3       27943.1      
1700          213036        196983        178193        159403        140616        121831        103048        84268.4       65491.3       46716.3       27943.1      
1750          213036        196983        178193        159403        140616        121831        103048        84268.4       65491.3       46716.3       27943.1      
1800          213036        196983        178193        159403        140616        121831        103048        84268.4       65491.3       46716.3       27943.1      
1850          213036        196983        178193        159403        140616        121831        103048        84268.4       65491.3       46716.3       27943.1      
1900          213036        196983        178193        159403        140616        121831        103048        84268.4       65491.3       46716.3       27943.1      
1950          213036        196983        178193        159403        140616        121831        103048        84268.4       65491.3       46716.3       27943.1      
2000          213036        196983        178193        159403        140616        121831        103048        84268.4       65491.3       46716.3       27943.1      
2050          213036        196983        178193        159403        140616        121831        103048        84268.4       65491.3       46716.3       27943.1      
2100          213036        196983        178193        159403        140616        121831        103048        84268.4       65491.3       46716.3       27943.1      
2150          213036        196983        178193        159403        140616        121831        103048        84268.4       65491.3       46716.3       27943.1      
2200          213036        196983        178193        159403        140616        121831        103048        84268.4       65491.3       46716.3       27943.1      
2250          213036        196983        178193        159403        140616        121831        103048        84268.4       65491.3       46716.3       27943.1      
2300          213036        196983        178193        159403        140616        121831        103048        84268.4       65491.3       46716.3       27943.1      
2350          213036        196983        178193        159403        140616        121831        103048        84268.4       65491.3       46716.3       27943.1      
2400          213036        196983        178193        159403        140616        121831        103048        84268.4       65491.3       46716.3       27943.1      
2450          213036        196983        178193        159403        140616        121831        103048        84268.4       65491.3       46716.3       27943.1      
2500          213036        196983        178193        159403        140616        121831        103048        84268.4       65491.3       46716.3       27943.1      
2550          213036        196983        178193        159403        140616        121831        103048        84268.4       65491.3       46716.3       27943.1      
2600          213036        196983        178193        159403        140616        121831        103048        84268.4       65491.3       46716.3       27943.1      
2650          213036        196983        178193        159403        140616        121831        103048        84268.4       65491.3       46716.3       27943.1      
2700          213036        196983        178193        159403        140616        121831        103048        84268.4       65491.3       46716.3       27943.1      
2750          213036        196983        178193        159403        140616        121831        103048        84268.4       65491.3       46716.3       27943.1      
2800          213036        196983        178193        159403        140616        121831        103048        84268.4       65491.3       46716.3       27943.1      
2850          213036        196983        178193        159403        140616        121831        103048        84268.4       65491.3       46716.3       27943.1      
2900          213036        196983        178193        159403        140616        121831        103048        84268.4       65491.3       46716.3       27943.1      
2950          213036        196983        178193        159403        140616        121831        103048        84268.4       65491.3       46716.3       27943.1      
3000          213036        196983        178193        159403        140616        121831        103048        84268.4       65491.3       46716.3       27943.1      
3050          213036        196983        178193        159403        140616        121831        103048        84268.4       65491.3       46716.3       27943.1      
3100          213036        196983        178193        159403        140616        121831        103048        84268.4       65491.3       46716.3       27943.1      
3150          213036        196983        178193        159403        140616        121831        103048        84268.4       65491.3       46716.3       27943.1      
3200          213036        196983        178193        159403        140616        121831        103048        84268.4       65491.3       46716.3       27943.1      
3250          213036        196983        178193        159403        140616        121831        103048        84268.4       65491.3       46716.3       27943.1      
3300          213036        196983        178193        159403        140616        121831        103048        84268.4       65491.3       46716.3       27943.1      
3350          213036        196983        178193        159403        140616        121831        103048        84268.4       65491.3       46716.3       27943.1      
3400          213036        196983        178193        159403        140616        121831        103048        84268.4       65491.3       46716.3       27943.1      
3450          213036        196983        178193        159403        140616        121831        103048        84268.4       65491.3       46716.3       27943.1      
3500          213036        196983        178193        159403        140616        121831        103048        84268.4       65491.3       46716.3       27943.1      
3550          213036        196983        178193        159403        140616        121831        103048        84268.4       65491.3       46716.3       27943.1      
3600          213036        196983        178193        159403        140616        121831        103048        84268.4       65491.3       46716.3       27943.1      
3650          213036        196983        178193        159403        140616        121831        103048        84268.4       65491.3       46716.3       27943.1      
3700          213036        196983        178193        159403        140616        121831        103048        84268.4       65491.3       46716.3       27943.1      
3750          213036        196983        178193        159403        140616        121831        103048        84268.4       65491.3       46716.3       27943.1      
3800          213036        196983        178193        159403        140616        121831        103048        84268.4       65491.3       46716.3       27943.1      
3850          213036        196983        178193        159403        140616        121831        103048        84268.4       65491.3       46716.3       27943.1      
3900          213036        196983        178193        159403        140616        121831        103048        84268.4       65491.3       46716.3       27943.1      
3950          213036        196983        178193        159403        140616        121831        103048        84268.4       65491.3       46716.3       27943.1      
4000          213036        196983        178193        159403        140616        121831        103048        84268.4       65491.3       46716.3       27943.1      
4050          213036        196983        178193        159403        140616        121831        103048        84268.4       65491.3       46716.3       27943.1      
4100          213036        196983        178193        159403        140616        121831        103048        84268.4       65491.3       46716.3       27943.1      
4150          213036        196983        178193        159403        140616        121831        103048        84268.4       65491.3       46716.3       27943.1      
4200          213036        196983        178193        159403        140616        121831        103048        84268.4       65491.3       46716.3       27943.1      
4250          213036        196983        178193        159403        140616        121831        103048        84268.4       65491.3       46716.3       27943.1      
4300          213036        196983        178193        159403        140616        121831        103048        84268.4       65491.3       46716.3       27943.1      
4350          213036        196983        178193        159403        140616        121831        103048        84268.4       65491.3       46716.3       27943.1      
4400          213036        196983        178193        159403        140616        121831        103048        84268.4       65491.3       46716.3       27943.1      
4450          213036        196983        178193        159403        140616        121831        103048        84268.4       65491.3       46716.3       27943.1      
4500          213036        196983        178193        159403        140616        121831        103048        84268.4       65491.3       46716.3       27943.1      
4550          213036        196983        178193        159403        140616        121831        103048        84268.4       65491.3       46716.3       27943.1      
4600          213036        196983        178193        159403        140616        121831        103048        84268.4       65491.3       46716.3       27943.1      
4650          213036        196983        178193        159403        140616        121831        103048        84268.4       65491.3       46716.3       27943.1      
4700          213036        196983        178193        159403        140616        121831        103048        84268.4       65491.3       46716.3       27943.1      
4750          213036        196983        178193        159403        140616        121831        103048        84268.4       65491.3       46716.3       27943.1      
4800          213036        196983        178193        159403        140616        121831        103048        84268.4       65491.3       46716.3       27943.1      
4850          213036        196983        178193        159403        140616        121831        103048        84268.4       65491.3       46716.3       27943.1      
4900          213036        196983        178193        159403        140616        121831        103048        84268.4       65491.3       46716.3       27943.1      
4950          213036        196983        178193        159403        140616        121831        103048        84268.4       65491.3       46716.3       27943.1      
5000          213036        196983        178193        159403        140616        121831        103048        84268.4       65491.3       46716.3       27943.1      
