# Probe 0 (0.0015 0.0015 0)
# Probe 1 (0.0015 0.0015 0.002)
# Probe 2 (0.0015 0.0015 0.004)
# Probe 3 (0.0015 0.0015 0.006)
# Probe 4 (0.0015 0.0015 0.008)
# Probe 5 (0.0015 0.0015 0.01)
# Probe 6 (0.0015 0.0015 0.012)
# Probe 7 (0.0015 0.0015 0.014)
# Probe 8 (0.0015 0.0015 0.016)
# Probe 9 (0.0015 0.0015 0.018)
# Probe 10 (0.0015 0.0015 0.02)
# Time        0             1             2             3             4             5             6             7             8             9             10           
50            0.000906113   0.000906113   0.000906113   0.000906113   0.000906113   0.000906113   0.000906113   0.000906113   0.000906113   0.000906113   0.000906113  
100           0.000906113   0.000906113   0.000906113   0.000906113   0.000906113   0.000906113   0.000906113   0.000906113   0.000906113   0.000906113   0.000906113  
150           0.000906113   0.000906113   0.000906113   0.000906113   0.000906113   0.000906113   0.000906113   0.000906113   0.000906113   0.000906113   0.000906113  
200           0.000906113   0.000906113   0.000906113   0.000906113   0.000906113   0.000906113   0.000906113   0.000906113   0.000906113   0.000906113   0.000906113  
250           0.000906113   0.000906113   0.000906113   0.000906113   0.000906113   0.000906113   0.000906113   0.000906113   0.000906113   0.000906113   0.000906113  
300           0.000906113   0.000906113   0.000906113   0.000906113   0.000906113   0.000906113   0.000906113   0.000906113   0.000906113   0.000906113   0.000906113  
350           0.000906113   0.000906113   0.000906113   0.000906113   0.000906113   0.000906113   0.000906113   0.000906113   0.000906113   0.000906113   0.000906113  
400           0.000906113   0.000906113   0.000906113   0.000906113   0.000906113   0.000906113   0.000906113   0.000906113   0.000906113   0.000906113   0.000906113  
450           0.000906113   0.000906113   0.000906113   0.000906113   0.000906113   0.000906113   0.000906113   0.000906113   0.000906113   0.000906113   0.000906113  
500           0.000906113   0.000906113   0.000906113   0.000906113   0.000906113   0.000906113   0.000906113   0.000906113   0.000906113   0.000906113   0.000906113  
550           0.000906113   0.000906113   0.000906113   0.000906113   0.000906113   0.000906113   0.000906113   0.000906113   0.000906113   0.000906113   0.000906113  
600           0.000906113   0.000906113   0.000906113   0.000906113   0.000906113   0.000906113   0.000906113   0.000906113   0.000906113   0.000906113   0.000906113  
650           0.000906113   0.000906113   0.000906113   0.000906113   0.000906113   0.000906113   0.000906113   0.000906113   0.000906113   0.000906113   0.000906113  
700           0.000906113   0.000906113   0.000906113   0.000906113   0.000906113   0.000906113   0.000906113   0.000906113   0.000906113   0.000906113   0.000906113  
750           0.000906113   0.000906113   0.000906113   0.000906113   0.000906113   0.000906113   0.000906113   0.000906113   0.000906113   0.000906113   0.000906113  
800           0.000906113   0.000906113   0.000906113   0.000906113   0.000906113   0.000906113   0.000906113   0.000906113   0.000906113   0.000906113   0.000906113  
850           0.000906113   0.000906113   0.000906113   0.000906113   0.000906113   0.000906113   0.000906113   0.000906113   0.000906113   0.000906113   0.000906113  
900           0.000906113   0.000906113   0.000906113   0.000906113   0.000906113   0.000906113   0.000906113   0.000906113   0.000906113   0.000906113   0.000906113  
950           0.000906113   0.000906113   0.000906113   0.000906113   0.000906113   0.000906113   0.000906113   0.000906113   0.000906113   0.000906113   0.000906113  
1000          0.000906113   0.000906113   0.000906113   0.000906113   0.000906113   0.000906113   0.000906113   0.000906113   0.000906113   0.000906113   0.000906113  
1050          0.000906113   0.000906113   0.000906113   0.000906113   0.000906113   0.000906113   0.000906113   0.000906113   0.000906113   0.000906113   0.000906113  
1100          0.000906113   0.000906113   0.000906113   0.000906113   0.000906113   0.000906113   0.000906113   0.000906113   0.000906113   0.000906113   0.000906113  
1150          0.000906113   0.000906113   0.000906113   0.000906113   0.000906113   0.000906113   0.000906113   0.000906113   0.000906113   0.000906113   0.000906113  
1200          0.000906113   0.000906113   0.000906113   0.000906113   0.000906113   0.000906113   0.000906113   0.000906113   0.000906113   0.000906113   0.000906113  
1250          0.000906113   0.000906113   0.000906113   0.000906113   0.000906113   0.000906113   0.000906113   0.000906113   0.000906113   0.000906113   0.000906113  
1300          0.000906113   0.000906113   0.000906113   0.000906113   0.000906113   0.000906113   0.000906113   0.000906113   0.000906113   0.000906113   0.000906113  
1350          0.000906113   0.000906113   0.000906113   0.000906113   0.000906113   0.000906113   0.000906113   0.000906113   0.000906113   0.000906113   0.000906113  
1400          0.000906113   0.000906113   0.000906113   0.000906113   0.000906113   0.000906113   0.000906113   0.000906113   0.000906113   0.000906113   0.000906113  
1450          0.000906113   0.000906113   0.000906113   0.000906113   0.000906113   0.000906113   0.000906113   0.000906113   0.000906113   0.000906113   0.000906113  
1500          0.000906113   0.000906113   0.000906113   0.000906113   0.000906113   0.000906113   0.000906113   0.000906113   0.000906113   0.000906113   0.000906113  
1550          0.000906113   0.000906113   0.000906113   0.000906113   0.000906113   0.000906113   0.000906113   0.000906113   0.000906113   0.000906113   0.000906113  
1600          0.000906113   0.000906113   0.000906113   0.000906113   0.000906113   0.000906113   0.000906113   0.000906113   0.000906113   0.000906113   0.000906113  
1650          0.000906113   0.000906113   0.000906113   0.000906113   0.000906113   0.000906113   0.000906113   0.000906113   0.000906113   0.000906113   0.000906113  
1700          0.000906113   0.000906113   0.000906113   0.000906113   0.000906113   0.000906113   0.000906113   0.000906113   0.000906113   0.000906113   0.000906113  
1750          0.000906113   0.000906113   0.000906113   0.000906113   0.000906113   0.000906113   0.000906113   0.000906113   0.000906113   0.000906113   0.000906113  
1800          0.000906113   0.000906113   0.000906113   0.000906113   0.000906113   0.000906113   0.000906113   0.000906113   0.000906113   0.000906113   0.000906113  
1850          0.000906113   0.000906113   0.000906113   0.000906113   0.000906113   0.000906113   0.000906113   0.000906113   0.000906113   0.000906113   0.000906113  
1900          0.000906113   0.000906113   0.000906113   0.000906113   0.000906113   0.000906113   0.000906113   0.000906113   0.000906113   0.000906113   0.000906113  
1950          0.000906113   0.000906113   0.000906113   0.000906113   0.000906113   0.000906113   0.000906113   0.000906113   0.000906113   0.000906113   0.000906113  
2000          0.000906113   0.000906113   0.000906113   0.000906113   0.000906113   0.000906113   0.000906113   0.000906113   0.000906113   0.000906113   0.000906113  
2050          0.000906113   0.000906113   0.000906113   0.000906113   0.000906113   0.000906113   0.000906113   0.000906113   0.000906113   0.000906113   0.000906113  
2100          0.000906113   0.000906113   0.000906113   0.000906113   0.000906113   0.000906113   0.000906113   0.000906113   0.000906113   0.000906113   0.000906113  
2150          0.000906113   0.000906113   0.000906113   0.000906113   0.000906113   0.000906113   0.000906113   0.000906113   0.000906113   0.000906113   0.000906113  
2200          0.000906113   0.000906113   0.000906113   0.000906113   0.000906113   0.000906113   0.000906113   0.000906113   0.000906113   0.000906113   0.000906113  
2250          0.000906113   0.000906113   0.000906113   0.000906113   0.000906113   0.000906113   0.000906113   0.000906113   0.000906113   0.000906113   0.000906113  
2300          0.000906113   0.000906113   0.000906113   0.000906113   0.000906113   0.000906113   0.000906113   0.000906113   0.000906113   0.000906113   0.000906113  
2350          0.000906113   0.000906113   0.000906113   0.000906113   0.000906113   0.000906113   0.000906113   0.000906113   0.000906113   0.000906113   0.000906113  
2400          0.000906113   0.000906113   0.000906113   0.000906113   0.000906113   0.000906113   0.000906113   0.000906113   0.000906113   0.000906113   0.000906113  
2450          0.000906113   0.000906113   0.000906113   0.000906113   0.000906113   0.000906113   0.000906113   0.000906113   0.000906113   0.000906113   0.000906113  
2500          0.000906113   0.000906113   0.000906113   0.000906113   0.000906113   0.000906113   0.000906113   0.000906113   0.000906113   0.000906113   0.000906113  
2550          0.000906113   0.000906113   0.000906113   0.000906113   0.000906113   0.000906113   0.000906113   0.000906113   0.000906113   0.000906113   0.000906113  
2600          0.000906113   0.000906113   0.000906113   0.000906113   0.000906113   0.000906113   0.000906113   0.000906113   0.000906113   0.000906113   0.000906113  
2650          0.000906113   0.000906113   0.000906113   0.000906113   0.000906113   0.000906113   0.000906113   0.000906113   0.000906113   0.000906113   0.000906113  
2700          0.000906113   0.000906113   0.000906113   0.000906113   0.000906113   0.000906113   0.000906113   0.000906113   0.000906113   0.000906113   0.000906113  
2750          0.000906113   0.000906113   0.000906113   0.000906113   0.000906113   0.000906113   0.000906113   0.000906113   0.000906113   0.000906113   0.000906113  
2800          0.000906113   0.000906113   0.000906113   0.000906113   0.000906113   0.000906113   0.000906113   0.000906113   0.000906113   0.000906113   0.000906113  
2850          0.000906113   0.000906113   0.000906113   0.000906113   0.000906113   0.000906113   0.000906113   0.000906113   0.000906113   0.000906113   0.000906113  
2900          0.000906113   0.000906113   0.000906113   0.000906113   0.000906113   0.000906113   0.000906113   0.000906113   0.000906113   0.000906113   0.000906113  
2950          0.000906113   0.000906113   0.000906113   0.000906113   0.000906113   0.000906113   0.000906113   0.000906113   0.000906113   0.000906113   0.000906113  
3000          0.000906113   0.000906113   0.000906113   0.000906113   0.000906113   0.000906113   0.000906113   0.000906113   0.000906113   0.000906113   0.000906113  
3050          0.000906113   0.000906113   0.000906113   0.000906113   0.000906113   0.000906113   0.000906113   0.000906113   0.000906113   0.000906113   0.000906113  
3100          0.000906113   0.000906113   0.000906113   0.000906113   0.000906113   0.000906113   0.000906113   0.000906113   0.000906113   0.000906113   0.000906113  
3150          0.000906113   0.000906113   0.000906113   0.000906113   0.000906113   0.000906113   0.000906113   0.000906113   0.000906113   0.000906113   0.000906113  
3200          0.000906113   0.000906113   0.000906113   0.000906113   0.000906113   0.000906113   0.000906113   0.000906113   0.000906113   0.000906113   0.000906113  
3250          0.000906113   0.000906113   0.000906113   0.000906113   0.000906113   0.000906113   0.000906113   0.000906113   0.000906113   0.000906113   0.000906113  
3300          0.000906113   0.000906113   0.000906113   0.000906113   0.000906113   0.000906113   0.000906113   0.000906113   0.000906113   0.000906113   0.000906113  
3350          0.000906113   0.000906113   0.000906113   0.000906113   0.000906113   0.000906113   0.000906113   0.000906113   0.000906113   0.000906113   0.000906113  
3400          0.000906113   0.000906113   0.000906113   0.000906113   0.000906113   0.000906113   0.000906113   0.000906113   0.000906113   0.000906113   0.000906113  
3450          0.000906113   0.000906113   0.000906113   0.000906113   0.000906113   0.000906113   0.000906113   0.000906113   0.000906113   0.000906113   0.000906113  
3500          0.000906113   0.000906113   0.000906113   0.000906113   0.000906113   0.000906113   0.000906113   0.000906113   0.000906113   0.000906113   0.000906113  
3550          0.000906113   0.000906113   0.000906113   0.000906113   0.000906113   0.000906113   0.000906113   0.000906113   0.000906113   0.000906113   0.000906113  
3600          0.000906113   0.000906113   0.000906113   0.000906113   0.000906113   0.000906113   0.000906113   0.000906113   0.000906113   0.000906113   0.000906113  
3650          0.000906113   0.000906113   0.000906113   0.000906113   0.000906113   0.000906113   0.000906113   0.000906113   0.000906113   0.000906113   0.000906113  
3700          0.000906113   0.000906113   0.000906113   0.000906113   0.000906113   0.000906113   0.000906113   0.000906113   0.000906113   0.000906113   0.000906113  
3750          0.000906113   0.000906113   0.000906113   0.000906113   0.000906113   0.000906113   0.000906113   0.000906113   0.000906113   0.000906113   0.000906113  
3800          0.000906113   0.000906113   0.000906113   0.000906113   0.000906113   0.000906113   0.000906113   0.000906113   0.000906113   0.000906113   0.000906113  
3850          0.000906113   0.000906113   0.000906113   0.000906113   0.000906113   0.000906113   0.000906113   0.000906113   0.000906113   0.000906113   0.000906113  
3900          0.000906113   0.000906113   0.000906113   0.000906113   0.000906113   0.000906113   0.000906113   0.000906113   0.000906113   0.000906113   0.000906113  
3950          0.000906113   0.000906113   0.000906113   0.000906113   0.000906113   0.000906113   0.000906113   0.000906113   0.000906113   0.000906113   0.000906113  
4000          0.000906113   0.000906113   0.000906113   0.000906113   0.000906113   0.000906113   0.000906113   0.000906113   0.000906113   0.000906113   0.000906113  
4050          0.000906113   0.000906113   0.000906113   0.000906113   0.000906113   0.000906113   0.000906113   0.000906113   0.000906113   0.000906113   0.000906113  
4100          0.000906113   0.000906113   0.000906113   0.000906113   0.000906113   0.000906113   0.000906113   0.000906113   0.000906113   0.000906113   0.000906113  
4150          0.000906113   0.000906113   0.000906113   0.000906113   0.000906113   0.000906113   0.000906113   0.000906113   0.000906113   0.000906113   0.000906113  
4200          0.000906113   0.000906113   0.000906113   0.000906113   0.000906113   0.000906113   0.000906113   0.000906113   0.000906113   0.000906113   0.000906113  
4250          0.000906113   0.000906113   0.000906113   0.000906113   0.000906113   0.000906113   0.000906113   0.000906113   0.000906113   0.000906113   0.000906113  
4300          0.000906113   0.000906113   0.000906113   0.000906113   0.000906113   0.000906113   0.000906113   0.000906113   0.000906113   0.000906113   0.000906113  
4350          0.000906113   0.000906113   0.000906113   0.000906113   0.000906113   0.000906113   0.000906113   0.000906113   0.000906113   0.000906113   0.000906113  
4400          0.000906113   0.000906113   0.000906113   0.000906113   0.000906113   0.000906113   0.000906113   0.000906113   0.000906113   0.000906113   0.000906113  
4450          0.000906113   0.000906113   0.000906113   0.000906113   0.000906113   0.000906113   0.000906113   0.000906113   0.000906113   0.000906113   0.000906113  
4500          0.000906113   0.000906113   0.000906113   0.000906113   0.000906113   0.000906113   0.000906113   0.000906113   0.000906113   0.000906113   0.000906113  
4550          0.000906113   0.000906113   0.000906113   0.000906113   0.000906113   0.000906113   0.000906113   0.000906113   0.000906113   0.000906113   0.000906113  
4600          0.000906113   0.000906113   0.000906113   0.000906113   0.000906113   0.000906113   0.000906113   0.000906113   0.000906113   0.000906113   0.000906113  
4650          0.000906113   0.000906113   0.000906113   0.000906113   0.000906113   0.000906113   0.000906113   0.000906113   0.000906113   0.000906113   0.000906113  
4700          0.000906113   0.000906113   0.000906113   0.000906113   0.000906113   0.000906113   0.000906113   0.000906113   0.000906113   0.000906113   0.000906113  
4750          0.000906113   0.000906113   0.000906113   0.000906113   0.000906113   0.000906113   0.000906113   0.000906113   0.000906113   0.000906113   0.000906113  
4800          0.000906113   0.000906113   0.000906113   0.000906113   0.000906113   0.000906113   0.000906113   0.000906113   0.000906113   0.000906113   0.000906113  
4850          0.000906113   0.000906113   0.000906113   0.000906113   0.000906113   0.000906113   0.000906113   0.000906113   0.000906113   0.000906113   0.000906113  
4900          0.000906113   0.000906113   0.000906113   0.000906113   0.000906113   0.000906113   0.000906113   0.000906113   0.000906113   0.000906113   0.000906113  
4950          0.000906113   0.000906113   0.000906113   0.000906113   0.000906113   0.000906113   0.000906113   0.000906113   0.000906113   0.000906113   0.000906113  
5000          0.000906113   0.000906113   0.000906113   0.000906113   0.000906113   0.000906113   0.000906113   0.000906113   0.000906113   0.000906113   0.000906113  
