# Probe 0 (0.0015 0.0015 0)
# Probe 1 (0.0015 0.0015 0.002)
# Probe 2 (0.0015 0.0015 0.004)
# Probe 3 (0.0015 0.0015 0.006)
# Probe 4 (0.0015 0.0015 0.008)
# Probe 5 (0.0015 0.0015 0.01)
# Probe 6 (0.0015 0.0015 0.012)
# Probe 7 (0.0015 0.0015 0.014)
# Probe 8 (0.0015 0.0015 0.016)
# Probe 9 (0.0015 0.0015 0.018)
# Probe 10 (0.0015 0.0015 0.02)
# Time        0             1             2             3             4             5             6             7             8             9             10           
50            (-33.6748 -33.6748 -1.67622e+07) (-9.10029 -9.10029 -1.52345e+07) (-30.8835 -30.8835 -1.21537e+07) (-5.49944 -5.49944 -8.55931e+06) (2.15706 2.15706 -5.52091e+06) (1.89193 1.89193 -3.56061e+06) (2.09872 2.09872 -2.67944e+06) (5.74937 5.74937 -2.70644e+06) (5.93856 5.93856 -3.48945e+06) (19.0624 19.0624 -4.89509e+06) (-4.74169 -4.74169 -6.69093e+06)
100           (-56.0476 -56.0476 -1.21348e+07) (-56.06 -56.06 -1.17009e+07) (-41.8956 -41.8956 -1.0759e+07) (-22.9998 -22.9998 -9.4116e+06) (2.15123 2.15123 -7.84639e+06) (20.7803 20.7803 -6.35686e+06) (27.5159 27.5159 -5.22872e+06) (24.9777 24.9777 -4.62355e+06) (20.0109 20.0109 -4.54797e+06) (7.84053 7.84053 -4.88844e+06) (-4.56376 -4.56376 -5.42899e+06)
150           (90.2987 90.2987 -1.02955e+07) (77.5837 77.5837 -1.00982e+07) (57.4795 57.4795 -9.67036e+06) (34.9128 34.9128 -9.0399e+06) (6.5375 6.5375 -8.24881e+06) (-21.8143 -21.8143 -7.37862e+06) (-42.2283 -42.2283 -6.54433e+06) (-49.1746 -49.1746 -5.86703e+06) (-40.1488 -40.1488 -5.4316e+06) (-19.515 -19.515 -5.25574e+06) (-4.48626 -4.48626 -5.27729e+06)
200           (-24.339 -24.339 -9.35108e+06) (-6.91287 -6.91287 -9.24266e+06) (-12.0209 -12.0209 -9.00767e+06) (-5.68465 -5.68465 -8.65617e+06) (-0.942143 -0.942143 -8.20052e+06) (3.85903 3.85903 -7.66691e+06) (8.06116 8.06116 -7.09715e+06) (10.3821 10.3821 -6.54673e+06) (11.7707 11.7707 -6.07514e+06) (10.8184 10.8184 -5.73203e+06) (8.25525 8.25525 -5.5433e+06)
250           (5.69891 5.69891 -8.79175e+06) (4.73867 4.73867 -8.72501e+06) (6.21502 6.21502 -8.57888e+06) (6.05709 6.05709 -8.35874e+06) (5.22449 5.22449 -8.0681e+06) (3.61896 3.61896 -7.71662e+06) (1.28349 1.28349 -7.32128e+06) (-1.47536 -1.47536 -6.90769e+06) (-3.94817 -3.94817 -6.50937e+06) (-3.75974 -3.75974 -6.16718e+06) (0.135765 0.135765 -5.93024e+06)
300           (3.0141 3.0141 -8.42798e+06) (2.5336 2.5336 -8.38326e+06) (3.58147 3.58147 -8.28523e+06) (3.6567 3.6567 -8.1368e+06) (3.44803 3.44803 -7.9389e+06) (2.89811 2.89811 -7.69564e+06) (1.97355 1.97355 -7.41509e+06) (0.681363 0.681363 -7.11079e+06) (-0.890402 -0.890402 -6.80239e+06) (-1.40658 -1.40658 -6.51863e+06) (-1.96327 -1.96327 -6.30441e+06)
350           (0.836831 0.836831 -8.17694e+06) (0.935863 0.935863 -8.14557e+06) (1.74329 1.74329 -8.07681e+06) (1.92421 1.92421 -7.9725e+06) (1.99887 1.99887 -7.8328e+06) (1.93341 1.93341 -7.65985e+06) (1.69074 1.69074 -7.45819e+06) (1.2225 1.2225 -7.23605e+06) (0.456641 0.456641 -7.00597e+06) (0.165836 0.165836 -6.78789e+06) (-1.11929 -1.11929 -6.61659e+06)
400           (-0.032441 -0.0324409 -7.99811e+06) (0.256434 0.256434 -7.97561e+06) (0.874233 0.874233 -7.9263e+06) (1.06088 1.06088 -7.85149e+06) (1.20755 1.20755 -7.75118e+06) (1.29358 1.29358 -7.6267e+06) (1.29076 1.29076 -7.48096e+06) (1.15247 1.15247 -7.31951e+06) (0.791311 0.791311 -7.15087e+06) (0.70989 0.70989 -6.98904e+06) (-0.402688 -0.402688 -6.85951e+06)
450           (18.3147 18.3147 -7.8689e+06) (10.5846 10.5846 -7.85255e+06) (10.1336 10.1336 -7.81685e+06) (9.17855 9.17855 -7.76273e+06) (7.60747 7.60747 -7.6902e+06) (5.36952 5.36952 -7.6002e+06) (2.4682 2.4682 -7.49473e+06) (-1.04681 -1.04681 -7.37777e+06) (-5.06587 -5.06587 -7.25528e+06) (-9.21682 -9.21682 -7.1372e+06) (-23.4969 -23.4969 -7.04192e+06)
500           (6.17521 6.17521 -7.77508e+06) (-3.65429 -3.65429 -7.7632e+06) (-3.68277 -3.68277 -7.73731e+06) (-2.18649 -2.18649 -7.69807e+06) (0.229319 0.229319 -7.64555e+06) (2.65796 2.65796 -7.58042e+06) (3.74069 3.74069 -7.50412e+06) (2.15604 2.15604 -7.41957e+06) (-2.47604 -2.47604 -7.331e+06) (-9.41913 -9.41913 -7.24552e+06) (-26.6551 -26.6551 -7.17627e+06)
550           (5.3699 5.3699 -7.70693e+06) (-2.65285 -2.65285 -7.6983e+06) (-1.76126 -1.76126 -7.67952e+06) (-0.112465 -0.112465 -7.65109e+06) (1.45131 1.45131 -7.61307e+06) (2.09135 2.09135 -7.56597e+06) (1.2426 1.2426 -7.51082e+06) (-1.16781 -1.16781 -7.4498e+06) (-4.67007 -4.67007 -7.38592e+06) (-8.37466 -8.37466 -7.32426e+06) (-20.4629 -20.4629 -7.27424e+06)
600           (3.83118 3.83118 -7.65748e+06) (-2.00395 -2.00395 -7.65122e+06) (-1.2571 -1.2571 -7.63762e+06) (0.013768 0.013768 -7.61705e+06) (1.1438 1.1438 -7.58956e+06) (1.52625 1.52625 -7.55554e+06) (0.80814 0.80814 -7.51572e+06) (-0.990873 -0.990873 -7.47172e+06) (-3.493 -3.493 -7.4257e+06) (-6.07722 -6.07722 -7.38131e+06) (-14.7817 -14.7817 -7.34528e+06)
650           (2.8175 2.8175 -7.62167e+06) (-1.46703 -1.46703 -7.61714e+06) (-0.922487 -0.922487 -7.60731e+06) (-1.97065e-05 -1.97758e-05 -7.59244e+06) (0.814662 0.814662 -7.57259e+06) (1.08348 1.08348 -7.54804e+06) (0.556115 0.556115 -7.5193e+06) (-0.747328 -0.747328 -7.48761e+06) (-2.55077 -2.55077 -7.45448e+06) (-4.40799 -4.40799 -7.42255e+06) (-10.7159 -10.7159 -7.39662e+06)
700           (23.363 23.363 -7.5958e+06) (5.75405 5.75405 -7.59256e+06) (5.81256 5.81256 -7.58541e+06) (3.00164 3.00164 -7.57471e+06) (1.17567 1.17567 -7.56038e+06) (-1.74804 -1.74804 -7.54269e+06) (-5.39855 -5.39855 -7.52195e+06) (-8.90386 -8.90386 -7.49911e+06) (-13.7171 -13.7171 -7.4753e+06) (-16.0196 -16.0196 -7.4523e+06) (-33.5886 -33.5886 -7.43366e+06)
750           (37.3966 37.3966 -7.5771e+06) (6.87853 6.87853 -7.5749e+06) (7.49517 7.49517 -7.56953e+06) (-5.99184 -5.99184 -7.56192e+06) (-12.3181 -12.3181 -7.55153e+06) (-19.2523 -19.2523 -7.53878e+06) (-22.7778 -22.7778 -7.52382e+06) (-21.7201 -21.7201 -7.50738e+06) (-18.694 -18.694 -7.49025e+06) (-13.2865 -13.2865 -7.47372e+06) (-29.5191 -29.5191 -7.46033e+06)
800           (-17.6814 -17.6814 -7.56358e+06) (-10.6069 -10.6069 -7.56238e+06) (6.55519 6.55519 -7.55815e+06) (0.731274 0.731274 -7.55288e+06) (2.63111 2.63111 -7.54531e+06) (-1.00114 -1.00114 -7.53614e+06) (-3.48069 -3.48069 -7.52534e+06) (-6.63295 -6.63295 -7.51345e+06) (-1.92621 -1.92621 -7.50113e+06) (-15.8946 -15.8946 -7.48917e+06) (15.899 15.899 -7.47955e+06)
850           (-5.61777 -5.61777 -7.55401e+06) (-16.0669 -16.0669 -7.55323e+06) (1.69966 1.69966 -7.54996e+06) (-8.42029 -8.42029 -7.54624e+06) (1.1447 1.1447 -7.54065e+06) (0.822221 0.822221 -7.53406e+06) (5.28568 5.28568 -7.52619e+06) (7.88394 7.88394 -7.51763e+06) (8.2724 8.2724 -7.50873e+06) (4.72511 4.72511 -7.50017e+06) (6.3954 6.3954 -7.49324e+06)
900           (-42.7405 -42.7405 -7.5474e+06) (-55.2824 -55.2824 -7.54659e+06) (-48.9155 -48.9155 -7.54451e+06) (-46.5345 -46.5345 -7.54159e+06) (-38.724 -38.724 -7.53758e+06) (-28.5804 -28.5804 -7.53271e+06) (-13.8597 -13.8597 -7.52691e+06) (4.32227 4.32227 -7.52067e+06) (21.7925 21.7925 -7.51417e+06) (47.8759 47.8759 -7.50793e+06) (21.0923 21.0923 -7.50289e+06)
950           (-6.40065 -6.40065 -7.54263e+06) (-10.3458 -10.3458 -7.54183e+06) (-17.4577 -17.4577 -7.54049e+06) (-14.2249 -14.2249 -7.53817e+06) (-16.7458 -16.7458 -7.53528e+06) (-13.465 -13.465 -7.53161e+06) (-11.5925 -11.5925 -7.52734e+06) (-6.99645 -6.99645 -7.52273e+06) (-2.44682 -2.44682 -7.51799e+06) (0.968704 0.968704 -7.51346e+06) (-11.3001 -11.3001 -7.50982e+06)
1000          (-8.45408 -8.45408 -7.5392e+06) (6.45092 6.45092 -7.53833e+06) (-21.8891 -21.8891 -7.53775e+06) (-12.6978 -12.6978 -7.53577e+06) (-12.296 -12.296 -7.53363e+06) (-12.1278 -12.1278 -7.53088e+06) (-13.235 -13.235 -7.52774e+06) (2.53901 2.53901 -7.5241e+06) (-14.434 -14.434 -7.52099e+06) (12.4062 12.4062 -7.51727e+06) (3.09382 3.09382 -7.51489e+06)
1050          (-3.01839 -3.01839 -7.53675e+06) (3.15113 3.15113 -7.53636e+06) (-8.50894 -8.50894 -7.53548e+06) (-6.20018 -6.20018 -7.53419e+06) (-8.28367 -8.28367 -7.53249e+06) (-8.35088 -8.35088 -7.5304e+06) (-8.49836 -8.49836 -7.52792e+06) (-10.6598 -10.6598 -7.52534e+06) (0.456961 0.456961 -7.52271e+06) (-13.8731 -13.8731 -7.52024e+06) (9.67126 9.67126 -7.5183e+06)
1100          (21.9677 21.9677 -7.53501e+06) (27.5426 27.5426 -7.53468e+06) (5.47248 5.47248 -7.53401e+06) (13.8223 13.8223 -7.53298e+06) (6.55836 6.55836 -7.53161e+06) (-1.9464 -1.9464 -7.53006e+06) (0.926664 0.926664 -7.52806e+06) (-14.5953 -14.5953 -7.52611e+06) (-5.96837 -5.96837 -7.52415e+06) (-31.9262 -31.9262 -7.52224e+06) (-14.1937 -14.1937 -7.52087e+06)
1150          (-5.21368 -5.21369 -7.53394e+06) (-9.57054 -9.57054 -7.53365e+06) (-9.01637 -9.01637 -7.53303e+06) (-10.8066 -10.8066 -7.53218e+06) (-9.97172 -9.97172 -7.53106e+06) (-8.06061 -8.06061 -7.5297e+06) (-7.04583 -7.04583 -7.52811e+06) (-4.34357 -4.34357 -7.52652e+06) (-0.615037 -0.615037 -7.52493e+06) (0.514607 0.514607 -7.52349e+06) (-1.71317 -1.71317 -7.52243e+06)
1200          (-6.95106 -6.95106 -7.53307e+06) (-7.59528 -7.59528 -7.53283e+06) (-6.92071 -6.92071 -7.53233e+06) (-6.60733 -6.60733 -7.53161e+06) (-5.97117 -5.97117 -7.53067e+06) (-4.78776 -4.78776 -7.52957e+06) (-3.4662 -3.4662 -7.52823e+06) (-2.46684 -2.46684 -7.52694e+06) (0.0232277 0.0232277 -7.52566e+06) (2.73206 2.73206 -7.52455e+06) (4.67023 4.67023 -7.52368e+06)
1250          (-1.17441 -1.17441 -7.53257e+06) (-2.28258 -2.28258 -7.53234e+06) (-1.01108 -1.01108 -7.53189e+06) (-1.49971 -1.49971 -7.53122e+06) (-2.62672 -2.62672 -7.53038e+06) (-3.02182 -3.02182 -7.5294e+06) (-2.49223 -2.49223 -7.52822e+06) (-4.21704 -4.21704 -7.52712e+06) (-3.36408 -3.36408 -7.52607e+06) (2.15507 2.15507 -7.52517e+06) (-4.45062 -4.45062 -7.52453e+06)
1300          (-0.380389 -0.380389 -7.53243e+06) (-3.08343 -3.08343 -7.53219e+06) (0.376921 0.376921 -7.53174e+06) (-0.334538 -0.334538 -7.53109e+06) (-4.11328 -4.11328 -7.53027e+06) (-6.52473 -6.52473 -7.52931e+06) (-4.62892 -4.62891 -7.52818e+06) (-11.5644 -11.5644 -7.52712e+06) (-11.2565 -11.2565 -7.52614e+06) (4.01543 4.01543 -7.52534e+06) (-19.8646 -19.8646 -7.52482e+06)
1350          (-0.380389 -0.380389 -7.53243e+06) (-3.08343 -3.08343 -7.53219e+06) (0.376921 0.376921 -7.53174e+06) (-0.334538 -0.334538 -7.53109e+06) (-4.11328 -4.11328 -7.53027e+06) (-6.52473 -6.52473 -7.52931e+06) (-4.62892 -4.62891 -7.52818e+06) (-11.5644 -11.5644 -7.52712e+06) (-11.2565 -11.2565 -7.52614e+06) (4.01543 4.01543 -7.52534e+06) (-19.8646 -19.8646 -7.52482e+06)
1400          (-0.380389 -0.380389 -7.53243e+06) (-3.08343 -3.08343 -7.53219e+06) (0.376921 0.376921 -7.53174e+06) (-0.334538 -0.334538 -7.53109e+06) (-4.11328 -4.11328 -7.53027e+06) (-6.52473 -6.52473 -7.52931e+06) (-4.62892 -4.62891 -7.52818e+06) (-11.5644 -11.5644 -7.52712e+06) (-11.2565 -11.2565 -7.52614e+06) (4.01543 4.01543 -7.52534e+06) (-19.8646 -19.8646 -7.52482e+06)
1450          (-0.380389 -0.380389 -7.53243e+06) (-3.08343 -3.08343 -7.53219e+06) (0.376921 0.376921 -7.53174e+06) (-0.334538 -0.334538 -7.53109e+06) (-4.11328 -4.11328 -7.53027e+06) (-6.52473 -6.52473 -7.52931e+06) (-4.62892 -4.62891 -7.52818e+06) (-11.5644 -11.5644 -7.52712e+06) (-11.2565 -11.2565 -7.52614e+06) (4.01543 4.01543 -7.52534e+06) (-19.8646 -19.8646 -7.52482e+06)
1500          (-0.380389 -0.380389 -7.53243e+06) (-3.08343 -3.08343 -7.53219e+06) (0.376921 0.376921 -7.53174e+06) (-0.334538 -0.334538 -7.53109e+06) (-4.11328 -4.11328 -7.53027e+06) (-6.52473 -6.52473 -7.52931e+06) (-4.62892 -4.62891 -7.52818e+06) (-11.5644 -11.5644 -7.52712e+06) (-11.2565 -11.2565 -7.52614e+06) (4.01543 4.01543 -7.52534e+06) (-19.8646 -19.8646 -7.52482e+06)
1550          (-0.380389 -0.380389 -7.53243e+06) (-3.08343 -3.08343 -7.53219e+06) (0.376921 0.376921 -7.53174e+06) (-0.334538 -0.334538 -7.53109e+06) (-4.11328 -4.11328 -7.53027e+06) (-6.52473 -6.52473 -7.52931e+06) (-4.62892 -4.62891 -7.52818e+06) (-11.5644 -11.5644 -7.52712e+06) (-11.2565 -11.2565 -7.52614e+06) (4.01543 4.01543 -7.52534e+06) (-19.8646 -19.8646 -7.52482e+06)
1600          (-0.380389 -0.380389 -7.53243e+06) (-3.08343 -3.08343 -7.53219e+06) (0.376921 0.376921 -7.53174e+06) (-0.334538 -0.334538 -7.53109e+06) (-4.11328 -4.11328 -7.53027e+06) (-6.52473 -6.52473 -7.52931e+06) (-4.62892 -4.62891 -7.52818e+06) (-11.5644 -11.5644 -7.52712e+06) (-11.2565 -11.2565 -7.52614e+06) (4.01543 4.01543 -7.52534e+06) (-19.8646 -19.8646 -7.52482e+06)
1650          (-0.380389 -0.380389 -7.53243e+06) (-3.08343 -3.08343 -7.53219e+06) (0.376921 0.376921 -7.53174e+06) (-0.334538 -0.334538 -7.53109e+06) (-4.11328 -4.11328 -7.53027e+06) (-6.52473 -6.52473 -7.52931e+06) (-4.62892 -4.62891 -7.52818e+06) (-11.5644 -11.5644 -7.52712e+06) (-11.2565 -11.2565 -7.52614e+06) (4.01543 4.01543 -7.52534e+06) (-19.8646 -19.8646 -7.52482e+06)
1700          (-0.380389 -0.380389 -7.53243e+06) (-3.08343 -3.08343 -7.53219e+06) (0.376921 0.376921 -7.53174e+06) (-0.334538 -0.334538 -7.53109e+06) (-4.11328 -4.11328 -7.53027e+06) (-6.52473 -6.52473 -7.52931e+06) (-4.62892 -4.62891 -7.52818e+06) (-11.5644 -11.5644 -7.52712e+06) (-11.2565 -11.2565 -7.52614e+06) (4.01543 4.01543 -7.52534e+06) (-19.8646 -19.8646 -7.52482e+06)
1750          (-0.380389 -0.380389 -7.53243e+06) (-3.08343 -3.08343 -7.53219e+06) (0.376921 0.376921 -7.53174e+06) (-0.334538 -0.334538 -7.53109e+06) (-4.11328 -4.11328 -7.53027e+06) (-6.52473 -6.52473 -7.52931e+06) (-4.62892 -4.62891 -7.52818e+06) (-11.5644 -11.5644 -7.52712e+06) (-11.2565 -11.2565 -7.52614e+06) (4.01543 4.01543 -7.52534e+06) (-19.8646 -19.8646 -7.52482e+06)
1800          (-0.380389 -0.380389 -7.53243e+06) (-3.08343 -3.08343 -7.53219e+06) (0.376921 0.376921 -7.53174e+06) (-0.334538 -0.334538 -7.53109e+06) (-4.11328 -4.11328 -7.53027e+06) (-6.52473 -6.52473 -7.52931e+06) (-4.62892 -4.62891 -7.52818e+06) (-11.5644 -11.5644 -7.52712e+06) (-11.2565 -11.2565 -7.52614e+06) (4.01543 4.01543 -7.52534e+06) (-19.8646 -19.8646 -7.52482e+06)
1850          (-0.380389 -0.380389 -7.53243e+06) (-3.08343 -3.08343 -7.53219e+06) (0.376921 0.376921 -7.53174e+06) (-0.334538 -0.334538 -7.53109e+06) (-4.11328 -4.11328 -7.53027e+06) (-6.52473 -6.52473 -7.52931e+06) (-4.62892 -4.62891 -7.52818e+06) (-11.5644 -11.5644 -7.52712e+06) (-11.2565 -11.2565 -7.52614e+06) (4.01543 4.01543 -7.52534e+06) (-19.8646 -19.8646 -7.52482e+06)
1900          (-0.380389 -0.380389 -7.53243e+06) (-3.08343 -3.08343 -7.53219e+06) (0.376921 0.376921 -7.53174e+06) (-0.334538 -0.334538 -7.53109e+06) (-4.11328 -4.11328 -7.53027e+06) (-6.52473 -6.52473 -7.52931e+06) (-4.62892 -4.62891 -7.52818e+06) (-11.5644 -11.5644 -7.52712e+06) (-11.2565 -11.2565 -7.52614e+06) (4.01543 4.01543 -7.52534e+06) (-19.8646 -19.8646 -7.52482e+06)
1950          (-0.380389 -0.380389 -7.53243e+06) (-3.08343 -3.08343 -7.53219e+06) (0.376921 0.376921 -7.53174e+06) (-0.334538 -0.334538 -7.53109e+06) (-4.11328 -4.11328 -7.53027e+06) (-6.52473 -6.52473 -7.52931e+06) (-4.62892 -4.62891 -7.52818e+06) (-11.5644 -11.5644 -7.52712e+06) (-11.2565 -11.2565 -7.52614e+06) (4.01543 4.01543 -7.52534e+06) (-19.8646 -19.8646 -7.52482e+06)
2000          (-0.380389 -0.380389 -7.53243e+06) (-3.08343 -3.08343 -7.53219e+06) (0.376921 0.376921 -7.53174e+06) (-0.334538 -0.334538 -7.53109e+06) (-4.11328 -4.11328 -7.53027e+06) (-6.52473 -6.52473 -7.52931e+06) (-4.62892 -4.62891 -7.52818e+06) (-11.5644 -11.5644 -7.52712e+06) (-11.2565 -11.2565 -7.52614e+06) (4.01543 4.01543 -7.52534e+06) (-19.8646 -19.8646 -7.52482e+06)
2050          (-0.380389 -0.380389 -7.53243e+06) (-3.08343 -3.08343 -7.53219e+06) (0.376921 0.376921 -7.53174e+06) (-0.334538 -0.334538 -7.53109e+06) (-4.11328 -4.11328 -7.53027e+06) (-6.52473 -6.52473 -7.52931e+06) (-4.62892 -4.62891 -7.52818e+06) (-11.5644 -11.5644 -7.52712e+06) (-11.2565 -11.2565 -7.52614e+06) (4.01543 4.01543 -7.52534e+06) (-19.8646 -19.8646 -7.52482e+06)
2100          (-0.380389 -0.380389 -7.53243e+06) (-3.08343 -3.08343 -7.53219e+06) (0.376921 0.376921 -7.53174e+06) (-0.334538 -0.334538 -7.53109e+06) (-4.11328 -4.11328 -7.53027e+06) (-6.52473 -6.52473 -7.52931e+06) (-4.62892 -4.62891 -7.52818e+06) (-11.5644 -11.5644 -7.52712e+06) (-11.2565 -11.2565 -7.52614e+06) (4.01543 4.01543 -7.52534e+06) (-19.8646 -19.8646 -7.52482e+06)
2150          (-0.380389 -0.380389 -7.53243e+06) (-3.08343 -3.08343 -7.53219e+06) (0.376921 0.376921 -7.53174e+06) (-0.334538 -0.334538 -7.53109e+06) (-4.11328 -4.11328 -7.53027e+06) (-6.52473 -6.52473 -7.52931e+06) (-4.62892 -4.62891 -7.52818e+06) (-11.5644 -11.5644 -7.52712e+06) (-11.2565 -11.2565 -7.52614e+06) (4.01543 4.01543 -7.52534e+06) (-19.8646 -19.8646 -7.52482e+06)
2200          (-0.380389 -0.380389 -7.53243e+06) (-3.08343 -3.08343 -7.53219e+06) (0.376921 0.376921 -7.53174e+06) (-0.334538 -0.334538 -7.53109e+06) (-4.11328 -4.11328 -7.53027e+06) (-6.52473 -6.52473 -7.52931e+06) (-4.62892 -4.62891 -7.52818e+06) (-11.5644 -11.5644 -7.52712e+06) (-11.2565 -11.2565 -7.52614e+06) (4.01543 4.01543 -7.52534e+06) (-19.8646 -19.8646 -7.52482e+06)
2250          (-0.380389 -0.380389 -7.53243e+06) (-3.08343 -3.08343 -7.53219e+06) (0.376921 0.376921 -7.53174e+06) (-0.334538 -0.334538 -7.53109e+06) (-4.11328 -4.11328 -7.53027e+06) (-6.52473 -6.52473 -7.52931e+06) (-4.62892 -4.62891 -7.52818e+06) (-11.5644 -11.5644 -7.52712e+06) (-11.2565 -11.2565 -7.52614e+06) (4.01543 4.01543 -7.52534e+06) (-19.8646 -19.8646 -7.52482e+06)
2300          (-0.380389 -0.380389 -7.53243e+06) (-3.08343 -3.08343 -7.53219e+06) (0.376921 0.376921 -7.53174e+06) (-0.334538 -0.334538 -7.53109e+06) (-4.11328 -4.11328 -7.53027e+06) (-6.52473 -6.52473 -7.52931e+06) (-4.62892 -4.62891 -7.52818e+06) (-11.5644 -11.5644 -7.52712e+06) (-11.2565 -11.2565 -7.52614e+06) (4.01543 4.01543 -7.52534e+06) (-19.8646 -19.8646 -7.52482e+06)
2350          (-0.380389 -0.380389 -7.53243e+06) (-3.08343 -3.08343 -7.53219e+06) (0.376921 0.376921 -7.53174e+06) (-0.334538 -0.334538 -7.53109e+06) (-4.11328 -4.11328 -7.53027e+06) (-6.52473 -6.52473 -7.52931e+06) (-4.62892 -4.62891 -7.52818e+06) (-11.5644 -11.5644 -7.52712e+06) (-11.2565 -11.2565 -7.52614e+06) (4.01543 4.01543 -7.52534e+06) (-19.8646 -19.8646 -7.52482e+06)
2400          (-0.380389 -0.380389 -7.53243e+06) (-3.08343 -3.08343 -7.53219e+06) (0.376921 0.376921 -7.53174e+06) (-0.334538 -0.334538 -7.53109e+06) (-4.11328 -4.11328 -7.53027e+06) (-6.52473 -6.52473 -7.52931e+06) (-4.62892 -4.62891 -7.52818e+06) (-11.5644 -11.5644 -7.52712e+06) (-11.2565 -11.2565 -7.52614e+06) (4.01543 4.01543 -7.52534e+06) (-19.8646 -19.8646 -7.52482e+06)
2450          (-0.380389 -0.380389 -7.53243e+06) (-3.08343 -3.08343 -7.53219e+06) (0.376921 0.376921 -7.53174e+06) (-0.334538 -0.334538 -7.53109e+06) (-4.11328 -4.11328 -7.53027e+06) (-6.52473 -6.52473 -7.52931e+06) (-4.62892 -4.62891 -7.52818e+06) (-11.5644 -11.5644 -7.52712e+06) (-11.2565 -11.2565 -7.52614e+06) (4.01543 4.01543 -7.52534e+06) (-19.8646 -19.8646 -7.52482e+06)
2500          (-0.380389 -0.380389 -7.53243e+06) (-3.08343 -3.08343 -7.53219e+06) (0.376921 0.376921 -7.53174e+06) (-0.334538 -0.334538 -7.53109e+06) (-4.11328 -4.11328 -7.53027e+06) (-6.52473 -6.52473 -7.52931e+06) (-4.62892 -4.62891 -7.52818e+06) (-11.5644 -11.5644 -7.52712e+06) (-11.2565 -11.2565 -7.52614e+06) (4.01543 4.01543 -7.52534e+06) (-19.8646 -19.8646 -7.52482e+06)
2550          (-0.380389 -0.380389 -7.53243e+06) (-3.08343 -3.08343 -7.53219e+06) (0.376921 0.376921 -7.53174e+06) (-0.334538 -0.334538 -7.53109e+06) (-4.11328 -4.11328 -7.53027e+06) (-6.52473 -6.52473 -7.52931e+06) (-4.62892 -4.62891 -7.52818e+06) (-11.5644 -11.5644 -7.52712e+06) (-11.2565 -11.2565 -7.52614e+06) (4.01543 4.01543 -7.52534e+06) (-19.8646 -19.8646 -7.52482e+06)
2600          (-0.380389 -0.380389 -7.53243e+06) (-3.08343 -3.08343 -7.53219e+06) (0.376921 0.376921 -7.53174e+06) (-0.334538 -0.334538 -7.53109e+06) (-4.11328 -4.11328 -7.53027e+06) (-6.52473 -6.52473 -7.52931e+06) (-4.62892 -4.62891 -7.52818e+06) (-11.5644 -11.5644 -7.52712e+06) (-11.2565 -11.2565 -7.52614e+06) (4.01543 4.01543 -7.52534e+06) (-19.8646 -19.8646 -7.52482e+06)
2650          (-0.380389 -0.380389 -7.53243e+06) (-3.08343 -3.08343 -7.53219e+06) (0.376921 0.376921 -7.53174e+06) (-0.334538 -0.334538 -7.53109e+06) (-4.11328 -4.11328 -7.53027e+06) (-6.52473 -6.52473 -7.52931e+06) (-4.62892 -4.62891 -7.52818e+06) (-11.5644 -11.5644 -7.52712e+06) (-11.2565 -11.2565 -7.52614e+06) (4.01543 4.01543 -7.52534e+06) (-19.8646 -19.8646 -7.52482e+06)
2700          (-0.380389 -0.380389 -7.53243e+06) (-3.08343 -3.08343 -7.53219e+06) (0.376921 0.376921 -7.53174e+06) (-0.334538 -0.334538 -7.53109e+06) (-4.11328 -4.11328 -7.53027e+06) (-6.52473 -6.52473 -7.52931e+06) (-4.62892 -4.62891 -7.52818e+06) (-11.5644 -11.5644 -7.52712e+06) (-11.2565 -11.2565 -7.52614e+06) (4.01543 4.01543 -7.52534e+06) (-19.8646 -19.8646 -7.52482e+06)
2750          (-0.380389 -0.380389 -7.53243e+06) (-3.08343 -3.08343 -7.53219e+06) (0.376921 0.376921 -7.53174e+06) (-0.334538 -0.334538 -7.53109e+06) (-4.11328 -4.11328 -7.53027e+06) (-6.52473 -6.52473 -7.52931e+06) (-4.62892 -4.62891 -7.52818e+06) (-11.5644 -11.5644 -7.52712e+06) (-11.2565 -11.2565 -7.52614e+06) (4.01543 4.01543 -7.52534e+06) (-19.8646 -19.8646 -7.52482e+06)
2800          (-0.380389 -0.380389 -7.53243e+06) (-3.08343 -3.08343 -7.53219e+06) (0.376921 0.376921 -7.53174e+06) (-0.334538 -0.334538 -7.53109e+06) (-4.11328 -4.11328 -7.53027e+06) (-6.52473 -6.52473 -7.52931e+06) (-4.62892 -4.62891 -7.52818e+06) (-11.5644 -11.5644 -7.52712e+06) (-11.2565 -11.2565 -7.52614e+06) (4.01543 4.01543 -7.52534e+06) (-19.8646 -19.8646 -7.52482e+06)
2850          (-0.380389 -0.380389 -7.53243e+06) (-3.08343 -3.08343 -7.53219e+06) (0.376921 0.376921 -7.53174e+06) (-0.334538 -0.334538 -7.53109e+06) (-4.11328 -4.11328 -7.53027e+06) (-6.52473 -6.52473 -7.52931e+06) (-4.62892 -4.62891 -7.52818e+06) (-11.5644 -11.5644 -7.52712e+06) (-11.2565 -11.2565 -7.52614e+06) (4.01543 4.01543 -7.52534e+06) (-19.8646 -19.8646 -7.52482e+06)
2900          (-0.380389 -0.380389 -7.53243e+06) (-3.08343 -3.08343 -7.53219e+06) (0.376921 0.376921 -7.53174e+06) (-0.334538 -0.334538 -7.53109e+06) (-4.11328 -4.11328 -7.53027e+06) (-6.52473 -6.52473 -7.52931e+06) (-4.62892 -4.62891 -7.52818e+06) (-11.5644 -11.5644 -7.52712e+06) (-11.2565 -11.2565 -7.52614e+06) (4.01543 4.01543 -7.52534e+06) (-19.8646 -19.8646 -7.52482e+06)
2950          (-0.380389 -0.380389 -7.53243e+06) (-3.08343 -3.08343 -7.53219e+06) (0.376921 0.376921 -7.53174e+06) (-0.334538 -0.334538 -7.53109e+06) (-4.11328 -4.11328 -7.53027e+06) (-6.52473 -6.52473 -7.52931e+06) (-4.62892 -4.62891 -7.52818e+06) (-11.5644 -11.5644 -7.52712e+06) (-11.2565 -11.2565 -7.52614e+06) (4.01543 4.01543 -7.52534e+06) (-19.8646 -19.8646 -7.52482e+06)
3000          (-0.380389 -0.380389 -7.53243e+06) (-3.08343 -3.08343 -7.53219e+06) (0.376921 0.376921 -7.53174e+06) (-0.334538 -0.334538 -7.53109e+06) (-4.11328 -4.11328 -7.53027e+06) (-6.52473 -6.52473 -7.52931e+06) (-4.62892 -4.62891 -7.52818e+06) (-11.5644 -11.5644 -7.52712e+06) (-11.2565 -11.2565 -7.52614e+06) (4.01543 4.01543 -7.52534e+06) (-19.8646 -19.8646 -7.52482e+06)
3050          (-0.380389 -0.380389 -7.53243e+06) (-3.08343 -3.08343 -7.53219e+06) (0.376921 0.376921 -7.53174e+06) (-0.334538 -0.334538 -7.53109e+06) (-4.11328 -4.11328 -7.53027e+06) (-6.52473 -6.52473 -7.52931e+06) (-4.62892 -4.62891 -7.52818e+06) (-11.5644 -11.5644 -7.52712e+06) (-11.2565 -11.2565 -7.52614e+06) (4.01543 4.01543 -7.52534e+06) (-19.8646 -19.8646 -7.52482e+06)
3100          (-0.380389 -0.380389 -7.53243e+06) (-3.08343 -3.08343 -7.53219e+06) (0.376921 0.376921 -7.53174e+06) (-0.334538 -0.334538 -7.53109e+06) (-4.11328 -4.11328 -7.53027e+06) (-6.52473 -6.52473 -7.52931e+06) (-4.62892 -4.62891 -7.52818e+06) (-11.5644 -11.5644 -7.52712e+06) (-11.2565 -11.2565 -7.52614e+06) (4.01543 4.01543 -7.52534e+06) (-19.8646 -19.8646 -7.52482e+06)
3150          (-0.380389 -0.380389 -7.53243e+06) (-3.08343 -3.08343 -7.53219e+06) (0.376921 0.376921 -7.53174e+06) (-0.334538 -0.334538 -7.53109e+06) (-4.11328 -4.11328 -7.53027e+06) (-6.52473 -6.52473 -7.52931e+06) (-4.62892 -4.62891 -7.52818e+06) (-11.5644 -11.5644 -7.52712e+06) (-11.2565 -11.2565 -7.52614e+06) (4.01543 4.01543 -7.52534e+06) (-19.8646 -19.8646 -7.52482e+06)
3200          (-0.380389 -0.380389 -7.53243e+06) (-3.08343 -3.08343 -7.53219e+06) (0.376921 0.376921 -7.53174e+06) (-0.334538 -0.334538 -7.53109e+06) (-4.11328 -4.11328 -7.53027e+06) (-6.52473 -6.52473 -7.52931e+06) (-4.62892 -4.62891 -7.52818e+06) (-11.5644 -11.5644 -7.52712e+06) (-11.2565 -11.2565 -7.52614e+06) (4.01543 4.01543 -7.52534e+06) (-19.8646 -19.8646 -7.52482e+06)
3250          (-0.380389 -0.380389 -7.53243e+06) (-3.08343 -3.08343 -7.53219e+06) (0.376921 0.376921 -7.53174e+06) (-0.334538 -0.334538 -7.53109e+06) (-4.11328 -4.11328 -7.53027e+06) (-6.52473 -6.52473 -7.52931e+06) (-4.62892 -4.62891 -7.52818e+06) (-11.5644 -11.5644 -7.52712e+06) (-11.2565 -11.2565 -7.52614e+06) (4.01543 4.01543 -7.52534e+06) (-19.8646 -19.8646 -7.52482e+06)
3300          (-0.380389 -0.380389 -7.53243e+06) (-3.08343 -3.08343 -7.53219e+06) (0.376921 0.376921 -7.53174e+06) (-0.334538 -0.334538 -7.53109e+06) (-4.11328 -4.11328 -7.53027e+06) (-6.52473 -6.52473 -7.52931e+06) (-4.62892 -4.62891 -7.52818e+06) (-11.5644 -11.5644 -7.52712e+06) (-11.2565 -11.2565 -7.52614e+06) (4.01543 4.01543 -7.52534e+06) (-19.8646 -19.8646 -7.52482e+06)
3350          (-0.380389 -0.380389 -7.53243e+06) (-3.08343 -3.08343 -7.53219e+06) (0.376921 0.376921 -7.53174e+06) (-0.334538 -0.334538 -7.53109e+06) (-4.11328 -4.11328 -7.53027e+06) (-6.52473 -6.52473 -7.52931e+06) (-4.62892 -4.62891 -7.52818e+06) (-11.5644 -11.5644 -7.52712e+06) (-11.2565 -11.2565 -7.52614e+06) (4.01543 4.01543 -7.52534e+06) (-19.8646 -19.8646 -7.52482e+06)
3400          (-0.380389 -0.380389 -7.53243e+06) (-3.08343 -3.08343 -7.53219e+06) (0.376921 0.376921 -7.53174e+06) (-0.334538 -0.334538 -7.53109e+06) (-4.11328 -4.11328 -7.53027e+06) (-6.52473 -6.52473 -7.52931e+06) (-4.62892 -4.62891 -7.52818e+06) (-11.5644 -11.5644 -7.52712e+06) (-11.2565 -11.2565 -7.52614e+06) (4.01543 4.01543 -7.52534e+06) (-19.8646 -19.8646 -7.52482e+06)
3450          (-0.380389 -0.380389 -7.53243e+06) (-3.08343 -3.08343 -7.53219e+06) (0.376921 0.376921 -7.53174e+06) (-0.334538 -0.334538 -7.53109e+06) (-4.11328 -4.11328 -7.53027e+06) (-6.52473 -6.52473 -7.52931e+06) (-4.62892 -4.62891 -7.52818e+06) (-11.5644 -11.5644 -7.52712e+06) (-11.2565 -11.2565 -7.52614e+06) (4.01543 4.01543 -7.52534e+06) (-19.8646 -19.8646 -7.52482e+06)
3500          (-0.380389 -0.380389 -7.53243e+06) (-3.08343 -3.08343 -7.53219e+06) (0.376921 0.376921 -7.53174e+06) (-0.334538 -0.334538 -7.53109e+06) (-4.11328 -4.11328 -7.53027e+06) (-6.52473 -6.52473 -7.52931e+06) (-4.62892 -4.62891 -7.52818e+06) (-11.5644 -11.5644 -7.52712e+06) (-11.2565 -11.2565 -7.52614e+06) (4.01543 4.01543 -7.52534e+06) (-19.8646 -19.8646 -7.52482e+06)
3550          (-0.380389 -0.380389 -7.53243e+06) (-3.08343 -3.08343 -7.53219e+06) (0.376921 0.376921 -7.53174e+06) (-0.334538 -0.334538 -7.53109e+06) (-4.11328 -4.11328 -7.53027e+06) (-6.52473 -6.52473 -7.52931e+06) (-4.62892 -4.62891 -7.52818e+06) (-11.5644 -11.5644 -7.52712e+06) (-11.2565 -11.2565 -7.52614e+06) (4.01543 4.01543 -7.52534e+06) (-19.8646 -19.8646 -7.52482e+06)
3600          (-0.380389 -0.380389 -7.53243e+06) (-3.08343 -3.08343 -7.53219e+06) (0.376921 0.376921 -7.53174e+06) (-0.334538 -0.334538 -7.53109e+06) (-4.11328 -4.11328 -7.53027e+06) (-6.52473 -6.52473 -7.52931e+06) (-4.62892 -4.62891 -7.52818e+06) (-11.5644 -11.5644 -7.52712e+06) (-11.2565 -11.2565 -7.52614e+06) (4.01543 4.01543 -7.52534e+06) (-19.8646 -19.8646 -7.52482e+06)
3650          (-0.380389 -0.380389 -7.53243e+06) (-3.08343 -3.08343 -7.53219e+06) (0.376921 0.376921 -7.53174e+06) (-0.334538 -0.334538 -7.53109e+06) (-4.11328 -4.11328 -7.53027e+06) (-6.52473 -6.52473 -7.52931e+06) (-4.62892 -4.62891 -7.52818e+06) (-11.5644 -11.5644 -7.52712e+06) (-11.2565 -11.2565 -7.52614e+06) (4.01543 4.01543 -7.52534e+06) (-19.8646 -19.8646 -7.52482e+06)
3700          (-0.380389 -0.380389 -7.53243e+06) (-3.08343 -3.08343 -7.53219e+06) (0.376921 0.376921 -7.53174e+06) (-0.334538 -0.334538 -7.53109e+06) (-4.11328 -4.11328 -7.53027e+06) (-6.52473 -6.52473 -7.52931e+06) (-4.62892 -4.62891 -7.52818e+06) (-11.5644 -11.5644 -7.52712e+06) (-11.2565 -11.2565 -7.52614e+06) (4.01543 4.01543 -7.52534e+06) (-19.8646 -19.8646 -7.52482e+06)
3750          (-0.380389 -0.380389 -7.53243e+06) (-3.08343 -3.08343 -7.53219e+06) (0.376921 0.376921 -7.53174e+06) (-0.334538 -0.334538 -7.53109e+06) (-4.11328 -4.11328 -7.53027e+06) (-6.52473 -6.52473 -7.52931e+06) (-4.62892 -4.62891 -7.52818e+06) (-11.5644 -11.5644 -7.52712e+06) (-11.2565 -11.2565 -7.52614e+06) (4.01543 4.01543 -7.52534e+06) (-19.8646 -19.8646 -7.52482e+06)
3800          (-0.380389 -0.380389 -7.53243e+06) (-3.08343 -3.08343 -7.53219e+06) (0.376921 0.376921 -7.53174e+06) (-0.334538 -0.334538 -7.53109e+06) (-4.11328 -4.11328 -7.53027e+06) (-6.52473 -6.52473 -7.52931e+06) (-4.62892 -4.62891 -7.52818e+06) (-11.5644 -11.5644 -7.52712e+06) (-11.2565 -11.2565 -7.52614e+06) (4.01543 4.01543 -7.52534e+06) (-19.8646 -19.8646 -7.52482e+06)
3850          (-0.380389 -0.380389 -7.53243e+06) (-3.08343 -3.08343 -7.53219e+06) (0.376921 0.376921 -7.53174e+06) (-0.334538 -0.334538 -7.53109e+06) (-4.11328 -4.11328 -7.53027e+06) (-6.52473 -6.52473 -7.52931e+06) (-4.62892 -4.62891 -7.52818e+06) (-11.5644 -11.5644 -7.52712e+06) (-11.2565 -11.2565 -7.52614e+06) (4.01543 4.01543 -7.52534e+06) (-19.8646 -19.8646 -7.52482e+06)
3900          (-0.380389 -0.380389 -7.53243e+06) (-3.08343 -3.08343 -7.53219e+06) (0.376921 0.376921 -7.53174e+06) (-0.334538 -0.334538 -7.53109e+06) (-4.11328 -4.11328 -7.53027e+06) (-6.52473 -6.52473 -7.52931e+06) (-4.62892 -4.62891 -7.52818e+06) (-11.5644 -11.5644 -7.52712e+06) (-11.2565 -11.2565 -7.52614e+06) (4.01543 4.01543 -7.52534e+06) (-19.8646 -19.8646 -7.52482e+06)
3950          (-0.380389 -0.380389 -7.53243e+06) (-3.08343 -3.08343 -7.53219e+06) (0.376921 0.376921 -7.53174e+06) (-0.334538 -0.334538 -7.53109e+06) (-4.11328 -4.11328 -7.53027e+06) (-6.52473 -6.52473 -7.52931e+06) (-4.62892 -4.62891 -7.52818e+06) (-11.5644 -11.5644 -7.52712e+06) (-11.2565 -11.2565 -7.52614e+06) (4.01543 4.01543 -7.52534e+06) (-19.8646 -19.8646 -7.52482e+06)
4000          (-0.380389 -0.380389 -7.53243e+06) (-3.08343 -3.08343 -7.53219e+06) (0.376921 0.376921 -7.53174e+06) (-0.334538 -0.334538 -7.53109e+06) (-4.11328 -4.11328 -7.53027e+06) (-6.52473 -6.52473 -7.52931e+06) (-4.62892 -4.62891 -7.52818e+06) (-11.5644 -11.5644 -7.52712e+06) (-11.2565 -11.2565 -7.52614e+06) (4.01543 4.01543 -7.52534e+06) (-19.8646 -19.8646 -7.52482e+06)
4050          (-0.380389 -0.380389 -7.53243e+06) (-3.08343 -3.08343 -7.53219e+06) (0.376921 0.376921 -7.53174e+06) (-0.334538 -0.334538 -7.53109e+06) (-4.11328 -4.11328 -7.53027e+06) (-6.52473 -6.52473 -7.52931e+06) (-4.62892 -4.62891 -7.52818e+06) (-11.5644 -11.5644 -7.52712e+06) (-11.2565 -11.2565 -7.52614e+06) (4.01543 4.01543 -7.52534e+06) (-19.8646 -19.8646 -7.52482e+06)
4100          (-0.380389 -0.380389 -7.53243e+06) (-3.08343 -3.08343 -7.53219e+06) (0.376921 0.376921 -7.53174e+06) (-0.334538 -0.334538 -7.53109e+06) (-4.11328 -4.11328 -7.53027e+06) (-6.52473 -6.52473 -7.52931e+06) (-4.62892 -4.62891 -7.52818e+06) (-11.5644 -11.5644 -7.52712e+06) (-11.2565 -11.2565 -7.52614e+06) (4.01543 4.01543 -7.52534e+06) (-19.8646 -19.8646 -7.52482e+06)
4150          (-0.380389 -0.380389 -7.53243e+06) (-3.08343 -3.08343 -7.53219e+06) (0.376921 0.376921 -7.53174e+06) (-0.334538 -0.334538 -7.53109e+06) (-4.11328 -4.11328 -7.53027e+06) (-6.52473 -6.52473 -7.52931e+06) (-4.62892 -4.62891 -7.52818e+06) (-11.5644 -11.5644 -7.52712e+06) (-11.2565 -11.2565 -7.52614e+06) (4.01543 4.01543 -7.52534e+06) (-19.8646 -19.8646 -7.52482e+06)
4200          (-0.380389 -0.380389 -7.53243e+06) (-3.08343 -3.08343 -7.53219e+06) (0.376921 0.376921 -7.53174e+06) (-0.334538 -0.334538 -7.53109e+06) (-4.11328 -4.11328 -7.53027e+06) (-6.52473 -6.52473 -7.52931e+06) (-4.62892 -4.62891 -7.52818e+06) (-11.5644 -11.5644 -7.52712e+06) (-11.2565 -11.2565 -7.52614e+06) (4.01543 4.01543 -7.52534e+06) (-19.8646 -19.8646 -7.52482e+06)
4250          (-0.380389 -0.380389 -7.53243e+06) (-3.08343 -3.08343 -7.53219e+06) (0.376921 0.376921 -7.53174e+06) (-0.334538 -0.334538 -7.53109e+06) (-4.11328 -4.11328 -7.53027e+06) (-6.52473 -6.52473 -7.52931e+06) (-4.62892 -4.62891 -7.52818e+06) (-11.5644 -11.5644 -7.52712e+06) (-11.2565 -11.2565 -7.52614e+06) (4.01543 4.01543 -7.52534e+06) (-19.8646 -19.8646 -7.52482e+06)
4300          (-0.380389 -0.380389 -7.53243e+06) (-3.08343 -3.08343 -7.53219e+06) (0.376921 0.376921 -7.53174e+06) (-0.334538 -0.334538 -7.53109e+06) (-4.11328 -4.11328 -7.53027e+06) (-6.52473 -6.52473 -7.52931e+06) (-4.62892 -4.62891 -7.52818e+06) (-11.5644 -11.5644 -7.52712e+06) (-11.2565 -11.2565 -7.52614e+06) (4.01543 4.01543 -7.52534e+06) (-19.8646 -19.8646 -7.52482e+06)
4350          (-0.380389 -0.380389 -7.53243e+06) (-3.08343 -3.08343 -7.53219e+06) (0.376921 0.376921 -7.53174e+06) (-0.334538 -0.334538 -7.53109e+06) (-4.11328 -4.11328 -7.53027e+06) (-6.52473 -6.52473 -7.52931e+06) (-4.62892 -4.62891 -7.52818e+06) (-11.5644 -11.5644 -7.52712e+06) (-11.2565 -11.2565 -7.52614e+06) (4.01543 4.01543 -7.52534e+06) (-19.8646 -19.8646 -7.52482e+06)
4400          (-0.380389 -0.380389 -7.53243e+06) (-3.08343 -3.08343 -7.53219e+06) (0.376921 0.376921 -7.53174e+06) (-0.334538 -0.334538 -7.53109e+06) (-4.11328 -4.11328 -7.53027e+06) (-6.52473 -6.52473 -7.52931e+06) (-4.62892 -4.62891 -7.52818e+06) (-11.5644 -11.5644 -7.52712e+06) (-11.2565 -11.2565 -7.52614e+06) (4.01543 4.01543 -7.52534e+06) (-19.8646 -19.8646 -7.52482e+06)
4450          (-0.380389 -0.380389 -7.53243e+06) (-3.08343 -3.08343 -7.53219e+06) (0.376921 0.376921 -7.53174e+06) (-0.334538 -0.334538 -7.53109e+06) (-4.11328 -4.11328 -7.53027e+06) (-6.52473 -6.52473 -7.52931e+06) (-4.62892 -4.62891 -7.52818e+06) (-11.5644 -11.5644 -7.52712e+06) (-11.2565 -11.2565 -7.52614e+06) (4.01543 4.01543 -7.52534e+06) (-19.8646 -19.8646 -7.52482e+06)
4500          (-0.380389 -0.380389 -7.53243e+06) (-3.08343 -3.08343 -7.53219e+06) (0.376921 0.376921 -7.53174e+06) (-0.334538 -0.334538 -7.53109e+06) (-4.11328 -4.11328 -7.53027e+06) (-6.52473 -6.52473 -7.52931e+06) (-4.62892 -4.62891 -7.52818e+06) (-11.5644 -11.5644 -7.52712e+06) (-11.2565 -11.2565 -7.52614e+06) (4.01543 4.01543 -7.52534e+06) (-19.8646 -19.8646 -7.52482e+06)
4550          (-0.380389 -0.380389 -7.53243e+06) (-3.08343 -3.08343 -7.53219e+06) (0.376921 0.376921 -7.53174e+06) (-0.334538 -0.334538 -7.53109e+06) (-4.11328 -4.11328 -7.53027e+06) (-6.52473 -6.52473 -7.52931e+06) (-4.62892 -4.62891 -7.52818e+06) (-11.5644 -11.5644 -7.52712e+06) (-11.2565 -11.2565 -7.52614e+06) (4.01543 4.01543 -7.52534e+06) (-19.8646 -19.8646 -7.52482e+06)
4600          (-0.380389 -0.380389 -7.53243e+06) (-3.08343 -3.08343 -7.53219e+06) (0.376921 0.376921 -7.53174e+06) (-0.334538 -0.334538 -7.53109e+06) (-4.11328 -4.11328 -7.53027e+06) (-6.52473 -6.52473 -7.52931e+06) (-4.62892 -4.62891 -7.52818e+06) (-11.5644 -11.5644 -7.52712e+06) (-11.2565 -11.2565 -7.52614e+06) (4.01543 4.01543 -7.52534e+06) (-19.8646 -19.8646 -7.52482e+06)
4650          (-0.380389 -0.380389 -7.53243e+06) (-3.08343 -3.08343 -7.53219e+06) (0.376921 0.376921 -7.53174e+06) (-0.334538 -0.334538 -7.53109e+06) (-4.11328 -4.11328 -7.53027e+06) (-6.52473 -6.52473 -7.52931e+06) (-4.62892 -4.62891 -7.52818e+06) (-11.5644 -11.5644 -7.52712e+06) (-11.2565 -11.2565 -7.52614e+06) (4.01543 4.01543 -7.52534e+06) (-19.8646 -19.8646 -7.52482e+06)
4700          (-0.380389 -0.380389 -7.53243e+06) (-3.08343 -3.08343 -7.53219e+06) (0.376921 0.376921 -7.53174e+06) (-0.334538 -0.334538 -7.53109e+06) (-4.11328 -4.11328 -7.53027e+06) (-6.52473 -6.52473 -7.52931e+06) (-4.62892 -4.62891 -7.52818e+06) (-11.5644 -11.5644 -7.52712e+06) (-11.2565 -11.2565 -7.52614e+06) (4.01543 4.01543 -7.52534e+06) (-19.8646 -19.8646 -7.52482e+06)
4750          (-0.380389 -0.380389 -7.53243e+06) (-3.08343 -3.08343 -7.53219e+06) (0.376921 0.376921 -7.53174e+06) (-0.334538 -0.334538 -7.53109e+06) (-4.11328 -4.11328 -7.53027e+06) (-6.52473 -6.52473 -7.52931e+06) (-4.62892 -4.62891 -7.52818e+06) (-11.5644 -11.5644 -7.52712e+06) (-11.2565 -11.2565 -7.52614e+06) (4.01543 4.01543 -7.52534e+06) (-19.8646 -19.8646 -7.52482e+06)
4800          (-0.380389 -0.380389 -7.53243e+06) (-3.08343 -3.08343 -7.53219e+06) (0.376921 0.376921 -7.53174e+06) (-0.334538 -0.334538 -7.53109e+06) (-4.11328 -4.11328 -7.53027e+06) (-6.52473 -6.52473 -7.52931e+06) (-4.62892 -4.62891 -7.52818e+06) (-11.5644 -11.5644 -7.52712e+06) (-11.2565 -11.2565 -7.52614e+06) (4.01543 4.01543 -7.52534e+06) (-19.8646 -19.8646 -7.52482e+06)
4850          (-0.380389 -0.380389 -7.53243e+06) (-3.08343 -3.08343 -7.53219e+06) (0.376921 0.376921 -7.53174e+06) (-0.334538 -0.334538 -7.53109e+06) (-4.11328 -4.11328 -7.53027e+06) (-6.52473 -6.52473 -7.52931e+06) (-4.62892 -4.62891 -7.52818e+06) (-11.5644 -11.5644 -7.52712e+06) (-11.2565 -11.2565 -7.52614e+06) (4.01543 4.01543 -7.52534e+06) (-19.8646 -19.8646 -7.52482e+06)
4900          (-0.380389 -0.380389 -7.53243e+06) (-3.08343 -3.08343 -7.53219e+06) (0.376921 0.376921 -7.53174e+06) (-0.334538 -0.334538 -7.53109e+06) (-4.11328 -4.11328 -7.53027e+06) (-6.52473 -6.52473 -7.52931e+06) (-4.62892 -4.62891 -7.52818e+06) (-11.5644 -11.5644 -7.52712e+06) (-11.2565 -11.2565 -7.52614e+06) (4.01543 4.01543 -7.52534e+06) (-19.8646 -19.8646 -7.52482e+06)
4950          (-0.380389 -0.380389 -7.53243e+06) (-3.08343 -3.08343 -7.53219e+06) (0.376921 0.376921 -7.53174e+06) (-0.334538 -0.334538 -7.53109e+06) (-4.11328 -4.11328 -7.53027e+06) (-6.52473 -6.52473 -7.52931e+06) (-4.62892 -4.62891 -7.52818e+06) (-11.5644 -11.5644 -7.52712e+06) (-11.2565 -11.2565 -7.52614e+06) (4.01543 4.01543 -7.52534e+06) (-19.8646 -19.8646 -7.52482e+06)
5000          (-0.380389 -0.380389 -7.53243e+06) (-3.08343 -3.08343 -7.53219e+06) (0.376921 0.376921 -7.53174e+06) (-0.334538 -0.334538 -7.53109e+06) (-4.11328 -4.11328 -7.53027e+06) (-6.52473 -6.52473 -7.52931e+06) (-4.62892 -4.62891 -7.52818e+06) (-11.5644 -11.5644 -7.52712e+06) (-11.2565 -11.2565 -7.52614e+06) (4.01543 4.01543 -7.52534e+06) (-19.8646 -19.8646 -7.52482e+06)
