# Probe 0 (0.0015 0.0015 0)
# Probe 1 (0.0015 0.0015 0.002)
# Probe 2 (0.0015 0.0015 0.004)
# Probe 3 (0.0015 0.0015 0.006)
# Probe 4 (0.0015 0.0015 0.008)
# Probe 5 (0.0015 0.0015 0.01)
# Probe 6 (0.0015 0.0015 0.012)
# Probe 7 (0.0015 0.0015 0.014)
# Probe 8 (0.0015 0.0015 0.016)
# Probe 9 (0.0015 0.0015 0.018)
# Probe 10 (0.0015 0.0015 0.02)
# Time        0             1             2             3             4             5             6             7             8             9             10           
50            165723        102428        70560.7       58203.6       53701.8       52035.5       51183.9       50106.4       47651.3       41631.3       27878.6      
100           182761        128686        88965.4       67739.1       57869.7       53438.2       51050.9       48740.7       44913.3       37727.2       25142.6      
150           190825        144653        105043        78839.4       64015.3       56212.9       51700.4       47900.8       42927.8       35209.1       23608.2      
200           195692        154982        117471        89357.6       70935.6       59862.4       52968.7       47535.6       41525.7       33484.2       22625.5      
250           199028        162271        127017        98546.7       77873.5       64050.6       54814.3       47697.7       40671.1       32323.9       21972.5      
300           201483        167723        134492        106331        84377.2       68446.5       57105.3       48349         40302.7       31596.2       21546.2      
350           203378        171970        140481        112886        90263.1       72802.9       59686.4       49410.4       40352         31216.2       21289.5      
400           204886        175377        145376        118425        95503.1       76970.3       62418.2       50786.5       40746.4       31120.1       21168.3      
450           206117        178167        149443        123144        100144        80874.7       65191.6       52386.6       41419.3       31255.4       21154.7      
500           207138        180494        152870        127198        104253        84490.9       67931.6       54131.4       42306.3       31578         21229.3      
550           208000        182463        155796        130711        107901        87820         70589         55956.3       43351.2       32048.9       21374.9      
600           208736        184150        158320        133781        111154        90877.6       73135.7       57811.7       44505.8       32633.4       21576        
650           209373        185611        160520        136486        114067        93683.8       75555.4       59660         45729.3       33301.3       21819.9      
700           209928        186889        162454        138885        116688        96260.4       77841.2       61473.5       46988.3       34026.2       22094.7      
750           210417        188016        164168        141028        119056        98628.6       79991.8       63232.6       48255.9       34785.8       22390.5      
800           210851        189018        165697        142952        121205        100808        82009.1       64923.7       49510.7       35561         22698.2      
850           211240        189914        167071        144691        123163        102817        83897.6       66538.3       50736.4       36336         23011.4      
900           211589        190721        168309        146267        124950        104669        85661.3       68071         51922.6       37101.1       23324.1      
950           211903        191449        169432        147700        126585        106377        87306.2       69519.5       53061         37846.8       23631.5      
1000          212189        192111        170453        149009        128086        107955        88838.3       70882.9       54145.4       38565.6       23930.1      
1050          212448        192713        171386        150207        129465        109414        90263.8       72161.9       55172.2       39252.6       24217.2      
1100          212686        193265        172239        151306        130734        110761        91588.5       73358.3       56139.6       39904.5       24490.9      
1150          212902        193769        173021        152316        131903        112008        92818.5       74474.6       57047.3       40519.7       24750.1      
1200          213103        194233        173740        153246        132982        113160        93959.3       75514         57896.1       41097.3       24994.2      
1250          213285        194658        174402        154102        133976        114225        95016.5       76480         58687.6       41637.8       25223        
1300          213455        195051        175011        154891        134894        115209        95995.3       77376.4       59423.8       42141.7       25436.7      
1350          213609        195410        175573        155618        135741        116118        96901         78207.1       60107.3       42610.3       25635.7      
1400          213754        195745        176089        156289        136523        116958        97738.2       78975.9       60740.7       43045.2       25820.6      
1450          213883        196050        176567        156908        137244        117733        98511.8       79686.8       61326.8       43448.1       25992        
1500          214008        196335        177007        157479        137910        118449        99225.9       80343.5       61868.6       43820.6       26150.5      
1550          214116        196593        177413        158006        138524        119109        99885         80949.6       62368.8       44164.8       26297        
1600          214224        196837        177786        158490        139090        119718        100493        81508.6       62830.3       44482.4       26432.2      
1650          214315        197054        178133        158939        139611        120279        101053        82023.8       63255.6       44775.1       26556.9      
1700          214407        197264        178450        159350        140092        120796        101569        82498.6       63647.6       45045         26672        
1750          214484        197447        178743        159731        140535        121272        102044        82935.8       64008.4       45293.2       26777.6      
1800          214564        197626        179013        160080        140943        121711        102482        83338.1       64340.5       45521.8       26874.9      
1850          214628        197781        179262        160404        141319        122115        102885        83708.5       64646.1       45732.1       26964.5      
1900          214695        197933        179490        160699        141665        122486        103255        84049.1       64927.1       45925.4       27046.9      
1950          214750        198064        179701        160974        141983        122828        103596        84362.4       65185.5       46103         27122.4      
2000          214807        198193        179895        161224        142276        123143        103910        84650.4       65423         46266.6       27192.2      
2050          214852        198303        180074        161456        142545        123432        104198        84915         65641.2       46416.6       27256        
2100          214901        198413        180238        161668        142793        123698        104463        85158.3       65841.7       46554.4       27314.6      
2150          214940        198506        180389        161864        143020        123942        104706        85381.7       66025.9       46681.1       27368.7      
2200          214982        198600        180528        162043        143229        124167        104930        85587.2       66195.2       46797.6       27418.4      
2250          215014        198678        180655        162209        143422        124373        105135        85775.6       66350.4       46904.1       27463.5      
2300          215050        198758        180772        162360        143598        124562        105324        85948.9       66493.2       47002.4       27505.6      
2350          215076        198822        180880        162501        143761        124736        105497        86107.8       66624.1       47092.3       27543.8      
2400          215106        198890        180980        162628        143909        124896        105656        86253.6       66744.1       47174.7       27578.7      
2450          215129        198945        181069        162746        144047        125043        105802        86387.6       66854.4       47250.5       27610.9      
2500          215155        199003        181154        162853        144172        125178        105937        86510.6       66955.8       47320.2       27640.8      
2550          215173        199048        181230        162953        144287        125301        106059        86623.4       67048.6       47384         27667.9      
2600          215196        199097        181300        163043        144393        125415        106172        86726.9       67133.9       47442.5       27692.9      
2650          215210        199135        181365        163128        144490        125519        106276        86821.9       67212         47496.2       27715.6      
2700          215230        199177        181424        163204        144579        125614        106371        86908.9       67283.7       47545.4       27736.6      
2750          215241        199207        181478        163275        144661        125702        106458        86988.8       67349.4       47590.5       27755.7      
2800          215260        199244        181528        163338        144736        125782        106538        87061.9       67409.6       47631.9       27773.4      
2850          215269        199269        181574        163398        144805        125856        106611        87129.1       67464.8       47669.7       27789.4      
2900          215284        199301        181616        163451        144868        125923        106678        87190.7       67515.5       47704.6       27804.4      
2950          215290        199321        181654        163502        144926        125985        106740        87247.2       67562         47736.5       27817.9      
3000          215304        199348        181689        163547        144979        126042        106796        87298.8       67604.5       47765.7       27830.3      
3050          215310        199365        181722        163590        145027        126094        106848        87346.5       67643.7       47792.6       27841.7      
3100          215321        199388        181751        163627        145072        126142        106896        87390         67679.6       47817.2       27852.3      
3150          215325        199401        181779        163663        145113        126186        106939        87429.9       67712.3       47839.7       27861.8      
3200          215335        199421        181804        163694        145150        126226        106979        87466.4       67742.4       47860.4       27870.6      
3250          215338        199432        181827        163725        145185        126263        107016        87500.1       67770.1       47879.4       27878.8      
3300          215348        199449        181847        163751        145216        126297        107049        87530.8       67795.4       47896.7       27886.2      
3350          215350        199458        181867        163777        145245        126327        107080        87558.9       67818.4       47912.5       27892.8      
3400          215358        199473        181883        163798        145271        126356        107108        87584.5       67839.6       47927         27899.1      
3450          215360        199481        181901        163821        145296        126382        107135        87608.7       67859.3       47940.7       27904.7      
3500          215366        199492        181915        163839        145318        126406        107158        87630.1       67877         47952.8       27909.9      
3550          215367        199499        181929        163858        145339        126428        107180        87650.3       67893.7       47964.1       27914.8      
3600          215373        199509        181941        163873        145358        126448        107200        87668.6       67908.7       47974.4       27919.3      
3650          215375        199515        181953        163889        145375        126467        107219        87685.8       67922.7       47984.2       27923.2      
3700          215379        199523        181963        163902        145391        126484        107236        87701.1       67935.4       47992.8       27926.9      
3750          215380        199528        181972        163913        145403        126497        107248        87712.8       67944.9       47999.5       27929.8      
3800          215383        199534        181982        163926        145418        126513        107264        87727.3       67957         48007.5       27933.3      
3850          215385        199538        181989        163934        145428        126523        107274        87736.3       67964.4       48012.6       27935.5      
3900          215387        199544        181997        163945        145441        126537        107288        87749.1       67974.7       48019.9       27938.5      
3950          215389        199548        182003        163952        145449        126546        107297        87756.9       67981.1       48024.3       27940.3      
4000          215391        199552        182010        163962        145460        126557        107308        87767.5       67990         48030.1       27942.9      
4050          215392        199555        182015        163968        145467        126565        107316        87774.3       67995.6       48033.9       27944.5      
4100          215394        199559        182021        163976        145476        126575        107326        87783.6       68002.8       48039.4       27946.6      
4150          215395        199562        182025        163981        145482        126581        107332        87789.2       68007.3       48042.5       27947.9      
4200          215396        199564        182029        163986        145488        126588        107339        87795.9       68013.3       48046.5       27949.8      
4250          215397        199565        182031        163989        145491        126591        107343        87799.4       68016.4       48048.5       27950.7      
4300          215397        199567        182033        163991        145495        126595        107346        87803         68019.3       48050.7       27951.6      
4350          215398        199568        182034        163994        145497        126598        107349        87805.7       68021.7       48052.1       27952.2      
4400          215399        199570        182038        163999        145503        126604        107356        87811.6       68026.6       48055.5       27953.7      
4450          215399        199571        182040        164001        145506        126607        107359        87814.8       68029.1       48057.6       27954.6      
4500          215400        199572        182041        164003        145508        126610        107361        87816.7       68031         48058.4       27955        
4550          215400        199572        182041        164003        145508        126610        107361        87816.7       68031         48058.4       27955        
4600          215400        199572        182041        164003        145508        126610        107361        87816.7       68031         48058.4       27955        
4650          215400        199572        182041        164003        145508        126610        107361        87816.7       68031         48058.4       27955        
4700          215400        199572        182041        164003        145508        126610        107361        87816.7       68031         48058.4       27955        
4750          215400        199572        182041        164003        145508        126610        107361        87816.7       68031         48058.4       27955        
4800          215400        199572        182041        164003        145508        126610        107361        87816.7       68031         48058.4       27955        
4850          215400        199572        182041        164003        145508        126610        107361        87816.7       68031         48058.4       27955        
4900          215400        199572        182041        164003        145508        126610        107361        87816.7       68031         48058.4       27955        
4950          215400        199572        182041        164003        145508        126610        107361        87816.7       68031         48058.4       27955        
5000          215400        199572        182041        164003        145508        126610        107361        87816.7       68031         48058.4       27955        
