# Probe 0 (0.0015 0.0015 0)
# Probe 1 (0.0015 0.0015 0.002)
# Probe 2 (0.0015 0.0015 0.004)
# Probe 3 (0.0015 0.0015 0.006)
# Probe 4 (0.0015 0.0015 0.008)
# Probe 5 (0.0015 0.0015 0.01)
# Probe 6 (0.0015 0.0015 0.012)
# Probe 7 (0.0015 0.0015 0.014)
# Probe 8 (0.0015 0.0015 0.016)
# Probe 9 (0.0015 0.0015 0.018)
# Probe 10 (0.0015 0.0015 0.02)
# Time        0             1             2             3             4             5             6             7             8             9             10           
50            (102 102 -3.36933e+07) (12.5113 12.5113 -2.27508e+07) (-59.6483 -59.6483 -9.98935e+06) (14.7074 14.7074 -4.58756e+06) (2.05431 2.05431 -2.56667e+06) (0.0506732 0.0506731 -1.88901e+06) (-3.06535 -3.06535 -1.77809e+06) (-0.488829 -0.488829 -2.06691e+06) (-5.92678 -5.92678 -2.97693e+06) (-4.85367 -4.85367 -5.11903e+06) (1.45807 1.45807 -9.37229e+06)
100           (-44.6272 -44.6272 -2.25316e+07) (-28.2259 -28.2259 -2.48263e+07) (-9.46103 -9.46103 -1.48243e+07) (-39.6971 -39.6971 -7.8584e+06) (-13.5164 -13.5164 -4.27664e+06) (14.0186 14.0186 -2.74752e+06) (8.76179 8.76179 -2.31349e+06) (-6.12368 -6.12368 -2.57802e+06) (0.58002 0.58002 -3.51415e+06) (-5.06369 -5.06369 -5.23216e+06) (-4.92984 -4.92984 -7.57993e+06)
150           (-53.3106 -53.3106 -1.72486e+07) (20.8191 20.8191 -2.34707e+07) (8.63517 8.63517 -1.68671e+07) (17.3779 17.3779 -1.05301e+07) (7.15664 7.15664 -6.21772e+06) (-2.66867 -2.66867 -3.93651e+06) (-4.73062 -4.73062 -3.06032e+06) (-3.38909 -3.38909 -3.11152e+06) (-0.335765 -0.335765 -3.85443e+06) (2.69348 2.69348 -5.12948e+06) (-4.45881 -4.45881 -6.57473e+06)
200           (69.2827 69.2827 -1.40601e+07) (34.1737 34.1737 -2.1967e+07) (4.66522 4.66522 -1.73465e+07) (-13.2053 -13.2053 -1.22286e+07) (-22.1215 -22.1215 -7.96472e+06) (-13.3524 -13.3524 -5.23787e+06) (-3.71532 -3.71532 -3.92816e+06) (-3.67925 -3.67925 -3.66266e+06) (-10.7308 -10.7308 -4.11657e+06) (6.39772 6.39772 -5.0045e+06) (2.94241 2.94241 -5.93098e+06)
250           (29.8446 29.8446 -1.1875e+07) (23.9032 23.9032 -2.0718e+07) (7.63818 7.63818 -1.72472e+07) (-3.86388 -3.86388 -1.31709e+07) (-12.6542 -12.6542 -9.33223e+06) (-13.0951 -13.0951 -6.47672e+06) (-7.42897 -7.42897 -4.83629e+06) (-4.08575 -4.08575 -4.23618e+06) (-6.86153 -6.86153 -4.37263e+06) (5.04616 5.04616 -4.92345e+06) (0.604938 0.604938 -5.50317e+06)
300           (-63.0951 -63.0951 -1.02661e+07) (-76.7929 -76.7929 -1.97084e+07) (-42.6535 -42.6535 -1.69637e+07) (-3.97875 -3.97875 -1.36585e+07) (30.453 30.453 -1.03211e+07) (44.7897 44.7897 -7.55129e+06) (41.4911 41.4911 -5.7151e+06) (30.9321 30.9321 -4.82034e+06) (19.193 19.193 -4.64983e+06) (2.42807 2.42807 -4.90322e+06) (-2.37761 -2.37761 -5.22383e+06)
350           (25.8339 25.8339 -9.02503e+06) (-13.7328 -13.7328 -1.88857e+07) (-4.88663 -4.88663 -1.66349e+07) (-1.46225 -1.46225 -1.38938e+07) (3.07477 3.07477 -1.10112e+07) (6.01822 6.01822 -8.42999e+06) (7.5208 7.5208 -6.5167e+06) (6.82261 6.82261 -5.39541e+06) (5.9404 5.9404 -4.95277e+06) (-2.47949 -2.47949 -4.94413e+06) (7.68088 7.68088 -5.05571e+06)
400           (-145.199 -145.199 -8.03658e+06) (-108.976 -108.976 -1.82056e+07) (-100.361 -100.361 -1.63109e+07) (-66.8705 -66.8705 -1.39905e+07) (-21.3308 -21.3308 -1.14869e+07) (19.3098 19.3098 -9.12437e+06) (38.1849 38.1849 -7.21848e+06) (36.5296 36.5296 -5.94372e+06) (29.0198 29.0198 -5.27508e+06) (21.2662 21.2662 -5.03829e+06) (-10.9751 -10.9751 -4.97624e+06)
450           (-113.398 -113.398 -7.23074e+06) (-81.7668 -81.7668 -1.76368e+07) (-78.2794 -78.2794 -1.60074e+07) (-57.9513 -57.9513 -1.40079e+07) (-27.4863 -27.4863 -1.18138e+07) (4.50612 4.50612 -9.66446e+06) (25.2554 25.2554 -7.81593e+06) (29.3686 29.3686 -6.4511e+06) (25.6156 25.6156 -5.60689e+06) (19.7174 19.7174 -5.1783e+06) (-4.43716 -4.43716 -4.96738e+06)
500           (-108.475 -108.475 -6.56142e+06) (-99.1266 -99.1266 -1.71548e+07) (-97.3253 -97.3253 -1.57295e+07) (-75.2569 -75.2569 -1.39799e+07) (-43.2341 -43.2341 -1.20374e+07) (-7.40187 -7.40187 -1.00817e+07) (21.1766 21.1766 -8.31616e+06) (33.0024 33.0024 -6.91088e+06) (31.9154 31.9154 -5.9387e+06) (24.4948 24.4948 -5.35339e+06) (2.20714 2.20714 -5.01621e+06)
550           (111.98 111.98 -5.99707e+06) (101.395 101.395 -1.67414e+07) (84.3735 84.3735 -1.54773e+07) (66.9058 66.9058 -1.3926e+07) (39.4893 39.4893 -1.21888e+07) (9.62042 9.62042 -1.04036e+07) (-14.4873 -14.4873 -8.73125e+06) (-29.1751 -29.1751 -7.32115e+06) (-29.1246 -29.1246 -6.26255e+06) (-15.0692 -15.0692 -5.55398e+06) (-18.0664 -18.0664 -5.11158e+06)
600           (86.6001 86.6001 -5.51459e+06) (84.539 84.539 -1.63837e+07) (71.901 71.901 -1.52487e+07) (60.9999 60.9999 -1.38575e+07) (40.8994 40.8994 -1.22896e+07) (17.0416 17.0416 -1.06526e+07) (-4.20214 -4.20214 -9.07481e+06) (-19.1103 -19.1103 -7.68386e+06) (-22.0497 -22.0497 -6.57301e+06) (-15.8647 -15.8647 -5.77203e+06) (-18.9226 -18.9226 -5.24339e+06)
650           (67.568 67.568 -5.09764e+06) (70.2229 70.2229 -1.60711e+07) (60.5209 60.5209 -1.50415e+07) (54.0698 54.0698 -1.37813e+07) (39.4599 39.4599 -1.23542e+07) (20.9702 20.9702 -1.08458e+07) (3.01909 3.01909 -9.3593e+06) (-11.1228 -11.1228 -8.00278e+06) (-15.5589 -15.5589 -6.86656e+06) (-15.5958 -15.5958 -6.00011e+06) (-18.0971 -18.0971 -5.40314e+06)
700           (53.654 53.654 -4.73374e+06) (57.3793 57.3793 -1.57956e+07) (49.8311 49.8311 -1.48532e+07) (46.3021 46.3021 -1.37017e+07) (35.8891 35.8891 -1.2393e+07) (21.9325 21.9325 -1.09963e+07) (7.31197 7.31197 -9.59575e+06) (-5.3857 -5.3857 -8.28276e+06) (-10.2292 -10.2292 -7.14143e+06) (-14.7097 -14.7097 -6.23232e+06) (-16.447 -16.447 -5.58322e+06)
750           (44.4248 44.4248 -4.41332e+06) (47.7646 47.7646 -1.55509e+07) (41.8962 41.8962 -1.46817e+07) (40.0611 40.0611 -1.36216e+07) (32.473 32.473 -1.24135e+07) (21.7474 21.7474 -1.11142e+07) (9.72136 9.72136 -9.79341e+06) (-1.63313 -1.63313 -8.5288e+06) (-6.5777 -6.5777 -7.39712e+06) (-14.0535 -14.0535 -6.46398e+06) (-14.8076 -14.8076 -5.777e+06)
800           (-93.4853 -93.4853 -4.12891e+06) (-48.9186 -48.9186 -1.53322e+07) (-50.2285 -50.2285 -1.45252e+07) (-40.519 -40.519 -1.35428e+07) (-29.447 -29.447 -1.2421e+07) (-15.812 -15.812 -1.12073e+07) (-1.42736 -1.42736 -9.96004e+06) (10.9931 10.9931 -8.74589e+06) (23.9623 23.9623 -7.63411e+06) (25.3604 25.3604 -6.6915e+06) (45.9685 45.9685 -5.9787e+06)
850           (7.73882 7.73882 -3.87468e+06) (16.9705 16.9705 -1.51356e+07) (21.4711 21.4711 -1.43817e+07) (28.3347 28.3347 -1.3466e+07) (30.62 30.62 -1.2419e+07) (29.8413 29.8413 -1.12809e+07) (25.7579 25.7579 -1.01015e+07) (18.642 18.642 -8.93817e+06) (13.7998 13.7998 -7.85335e+06) (7.37228 7.37228 -6.91202e+06) (8.17486 8.17486 -6.18373e+06)
900           (9.23812 9.23812 -3.64612e+06) (10.6478 10.6478 -1.49582e+07) (20.2076 20.2076 -1.42501e+07) (24.2822 24.2822 -1.33924e+07) (26.2824 26.2824 -1.24109e+07) (26.0479 26.0479 -1.134e+07) (22.9782 22.9782 -1.02227e+07) (17.6759 17.6759 -9.10905e+06) (10.9058 10.9058 -8.05546e+06) (8.85289 8.85289 -7.12376e+06) (3.50003 3.50003 -6.38855e+06)
950           (5.0415 5.0415 -3.44028e+06) (13.0017 13.0017 -1.47967e+07) (16.9953 16.9953 -1.41294e+07) (21.2313 21.2313 -1.33224e+07) (24.2866 24.2866 -1.23984e+07) (24.3146 24.3146 -1.13876e+07) (22.1828 22.1828 -1.03272e+07) (17.9573 17.9573 -9.26162e+06) (12.2931 12.2931 -8.24171e+06) (9.02344 9.02344 -7.32607e+06) (1.11422 1.11422 -6.58994e+06)
1000          (8.31326 8.31326 -3.25306e+06) (8.00089 8.00089 -1.46501e+07) (15.6741 15.6741 -1.40183e+07) (20.1707 20.1707 -1.3256e+07) (21.8825 21.8825 -1.23832e+07) (22.7038 22.7038 -1.14263e+07) (21.3244 21.3244 -1.04183e+07) (17.8235 17.8235 -9.39864e+06) (12.6853 12.6853 -8.41354e+06) (9.20874 9.20874 -7.51789e+06) (-0.960994 -0.960994 -6.78555e+06)
1050          (3.89636 3.89636 -3.08319e+06) (10.7615 10.7615 -1.45156e+07) (13.9985 13.9985 -1.39158e+07) (17.242 17.242 -1.31936e+07) (20.748 20.748 -1.23664e+07) (21.5613 21.5613 -1.14583e+07) (20.645 20.645 -1.04984e+07) (17.9549 17.9549 -9.52234e+06) (13.3656 13.3656 -8.5721e+06) (9.75625 9.75625 -7.69883e+06) (-2.28401 -2.28401 -6.9736e+06)
1100          (8.33776 8.33776 -2.92734e+06) (5.37908 5.37908 -1.43932e+07) (12.5189 12.5189 -1.38216e+07) (17.2113 17.2113 -1.31347e+07) (18.7653 18.7653 -1.23489e+07) (20.0933 20.0933 -1.1485e+07) (19.7637 19.7637 -1.05695e+07) (17.4595 17.4595 -9.63451e+06) (13.3519 13.3519 -8.71847e+06) (9.73323 9.73323 -7.86878e+06) (-3.21642 -3.21642 -7.15289e+06)
1150          (2.6451 2.6451 -2.78544e+06) (9.44957 9.44957 -1.42799e+07) (11.6164 11.6164 -1.37343e+07) (14.0895 14.0895 -1.30799e+07) (17.9335 17.9335 -1.23312e+07) (19.1827 19.1827 -1.15075e+07) (18.9304 18.9304 -1.0633e+07) (17.2255 17.2255 -9.73662e+06) (13.5673 13.5673 -8.85362e+06) (10.0714 10.0714 -8.02785e+06) (-3.70511 -3.70511 -7.32268e+06)
1200          (8.85086 8.85086 -2.65426e+06) (2.8522 2.8522 -1.41768e+07) (10.0239 10.0239 -1.3654e+07) (14.9214 14.9214 -1.30285e+07) (16.0512 16.0512 -1.23138e+07) (17.6066 17.6066 -1.1527e+07) (17.9041 17.9041 -1.06901e+07) (16.356 16.356 -9.82988e+06) (13.0733 13.0733 -8.97843e+06) (9.72523 9.72523 -8.1763e+06) (-3.95773 -3.95773 -7.48258e+06)
1250          (1.05502 1.05502 -2.53486e+06) (8.99692 8.99692 -1.40808e+07) (9.75388 9.75388 -1.35795e+07) (11.3067 11.3067 -1.29809e+07) (15.5185 15.5185 -1.22969e+07) (16.9209 16.9209 -1.15439e+07) (16.9765 16.9765 -1.07419e+07) (15.9127 15.9127 -9.91528e+06) (12.9947 12.9947 -9.09371e+06) (9.86162 9.86162 -8.31449e+06) (-4.01051 -4.01051 -7.6325e+06)
1300          (9.97047 9.97047 -2.42359e+06) (0.220943 0.220943 -1.39937e+07) (7.93435 7.93435 -1.35112e+07) (13.2179 13.2179 -1.29363e+07) (13.6112 13.6112 -1.22808e+07) (15.2284 15.2284 -1.15588e+07) (15.9169 15.9169 -1.07889e+07) (14.8356 14.8356 -9.99363e+06) (12.2017 12.2017 -9.20016e+06) (9.2699 9.2699 -8.44289e+06) (-3.87736 -3.87736 -7.77251e+06)
1350          (-1.12611 -1.12611 -2.32278e+06) (9.39456 9.39456 -1.39118e+07) (8.31165 8.31165 -1.34475e+07) (8.68599 8.68599 -1.28955e+07) (13.475 13.475 -1.22656e+07) (14.891 14.891 -1.1572e+07) (15.0388 15.0388 -1.08319e+07) (14.4278 14.4278 -1.00656e+07) (12.1003 12.1003 -9.29846e+06) (9.39867 9.39867 -8.56196e+06) (-3.70417 -3.70417 -7.9029e+06)
1400          (11.8181 11.8181 -2.22787e+06) (-2.9914 -2.9914 -1.38382e+07) (5.96191 5.96191 -1.33895e+07) (12.0425 12.0425 -1.2857e+07) (11.3946 11.3946 -1.22513e+07) (13.0469 13.0469 -1.1584e+07) (14.0881 14.0881 -1.08712e+07) (13.3403 13.3403 -1.01319e+07) (11.2546 11.2546 -9.3892e+06) (8.77959 8.77959 -8.67224e+06) (-3.23674 -3.23674 -8.024e+06)
1450          (-4.54258 -4.54258 -2.14281e+06) (10.5292 10.5292 -1.3768e+07) (7.02226 7.02226 -1.3335e+07) (5.88025 5.88025 -1.28222e+07) (11.7088 11.7088 -1.22379e+07) (13.1667 13.1667 -1.15948e+07) (13.3488 13.3488 -1.09073e+07) (13.1877 13.1877 -1.01929e+07) (11.4171 11.4171 -9.47294e+06) (9.18237 9.18237 -8.77423e+06) (-2.79427 -2.79427 -8.13626e+06)
1500          (14.1148 14.1148 -2.06141e+06) (-7.81346 -7.81346 -1.37061e+07) (3.41816 3.41816 -1.32859e+07) (11.0329 11.0329 -1.27892e+07) (9.06389 9.06389 -1.22255e+07) (10.9359 10.9359 -1.16048e+07) (12.5745 12.5745 -1.09404e+07) (12.2795 12.2795 -1.02491e+07) (10.8494 10.8494 -9.5502e+06) (8.97358 8.97358 -8.86846e+06) (-1.60259 -1.60259 -8.24013e+06)
1550          (-11.1813 -11.1813 -1.98995e+06) (11.4662 11.4662 -1.36456e+07) (4.74454 4.74454 -1.32391e+07) (1.61971 1.61971 -1.27598e+07) (9.2753 9.2753 -1.22141e+07) (11.0853 11.0853 -1.16137e+07) (11.5559 11.5559 -1.0971e+07) (12.2406 12.2406 -1.03008e+07) (11.3906 11.3906 -9.62145e+06) (9.98637 9.98637 -8.95544e+06) (-0.0757357 -0.0757357 -8.33613e+06)
1600          (13.8026 13.8026 -1.9197e+06) (-16.585 -16.585 -1.3594e+07) (-2.14602 -2.14602 -1.31978e+07) (7.98445 7.98445 -1.27313e+07) (4.55773 4.55773 -1.22035e+07) (7.1197 7.1197 -1.16222e+07) (10.1352 10.1352 -1.09991e+07) (11.0566 11.0566 -1.03486e+07) (11.1009 11.1009 -9.68715e+06) (10.7309 10.7309 -9.03568e+06) (3.3815 3.3815 -8.42471e+06)
1650          (-24.0815 -24.0815 -1.86014e+06) (8.48647 8.48647 -1.35415e+07) (-1.54406 -1.54406 -1.31575e+07) (-7.48211 -7.48211 -1.27067e+07) (2.33162 2.33162 -1.21938e+07) (5.22661 5.22661 -1.16297e+07) (6.72736 6.72736 -1.10251e+07) (9.35078 9.35078 -1.03926e+07) (10.789 10.789 -9.74769e+06) (11.7802 11.7802 -9.10963e+06) (7.65687 7.65687 -8.50641e+06)
1700          (12.7225 12.7225 -1.7996e+06) (-10.3968 -10.3968 -1.34981e+07) (-4.17621 -4.17621 -1.3123e+07) (4.68505 4.68505 -1.26824e+07) (4.32699 4.32699 -1.21847e+07) (4.72966 4.72966 -1.16369e+07) (6.72178 6.72178 -1.1049e+07) (7.74525 7.74525 -1.0433e+07) (7.49656 7.49656 -9.80343e+06) (9.13631 9.13631 -9.17764e+06) (-1.2305 -1.2305 -8.58177e+06)
1750          (-17.3595 -17.3595 -1.74921e+06) (6.56909 6.56909 -1.34537e+07) (1.48686 1.48686 -1.30883e+07) (-4.02935 -4.02935 -1.26613e+07) (2.17886 2.17886 -1.21767e+07) (5.57024 5.57024 -1.16434e+07) (6.70177 6.70177 -1.1071e+07) (8.25882 8.25882 -1.04704e+07) (9.20527 9.20527 -9.85481e+06) (9.26845 9.26845 -9.24047e+06) (4.93731 4.93731 -8.65097e+06)
1800          (6.35505 6.35505 -1.69736e+06) (-21.7846 -21.7846 -1.34171e+07) (-11.054 -11.054 -1.30594e+07) (0.255963 0.255963 -1.26408e+07) (-2.16029 -2.16029 -1.21689e+07) (-0.485618 -0.485618 -1.16497e+07) (3.5051 3.5051 -1.10914e+07) (6.213 6.213 -1.05048e+07) (8.25891 8.25891 -9.90212e+06) (10.3419 10.3419 -9.29819e+06) (9.80582 9.80582 -8.71476e+06)
1850          (-13.5869 -13.5869 -1.65503e+06) (5.0078 5.0078 -1.33791e+07) (2.15892 2.15892 -1.30298e+07) (-2.68528 -2.68528 -1.2623e+07) (1.64765 1.64765 -1.21623e+07) (4.84573 4.84573 -1.16552e+07) (5.91979 5.91979 -1.11101e+07) (7.03678 7.03678 -1.05365e+07) (7.83669 7.83669 -9.94563e+06) (7.53487 7.53487 -9.35131e+06) (3.84797 3.84797 -8.77342e+06)
1900          (6.10109 6.10109 -1.61097e+06) (-18.069 -18.069 -1.3348e+07) (-9.99368 -9.99368 -1.30055e+07) (-0.136151 -0.136151 -1.26057e+07) (-1.54839 -1.54839 -1.21557e+07) (-0.469658 -0.469658 -1.16605e+07) (2.81347 2.81347 -1.11275e+07) (5.21573 5.21573 -1.05657e+07) (6.95222 6.95222 -9.98569e+06) (8.75179 8.75179 -9.40013e+06) (8.29032 8.29032 -8.82739e+06)
1950          (3.2519 3.2519 -1.575e+06) (6.38021 6.38021 -1.3316e+07) (6.23585 6.23585 -1.29802e+07) (1.44443 1.44442 -1.25904e+07) (1.78777 1.78777 -1.215e+07) (2.38963 2.38963 -1.16652e+07) (1.56998 1.56998 -1.11433e+07) (0.661498 0.661498 -1.05925e+07) (-0.214282 -0.214282 -1.00225e+07) (-1.01747 -1.01747 -9.44506e+06) (-10.1076 -10.1076 -8.87684e+06)
2000          (30.5428 30.5428 -1.5376e+06) (4.57652 4.57652 -1.32896e+07) (10.072 10.072 -1.29598e+07) (15.676 15.676 -1.2576e+07) (10.118 10.118 -1.21445e+07) (5.40381 5.40381 -1.16698e+07) (2.23527 2.23527 -1.11581e+07) (-1.81451 -1.81451 -1.06173e+07) (-6.31539 -6.31539 -1.00564e+07) (-8.39209 -8.39209 -9.48628e+06) (-14.3935 -14.3935 -8.9226e+06)
2050          (-14.5685 -14.5685 -1.50779e+06) (3.00136 3.00136 -1.3262e+07) (0.106582 0.106582 -1.29381e+07) (-5.29298 -5.29298 -1.25633e+07) (-1.2252 -1.2252 -1.214e+07) (1.97257 1.97257 -1.16739e+07) (3.08425 3.08425 -1.11716e+07) (4.33244 4.33244 -1.064e+07) (5.46385 5.46385 -1.00875e+07) (5.61168 5.61168 -9.52426e+06) (5.62226 5.62226 -8.96442e+06)
2100          (15.691 15.691 -1.47606e+06) (-11.1697 -11.1697 -1.32395e+07) (-10.131 -10.131 -1.29209e+07) (-4.59738 -4.59738 -1.25511e+07) (-4.11499 -4.11499 -1.21352e+07) (-3.53767 -3.53767 -1.16777e+07) (-1.32522 -1.32522 -1.1184e+07) (0.956824 0.956824 -1.06609e+07) (3.09978 3.09978 -1.01162e+07) (4.70352 4.70352 -9.55911e+06) (-3.23609 -3.23609 -9.00279e+06)
2150          (-6.45051 -6.45051 -1.45069e+06) (6.5422 6.5422 -1.32167e+07) (2.50304 2.50304 -1.29026e+07) (-5.49378 -5.49378 -1.25403e+07) (-5.56487 -5.56487 -1.21315e+07) (-5.47999 -5.47999 -1.16813e+07) (-6.72148 -6.72148 -1.11955e+07) (-7.24145 -7.24145 -1.06802e+07) (-7.08358 -7.08358 -1.01425e+07) (-5.15851 -5.15851 -9.59108e+06) (2.9161 2.9161 -9.03824e+06)
2200          (-17.1185 -17.1185 -1.42298e+06) (-25.0006 -25.0006 -1.31982e+07) (-18.9294 -18.9294 -1.28885e+07) (-8.77635 -8.77635 -1.25299e+07) (-5.93115 -5.93115 -1.21274e+07) (-2.25623 -2.25623 -1.16846e+07) (3.19182 3.19182 -1.12061e+07) (7.85568 7.85568 -1.06979e+07) (11.0374 11.0374 -1.01667e+07) (14.3035 14.3035 -9.62047e+06) (16.9496 16.9496 -9.07078e+06)
2250          (-2.92925 -2.92925 -1.40194e+06) (-0.798144 -0.798144 -1.31785e+07) (-0.364654 -0.364654 -1.28728e+07) (-3.27246 -3.27246 -1.25207e+07) (-1.71788 -1.71788 -1.21242e+07) (0.218969 0.218969 -1.16876e+07) (0.91396 0.91396 -1.12158e+07) (1.46567 1.46567 -1.07141e+07) (2.0381 2.0381 -1.01889e+07) (2.39468 2.39468 -9.64752e+06) (-3.87798 -3.87798 -9.10035e+06)
2300          (9.3613 9.3613 -1.37856e+06) (-6.7674 -6.7674 -1.31629e+07) (-0.311738 -0.311738 -1.2861e+07) (4.92951 4.92951 -1.2512e+07) (0.849917 0.849917 -1.21208e+07) (-0.798687 -0.798687 -1.16904e+07) (0.17349 0.17349 -1.12247e+07) (0.868465 0.868465 -1.0729e+07) (1.17721 1.17721 -1.02093e+07) (1.73061 1.73061 -9.67225e+06) (-5.23816 -5.23816 -9.12787e+06)
2350          (-1.32657 -1.32657 -1.36142e+06) (3.5483 3.5483 -1.31458e+07) (0.825703 0.825703 -1.28473e+07) (-5.23094 -5.23094 -1.25045e+07) (-4.41153 -4.41153 -1.21183e+07) (-2.933 -2.933 -1.1693e+07) (-2.46811 -2.46811 -1.12329e+07) (-1.11364 -1.11364 -1.07428e+07) (-0.509029 -0.509029 -1.0228e+07) (-0.944882 -0.944882 -9.69506e+06) (-3.85878 -3.85878 -9.15293e+06)
2400          (5.64755 5.64755 -1.34194e+06) (-20.7936 -20.7936 -1.31323e+07) (-29.2264 -29.2264 -1.28373e+07) (-24.2682 -24.2682 -1.24973e+07) (-20.8521 -20.8521 -1.21155e+07) (-19.2341 -19.2341 -1.16953e+07) (-15.3093 -15.3093 -1.12405e+07) (-9.24633 -9.24633 -1.07554e+07) (-2.98352 -2.98352 -1.02452e+07) (2.39332 2.39332 -9.71597e+06) (-0.261142 -0.261142 -9.1758e+06)
2450          (3.38859 3.38859 -1.32658e+06) (-4.66431 -4.66431 -1.31189e+07) (-1.02589 -1.02589 -1.28262e+07) (-4.28635 -4.28635 -1.24904e+07) (-5.88459 -5.88459 -1.21133e+07) (-4.87979 -4.87979 -1.16976e+07) (-4.17104 -4.17104 -1.12474e+07) (-3.80464 -3.80464 -1.0767e+07) (-3.27829 -3.27829 -1.0261e+07) (-1.64545 -1.64545 -9.73516e+06) (-4.95841 -4.95841 -9.19694e+06)
2500          (40.0888 40.0888 -1.30971e+06) (20.7888 20.7888 -1.31076e+07) (62.5539 62.5539 -1.28181e+07) (56.1477 56.1477 -1.24845e+07) (56.9019 56.9019 -1.21108e+07) (47.476 47.476 -1.16996e+07) (37.8154 37.8154 -1.12539e+07) (20.8405 20.8405 -1.07777e+07) (-15.3839 -15.3839 -1.02755e+07) (-18.1637 -18.1637 -9.75271e+06) (-16.7905 -16.7905 -9.21651e+06)
2550          (-12.2857 -12.2857 -1.29796e+06) (-22.2514 -22.2514 -1.30954e+07) (6.11162 6.11162 -1.2808e+07) (-4.74891 -4.74891 -1.24791e+07) (-15.2751 -15.2751 -1.21092e+07) (-7.61585 -7.61585 -1.17015e+07) (2.44471 2.44471 -1.12597e+07) (1.27103 1.27103 -1.07875e+07) (-4.95693 -4.95693 -1.02889e+07) (7.20529 7.20529 -9.76886e+06) (16.6635 16.6635 -9.23429e+06)
2600          (25.415 25.415 -1.28288e+06) (-35.5837 -35.5837 -1.30866e+07) (-2.23404 -2.23404 -1.28017e+07) (-1.24342 -1.24342 -1.24737e+07) (-9.26566 -9.26566 -1.21069e+07) (-5.80987 -5.80987 -1.17032e+07) (-13.1374 -13.1374 -1.12651e+07) (-13.5805 -13.5805 -1.07964e+07) (-4.39758 -4.39758 -1.03011e+07) (21.2189 21.2189 -9.78366e+06) (6.83819 6.83819 -9.2506e+06)
2650          (-2.3283 -2.3283 -1.27339e+06) (-19.2861 -19.2861 -1.3076e+07) (6.45137 6.45137 -1.27928e+07) (12.4117 12.4117 -1.24692e+07) (7.34617 7.34617 -1.21055e+07) (17.7966 17.7966 -1.17047e+07) (12.431 12.431 -1.127e+07) (2.33354 2.33354 -1.08046e+07) (7.88054 7.88054 -1.03122e+07) (17.017 17.017 -9.79728e+06) (-3.71534 -3.71534 -9.2655e+06)
2700          (73.9143 73.9143 -1.26056e+06) (-41.5015 -41.5015 -1.30687e+07) (6.95841 6.95841 -1.27877e+07) (53.9685 53.9685 -1.24648e+07) (14.7586 14.7586 -1.21036e+07) (24.7277 24.7277 -1.17062e+07) (13.4402 13.4402 -1.12746e+07) (-19.5255 -19.5255 -1.08121e+07) (4.65603 4.65603 -1.03225e+07) (25.1779 25.1779 -9.80975e+06) (-18.7356 -18.7356 -9.27921e+06)
2750          (-12.5502 -12.5502 -1.25299e+06) (-12.9954 -12.9954 -1.30594e+07) (0.360693 0.360693 -1.27799e+07) (8.15198 8.15198 -1.24611e+07) (-0.458418 -0.458418 -1.21026e+07) (9.30665 9.30665 -1.17074e+07) (12.2966 12.2966 -1.12786e+07) (2.86928 2.86928 -1.08191e+07) (11.4011 11.4011 -1.03319e+07) (14.5646 14.5646 -9.82115e+06) (-6.60637 -6.60637 -9.29178e+06)
2800          (47.4598 47.4598 -1.24131e+06) (-22.1694 -22.1694 -1.30541e+07) (-4.43166 -4.43166 -1.27762e+07) (24.1714 24.1714 -1.24571e+07) (-0.120291 -0.120291 -1.21009e+07) (0.293205 0.293205 -1.17087e+07) (5.0002 5.0002 -1.12825e+07) (-6.86996 -6.86996 -1.08254e+07) (4.49009 4.49009 -1.03406e+07) (11.1665 11.1665 -9.83159e+06) (-14.2405 -14.2405 -9.30335e+06)
2850          (7.82762 7.82762 -1.2352e+06) (13.6672 13.6672 -1.30462e+07) (-0.552328 -0.552328 -1.27696e+07) (-14.0147 -14.0147 -1.24541e+07) (-1.78807 -1.78807 -1.21002e+07) (-6.37149 -6.37149 -1.17099e+07) (-10.9668 -10.9668 -1.12861e+07) (-3.02226 -3.02226 -1.08314e+07) (-6.43517 -6.43517 -1.03486e+07) (-9.85209 -9.85209 -9.84127e+06) (10.2479 10.2479 -9.31391e+06)
2900          (14.7887 14.7887 -1.2255e+06) (-64.7729 -64.7729 -1.30413e+07) (-8.99129 -8.99129 -1.27664e+07) (34.2295 34.2295 -1.24509e+07) (-28.7004 -28.7004 -1.20986e+07) (-7.57504 -7.57504 -1.17109e+07) (17.0074 17.0074 -1.12893e+07) (-16.4155 -16.4155 -1.08366e+07) (1.44794 1.44794 -1.03558e+07) (24.2482 24.2482 -9.85004e+06) (-4.40551 -4.40551 -9.32365e+06)
2950          (-29.7331 -29.7331 -1.22098e+06) (27.492 27.492 -1.30341e+07) (7.1902 7.1902 -1.27602e+07) (-21.6326 -21.6326 -1.24484e+07) (7.45245 7.45245 -1.20981e+07) (6.16685 6.16685 -1.17117e+07) (-4.04962 -4.04962 -1.12921e+07) (10.4017 10.4017 -1.08415e+07) (6.87072 6.87072 -1.03624e+07) (-1.04359 -1.04359 -9.8581e+06) (4.17756 4.17756 -9.33249e+06)
3000          (33.8465 33.8465 -1.21209e+06) (-50.7858 -50.7858 -1.30308e+07) (-19.3515 -19.3515 -1.27581e+07) (24.7674 24.7674 -1.24454e+07) (-14.6738 -14.6738 -1.20967e+07) (-9.37539 -9.37539 -1.17127e+07) (12.4571 12.4571 -1.12949e+07) (-3.00196 -3.00196 -1.0846e+07) (4.27156 4.27156 -1.03685e+07) (18.3775 18.3775 -9.86549e+06) (2.32375 2.32375 -9.34066e+06)
3050          (11.3049 11.3049 -1.20821e+06) (18.7344 18.7344 -1.30249e+07) (1.52333 1.52333 -1.2753e+07) (-13.1172 -13.1172 -1.24434e+07) (2.49529 2.49529 -1.20964e+07) (-2.68549 -2.68549 -1.17136e+07) (-10.5737 -10.5737 -1.12975e+07) (-2.63651 -2.63651 -1.08502e+07) (-5.06464 -5.06464 -1.03743e+07) (-9.53203 -9.53203 -9.87237e+06) (6.33898 6.33898 -9.34816e+06)
3100          (32.7927 32.7927 -1.20109e+06) (-37.1693 -37.1693 -1.30215e+07) (0.70649 0.70649 -1.2751e+07) (35.5387 35.5387 -1.24411e+07) (-10.3736 -10.3736 -1.20951e+07) (-1.934 -1.934 -1.17142e+07) (17.1501 17.1501 -1.12997e+07) (-5.48234 -5.48234 -1.08539e+07) (-3.47052 -3.47052 -1.03793e+07) (6.76877 6.76877 -9.87855e+06) (-8.92672 -8.92672 -9.35504e+06)
3150          (1.28986 1.28986 -1.19833e+06) (48.14 48.14 -1.30163e+07) (10.0287 10.0287 -1.27464e+07) (-28.5462 -28.5462 -1.24395e+07) (18.5428 18.5428 -1.20949e+07) (10.9831 10.9831 -1.17148e+07) (-14.6846 -14.6846 -1.13018e+07) (2.78474 2.78474 -1.08574e+07) (-1.00994 -1.00994 -1.03841e+07) (-14.8503 -14.8503 -9.88425e+06) (-6.49569 -6.49569 -9.36131e+06)
3200          (7.51116 7.51116 -1.19162e+06) (-30.2617 -30.2617 -1.3014e+07) (-2.41018 -2.41018 -1.27451e+07) (33.4765 33.4765 -1.24373e+07) (-8.38807 -8.38807 -1.20939e+07) (-11.9266 -11.9266 -1.17156e+07) (8.67534 8.67534 -1.13038e+07) (-6.9186 -6.9186 -1.08606e+07) (-11.7312 -11.7312 -1.03884e+07) (-3.93844 -3.93844 -9.8895e+06) (-10.4533 -10.4533 -9.36706e+06)
3250          (-37.5166 -37.5166 -1.18948e+06) (-11.169 -11.169 -1.30093e+07) (5.44628 5.44628 -1.2741e+07) (20.0775 20.0775 -1.24361e+07) (3.94099 3.94099 -1.20936e+07) (4.9107 4.9107 -1.17159e+07) (19.7504 19.7504 -1.13054e+07) (15.3913 15.3913 -1.08635e+07) (12.0513 12.0513 -1.03923e+07) (14.7497 14.7497 -9.89428e+06) (5.22169 5.22169 -9.37238e+06)
3300          (87.3765 87.3765 -1.18384e+06) (-33.196 -33.196 -1.30078e+07) (-16.0332 -16.0332 -1.27402e+07) (39.0874 39.0874 -1.2434e+07) (13.5369 13.5369 -1.20927e+07) (0.751054 0.751054 -1.17167e+07) (18.822 18.822 -1.13071e+07) (14.7192 14.7192 -1.08661e+07) (6.19034 6.19034 -1.0396e+07) (5.76704 5.76704 -9.89869e+06) (-1.93461 -1.93461 -9.37722e+06)
3350          (4.27794 4.27794 -1.18212e+06) (-1.60064 -1.60064 -1.30036e+07) (-2.66459 -2.66459 -1.27367e+07) (-0.748204 -0.748204 -1.24331e+07) (-2.04868 -2.04868 -1.20925e+07) (-3.05968 -3.05968 -1.17169e+07) (0.558856 0.558856 -1.13085e+07) (2.05336 2.05336 -1.08686e+07) (1.89496 1.89496 -1.03992e+07) (2.85134 2.85134 -9.90269e+06) (1.96708 1.96708 -9.38158e+06)
3400          (36.7441 36.7441 -1.17701e+06) (-61.4703 -61.4703 -1.30028e+07) (-33.1231 -33.1231 -1.27361e+07) (58.7805 58.7805 -1.24312e+07) (0.199435 0.199436 -1.20919e+07) (-50.5705 -50.5705 -1.17177e+07) (4.9711 4.9711 -1.131e+07) (21.5612 21.5612 -1.08709e+07) (-6.50973 -6.50973 -1.04024e+07) (-7.85336 -7.85336 -9.90642e+06) (1.82987 1.82987 -9.38568e+06)
3450          (-132.735 -132.735 -1.17541e+06) (-1.74418 -1.74418 -1.29992e+07) (38.9139 38.9139 -1.27331e+07) (-37.9959 -37.9959 -1.24306e+07) (-47.3518 -47.3518 -1.20916e+07) (-16.6618 -16.6618 -1.17179e+07) (-3.14499 -3.14498 -1.13112e+07) (-4.51457 -4.51457 -1.08729e+07) (8.96624 8.96624 -1.04052e+07) (21.1286 21.1286 -9.90981e+06) (17.9743 17.9743 -9.38941e+06)
3500          (30.1111 30.1111 -1.17173e+06) (48.7323 48.7323 -1.2998e+07) (14.024 14.024 -1.27323e+07) (-24.1366 -24.1366 -1.24293e+07) (55.3115 55.3115 -1.20911e+07) (27.4177 27.4177 -1.17185e+07) (-15.2416 -15.2416 -1.13125e+07) (25.3587 25.3587 -1.08749e+07) (2.46337 2.46337 -1.04079e+07) (-15.5461 -15.5461 -9.91295e+06) (10.2927 10.2927 -9.3928e+06)
3550          (-9.53161 -9.53161 -1.17053e+06) (12.8842 12.8842 -1.29948e+07) (0.929013 0.929013 -1.27299e+07) (-5.70796 -5.70796 -1.24286e+07) (5.81179 5.81179 -1.20909e+07) (2.68132 2.68132 -1.17185e+07) (-1.92037 -1.92037 -1.13133e+07) (5.17792 5.17792 -1.08766e+07) (4.85018 4.85018 -1.041e+07) (-0.969367 -0.969367 -9.9158e+06) (2.45083 2.45083 -9.396e+06)
3600          (7.93434 7.93434 -1.16691e+06) (-6.16572 -6.16572 -1.29942e+07) (-10.9097 -10.9097 -1.27295e+07) (-28.6412 -28.6412 -1.24271e+07) (-0.92857 -0.928568 -1.20906e+07) (-0.519482 -0.519481 -1.17191e+07) (-22.1484 -22.1484 -1.13143e+07) (-3.21569 -3.21569 -1.08784e+07) (5.77538 5.77538 -1.04122e+07) (-20.7927 -20.7927 -9.91849e+06) (-6.66595 -6.66595 -9.3989e+06)
3650          (-9.37751 -9.37751 -1.16589e+06) (-43.3472 -43.3472 -1.29916e+07) (-32.4454 -32.4454 -1.27273e+07) (-19.2377 -19.2377 -1.24269e+07) (-34.594 -34.594 -1.20902e+07) (-19.3813 -19.3813 -1.17192e+07) (-1.95989 -1.95989 -1.13153e+07) (-8.0522 -8.0522 -1.08796e+07) (-6.35289 -6.35289 -1.04144e+07) (17.793 17.793 -9.92084e+06) (4.32239 4.32239 -9.40152e+06)
3700          (13.1778 13.1778 -1.1633e+06) (-28.9194 -28.9194 -1.29905e+07) (-23.7352 -23.7352 -1.27267e+07) (-11.2051 -11.2051 -1.24258e+07) (-15.49 -15.49 -1.20898e+07) (-9.27917 -9.27917 -1.17195e+07) (-4.01418 -4.01418 -1.1316e+07) (-2.79032 -2.79032 -1.08809e+07) (0.247731 0.247732 -1.04161e+07) (7.56513 7.56513 -9.92301e+06) (-1.64549 -1.64549 -9.40392e+06)
3750          (72.9504 72.9504 -1.16209e+06) (138.329 138.329 -1.29891e+07) (118.672 118.672 -1.27255e+07) (95.1071 95.1071 -1.24256e+07) (114.971 114.971 -1.20897e+07) (60.4176 60.4176 -1.17197e+07) (34.3489 34.3489 -1.13168e+07) (44.6914 44.6914 -1.0882e+07) (10.6573 10.6573 -1.04176e+07) (-28.4425 -28.4425 -9.92469e+06) (9.17727 9.17727 -9.40582e+06)
3800          (16.9547 16.9547 -1.16021e+06) (15.9659 15.9659 -1.29876e+07) (17.8695 17.8695 -1.27245e+07) (18.6049 18.6049 -1.24246e+07) (9.75478 9.75478 -1.20897e+07) (7.05611 7.05611 -1.172e+07) (11.1208 11.1208 -1.13174e+07) (-4.32872 -4.32872 -1.08835e+07) (3.79669 3.79669 -1.0419e+07) (-0.228492 -0.228492 -9.92684e+06) (-3.82511 -3.82511 -9.40811e+06)
3850          (26.7552 26.7552 -1.15907e+06) (25.0686 25.0686 -1.29867e+07) (26.5706 26.5706 -1.27238e+07) (25.7331 25.7331 -1.24241e+07) (17.1016 17.1016 -1.20895e+07) (11.3638 11.3638 -1.17201e+07) (13.5379 13.5379 -1.13178e+07) (-3.89687 -3.89687 -1.08843e+07) (4.45846 4.45846 -1.042e+07) (-5.57988 -5.57988 -9.92814e+06) (-9.90893 -9.90893 -9.40954e+06)
3900          (-41.7685 -41.7685 -1.15744e+06) (-77.7067 -77.7067 -1.29855e+07) (-94.7884 -94.7884 -1.27227e+07) (-67.583 -67.583 -1.24237e+07) (-68.9403 -68.9403 -1.20892e+07) (-37.164 -37.164 -1.17205e+07) (-33.8706 -33.8706 -1.13187e+07) (-7.04547 -7.04546 -1.08853e+07) (0.471761 0.471763 -1.04219e+07) (11.2886 11.2886 -9.92987e+06) (4.55518 4.55518 -9.4115e+06)
3950          (-25.7708 -25.7708 -1.15646e+06) (-50.0215 -50.0215 -1.29847e+07) (-59.1652 -59.1652 -1.27221e+07) (-38.5831 -38.5831 -1.24233e+07) (-36.4573 -36.4573 -1.20891e+07) (-17.5648 -17.5648 -1.17206e+07) (-14.0963 -14.0962 -1.13192e+07) (3.29044 3.29044 -1.08859e+07) (5.68562 5.68562 -1.04228e+07) (9.99269 9.99269 -9.93097e+06) (2.46246 2.46246 -9.41272e+06)
4000          (-64.3059 -64.3059 -1.15513e+06) (-113.629 -113.629 -1.29836e+07) (-147.685 -147.685 -1.27214e+07) (-98.2808 -98.2808 -1.24229e+07) (-97.3193 -97.3193 -1.2089e+07) (-54.171 -54.171 -1.1721e+07) (-43.4896 -43.4896 -1.13197e+07) (-18.935 -18.935 -1.08873e+07) (0.87563 0.875633 -1.04239e+07) (-1.96491 -1.96491 -9.9327e+06) (-4.83132 -4.83132 -9.41441e+06)
4050          (3.48053 3.48053 -1.15431e+06) (-4.46625 -4.46625 -1.29829e+07) (-6.83883 -6.83883 -1.27208e+07) (-3.55591 -3.55591 -1.24225e+07) (-2.1069 -2.1069 -1.20888e+07) (-2.542 -2.542 -1.1721e+07) (2.30398 2.30399 -1.13199e+07) (-3.59611 -3.59611 -1.08877e+07) (4.52185 4.52185 -1.04246e+07) (-1.29156 -1.29156 -9.93358e+06) (-3.83123 -3.83123 -9.41546e+06)
4100          (-8.12023 -8.12023 -1.15317e+06) (-36.2647 -36.2647 -1.29821e+07) (-47.7969 -47.7969 -1.27201e+07) (-27.0861 -27.0861 -1.2422e+07) (-27.0888 -27.0888 -1.20887e+07) (-9.37248 -9.37248 -1.1721e+07) (-14.1604 -14.1604 -1.13208e+07) (9.99935 9.99935 -1.0888e+07) (-0.847563 -0.847562 -1.04262e+07) (9.81829 9.81829 -9.93464e+06) (-5.60137 -5.60137 -9.41683e+06)
4150          (2.44853 2.44853 -1.1525e+06) (-29.4605 -29.4605 -1.29815e+07) (-42.5158 -42.5158 -1.27197e+07) (-16.8279 -16.8279 -1.24218e+07) (-17.4262 -17.4262 -1.20887e+07) (-0.416267 -0.416265 -1.17211e+07) (-10.8064 -10.8064 -1.13212e+07) (9.62549 9.62549 -1.08885e+07) (-9.18249 -9.18249 -1.0427e+07) (-3.97431 -3.97431 -9.93545e+06) (-25.511 -25.511 -9.4177e+06)
4200          (30.7201 30.7201 -1.1518e+06) (48.1603 48.1603 -1.2981e+07) (68.0027 68.0027 -1.27193e+07) (37.8176 37.8176 -1.24214e+07) (34.0758 34.0758 -1.20885e+07) (17.8845 17.8845 -1.17213e+07) (10.2627 10.2627 -1.13212e+07) (2.15031 2.15031 -1.08894e+07) (-7.3527 -7.3527 -1.04275e+07) (-1.43817 -1.43817 -9.93661e+06) (2.73875 2.73875 -9.41896e+06)
4250          (10.8046 10.8046 -1.15148e+06) (13.9161 13.9161 -1.29806e+07) (20.1281 20.1281 -1.27189e+07) (9.30289 9.30289 -1.24212e+07) (8.67974 8.67974 -1.20882e+07) (2.35677 2.35677 -1.17212e+07) (2.657 2.657 -1.13211e+07) (-2.30473 -2.30473 -1.08896e+07) (-0.948094 -0.948095 -1.04276e+07) (-0.89254 -0.89254 -9.93716e+06) (2.76963 2.76963 -9.41953e+06)
4300          (35.3385 35.3385 -1.15113e+06) (54.4573 54.4573 -1.29803e+07) (78.4322 78.4322 -1.27187e+07) (43.3313 43.3313 -1.24209e+07) (39.7314 39.7314 -1.20881e+07) (21.056 21.056 -1.17211e+07) (14.9001 14.9001 -1.13214e+07) (6.06087 6.06087 -1.08897e+07) (-1.69566 -1.69566 -1.04282e+07) (5.23394 5.23394 -9.93758e+06) (5.21567 5.21567 -9.42012e+06)
4350          (6.70019 6.70019 -1.1508e+06) (3.94133 3.94133 -1.29801e+07) (5.38454 5.38454 -1.27185e+07) (1.82738 1.82738 -1.24208e+07) (1.73188 1.73188 -1.2088e+07) (-0.327986 -0.327986 -1.17212e+07) (1.05848 1.05848 -1.13214e+07) (-2.52723 -2.52723 -1.08901e+07) (-0.070248 -0.0702481 -1.04283e+07) (-1.78442 -1.78442 -9.93807e+06) (-0.889978 -0.889978 -9.42053e+06)
4400          (7.75943 7.75943 -1.15015e+06) (5.00821 5.00821 -1.29795e+07) (7.10728 7.10728 -1.2718e+07) (2.59219 2.59219 -1.24205e+07) (2.55432 2.55432 -1.20879e+07) (-0.135859 -0.135859 -1.17213e+07) (1.94442 1.94442 -1.13216e+07) (-2.97085 -2.97085 -1.08906e+07) (0.645865 0.645865 -1.0429e+07) (-1.29669 -1.29669 -9.93894e+06) (-0.759553 -0.759553 -9.42149e+06)
4450          (19.0506 19.0506 -1.14984e+06) (21.8407 21.8407 -1.29793e+07) (29.5932 29.5932 -1.27178e+07) (17.064 17.064 -1.24203e+07) (12.5533 12.5533 -1.20878e+07) (12.2951 12.2951 -1.17212e+07) (4.96854 4.96854 -1.13219e+07) (7.63427 7.63427 -1.08906e+07) (-3.18145 -3.18145 -1.04295e+07) (2.98514 2.98514 -9.93925e+06) (-4.03136 -4.03136 -9.42204e+06)
4500          (24.955 24.955 -1.14954e+06) (40.2181 40.2181 -1.29791e+07) (56.2569 56.2569 -1.27177e+07) (29.8737 29.8737 -1.24204e+07) (23.5471 23.5471 -1.20879e+07) (12.2871 12.2871 -1.17215e+07) (11.7989 11.7989 -1.13219e+07) (-4.25475 -4.25475 -1.08913e+07) (1.16151 1.16151 -1.04296e+07) (0.974797 0.974797 -9.9398e+06) (8.4038 8.4038 -9.42236e+06)
4550          (24.955 24.955 -1.14954e+06) (40.2181 40.2181 -1.29791e+07) (56.2569 56.2569 -1.27177e+07) (29.8737 29.8737 -1.24204e+07) (23.5471 23.5471 -1.20879e+07) (12.2871 12.2871 -1.17215e+07) (11.7989 11.7989 -1.13219e+07) (-4.25475 -4.25475 -1.08913e+07) (1.16151 1.16151 -1.04296e+07) (0.974797 0.974797 -9.9398e+06) (8.4038 8.4038 -9.42236e+06)
4600          (24.955 24.955 -1.14954e+06) (40.2181 40.2181 -1.29791e+07) (56.2569 56.2569 -1.27177e+07) (29.8737 29.8737 -1.24204e+07) (23.5471 23.5471 -1.20879e+07) (12.2871 12.2871 -1.17215e+07) (11.7989 11.7989 -1.13219e+07) (-4.25475 -4.25475 -1.08913e+07) (1.16151 1.16151 -1.04296e+07) (0.974797 0.974797 -9.9398e+06) (8.4038 8.4038 -9.42236e+06)
4650          (24.955 24.955 -1.14954e+06) (40.2181 40.2181 -1.29791e+07) (56.2569 56.2569 -1.27177e+07) (29.8737 29.8737 -1.24204e+07) (23.5471 23.5471 -1.20879e+07) (12.2871 12.2871 -1.17215e+07) (11.7989 11.7989 -1.13219e+07) (-4.25475 -4.25475 -1.08913e+07) (1.16151 1.16151 -1.04296e+07) (0.974797 0.974797 -9.9398e+06) (8.4038 8.4038 -9.42236e+06)
4700          (24.955 24.955 -1.14954e+06) (40.2181 40.2181 -1.29791e+07) (56.2569 56.2569 -1.27177e+07) (29.8737 29.8737 -1.24204e+07) (23.5471 23.5471 -1.20879e+07) (12.2871 12.2871 -1.17215e+07) (11.7989 11.7989 -1.13219e+07) (-4.25475 -4.25475 -1.08913e+07) (1.16151 1.16151 -1.04296e+07) (0.974797 0.974797 -9.9398e+06) (8.4038 8.4038 -9.42236e+06)
4750          (24.955 24.955 -1.14954e+06) (40.2181 40.2181 -1.29791e+07) (56.2569 56.2569 -1.27177e+07) (29.8737 29.8737 -1.24204e+07) (23.5471 23.5471 -1.20879e+07) (12.2871 12.2871 -1.17215e+07) (11.7989 11.7989 -1.13219e+07) (-4.25475 -4.25475 -1.08913e+07) (1.16151 1.16151 -1.04296e+07) (0.974797 0.974797 -9.9398e+06) (8.4038 8.4038 -9.42236e+06)
4800          (24.955 24.955 -1.14954e+06) (40.2181 40.2181 -1.29791e+07) (56.2569 56.2569 -1.27177e+07) (29.8737 29.8737 -1.24204e+07) (23.5471 23.5471 -1.20879e+07) (12.2871 12.2871 -1.17215e+07) (11.7989 11.7989 -1.13219e+07) (-4.25475 -4.25475 -1.08913e+07) (1.16151 1.16151 -1.04296e+07) (0.974797 0.974797 -9.9398e+06) (8.4038 8.4038 -9.42236e+06)
4850          (24.955 24.955 -1.14954e+06) (40.2181 40.2181 -1.29791e+07) (56.2569 56.2569 -1.27177e+07) (29.8737 29.8737 -1.24204e+07) (23.5471 23.5471 -1.20879e+07) (12.2871 12.2871 -1.17215e+07) (11.7989 11.7989 -1.13219e+07) (-4.25475 -4.25475 -1.08913e+07) (1.16151 1.16151 -1.04296e+07) (0.974797 0.974797 -9.9398e+06) (8.4038 8.4038 -9.42236e+06)
4900          (24.955 24.955 -1.14954e+06) (40.2181 40.2181 -1.29791e+07) (56.2569 56.2569 -1.27177e+07) (29.8737 29.8737 -1.24204e+07) (23.5471 23.5471 -1.20879e+07) (12.2871 12.2871 -1.17215e+07) (11.7989 11.7989 -1.13219e+07) (-4.25475 -4.25475 -1.08913e+07) (1.16151 1.16151 -1.04296e+07) (0.974797 0.974797 -9.9398e+06) (8.4038 8.4038 -9.42236e+06)
4950          (24.955 24.955 -1.14954e+06) (40.2181 40.2181 -1.29791e+07) (56.2569 56.2569 -1.27177e+07) (29.8737 29.8737 -1.24204e+07) (23.5471 23.5471 -1.20879e+07) (12.2871 12.2871 -1.17215e+07) (11.7989 11.7989 -1.13219e+07) (-4.25475 -4.25475 -1.08913e+07) (1.16151 1.16151 -1.04296e+07) (0.974797 0.974797 -9.9398e+06) (8.4038 8.4038 -9.42236e+06)
5000          (24.955 24.955 -1.14954e+06) (40.2181 40.2181 -1.29791e+07) (56.2569 56.2569 -1.27177e+07) (29.8737 29.8737 -1.24204e+07) (23.5471 23.5471 -1.20879e+07) (12.2871 12.2871 -1.17215e+07) (11.7989 11.7989 -1.13219e+07) (-4.25475 -4.25475 -1.08913e+07) (1.16151 1.16151 -1.04296e+07) (0.974797 0.974797 -9.9398e+06) (8.4038 8.4038 -9.42236e+06)
