# Probe 0 (0.0015 0.0015 0)
# Probe 1 (0.0015 0.0015 0.002)
# Probe 2 (0.0015 0.0015 0.004)
# Probe 3 (0.0015 0.0015 0.006)
# Probe 4 (0.0015 0.0015 0.008)
# Probe 5 (0.0015 0.0015 0.01)
# Probe 6 (0.0015 0.0015 0.012)
# Probe 7 (0.0015 0.0015 0.014)
# Probe 8 (0.0015 0.0015 0.016)
# Probe 9 (0.0015 0.0015 0.018)
# Probe 10 (0.0015 0.0015 0.02)
# Time        0             1             2             3             4             5             6             7             8             9             10           
50            (-0.096542 -0.096542 23198.6) (-0.0118418 -0.0118418 14532.3) (0.0564565 0.0564565 6245.63) (-0.0139204 -0.0139204 2731.98) (-0.00194438 -0.00194438 1416.83) (-4.79617e-05 -4.79617e-05 976.662) (0.00290132 0.00290132 907.681) (0.000462671 0.000462671 1104.72) (0.00560963 0.00560963 1720.61) (0.00459394 0.00459394 3171.65) (-0.00138005 -0.00138005 6062.26)
100           (0.0422392 0.0422392 15893.6) (0.0267154 0.0267154 15768.7) (0.00895473 0.00895473 9351.76) (0.0375729 0.0375729 4848.69) (0.0127932 0.0127932 2527.74) (-0.0132685 -0.0132685 1538.05) (-0.00829293 -0.00829293 1263.1) (0.005796 0.005796 1450.56) (-0.000548981 -0.000548981 2091) (0.00479273 0.00479273 3267.22) (0.00466604 0.00466604 4889.2)
150           (0.0504577 0.0504577 12436) (-0.0197051 -0.0197051 14786.1) (-0.0081731 -0.0081731 10620.3) (-0.016448 -0.016448 6560.15) (-0.00677368 -0.00677368 3781.32) (0.00252586 0.00252586 2311.14) (0.00447748 0.00447748 1754.47) (0.00320773 0.00320773 1808.47) (0.000317794 0.000317794 2326.94) (-0.00254935 -0.00254935 3212.51) (0.0042202 0.0042202 4231.32)
200           (-0.0655753 -0.0655753 10349.2) (-0.032345 -0.032345 13735.3) (-0.00441553 -0.00441553 10872.2) (0.0124987 0.0124987 7629.89) (0.0209378 0.0209378 4902.23) (0.0126379 0.0126379 3154.06) (0.00351651 0.00351651 2322.75) (0.00348237 0.00348237 2175.56) (0.0101566 0.0101566 2508.02) (-0.00605538 -0.00605538 3138.81) (-0.00278497 -0.00278497 3809.99)
250           (-0.0282475 -0.0282475 8919.09) (-0.0226241 -0.0226241 12869.3) (-0.00722943 -0.00722943 10756) (0.00365713 0.00365713 8205.71) (0.011977 0.011977 5771.62) (0.0123943 0.0123943 3952.74) (0.00703144 0.00703144 2914.68) (0.00386712 0.00386712 2554.68) (0.00649436 0.00649436 2682.2) (-0.00477614 -0.00477614 3091.24) (-0.00057257 -0.00057257 3530.01)
300           (0.0597187 0.0597187 7866.16) (0.0726836 0.0726836 12171.6) (0.0403711 0.0403711 10528.6) (0.00376582 0.00376582 8487.57) (-0.0288234 -0.0288234 6392.43) (-0.042393 -0.042393 4641.46) (-0.0392709 -0.0392709 3484.82) (-0.0292769 -0.0292769 2938.26) (-0.018166 -0.018166 2867.8) (-0.00229814 -0.00229814 3081.67) (0.0022504 0.0022504 3347.19)
350           (-0.0244515 -0.0244515 7053.83) (0.012998 0.012998 11604.1) (0.00462516 0.00462516 10279.2) (0.00138403 0.00138403 8608.91) (-0.00291022 -0.00291022 6818.53) (-0.00569616 -0.00569616 5200.62) (-0.00711835 -0.00711835 4002.28) (-0.00645752 -0.00645752 3313.66) (-0.00562252 -0.00562252 3068.26) (0.00234681 0.00234681 3110.79) (-0.00726987 -0.00726987 3237.15)
400           (0.137429 0.137429 6406.95) (0.103144 0.103144 11135.5) (0.0949905 0.0949905 10038.7) (0.0632921 0.0632921 8643.65) (0.0201893 0.0201893 7106.03) (-0.0182765 -0.0182765 5638.65) (-0.0361416 -0.0361416 4452.81) (-0.0345749 -0.0345749 3669.67) (-0.0274669 -0.0274669 3279.7) (-0.0201282 -0.0201282 3173.69) (0.0103878 0.0103878 3185.15)
450           (0.10733 0.10733 5879.54) (0.0773913 0.0773913 10743.9) (0.0740906 0.0740906 9816.14) (0.0548502 0.0548502 8630.28) (0.0260154 0.0260154 7298.08) (-0.00426503 -0.00426503 5975.85) (-0.023904 -0.023904 4833.99) (-0.0277971 -0.0277971 3997.38) (-0.0242448 -0.0242448 3495.99) (-0.0186623 -0.0186623 3265.74) (0.00419973 0.00419973 3179.35)
500           (0.10267 0.10267 5441.49) (0.0938222 0.0938222 10412.3) (0.0921173 0.0921173 9613.91) (0.0712298 0.0712298 8590.34) (0.0409206 0.0409206 7424.5) (0.00700575 0.00700575 6233.18) (-0.0200434 -0.0200434 5150.94) (-0.0312364 -0.0312364 4292.78) (-0.0302076 -0.0302076 3711.14) (-0.023184 -0.023184 3380.04) (-0.00208902 -0.00208902 3211.31)
550           (-0.105988 -0.105988 5072.11) (-0.0959688 -0.0959688 10128) (-0.0798586 -0.0798586 9431.39) (-0.0633255 -0.0633255 8536.09) (-0.0373762 -0.0373762 7505.63) (-0.0091056 -0.0091056 6428.91) (0.0137121 0.0137121 5411.92) (0.0276139 0.0276139 4554.97) (0.0275661 0.0275661 3920.18) (0.0142629 0.0142629 3510.45) (0.0170997 0.0170997 3273.73)
600           (-0.0819659 -0.0819659 4756.34) (-0.0800152 -0.0800152 9882.12) (-0.0680534 -0.0680534 9266.6) (-0.0577357 -0.0577357 8474.46) (-0.0387108 -0.0387108 7555.17) (-0.0161296 -0.0161296 6577.73) (0.00397729 0.00397729 5626.09) (0.0180877 0.0180877 4785.47) (0.0208698 0.0208698 4119.78) (0.0150158 0.0150158 3651.83) (0.01791 0.01791 3359.99)
650           (-0.0639523 -0.0639523 4483.46) (-0.0664652 -0.0664652 9667.27) (-0.0572823 -0.0572823 9117.66) (-0.0511764 -0.0511764 8409.68) (-0.0373483 -0.0373483 7582.58) (-0.019848 -0.019848 6690.88) (-0.00285752 -0.00285752 5801.79) (0.0105276 0.0105276 4987.01) (0.0147263 0.0147263 4307.8) (0.0147613 0.0147613 3799.42) (0.0171287 0.0171287 3464.54)
700           (-0.0507828 -0.0507828 4245.29) (-0.0543088 -0.0543088 9477.96) (-0.0471646 -0.0471646 8982.69) (-0.0438244 -0.0438244 8344.31) (-0.0339686 -0.0339686 7594.47) (-0.0207589 -0.0207589 6776.99) (-0.00692068 -0.00692069 5946.38) (0.00509752 0.00509752 5162.93) (0.00968187 0.00968187 4483.27) (0.0139226 0.0139226 3949.44) (0.0155669 0.0155669 3582.4)
750           (-0.0420475 -0.0420475 4035.59) (-0.0452087 -0.0452087 9309.9) (-0.0396543 -0.0396543 8860.02) (-0.0379174 -0.0379174 8279.92) (-0.0307354 -0.0307354 7595.52) (-0.0205836 -0.0205836 6842.59) (-0.00920115 -0.00920115 6065.98) (0.00154574 0.00154574 5316.65) (0.00622572 0.00622572 4645.98) (0.0133015 0.0133015 4098.9) (0.0140152 0.0140152 3709.22)
800           (0.0884827 0.0884827 3849.48) (0.0463009 0.0463009 9159.68) (0.0475407 0.0475407 8748.24) (0.0383508 0.0383508 8217.5) (0.0278712 0.0278712 7589.13) (0.0149659 0.0149659 6892.73) (0.00135096 0.00135096 6165.71) (-0.0104049 -0.0104049 5451.54) (-0.02268 -0.02268 4796.36) (-0.0240033 -0.0240033 4245.55) (-0.0435086 -0.0435086 3841.21)
850           (-0.00732466 -0.00732466 3683.04) (-0.0160625 -0.0160625 9024.71) (-0.0203222 -0.0203222 8645.88) (-0.0268185 -0.0268185 8157.43) (-0.0289816 -0.0289816 7577.48) (-0.0282445 -0.0282445 6930.94) (-0.0243797 -0.0243797 6249.46) (-0.0176445 -0.0176445 5570.41) (-0.0130614 -0.0130614 4935.13) (-0.00697781 -0.00697781 4387.53) (-0.00773742 -0.00773742 3975.42)
900           (-0.00874374 -0.00874374 3533.45) (-0.010078 -0.010078 8902.94) (-0.0191263 -0.0191263 8552.19) (-0.0229829 -0.0229829 8100.36) (-0.024876 -0.024876 7562.66) (-0.0246541 -0.0246541 6960.31) (-0.0217487 -0.0217487 6320.43) (-0.0167301 -0.0167301 5675.53) (-0.0103223 -0.0103223 5062.78) (-0.00837919 -0.00837919 4523.78) (-0.00331274 -0.00331274 4109.48)
950           (-0.00477168 -0.00477168 3398.74) (-0.012306 -0.012306 8792.04) (-0.0160859 -0.0160859 8466.25) (-0.0200952 -0.0200952 8046.41) (-0.022987 -0.022987 7545.76) (-0.0230136 -0.0230136 6982.79) (-0.0209958 -0.0209958 6381.01) (-0.0169964 -0.0169964 5768.97) (-0.0116353 -0.0116353 5180.18) (-0.00854061 -0.00854061 4653.89) (-0.00105459 -0.00105459 4241.29)
1000          (-0.00786838 -0.00786838 3276.2) (-0.00757278 -0.00757278 8691.46) (-0.0148354 -0.0148354 8387.27) (-0.0190914 -0.0190914 7995.49) (-0.0207116 -0.0207116 7527.78) (-0.0214889 -0.0214889 7000.12) (-0.0201834 -0.0201834 6433.26) (-0.0168698 -0.0168698 5852.55) (-0.0120065 -0.0120065 5288.29) (-0.008716 -0.008716 4777.19) (0.000909577 0.000909577 4369.31)
1050          (-0.00368783 -0.00368783 3165.04) (-0.0101857 -0.0101857 8599.15) (-0.0132495 -0.0132495 8314.45) (-0.0163194 -0.0163194 7947.79) (-0.0196378 -0.0196378 7509.36) (-0.0204076 -0.0204076 7013.57) (-0.0195403 -0.0195403 6478.81) (-0.0169941 -0.0169941 5927.74) (-0.0126505 -0.0126505 5387.93) (-0.0092342 -0.0092342 4893.45) (0.0021618 0.0021618 4492.38)
1100          (-0.00789157 -0.00789157 3063.03) (-0.00509126 -0.00509126 8515.11) (-0.011849 -0.011849 8247.47) (-0.0162903 -0.0162903 7903) (-0.0177612 -0.0177612 7491.03) (-0.0190181 -0.0190181 7024.15) (-0.0187062 -0.0187062 6518.89) (-0.0165253 -0.0165253 5995.74) (-0.0126375 -0.0126375 5479.79) (-0.00921242 -0.00921242 5002.61) (0.00304432 0.00304432 4609.73)
1150          (-0.00250353 -0.00250353 2970.17) (-0.00894393 -0.00894393 8437.43) (-0.0109948 -0.0109948 8185.51) (-0.0133356 -0.0133356 7861.36) (-0.0169739 -0.0169739 7473.12) (-0.0181562 -0.0181562 7032.53) (-0.0179175 -0.0179175 6554.48) (-0.0163037 -0.0163037 6057.5) (-0.0128413 -0.0128413 5564.54) (-0.00953249 -0.00953249 5104.75) (0.00350686 0.00350686 4720.85)
1200          (-0.00837722 -0.00837722 2884.3) (-0.00269959 -0.00269959 8366.67) (-0.0094875 -0.0094875 8128.54) (-0.014123 -0.014123 7822.36) (-0.0151923 -0.0151923 7455.88) (-0.0166645 -0.0166645 7039.33) (-0.0169461 -0.0169461 6586.32) (-0.0154808 -0.0154808 6113.8) (-0.0123738 -0.0123738 5642.75) (-0.00920483 -0.00920483 5200.05) (0.00374596 0.00374596 4825.5)
1250          (-0.000998535 -0.000998535 2806.17) (-0.0085155 -0.0085155 8300.79) (-0.00923196 -0.00923196 8075.68) (-0.0107017 -0.0107017 7786.34) (-0.0146881 -0.0146881 7439.45) (-0.0160155 -0.0160155 7044.89) (-0.0160681 -0.0160681 6615.01) (-0.0150612 -0.0150612 6165.28) (-0.0122993 -0.0122993 5714.95) (-0.00933393 -0.00933393 5288.76) (0.00379591 0.00379591 4923.62)
1300          (-0.00943692 -0.00943692 2733.33) (-0.000209133 -0.000209133 8241.02) (-0.0075098 -0.0075098 8027.21) (-0.0125106 -0.0125106 7752.62) (-0.0128829 -0.0128829 7423.93) (-0.0144135 -0.0144135 7049.58) (-0.0150652 -0.0150652 6641) (-0.0140417 -0.0140417 6212.45) (-0.0115488 -0.0115488 5781.59) (-0.00877387 -0.00877387 5371.16) (0.00366989 0.00366989 5015.25)
1350          (0.00106588 0.00106588 2667.38) (-0.00889186 -0.00889186 8184.84) (-0.0078669 -0.0078669 7982.04) (-0.00822122 -0.00822122 7721.72) (-0.012754 -0.012754 7409.37) (-0.0140942 -0.0140942 7053.54) (-0.014234 -0.014234 6664.67) (-0.0136558 -0.0136558 6255.77) (-0.0114528 -0.0114528 5843.1) (-0.00889574 -0.00889574 5447.58) (0.00350596 0.00350596 5100.59)
1400          (-0.0111857 -0.0111857 2605.23) (0.00283132 0.00283132 8134.35) (-0.0056429 -0.0056429 7940.87) (-0.0113981 -0.0113981 7692.7) (-0.0107849 -0.0107849 7395.76) (-0.0123488 -0.0123488 7057.06) (-0.0133342 -0.0133342 6686.29) (-0.0126265 -0.0126265 6295.6) (-0.0106523 -0.0106523 5899.88) (-0.0083098 -0.0083098 5518.34) (0.00306355 0.00306355 5179.85)
1450          (0.00429953 0.00429953 2549.59) (-0.00996581 -0.00996581 8086.22) (-0.00664651 -0.00664651 7902.23) (-0.00556561 -0.00556561 7666.37) (-0.0110822 -0.0110822 7383.13) (-0.0124622 -0.0124622 7060.08) (-0.0126346 -0.0126346 6706.12) (-0.012482 -0.012482 6332.25) (-0.0108062 -0.0108062 5952.26) (-0.00869102 -0.00869102 5583.78) (0.00264476 0.00264476 5253.32)
1500          (-0.0133595 -0.0133595 2496.28) (0.00739534 0.00739534 8043.73) (-0.00323527 -0.00323527 7867.36) (-0.0104426 -0.0104426 7641.44) (-0.00857889 -0.00857889 7371.39) (-0.0103507 -0.0103507 7062.9) (-0.0119016 -0.0119016 6724.32) (-0.0116225 -0.0116225 6366.01) (-0.0102689 -0.0102689 6000.59) (-0.00849341 -0.00849341 5644.25) (0.00151685 0.00151685 5321.3)
1550          (0.010583 0.010583 2449.56) (-0.0108527 -0.0108527 8002.24) (-0.00449066 -0.00449066 7834.24) (-0.00153306 -0.00153306 7619.18) (-0.00877899 -0.00877899 7360.57) (-0.0104921 -0.0104921 7065.34) (-0.0109376 -0.0109376 6741.08) (-0.0115856 -0.0115856 6397.12) (-0.0107811 -0.0107811 6045.15) (-0.00945199 -0.00945199 5700.06) (7.16939e-05 7.16939e-05 5384.13)
1600          (-0.0130641 -0.0130641 2403.53) (0.0156975 0.0156975 7966.77) (0.00203117 0.00203117 7804.88) (-0.00755721 -0.00755721 7597.75) (-0.00431385 -0.00431385 7350.55) (-0.00673874 -0.00673874 7067.74) (-0.00959291 -0.00959291 6756.5) (-0.010465 -0.010465 6425.77) (-0.0105069 -0.0105069 6086.24) (-0.0101567 -0.0101567 5751.54) (-0.00320054 -0.00320054 5442.1)
1650          (0.0227929 0.0227929 2364.62) (-0.00803236 -0.00803236 7930.79) (0.00146143 0.00146143 7776.39) (0.00708172 0.00708172 7579.08) (-0.00220687 -0.00220687 7341.39) (-0.00494694 -0.00494694 7069.77) (-0.00636739 -0.00636739 6770.75) (-0.00885042 -0.00885042 6452.2) (-0.0102117 -0.0102117 6124.1) (-0.0111499 -0.0111499 5798.98) (-0.00724713 -0.00724713 5495.57)
1700          (-0.0120417 -0.0120417 2324.93) (0.0098405 0.0098405 7900.96) (0.00395273 0.00395273 7751.81) (-0.00443436 -0.00443436 7560.84) (-0.00409546 -0.00409546 7332.78) (-0.00447658 -0.00447658 7071.81) (-0.0063621 -0.0063621 6783.85) (-0.0073308 -0.0073308 6476.52) (-0.00709542 -0.00709542 6158.96) (-0.00864742 -0.00864742 5842.62) (0.00116467 0.00116467 5544.89)
1750          (0.0164305 0.0164305 2292) (-0.00621758 -0.00621758 7870.54) (-0.0014073 -0.0014073 7727.34) (0.00381373 0.00381373 7544.84) (-0.00206228 -0.00206228 7325.18) (-0.00527218 -0.00527218 7073.61) (-0.00634317 -0.00634317 6795.96) (-0.00781689 -0.00781689 6498.98) (-0.00871269 -0.00871269 6191.1) (-0.00877249 -0.00877249 5882.94) (-0.00467309 -0.00467309 5590.18)
1800          (-0.00601502 -0.00601502 2258.02) (0.0206189 0.0206189 7845.42) (0.0104625 0.0104625 7706.73) (-0.000242273 -0.000242273 7529.38) (0.00204468 0.00204468 7317.87) (0.000459626 0.000459626 7075.42) (-0.00331755 -0.00331755 6807.14) (-0.00588054 -0.00588054 6519.64) (-0.00781697 -0.00781697 6220.68) (-0.0097885 -0.0097885 5919.97) (-0.00928108 -0.00928108 5631.93)
1850          (0.0128599 0.0128599 2230.36) (-0.00473983 -0.00473983 7819.37) (-0.00204339 -0.00204339 7685.8) (0.00254158 0.00254158 7515.88) (-0.0015595 -0.0015595 7311.47) (-0.00458644 -0.00458644 7076.96) (-0.00560303 -0.00560303 6817.42) (-0.00666024 -0.00666024 6538.68) (-0.00741735 -0.00741735 6247.89) (-0.00713167 -0.00713167 5954.05) (-0.00364205 -0.00364205 5670.32)
1900          (-0.00577464 -0.00577464 2201.48) (0.0171021 0.0171021 7797.99) (0.0094589 0.0094589 7668.44) (0.000128859 0.000128859 7502.88) (0.00146553 0.00146553 7305.27) (0.000444522 0.000444522 7078.51) (-0.00266292 -0.00266292 6826.94) (-0.00493663 -0.00493663 6556.21) (-0.00658021 -0.00658021 6272.95) (-0.00828347 -0.00828347 5985.38) (-0.00784668 -0.00784668 5705.64)
1950          (-0.00307786 -0.00307786 2177.97) (-0.00603881 -0.00603881 7776.08) (-0.00590217 -0.00590217 7650.65) (-0.00136714 -0.00136714 7491.32) (-0.00169211 -0.00169211 7299.86) (-0.00226176 -0.00226176 7079.85) (-0.00148598 -0.00148598 6835.65) (-0.000626108 -0.000626108 6572.33) (0.000202811 0.00020281 6295.98) (0.00096302 0.00096302 6014.21) (0.00956672 0.00956672 5738.01)
2000          (-0.0289084 -0.0289084 2153.46) (-0.00433162 -0.00433162 7757.93) (-0.00953301 -0.00953301 7636.08) (-0.0148372 -0.0148372 7480.45) (-0.00957655 -0.00957655 7294.67) (-0.00511465 -0.00511465 7081.22) (-0.00211567 -0.00211567 6843.77) (0.00171741 0.00171741 6587.21) (0.00597744 0.00597744 6317.19) (0.00794302 0.00794302 6040.65) (0.0136233 0.0136233 5767.95)
2050          (0.0137889 0.0137889 2134) (-0.00284076 -0.00284076 7739.03) (-0.000100877 -0.000100877 7620.8) (0.00500974 0.00500974 7470.82) (0.00115963 0.00115963 7290.22) (-0.00186702 -0.00186702 7082.4) (-0.00291921 -0.00291921 6851.2) (-0.00410061 -0.00410061 6600.89) (-0.00517147 -0.00517147 6336.67) (-0.0053114 -0.0053114 6065.02) (-0.0053214 -0.0053214 5795.32)
2100          (-0.0148514 -0.0148514 2113.18) (0.010572 0.010572 7723.6) (0.00958885 0.00958885 7608.49) (0.00435137 0.00435137 7461.59) (0.00389479 0.00389479 7285.76) (0.00334836 0.00334836 7083.52) (0.0012543 0.0012543 6858.04) (-0.000905626 -0.000905626 6613.44) (-0.00293391 -0.00293391 6354.56) (-0.00445183 -0.00445183 6087.39) (0.00306292 0.00306292 5820.43)
2150          (0.00610534 0.00610534 2096.62) (-0.00619212 -0.00619212 7707.94) (-0.00236909 -0.00236909 7595.59) (0.00519981 0.00519981 7453.39) (0.00526709 0.00526709 7282.09) (0.00518676 0.00518676 7084.62) (0.00636182 0.00636182 6864.38) (0.00685396 0.00685396 6625.05) (0.00670454 0.00670454 6371.05) (0.00488248 0.00488248 6107.89) (-0.00276005 -0.00276005 5843.63)
2200          (0.0162024 0.0162024 2078.46) (0.0236627 0.0236627 7695.22) (0.0179165 0.0179165 7585.52) (0.0083067 0.0083067 7445.54) (0.00561375 0.00561375 7278.27) (0.00213548 0.00213548 7085.6) (-0.00302104 -0.00302104 6870.2) (-0.00743534 -0.00743534 6635.65) (-0.0104468 -0.0104468 6386.16) (-0.0135381 -0.0135381 6126.75) (-0.0160426 -0.0160426 5864.93)
2250          (0.00277251 0.00277251 2064.71) (0.00075543 0.00075543 7681.76) (0.00034514 0.00034514 7574.45) (0.00309734 0.00309734 7438.58) (0.00162595 0.00162595 7275.14) (-0.000207255 -0.000207255 7086.49) (-0.000865055 -0.000865055 6875.52) (-0.00138724 -0.00138724 6645.43) (-0.00192904 -0.00192904 6400.05) (-0.00226654 -0.00226654 6144.12) (0.00367046 0.00367046 5884.29)
2300          (-0.00886037 -0.00886037 2049.37) (0.00640526 0.00640526 7671.05) (0.000295034 0.000295034 7565.97) (-0.00466575 -0.00466575 7432) (-0.000804464 -0.000804464 7271.95) (0.000755919 0.000755919 7087.35) (-0.000164236 -0.000164236 6880.44) (-0.000822019 -0.000822019 6654.4) (-0.00111423 -0.00111423 6412.81) (-0.00163802 -0.00163802 6159.98) (0.00495785 0.00495785 5902.3)
2350          (0.00125561 0.00125561 2038.19) (-0.00335844 -0.00335844 7659.31) (-0.000781524 -0.000781524 7556.39) (0.00495101 0.00495101 7426.32) (0.00417545 0.00417545 7269.46) (0.00277604 0.00277604 7088.14) (0.00233603 0.00233603 6884.98) (0.00105404 0.00105404 6662.69) (0.00048178 0.00048178 6424.55) (0.000894313 0.000894313 6174.62) (0.00365229 0.00365229 5918.69)
2400          (-0.00534535 -0.00534535 2025.43) (0.019681 0.019681 7650.04) (0.0276624 0.0276624 7549.22) (0.0229696 0.0229696 7420.86) (0.0197363 0.0197363 7266.77) (0.0182049 0.0182049 7088.86) (0.0144901 0.0144901 6889.17) (0.00875156 0.00875156 6670.28) (0.00282387 0.00282387 6435.32) (-0.00226525 -0.00226525 6188.04) (0.000247173 0.000247173 5933.67)
2450          (-0.00320726 -0.00320726 2015.37) (0.00441472 0.00441472 7640.87) (0.000970995 0.000970995 7541.36) (0.00405699 0.00405699 7415.72) (0.0055697 0.0055697 7264.59) (0.00461868 0.00461868 7089.58) (0.00394786 0.00394786 6892.98) (0.00360106 0.00360106 6677.26) (0.00310287 0.00310287 6445.21) (0.00155741 0.00155741 6200.35) (0.00469308 0.00469308 5947.5)
2500          (-0.0379436 -0.0379436 2004.32) (-0.0196764 -0.0196764 7633.12) (-0.0592066 -0.0592066 7535.57) (-0.0531432 -0.0531432 7411.2) (-0.053857 -0.053857 7262.28) (-0.0449355 -0.0449355 7090.19) (-0.0357918 -0.0357918 6896.54) (-0.0197254 -0.0197254 6683.66) (0.0145607 0.0145607 6454.27) (0.0171917 0.0171917 6211.6) (0.015892 0.015892 5960.31)
2550          (0.0116283 0.0116283 1996.66) (0.0210607 0.0210607 7624.74) (-0.00578459 -0.00578459 7528.47) (0.00449479 0.00449479 7407.09) (0.0144577 0.0144577 7260.6) (0.00720831 0.00720831 7090.78) (-0.00231391 -0.00231391 6899.75) (-0.00120303 -0.00120303 6689.54) (0.00469167 0.00469167 6462.62) (-0.00681974 -0.00681974 6221.97) (-0.0157718 -0.0157718 5971.94)
2600          (-0.024055 -0.024055 1986.76) (0.0336796 0.0336796 7618.69) (0.00211448 0.00211448 7523.9) (0.00117687 0.00117687 7403.07) (0.00876983 0.00876983 7258.53) (0.00549896 0.00549896 7091.31) (0.0124344 0.0124344 6902.74) (0.0128538 0.0128538 6694.91) (0.00416225 0.00416225 6470.24) (-0.0200835 -0.0200835 6231.47) (-0.00647227 -0.00647227 5982.62)
2650          (0.00220374 0.00220373 1980.58) (0.018254 0.018254 7611.38) (-0.00610616 -0.00610616 7517.71) (-0.0117475 -0.0117475 7399.66) (-0.00695309 -0.00695309 7257.13) (-0.0168443 -0.0168443 7091.76) (-0.0117658 -0.0117658 6905.41) (-0.00220869 -0.00220869 6699.86) (-0.00745885 -0.00745885 6477.24) (-0.0161064 -0.0161064 6240.21) (0.00351652 0.00351652 5992.37)
2700          (-0.0699589 -0.0699589 1972.13) (0.0392807 0.0392807 7606.39) (-0.00658607 -0.00658607 7514) (-0.0510806 -0.0510806 7396.28) (-0.0139689 -0.0139689 7255.41) (-0.0234045 -0.0234045 7092.26) (-0.012721 -0.012721 6907.96) (0.0184806 0.0184806 6704.4) (-0.00440689 -0.00440689 6483.67) (-0.0238306 -0.0238306 6248.21) (0.017733 0.017733 6001.35)
2750          (0.0118787 0.0118787 1967.24) (0.0122999 0.0122999 7600.04) (-0.000341396 -0.000341396 7508.59) (-0.00771577 -0.00771577 7393.49) (0.000433874 0.000433873 7254.28) (-0.00880866 -0.00880866 7092.6) (-0.0116386 -0.0116386 6910.2) (-0.00271575 -0.00271575 6708.57) (-0.010791 -0.010791 6489.55) (-0.0137853 -0.0137853 6255.53) (0.00625285 0.00625285 6009.57)
2800          (-0.0449201 -0.0449201 1959.53) (0.0209831 0.0209831 7596.36) (0.00419451 0.00419451 7505.82) (-0.0228779 -0.0228779 7390.48) (0.000113847 0.000113847 7252.74) (-0.000277525 -0.000277525 7093.06) (-0.00473265 -0.00473265 6912.36) (0.00650234 0.00650234 6712.37) (-0.00424983 -0.00424983 6494.97) (-0.010569 -0.010569 6262.23) (0.0134784 0.0134784 6017.15)
2850          (-0.00740873 -0.00740873 1955.57) (-0.0129358 -0.0129358 7590.96) (0.000522787 0.000522787 7501.18) (0.0132648 0.0132648 7388.21) (0.00169241 0.00169241 7251.94) (0.00603056 0.00603056 7093.46) (0.01038 0.01038 6914.33) (0.00286055 0.00286055 6715.96) (0.00609083 0.00609083 6499.99) (0.0093249 0.0093249 6268.43) (-0.00969947 -0.00969947 6024.04)
2900          (-0.0139973 -0.0139973 1949.21) (0.0613069 0.0613069 7587.55) (0.00851015 0.00851015 7498.85) (-0.0323979 -0.0323979 7385.77) (0.0271646 0.0271646 7250.55) (0.00716969 0.00716969 7093.76) (-0.0160973 -0.0160973 6916.11) (0.0155371 0.0155371 6719.12) (-0.00137046 -0.00137046 6504.49) (-0.0229507 -0.0229507 6274.06) (0.00416976 0.00416976 6030.43)
2950          (0.0281421 0.0281421 1946.29) (-0.0260208 -0.0260208 7582.67) (-0.00680544 -0.00680544 7494.59) (0.020475 0.020475 7383.9) (-0.00705367 -0.00705367 7249.88) (-0.00583686 -0.00583686 7093.96) (0.00383291 0.00383291 6917.65) (-0.00984512 -0.00984512 6722.07) (-0.00650307 -0.00650307 6508.65) (0.000987746 0.000987746 6279.23) (-0.00395401 -0.00395401 6036.22)
3000          (-0.0320353 -0.0320353 1940.41) (0.0480682 0.0480682 7580.38) (0.018316 0.018316 7492.97) (-0.0234421 -0.0234421 7381.62) (0.0138886 0.0138886 7248.68) (0.0088737 0.0088737 7094.33) (-0.0117905 -0.0117905 6919.19) (0.00284131 0.00284131 6724.74) (-0.00404298 -0.00404298 6512.47) (-0.0173941 -0.0173941 6283.98) (-0.00219939 -0.00219939 6041.56)
3050          (-0.0106999 -0.0106999 1937.9) (-0.0177319 -0.0177319 7576.37) (-0.00144181 -0.00144181 7489.44) (0.0124153 0.0124153 7380.09) (-0.00236175 -0.00236175 7248.21) (0.00254181 0.00254181 7094.61) (0.0100079 0.0100079 6920.6) (0.00249545 0.00249545 6727.32) (0.00479364 0.00479364 6516.04) (0.00902197 0.00902197 6288.39) (-0.00599976 -0.00599976 6046.46)
3100          (-0.0310379 -0.0310379 1933.23) (0.0351804 0.0351804 7574.02) (-0.000668695 -0.000668695 7487.96) (-0.033637 -0.033637 7378.35) (0.00981848 0.00981848 7247.15) (0.0018305 0.0018305 7094.8) (-0.0162324 -0.0162324 6921.86) (0.00518897 0.00518897 6729.54) (0.0032848 0.0032848 6519.22) (-0.00640657 -0.00640657 6292.36) (0.00844904 0.00844904 6050.97)
3150          (-0.00122081 -0.00122082 1931.45) (-0.045564 -0.045564 7570.44) (-0.00949207 -0.00949207 7484.77) (0.0270186 0.0270186 7377.11) (-0.0175506 -0.0175506 7246.79) (-0.0103954 -0.0103954 7094.98) (0.0138988 0.0138988 6922.97) (-0.00263572 -0.00263572 6731.65) (0.000955899 0.000955899 6522.18) (0.0140557 0.0140557 6296.01) (0.0061481 0.0061481 6055.07)
3200          (-0.00710924 -0.00710924 1927.05) (0.0286423 0.0286423 7568.89) (0.00228121 0.00228121 7483.76) (-0.0316852 -0.0316852 7375.52) (0.00793923 0.00793923 7245.91) (0.0112884 0.0112884 7095.26) (-0.00821111 -0.00821111 6924.09) (0.00654839 0.00654839 6733.56) (0.0111034 0.0111034 6524.89) (0.00372769 0.00372769 6299.38) (0.00989391 0.00989391 6058.84)
3250          (0.035509 0.035509 1925.69) (0.0105714 0.0105714 7565.65) (-0.00515486 -0.00515486 7480.93) (-0.0190032 -0.0190032 7374.52) (-0.00373013 -0.00373013 7245.55) (-0.00464796 -0.00464796 7095.31) (-0.0186935 -0.0186935 6924.98) (-0.0145677 -0.0145677 6735.3) (-0.0114064 -0.0114064 6527.35) (-0.0139604 -0.0139604 6302.45) (-0.00494227 -0.00494227 6062.33)
3300          (-0.0827007 -0.0827007 1921.89) (0.0314196 0.0314196 7564.6) (0.0151752 0.0151752 7480.28) (-0.0369958 -0.0369958 7372.99) (-0.0128126 -0.0128126 7244.78) (-0.000710896 -0.000710896 7095.6) (-0.0178148 -0.0178148 6925.91) (-0.0139316 -0.0139316 6736.89) (-0.00585911 -0.00585911 6529.62) (-0.00545845 -0.00545845 6305.28) (0.00183108 0.00183108 6065.49)
3350          (-0.00404899 -0.00404899 1920.84) (0.00151499 0.00151499 7561.77) (0.00252201 0.00252201 7477.86) (0.000708169 0.00070817 7372.3) (0.00193906 0.00193906 7244.52) (0.00289596 0.00289596 7095.63) (-0.000528949 -0.000528949 6926.7) (-0.00194348 -0.00194348 6738.39) (-0.00179355 -0.00179355 6531.69) (-0.00269876 -0.00269876 6307.85) (-0.00186182 -0.00186182 6068.34)
3400          (-0.0347778 -0.0347778 1917.45) (0.0581809 0.0581809 7561.18) (0.0313506 0.0313506 7477.37) (-0.0556351 -0.0556351 7370.91) (-0.000188774 -0.000188775 7243.94) (0.0478643 0.0478643 7095.94) (-0.00470511 -0.00470511 6927.49) (-0.0204075 -0.0204075 6739.76) (0.00616137 0.00616137 6533.62) (0.00743311 0.00743311 6310.23) (-0.00173195 -0.00173195 6071.03)
3450          (0.125632 0.125632 1916.46) (0.00165081 0.00165081 7558.73) (-0.0368316 -0.0368316 7475.3) (0.0359627 0.0359627 7370.38) (0.0448179 0.0448179 7243.63) (0.0157702 0.0157702 7095.97) (0.00297668 0.00297668 6928.17) (0.00427298 0.00427298 6740.97) (-0.00848645 -0.00848645 6535.43) (-0.019998 -0.019998 6312.42) (-0.0170125 -0.0170125 6073.46)
3500          (-0.0284997 -0.0284997 1914) (-0.0461245 -0.0461245 7557.91) (-0.0132735 -0.0132735 7474.69) (0.022845 0.022845 7369.41) (-0.0523518 -0.0523518 7243.2) (-0.0259505 -0.0259505 7096.22) (0.014426 0.014426 6928.88) (-0.0240017 -0.0240017 6742.14) (-0.00233155 -0.00233155 6537.07) (0.0147142 0.0147142 6314.42) (-0.00974192 -0.00974192 6075.68)
3550          (0.00902156 0.00902156 1913.26) (-0.0121948 -0.0121948 7555.7) (-0.0008793 -0.0008793 7473.04) (0.00540252 0.00540252 7368.86) (-0.0055008 -0.0055008 7242.97) (-0.00253784 -0.00253784 7096.15) (0.0018176 0.0018176 6929.35) (-0.00490085 -0.00490085 6743.21) (-0.00459064 -0.00459064 6538.44) (0.000917492 0.000917492 6316.25) (-0.00231967 -0.00231967 6077.78)
3600          (-0.00750977 -0.00750977 1910.84) (0.00583577 0.00583577 7555.29) (0.0103259 0.0103259 7472.66) (0.0271085 0.0271085 7367.8) (0.000878868 0.000878867 7242.62) (0.000491672 0.000491671 7096.4) (0.0209632 0.0209632 6929.89) (0.0030436 0.0030436 6744.24) (-0.00546634 -0.00546634 6539.79) (0.01968 0.01968 6317.97) (0.00630924 0.00630924 6079.68)
3650          (0.00887571 0.00887571 1910.21) (0.0410276 0.0410276 7553.48) (0.0307092 0.0307092 7471.14) (0.0182083 0.0182083 7367.59) (0.0327429 0.0327429 7242.3) (0.0183442 0.0183442 7096.4) (0.00185501 0.00185501 6930.46) (0.00762132 0.00762132 6745.01) (0.00601293 0.00601293 6541.15) (-0.0168409 -0.0168409 6319.49) (-0.0040911 -0.0040911 6081.39)
3700          (-0.0124726 -0.0124726 1908.48) (0.0273719 0.0273719 7552.8) (0.0224651 0.0224651 7470.7) (0.0106055 0.0106055 7366.76) (0.0146611 0.0146611 7241.94) (0.00878263 0.00878262 7096.49) (0.00379938 0.00379938 6930.85) (0.00264101 0.00264101 6745.79) (-0.000234477 -0.000234477 6542.23) (-0.00716031 -0.00716031 6320.89) (0.00155744 0.00155744 6082.97)
3750          (-0.0690465 -0.0690465 1907.71) (-0.130927 -0.130927 7551.82) (-0.112322 -0.112322 7469.88) (-0.0900178 -0.0900178 7366.61) (-0.108819 -0.108819 7241.83) (-0.0571846 -0.0571846 7096.56) (-0.0325109 -0.0325109 6931.29) (-0.0422999 -0.0422999 6746.44) (-0.010087 -0.010087 6543.17) (0.0269205 0.0269205 6321.96) (-0.00868619 -0.00868619 6084.2)
3800          (-0.0160474 -0.0160474 1906.49) (-0.0151115 -0.0151115 7550.76) (-0.0169133 -0.0169133 7469.19) (-0.0176093 -0.0176093 7365.85) (-0.00923279 -0.00923279 7241.71) (-0.00667853 -0.00667852 7096.69) (-0.0105257 -0.0105257 6931.6) (0.00409709 0.00409709 6747.33) (-0.00359352 -0.00359352 6544.07) (0.000216266 0.000216266 6323.34) (0.00362043 0.00362043 6085.71)
3850          (-0.0253235 -0.0253235 1905.73) (-0.0237271 -0.0237271 7550.12) (-0.0251488 -0.0251488 7468.69) (-0.0243561 -0.0243561 7365.48) (-0.0161865 -0.0161865 7241.56) (-0.0107557 -0.0107557 7096.74) (-0.0128135 -0.0128135 6931.83) (0.00368835 0.00368835 6747.84) (-0.00421988 -0.00421988 6544.68) (0.0052813 0.0052813 6324.17) (0.00937869 0.00937869 6086.65)
3900          (0.0395333 0.0395333 1904.68) (0.0735485 0.0735485 7549.28) (0.0897161 0.0897161 7467.91) (0.0639665 0.0639665 7365.16) (0.0652512 0.0652512 7241.31) (0.0351753 0.0351753 7096.85) (0.0320581 0.0320581 6932.37) (0.00666844 0.00666844 6748.39) (-0.00044653 -0.000446532 6545.82) (-0.0106845 -0.0106845 6325.29) (-0.00431143 -0.00431143 6087.93)
3950          (0.0243917 0.0243917 1904.03) (0.0473448 0.0473448 7548.75) (0.0559992 0.0559992 7467.49) (0.0365185 0.0365185 7364.86) (0.0345064 0.0345064 7241.19) (0.0166249 0.0166249 7096.9) (0.0133419 0.0133419 6932.61) (-0.00311438 -0.00311438 6748.79) (-0.00538138 -0.00538138 6546.42) (-0.00945798 -0.00945798 6325.99) (-0.00233069 -0.00233069 6088.73)
4000          (0.0608647 0.0608647 1903.18) (0.107549 0.107549 7548) (0.139782 0.139782 7466.93) (0.0930217 0.0930217 7364.54) (0.0921116 0.0921116 7241.03) (0.0512723 0.0512723 7097.09) (0.0411625 0.0411624 6932.87) (0.0179218 0.0179218 6749.59) (-0.000828764 -0.000828767 6547.1) (0.00185977 0.00185977 6327.09) (0.0045728 0.0045728 6089.83)
4050          (-0.00329428 -0.00329428 1902.62) (0.00422726 0.00422726 7547.54) (0.00647288 0.00647288 7466.54) (0.00336563 0.00336563 7364.21) (0.00199415 0.00199415 7240.86) (0.00240597 0.00240597 7097.04) (-0.0021807 -0.0021807 6933.02) (0.00340368 0.00340368 6749.85) (-0.00427988 -0.00427988 6547.57) (0.00122245 0.00122245 6327.66) (0.00362622 0.00362622 6090.52)
4100          (0.00768568 0.00768568 1901.88) (0.0343241 0.0343241 7546.94) (0.0452393 0.0452393 7466.03) (0.0256367 0.0256367 7363.84) (0.0256392 0.0256392 7240.76) (0.00887095 0.00887095 7096.97) (0.0134027 0.0134027 6933.52) (-0.00946427 -0.00946427 6750.02) (0.000802207 0.000802207 6548.55) (-0.0092929 -0.0092929 6328.36) (0.00530163 0.00530163 6091.41)
4150          (-0.00231752 -0.00231752 1901.44) (0.027884 0.027884 7546.58) (0.0402408 0.0402408 7465.75) (0.0159274 0.0159274 7363.66) (0.0164937 0.0164937 7240.71) (0.000393995 0.000393993 7097.02) (0.0102281 0.0102281 6933.73) (-0.00911041 -0.00911041 6750.32) (0.00869113 0.00869113 6549.01) (0.00376165 0.00376165 6328.88) (0.0241458 0.0241458 6091.97)
4200          (-0.0290761 -0.0290761 1900.98) (-0.0455832 -0.0455832 7546.2) (-0.0643638 -0.0643638 7465.44) (-0.035794 -0.035794 7363.42) (-0.0322524 -0.0322524 7240.52) (-0.0169275 -0.0169275 7097.09) (-0.00971352 -0.00971352 6933.73) (-0.00203526 -0.00203526 6750.84) (0.00695923 0.00695923 6549.31) (0.0013612 0.0013612 6329.6) (-0.00259221 -0.00259221 6092.8)
4250          (-0.0102264 -0.0102264 1900.77) (-0.0131715 -0.0131715 7545.98) (-0.019051 -0.019051 7465.23) (-0.00880509 -0.00880509 7363.25) (-0.00821528 -0.00821528 7240.36) (-0.00223066 -0.00223065 7097.04) (-0.00251482 -0.00251482 6933.68) (0.0021814 0.0021814 6751) (0.000897361 0.000897361 6549.44) (0.000844778 0.000844778 6329.96) (-0.00262142 -0.00262142 6093.18)
4300          (-0.0334474 -0.0334474 1900.54) (-0.0515433 -0.0515433 7545.78) (-0.0742352 -0.0742352 7465.06) (-0.0410126 -0.0410126 7363.08) (-0.0376054 -0.0376054 7240.29) (-0.0199293 -0.0199293 7096.97) (-0.0141028 -0.0141028 6933.79) (-0.00573656 -0.00573656 6751.07) (0.00160491 0.00160491 6549.76) (-0.00495387 -0.00495387 6330.23) (-0.00493657 -0.00493657 6093.57)
4350          (-0.00634164 -0.00634164 1900.33) (-0.00373042 -0.00373042 7545.6) (-0.00509641 -0.00509641 7464.89) (-0.00172959 -0.00172959 7362.99) (-0.00163921 -0.00163921 7240.21) (0.000310435 0.000310435 7097.04) (-0.00100184 -0.00100184 6933.81) (0.00239199 0.00239199 6751.32) (6.64908e-05 6.64908e-05 6549.89) (0.00168893 0.00168893 6330.55) (0.000842355 0.000842355 6093.84)
4400          (-0.0073442 -0.0073442 1899.91) (-0.00474022 -0.00474022 7545.23) (-0.00672696 -0.00672696 7464.58) (-0.00245348 -0.00245348 7362.76) (-0.00241763 -0.00241763 7240.08) (0.000128591 0.000128591 7097.03) (-0.00184037 -0.00184037 6933.93) (0.00281188 0.00281188 6751.61) (-0.0006113 -0.0006113 6550.29) (0.00122731 0.00122731 6331.1) (0.000718912 0.000718912 6094.47)
4450          (-0.0180311 -0.0180311 1899.7) (-0.020672 -0.020672 7545.05) (-0.0280097 -0.0280097 7464.44) (-0.0161509 -0.0161509 7362.62) (-0.0118816 -0.0118816 7240.04) (-0.0116372 -0.0116372 7096.94) (-0.00470268 -0.00470268 6934.08) (-0.00722576 -0.00722576 6751.58) (0.0030112 0.0030112 6550.63) (-0.00282541 -0.00282541 6331.31) (0.00381563 0.00381563 6094.83)
4500          (-0.0236196 -0.0236196 1899.51) (-0.038066 -0.038066 7544.93) (-0.0532466 -0.0532466 7464.36) (-0.0282751 -0.0282751 7362.63) (-0.0222871 -0.0222871 7240.02) (-0.0116296 -0.0116296 7097.14) (-0.0111675 -0.0111675 6934.07) (0.00402709 0.00402709 6752) (-0.00109934 -0.00109934 6550.65) (-0.000922628 -0.000922628 6331.64) (-0.00795408 -0.00795408 6095.03)
4550          (-0.0236196 -0.0236196 1899.51) (-0.038066 -0.038066 7544.93) (-0.0532466 -0.0532466 7464.36) (-0.0282751 -0.0282751 7362.63) (-0.0222871 -0.0222871 7240.02) (-0.0116296 -0.0116296 7097.14) (-0.0111675 -0.0111675 6934.07) (0.00402709 0.00402709 6752) (-0.00109934 -0.00109934 6550.65) (-0.000922628 -0.000922628 6331.64) (-0.00795408 -0.00795408 6095.03)
4600          (-0.0236196 -0.0236196 1899.51) (-0.038066 -0.038066 7544.93) (-0.0532466 -0.0532466 7464.36) (-0.0282751 -0.0282751 7362.63) (-0.0222871 -0.0222871 7240.02) (-0.0116296 -0.0116296 7097.14) (-0.0111675 -0.0111675 6934.07) (0.00402709 0.00402709 6752) (-0.00109934 -0.00109934 6550.65) (-0.000922628 -0.000922628 6331.64) (-0.00795408 -0.00795408 6095.03)
4650          (-0.0236196 -0.0236196 1899.51) (-0.038066 -0.038066 7544.93) (-0.0532466 -0.0532466 7464.36) (-0.0282751 -0.0282751 7362.63) (-0.0222871 -0.0222871 7240.02) (-0.0116296 -0.0116296 7097.14) (-0.0111675 -0.0111675 6934.07) (0.00402709 0.00402709 6752) (-0.00109934 -0.00109934 6550.65) (-0.000922628 -0.000922628 6331.64) (-0.00795408 -0.00795408 6095.03)
4700          (-0.0236196 -0.0236196 1899.51) (-0.038066 -0.038066 7544.93) (-0.0532466 -0.0532466 7464.36) (-0.0282751 -0.0282751 7362.63) (-0.0222871 -0.0222871 7240.02) (-0.0116296 -0.0116296 7097.14) (-0.0111675 -0.0111675 6934.07) (0.00402709 0.00402709 6752) (-0.00109934 -0.00109934 6550.65) (-0.000922628 -0.000922628 6331.64) (-0.00795408 -0.00795408 6095.03)
4750          (-0.0236196 -0.0236196 1899.51) (-0.038066 -0.038066 7544.93) (-0.0532466 -0.0532466 7464.36) (-0.0282751 -0.0282751 7362.63) (-0.0222871 -0.0222871 7240.02) (-0.0116296 -0.0116296 7097.14) (-0.0111675 -0.0111675 6934.07) (0.00402709 0.00402709 6752) (-0.00109934 -0.00109934 6550.65) (-0.000922628 -0.000922628 6331.64) (-0.00795408 -0.00795408 6095.03)
4800          (-0.0236196 -0.0236196 1899.51) (-0.038066 -0.038066 7544.93) (-0.0532466 -0.0532466 7464.36) (-0.0282751 -0.0282751 7362.63) (-0.0222871 -0.0222871 7240.02) (-0.0116296 -0.0116296 7097.14) (-0.0111675 -0.0111675 6934.07) (0.00402709 0.00402709 6752) (-0.00109934 -0.00109934 6550.65) (-0.000922628 -0.000922628 6331.64) (-0.00795408 -0.00795408 6095.03)
4850          (-0.0236196 -0.0236196 1899.51) (-0.038066 -0.038066 7544.93) (-0.0532466 -0.0532466 7464.36) (-0.0282751 -0.0282751 7362.63) (-0.0222871 -0.0222871 7240.02) (-0.0116296 -0.0116296 7097.14) (-0.0111675 -0.0111675 6934.07) (0.00402709 0.00402709 6752) (-0.00109934 -0.00109934 6550.65) (-0.000922628 -0.000922628 6331.64) (-0.00795408 -0.00795408 6095.03)
4900          (-0.0236196 -0.0236196 1899.51) (-0.038066 -0.038066 7544.93) (-0.0532466 -0.0532466 7464.36) (-0.0282751 -0.0282751 7362.63) (-0.0222871 -0.0222871 7240.02) (-0.0116296 -0.0116296 7097.14) (-0.0111675 -0.0111675 6934.07) (0.00402709 0.00402709 6752) (-0.00109934 -0.00109934 6550.65) (-0.000922628 -0.000922628 6331.64) (-0.00795408 -0.00795408 6095.03)
4950          (-0.0236196 -0.0236196 1899.51) (-0.038066 -0.038066 7544.93) (-0.0532466 -0.0532466 7464.36) (-0.0282751 -0.0282751 7362.63) (-0.0222871 -0.0222871 7240.02) (-0.0116296 -0.0116296 7097.14) (-0.0111675 -0.0111675 6934.07) (0.00402709 0.00402709 6752) (-0.00109934 -0.00109934 6550.65) (-0.000922628 -0.000922628 6331.64) (-0.00795408 -0.00795408 6095.03)
5000          (-0.0236196 -0.0236196 1899.51) (-0.038066 -0.038066 7544.93) (-0.0532466 -0.0532466 7464.36) (-0.0282751 -0.0282751 7362.63) (-0.0222871 -0.0222871 7240.02) (-0.0116296 -0.0116296 7097.14) (-0.0111675 -0.0111675 6934.07) (0.00402709 0.00402709 6752) (-0.00109934 -0.00109934 6550.65) (-0.000922628 -0.000922628 6331.64) (-0.00795408 -0.00795408 6095.03)
