# Probe 0 (0.0015 0.0015 0)
# Probe 1 (0.0015 0.0015 0.002)
# Probe 2 (0.0015 0.0015 0.004)
# Probe 3 (0.0015 0.0015 0.006)
# Probe 4 (0.0015 0.0015 0.008)
# Probe 5 (0.0015 0.0015 0.01)
# Probe 6 (0.0015 0.0015 0.012)
# Probe 7 (0.0015 0.0015 0.014)
# Probe 8 (0.0015 0.0015 0.016)
# Probe 9 (0.0015 0.0015 0.018)
# Probe 10 (0.0015 0.0015 0.02)
# Time        0             1             2             3             4             5             6             7             8             9             10           
50            61678.5       61678.5       61678.5       61678.5       61678.5       61678.5       4471.74       4471.74       4471.74       4471.74       4471.74      
100           109041        109041        109041        109041        109041        109041        13478.1       13478.1       13478.1       13478.1       13478.1      
150           137414        137414        137414        137414        137414        137414        30948.8       30948.8       30948.8       30948.8       30948.8      
200           151805        151805        151805        151805        151805        151805        48876.3       48876.3       48876.3       48876.3       48876.3      
250           159429        159429        159429        159429        159429        159429        61504.8       61504.8       61504.8       61504.8       61504.8      
300           163631        163631        163631        163631        163631        163631        68662.8       68662.8       68662.8       68662.8       68662.8      
350           165794        165794        165794        165794        165794        165794        72204.7       72204.7       72204.7       72204.7       72204.7      
400           166825        166825        166825        166825        166825        166825        73830.4       73830.4       73830.4       73830.4       73830.4      
450           167293        167293        167293        167293        167293        167293        74549.7       74549.7       74549.7       74549.7       74549.7      
500           167499        167499        167499        167499        167499        167499        74862.6       74862.6       74862.6       74862.6       74862.6      
550           167589        167589        167589        167589        167589        167589        74997.5       74997.5       74997.5       74997.5       74997.5      
600           167626        167626        167626        167626        167626        167626        75054.4       75054.4       75054.4       75054.4       75054.4      
650           167643        167643        167643        167643        167643        167643        75079.3       75079.3       75079.3       75079.3       75079.3      
700           167650        167650        167650        167650        167650        167650        75089.3       75089.3       75089.3       75089.3       75089.3      
750           167653        167653        167653        167653        167653        167653        75093.9       75093.9       75093.9       75093.9       75093.9      
800           167654        167654        167654        167654        167654        167654        75096         75096         75096         75096         75096        
850           167654        167654        167654        167654        167654        167654        75096         75096         75096         75096         75096        
900           167654        167654        167654        167654        167654        167654        75096         75096         75096         75096         75096        
950           167654        167654        167654        167654        167654        167654        75096         75096         75096         75096         75096        
1000          167654        167654        167654        167654        167654        167654        75096         75096         75096         75096         75096        
1050          167654        167654        167654        167654        167654        167654        75096         75096         75096         75096         75096        
1100          167654        167654        167654        167654        167654        167654        75096         75096         75096         75096         75096        
1150          167654        167654        167654        167654        167654        167654        75096         75096         75096         75096         75096        
1200          167654        167654        167654        167654        167654        167654        75096         75096         75096         75096         75096        
1250          167654        167654        167654        167654        167654        167654        75096         75096         75096         75096         75096        
1300          167654        167654        167654        167654        167654        167654        75096         75096         75096         75096         75096        
1350          167654        167654        167654        167654        167654        167654        75096         75096         75096         75096         75096        
1400          167654        167654        167654        167654        167654        167654        75096         75096         75096         75096         75096        
1450          167654        167654        167654        167654        167654        167654        75096         75096         75096         75096         75096        
1500          167654        167654        167654        167654        167654        167654        75096         75096         75096         75096         75096        
1550          167654        167654        167654        167654        167654        167654        75096         75096         75096         75096         75096        
1600          167654        167654        167654        167654        167654        167654        75096         75096         75096         75096         75096        
1650          167654        167654        167654        167654        167654        167654        75096         75096         75096         75096         75096        
1700          167654        167654        167654        167654        167654        167654        75096         75096         75096         75096         75096        
1750          167654        167654        167654        167654        167654        167654        75096         75096         75096         75096         75096        
1800          167654        167654        167654        167654        167654        167654        75096         75096         75096         75096         75096        
1850          167654        167654        167654        167654        167654        167654        75096         75096         75096         75096         75096        
1900          167654        167654        167654        167654        167654        167654        75096         75096         75096         75096         75096        
1950          167654        167654        167654        167654        167654        167654        75096         75096         75096         75096         75096        
2000          167654        167654        167654        167654        167654        167654        75096         75096         75096         75096         75096        
2050          167654        167654        167654        167654        167654        167654        75096         75096         75096         75096         75096        
2100          167654        167654        167654        167654        167654        167654        75096         75096         75096         75096         75096        
2150          167654        167654        167654        167654        167654        167654        75096         75096         75096         75096         75096        
2200          167654        167654        167654        167654        167654        167654        75096         75096         75096         75096         75096        
2250          167654        167654        167654        167654        167654        167654        75096         75096         75096         75096         75096        
2300          167654        167654        167654        167654        167654        167654        75096         75096         75096         75096         75096        
2350          167654        167654        167654        167654        167654        167654        75096         75096         75096         75096         75096        
2400          167654        167654        167654        167654        167654        167654        75096         75096         75096         75096         75096        
2450          167654        167654        167654        167654        167654        167654        75096         75096         75096         75096         75096        
2500          167654        167654        167654        167654        167654        167654        75096         75096         75096         75096         75096        
2550          167654        167654        167654        167654        167654        167654        75096         75096         75096         75096         75096        
2600          167654        167654        167654        167654        167654        167654        75096         75096         75096         75096         75096        
2650          167654        167654        167654        167654        167654        167654        75096         75096         75096         75096         75096        
2700          167654        167654        167654        167654        167654        167654        75096         75096         75096         75096         75096        
2750          167654        167654        167654        167654        167654        167654        75096         75096         75096         75096         75096        
2800          167654        167654        167654        167654        167654        167654        75096         75096         75096         75096         75096        
2850          167654        167654        167654        167654        167654        167654        75096         75096         75096         75096         75096        
2900          167654        167654        167654        167654        167654        167654        75096         75096         75096         75096         75096        
2950          167654        167654        167654        167654        167654        167654        75096         75096         75096         75096         75096        
3000          167654        167654        167654        167654        167654        167654        75096         75096         75096         75096         75096        
3050          167654        167654        167654        167654        167654        167654        75096         75096         75096         75096         75096        
3100          167654        167654        167654        167654        167654        167654        75096         75096         75096         75096         75096        
3150          167654        167654        167654        167654        167654        167654        75096         75096         75096         75096         75096        
3200          167654        167654        167654        167654        167654        167654        75096         75096         75096         75096         75096        
3250          167654        167654        167654        167654        167654        167654        75096         75096         75096         75096         75096        
3300          167654        167654        167654        167654        167654        167654        75096         75096         75096         75096         75096        
3350          167654        167654        167654        167654        167654        167654        75096         75096         75096         75096         75096        
3400          167654        167654        167654        167654        167654        167654        75096         75096         75096         75096         75096        
3450          167654        167654        167654        167654        167654        167654        75096         75096         75096         75096         75096        
3500          167654        167654        167654        167654        167654        167654        75096         75096         75096         75096         75096        
3550          167654        167654        167654        167654        167654        167654        75096         75096         75096         75096         75096        
3600          167654        167654        167654        167654        167654        167654        75096         75096         75096         75096         75096        
3650          167654        167654        167654        167654        167654        167654        75096         75096         75096         75096         75096        
3700          167654        167654        167654        167654        167654        167654        75096         75096         75096         75096         75096        
3750          167654        167654        167654        167654        167654        167654        75096         75096         75096         75096         75096        
3800          167654        167654        167654        167654        167654        167654        75096         75096         75096         75096         75096        
3850          167654        167654        167654        167654        167654        167654        75096         75096         75096         75096         75096        
3900          167654        167654        167654        167654        167654        167654        75096         75096         75096         75096         75096        
3950          167654        167654        167654        167654        167654        167654        75096         75096         75096         75096         75096        
4000          167654        167654        167654        167654        167654        167654        75096         75096         75096         75096         75096        
4050          167654        167654        167654        167654        167654        167654        75096         75096         75096         75096         75096        
4100          167654        167654        167654        167654        167654        167654        75096         75096         75096         75096         75096        
4150          167654        167654        167654        167654        167654        167654        75096         75096         75096         75096         75096        
4200          167654        167654        167654        167654        167654        167654        75096         75096         75096         75096         75096        
4250          167654        167654        167654        167654        167654        167654        75096         75096         75096         75096         75096        
4300          167654        167654        167654        167654        167654        167654        75096         75096         75096         75096         75096        
4350          167654        167654        167654        167654        167654        167654        75096         75096         75096         75096         75096        
4400          167654        167654        167654        167654        167654        167654        75096         75096         75096         75096         75096        
4450          167654        167654        167654        167654        167654        167654        75096         75096         75096         75096         75096        
4500          167654        167654        167654        167654        167654        167654        75096         75096         75096         75096         75096        
4550          167654        167654        167654        167654        167654        167654        75096         75096         75096         75096         75096        
4600          167654        167654        167654        167654        167654        167654        75096         75096         75096         75096         75096        
4650          167654        167654        167654        167654        167654        167654        75096         75096         75096         75096         75096        
4700          167654        167654        167654        167654        167654        167654        75096         75096         75096         75096         75096        
4750          167654        167654        167654        167654        167654        167654        75096         75096         75096         75096         75096        
4800          167654        167654        167654        167654        167654        167654        75096         75096         75096         75096         75096        
4850          167654        167654        167654        167654        167654        167654        75096         75096         75096         75096         75096        
4900          167654        167654        167654        167654        167654        167654        75096         75096         75096         75096         75096        
4950          167654        167654        167654        167654        167654        167654        75096         75096         75096         75096         75096        
5000          167654        167654        167654        167654        167654        167654        75096         75096         75096         75096         75096        
