# Probe 0 (0.0015 0.0015 0)
# Probe 1 (0.0015 0.0015 0.002)
# Probe 2 (0.0015 0.0015 0.004)
# Probe 3 (0.0015 0.0015 0.006)
# Probe 4 (0.0015 0.0015 0.008)
# Probe 5 (0.0015 0.0015 0.01)
# Probe 6 (0.0015 0.0015 0.012)
# Probe 7 (0.0015 0.0015 0.014)
# Probe 8 (0.0015 0.0015 0.016)
# Probe 9 (0.0015 0.0015 0.018)
# Probe 10 (0.0015 0.0015 0.02)
# Time        0             1             2             3             4             5             6             7             8             9             10           
50            (234349 -26589.1 -1.59247e+07) (234349 -26589.1 -1.59247e+07) (234349 -26589.1 -1.59247e+07) (234349 -26589.1 -1.59247e+07) (234349 -26589.1 -1.59247e+07) (234349 -26589.1 -1.59247e+07) (-28937 -3451.98 -2.05968e+06) (-28937 -3451.98 -2.05968e+06) (-28937 -3451.98 -2.05968e+06) (-28937 -3451.98 -2.05968e+06) (-28937 -3451.98 -2.05968e+06)
100           (159440 -45451.6 -1.40956e+07) (159440 -45451.6 -1.40956e+07) (159440 -45451.6 -1.40956e+07) (159440 -45451.6 -1.40956e+07) (159440 -45451.6 -1.40956e+07) (159440 -45451.6 -1.40956e+07) (-46268.3 -58733.2 -4.72055e+06) (-46268.3 -58733.2 -4.72055e+06) (-46268.3 -58733.2 -4.72055e+06) (-46268.3 -58733.2 -4.72055e+06) (-46268.3 -58733.2 -4.72055e+06)
150           (153853 -153.714 -1.2396e+07) (153853 -153.714 -1.2396e+07) (153853 -153.714 -1.2396e+07) (153853 -153.714 -1.2396e+07) (153853 -153.714 -1.2396e+07) (153853 -153.714 -1.2396e+07) (17228.4 -134394 -6.7071e+06) (17228.4 -134394 -6.7071e+06) (17228.4 -134394 -6.7071e+06) (17228.4 -134394 -6.7071e+06) (17228.4 -134394 -6.7071e+06)
200           (142293 -3988.4 -1.10807e+07) (142293 -3988.4 -1.10807e+07) (142293 -3988.4 -1.10807e+07) (142293 -3988.4 -1.10807e+07) (142293 -3988.4 -1.10807e+07) (142293 -3988.4 -1.10807e+07) (86176.6 -174172 -8.00941e+06) (86176.6 -174172 -8.00941e+06) (86176.6 -174172 -8.00941e+06) (86176.6 -174172 -8.00941e+06) (86176.6 -174172 -8.00941e+06)
250           (132830 -6391.17 -1.02273e+07) (132830 -6391.17 -1.02273e+07) (132830 -6391.17 -1.02273e+07) (132830 -6391.17 -1.02273e+07) (132830 -6391.17 -1.02273e+07) (132830 -6391.17 -1.02273e+07) (111208 -191292 -8.80111e+06) (111208 -191292 -8.80111e+06) (111208 -191292 -8.80111e+06) (111208 -191292 -8.80111e+06) (111208 -191292 -8.80111e+06)
300           (127157 -6364.66 -9.7471e+06) (127157 -6364.66 -9.7471e+06) (127157 -6364.66 -9.7471e+06) (127157 -6364.66 -9.7471e+06) (127157 -6364.66 -9.7471e+06) (127157 -6364.66 -9.7471e+06) (118402 -207804 -9.24388e+06) (118402 -207804 -9.24388e+06) (118402 -207804 -9.24388e+06) (118402 -207804 -9.24388e+06) (118402 -207804 -9.24388e+06)
350           (124359 -6116.17 -9.50705e+06) (124359 -6116.17 -9.50705e+06) (124359 -6116.17 -9.50705e+06) (124359 -6116.17 -9.50705e+06) (124359 -6116.17 -9.50705e+06) (124359 -6116.17 -9.50705e+06) (120932 -218681 -9.46713e+06) (120932 -218681 -9.46713e+06) (120932 -218681 -9.46713e+06) (120932 -218681 -9.46713e+06) (120932 -218681 -9.46713e+06)
400           (123021 -5981.25 -9.39574e+06) (123021 -5981.25 -9.39574e+06) (123021 -5981.25 -9.39574e+06) (123021 -5981.25 -9.39574e+06) (123021 -5981.25 -9.39574e+06) (123021 -5981.25 -9.39574e+06) (121954 -223954 -9.57154e+06) (121954 -223954 -9.57154e+06) (121954 -223954 -9.57154e+06) (121954 -223954 -9.57154e+06) (121954 -223954 -9.57154e+06)
450           (122416 -5922.63 -9.34616e+06) (122416 -5922.63 -9.34616e+06) (122416 -5922.63 -9.34616e+06) (122416 -5922.63 -9.34616e+06) (122416 -5922.63 -9.34616e+06) (122416 -5922.63 -9.34616e+06) (122393 -226245 -9.61831e+06) (122393 -226245 -9.61831e+06) (122393 -226245 -9.61831e+06) (122393 -226245 -9.61831e+06) (122393 -226245 -9.61831e+06)
500           (122163 -5891.03 -9.32451e+06) (122163 -5891.03 -9.32451e+06) (122163 -5891.03 -9.32451e+06) (122163 -5891.03 -9.32451e+06) (122163 -5891.03 -9.32451e+06) (122163 -5891.03 -9.32451e+06) (122599 -227201 -9.63879e+06) (122599 -227201 -9.63879e+06) (122599 -227201 -9.63879e+06) (122599 -227201 -9.63879e+06) (122599 -227201 -9.63879e+06)
550           (122053 -5877.86 -9.31516e+06) (122053 -5877.86 -9.31516e+06) (122053 -5877.86 -9.31516e+06) (122053 -5877.86 -9.31516e+06) (122053 -5877.86 -9.31516e+06) (122053 -5877.86 -9.31516e+06) (122686 -227605 -9.64765e+06) (122686 -227605 -9.64765e+06) (122686 -227605 -9.64765e+06) (122686 -227605 -9.64765e+06) (122686 -227605 -9.64765e+06)
600           (122012 -5868.23 -9.31121e+06) (122012 -5868.23 -9.31121e+06) (122012 -5868.23 -9.31121e+06) (122012 -5868.23 -9.31121e+06) (122012 -5868.23 -9.31121e+06) (122012 -5868.23 -9.31121e+06) (122729 -227766 -9.65139e+06) (122729 -227766 -9.65139e+06) (122729 -227766 -9.65139e+06) (122729 -227766 -9.65139e+06) (122729 -227766 -9.65139e+06)
650           (121991 -5868.03 -9.30949e+06) (121991 -5868.03 -9.30949e+06) (121991 -5868.03 -9.30949e+06) (121991 -5868.03 -9.30949e+06) (121991 -5868.03 -9.30949e+06) (121991 -5868.03 -9.30949e+06) (122747 -227840 -9.65303e+06) (122747 -227840 -9.65303e+06) (122747 -227840 -9.65303e+06) (122747 -227840 -9.65303e+06) (122747 -227840 -9.65303e+06)
700           (121988 -5867.14 -9.3088e+06) (121988 -5867.14 -9.3088e+06) (121988 -5867.14 -9.3088e+06) (121988 -5867.14 -9.3088e+06) (121988 -5867.14 -9.3088e+06) (121988 -5867.14 -9.3088e+06) (122758 -227867 -9.65368e+06) (122758 -227867 -9.65368e+06) (122758 -227867 -9.65368e+06) (122758 -227867 -9.65368e+06) (122758 -227867 -9.65368e+06)
750           (121983 -5866.2 -9.30848e+06) (121983 -5866.2 -9.30848e+06) (121983 -5866.2 -9.30848e+06) (121983 -5866.2 -9.30848e+06) (121983 -5866.2 -9.30848e+06) (121983 -5866.2 -9.30848e+06) (122759 -227879 -9.65398e+06) (122759 -227879 -9.65398e+06) (122759 -227879 -9.65398e+06) (122759 -227879 -9.65398e+06) (122759 -227879 -9.65398e+06)
800           (121980 -5866.24 -9.30833e+06) (121980 -5866.24 -9.30833e+06) (121980 -5866.24 -9.30833e+06) (121980 -5866.24 -9.30833e+06) (121980 -5866.24 -9.30833e+06) (121980 -5866.24 -9.30833e+06) (122759 -227886 -9.65412e+06) (122759 -227886 -9.65412e+06) (122759 -227886 -9.65412e+06) (122759 -227886 -9.65412e+06) (122759 -227886 -9.65412e+06)
850           (121980 -5866.24 -9.30833e+06) (121980 -5866.24 -9.30833e+06) (121980 -5866.24 -9.30833e+06) (121980 -5866.24 -9.30833e+06) (121980 -5866.24 -9.30833e+06) (121980 -5866.24 -9.30833e+06) (122759 -227886 -9.65412e+06) (122759 -227886 -9.65412e+06) (122759 -227886 -9.65412e+06) (122759 -227886 -9.65412e+06) (122759 -227886 -9.65412e+06)
900           (121980 -5866.24 -9.30833e+06) (121980 -5866.24 -9.30833e+06) (121980 -5866.24 -9.30833e+06) (121980 -5866.24 -9.30833e+06) (121980 -5866.24 -9.30833e+06) (121980 -5866.24 -9.30833e+06) (122759 -227886 -9.65412e+06) (122759 -227886 -9.65412e+06) (122759 -227886 -9.65412e+06) (122759 -227886 -9.65412e+06) (122759 -227886 -9.65412e+06)
950           (121980 -5866.24 -9.30833e+06) (121980 -5866.24 -9.30833e+06) (121980 -5866.24 -9.30833e+06) (121980 -5866.24 -9.30833e+06) (121980 -5866.24 -9.30833e+06) (121980 -5866.24 -9.30833e+06) (122759 -227886 -9.65412e+06) (122759 -227886 -9.65412e+06) (122759 -227886 -9.65412e+06) (122759 -227886 -9.65412e+06) (122759 -227886 -9.65412e+06)
1000          (121980 -5866.24 -9.30833e+06) (121980 -5866.24 -9.30833e+06) (121980 -5866.24 -9.30833e+06) (121980 -5866.24 -9.30833e+06) (121980 -5866.24 -9.30833e+06) (121980 -5866.24 -9.30833e+06) (122759 -227886 -9.65412e+06) (122759 -227886 -9.65412e+06) (122759 -227886 -9.65412e+06) (122759 -227886 -9.65412e+06) (122759 -227886 -9.65412e+06)
1050          (121980 -5866.24 -9.30833e+06) (121980 -5866.24 -9.30833e+06) (121980 -5866.24 -9.30833e+06) (121980 -5866.24 -9.30833e+06) (121980 -5866.24 -9.30833e+06) (121980 -5866.24 -9.30833e+06) (122759 -227886 -9.65412e+06) (122759 -227886 -9.65412e+06) (122759 -227886 -9.65412e+06) (122759 -227886 -9.65412e+06) (122759 -227886 -9.65412e+06)
1100          (121980 -5866.24 -9.30833e+06) (121980 -5866.24 -9.30833e+06) (121980 -5866.24 -9.30833e+06) (121980 -5866.24 -9.30833e+06) (121980 -5866.24 -9.30833e+06) (121980 -5866.24 -9.30833e+06) (122759 -227886 -9.65412e+06) (122759 -227886 -9.65412e+06) (122759 -227886 -9.65412e+06) (122759 -227886 -9.65412e+06) (122759 -227886 -9.65412e+06)
1150          (121980 -5866.24 -9.30833e+06) (121980 -5866.24 -9.30833e+06) (121980 -5866.24 -9.30833e+06) (121980 -5866.24 -9.30833e+06) (121980 -5866.24 -9.30833e+06) (121980 -5866.24 -9.30833e+06) (122759 -227886 -9.65412e+06) (122759 -227886 -9.65412e+06) (122759 -227886 -9.65412e+06) (122759 -227886 -9.65412e+06) (122759 -227886 -9.65412e+06)
1200          (121980 -5866.24 -9.30833e+06) (121980 -5866.24 -9.30833e+06) (121980 -5866.24 -9.30833e+06) (121980 -5866.24 -9.30833e+06) (121980 -5866.24 -9.30833e+06) (121980 -5866.24 -9.30833e+06) (122759 -227886 -9.65412e+06) (122759 -227886 -9.65412e+06) (122759 -227886 -9.65412e+06) (122759 -227886 -9.65412e+06) (122759 -227886 -9.65412e+06)
1250          (121980 -5866.24 -9.30833e+06) (121980 -5866.24 -9.30833e+06) (121980 -5866.24 -9.30833e+06) (121980 -5866.24 -9.30833e+06) (121980 -5866.24 -9.30833e+06) (121980 -5866.24 -9.30833e+06) (122759 -227886 -9.65412e+06) (122759 -227886 -9.65412e+06) (122759 -227886 -9.65412e+06) (122759 -227886 -9.65412e+06) (122759 -227886 -9.65412e+06)
1300          (121980 -5866.24 -9.30833e+06) (121980 -5866.24 -9.30833e+06) (121980 -5866.24 -9.30833e+06) (121980 -5866.24 -9.30833e+06) (121980 -5866.24 -9.30833e+06) (121980 -5866.24 -9.30833e+06) (122759 -227886 -9.65412e+06) (122759 -227886 -9.65412e+06) (122759 -227886 -9.65412e+06) (122759 -227886 -9.65412e+06) (122759 -227886 -9.65412e+06)
1350          (121980 -5866.24 -9.30833e+06) (121980 -5866.24 -9.30833e+06) (121980 -5866.24 -9.30833e+06) (121980 -5866.24 -9.30833e+06) (121980 -5866.24 -9.30833e+06) (121980 -5866.24 -9.30833e+06) (122759 -227886 -9.65412e+06) (122759 -227886 -9.65412e+06) (122759 -227886 -9.65412e+06) (122759 -227886 -9.65412e+06) (122759 -227886 -9.65412e+06)
1400          (121980 -5866.24 -9.30833e+06) (121980 -5866.24 -9.30833e+06) (121980 -5866.24 -9.30833e+06) (121980 -5866.24 -9.30833e+06) (121980 -5866.24 -9.30833e+06) (121980 -5866.24 -9.30833e+06) (122759 -227886 -9.65412e+06) (122759 -227886 -9.65412e+06) (122759 -227886 -9.65412e+06) (122759 -227886 -9.65412e+06) (122759 -227886 -9.65412e+06)
1450          (121980 -5866.24 -9.30833e+06) (121980 -5866.24 -9.30833e+06) (121980 -5866.24 -9.30833e+06) (121980 -5866.24 -9.30833e+06) (121980 -5866.24 -9.30833e+06) (121980 -5866.24 -9.30833e+06) (122759 -227886 -9.65412e+06) (122759 -227886 -9.65412e+06) (122759 -227886 -9.65412e+06) (122759 -227886 -9.65412e+06) (122759 -227886 -9.65412e+06)
1500          (121980 -5866.24 -9.30833e+06) (121980 -5866.24 -9.30833e+06) (121980 -5866.24 -9.30833e+06) (121980 -5866.24 -9.30833e+06) (121980 -5866.24 -9.30833e+06) (121980 -5866.24 -9.30833e+06) (122759 -227886 -9.65412e+06) (122759 -227886 -9.65412e+06) (122759 -227886 -9.65412e+06) (122759 -227886 -9.65412e+06) (122759 -227886 -9.65412e+06)
1550          (121980 -5866.24 -9.30833e+06) (121980 -5866.24 -9.30833e+06) (121980 -5866.24 -9.30833e+06) (121980 -5866.24 -9.30833e+06) (121980 -5866.24 -9.30833e+06) (121980 -5866.24 -9.30833e+06) (122759 -227886 -9.65412e+06) (122759 -227886 -9.65412e+06) (122759 -227886 -9.65412e+06) (122759 -227886 -9.65412e+06) (122759 -227886 -9.65412e+06)
1600          (121980 -5866.24 -9.30833e+06) (121980 -5866.24 -9.30833e+06) (121980 -5866.24 -9.30833e+06) (121980 -5866.24 -9.30833e+06) (121980 -5866.24 -9.30833e+06) (121980 -5866.24 -9.30833e+06) (122759 -227886 -9.65412e+06) (122759 -227886 -9.65412e+06) (122759 -227886 -9.65412e+06) (122759 -227886 -9.65412e+06) (122759 -227886 -9.65412e+06)
1650          (121980 -5866.24 -9.30833e+06) (121980 -5866.24 -9.30833e+06) (121980 -5866.24 -9.30833e+06) (121980 -5866.24 -9.30833e+06) (121980 -5866.24 -9.30833e+06) (121980 -5866.24 -9.30833e+06) (122759 -227886 -9.65412e+06) (122759 -227886 -9.65412e+06) (122759 -227886 -9.65412e+06) (122759 -227886 -9.65412e+06) (122759 -227886 -9.65412e+06)
1700          (121980 -5866.24 -9.30833e+06) (121980 -5866.24 -9.30833e+06) (121980 -5866.24 -9.30833e+06) (121980 -5866.24 -9.30833e+06) (121980 -5866.24 -9.30833e+06) (121980 -5866.24 -9.30833e+06) (122759 -227886 -9.65412e+06) (122759 -227886 -9.65412e+06) (122759 -227886 -9.65412e+06) (122759 -227886 -9.65412e+06) (122759 -227886 -9.65412e+06)
1750          (121980 -5866.24 -9.30833e+06) (121980 -5866.24 -9.30833e+06) (121980 -5866.24 -9.30833e+06) (121980 -5866.24 -9.30833e+06) (121980 -5866.24 -9.30833e+06) (121980 -5866.24 -9.30833e+06) (122759 -227886 -9.65412e+06) (122759 -227886 -9.65412e+06) (122759 -227886 -9.65412e+06) (122759 -227886 -9.65412e+06) (122759 -227886 -9.65412e+06)
1800          (121980 -5866.24 -9.30833e+06) (121980 -5866.24 -9.30833e+06) (121980 -5866.24 -9.30833e+06) (121980 -5866.24 -9.30833e+06) (121980 -5866.24 -9.30833e+06) (121980 -5866.24 -9.30833e+06) (122759 -227886 -9.65412e+06) (122759 -227886 -9.65412e+06) (122759 -227886 -9.65412e+06) (122759 -227886 -9.65412e+06) (122759 -227886 -9.65412e+06)
1850          (121980 -5866.24 -9.30833e+06) (121980 -5866.24 -9.30833e+06) (121980 -5866.24 -9.30833e+06) (121980 -5866.24 -9.30833e+06) (121980 -5866.24 -9.30833e+06) (121980 -5866.24 -9.30833e+06) (122759 -227886 -9.65412e+06) (122759 -227886 -9.65412e+06) (122759 -227886 -9.65412e+06) (122759 -227886 -9.65412e+06) (122759 -227886 -9.65412e+06)
1900          (121980 -5866.24 -9.30833e+06) (121980 -5866.24 -9.30833e+06) (121980 -5866.24 -9.30833e+06) (121980 -5866.24 -9.30833e+06) (121980 -5866.24 -9.30833e+06) (121980 -5866.24 -9.30833e+06) (122759 -227886 -9.65412e+06) (122759 -227886 -9.65412e+06) (122759 -227886 -9.65412e+06) (122759 -227886 -9.65412e+06) (122759 -227886 -9.65412e+06)
1950          (121980 -5866.24 -9.30833e+06) (121980 -5866.24 -9.30833e+06) (121980 -5866.24 -9.30833e+06) (121980 -5866.24 -9.30833e+06) (121980 -5866.24 -9.30833e+06) (121980 -5866.24 -9.30833e+06) (122759 -227886 -9.65412e+06) (122759 -227886 -9.65412e+06) (122759 -227886 -9.65412e+06) (122759 -227886 -9.65412e+06) (122759 -227886 -9.65412e+06)
2000          (121980 -5866.24 -9.30833e+06) (121980 -5866.24 -9.30833e+06) (121980 -5866.24 -9.30833e+06) (121980 -5866.24 -9.30833e+06) (121980 -5866.24 -9.30833e+06) (121980 -5866.24 -9.30833e+06) (122759 -227886 -9.65412e+06) (122759 -227886 -9.65412e+06) (122759 -227886 -9.65412e+06) (122759 -227886 -9.65412e+06) (122759 -227886 -9.65412e+06)
2050          (121980 -5866.24 -9.30833e+06) (121980 -5866.24 -9.30833e+06) (121980 -5866.24 -9.30833e+06) (121980 -5866.24 -9.30833e+06) (121980 -5866.24 -9.30833e+06) (121980 -5866.24 -9.30833e+06) (122759 -227886 -9.65412e+06) (122759 -227886 -9.65412e+06) (122759 -227886 -9.65412e+06) (122759 -227886 -9.65412e+06) (122759 -227886 -9.65412e+06)
2100          (121980 -5866.24 -9.30833e+06) (121980 -5866.24 -9.30833e+06) (121980 -5866.24 -9.30833e+06) (121980 -5866.24 -9.30833e+06) (121980 -5866.24 -9.30833e+06) (121980 -5866.24 -9.30833e+06) (122759 -227886 -9.65412e+06) (122759 -227886 -9.65412e+06) (122759 -227886 -9.65412e+06) (122759 -227886 -9.65412e+06) (122759 -227886 -9.65412e+06)
2150          (121980 -5866.24 -9.30833e+06) (121980 -5866.24 -9.30833e+06) (121980 -5866.24 -9.30833e+06) (121980 -5866.24 -9.30833e+06) (121980 -5866.24 -9.30833e+06) (121980 -5866.24 -9.30833e+06) (122759 -227886 -9.65412e+06) (122759 -227886 -9.65412e+06) (122759 -227886 -9.65412e+06) (122759 -227886 -9.65412e+06) (122759 -227886 -9.65412e+06)
2200          (121980 -5866.24 -9.30833e+06) (121980 -5866.24 -9.30833e+06) (121980 -5866.24 -9.30833e+06) (121980 -5866.24 -9.30833e+06) (121980 -5866.24 -9.30833e+06) (121980 -5866.24 -9.30833e+06) (122759 -227886 -9.65412e+06) (122759 -227886 -9.65412e+06) (122759 -227886 -9.65412e+06) (122759 -227886 -9.65412e+06) (122759 -227886 -9.65412e+06)
2250          (121980 -5866.24 -9.30833e+06) (121980 -5866.24 -9.30833e+06) (121980 -5866.24 -9.30833e+06) (121980 -5866.24 -9.30833e+06) (121980 -5866.24 -9.30833e+06) (121980 -5866.24 -9.30833e+06) (122759 -227886 -9.65412e+06) (122759 -227886 -9.65412e+06) (122759 -227886 -9.65412e+06) (122759 -227886 -9.65412e+06) (122759 -227886 -9.65412e+06)
2300          (121980 -5866.24 -9.30833e+06) (121980 -5866.24 -9.30833e+06) (121980 -5866.24 -9.30833e+06) (121980 -5866.24 -9.30833e+06) (121980 -5866.24 -9.30833e+06) (121980 -5866.24 -9.30833e+06) (122759 -227886 -9.65412e+06) (122759 -227886 -9.65412e+06) (122759 -227886 -9.65412e+06) (122759 -227886 -9.65412e+06) (122759 -227886 -9.65412e+06)
2350          (121980 -5866.24 -9.30833e+06) (121980 -5866.24 -9.30833e+06) (121980 -5866.24 -9.30833e+06) (121980 -5866.24 -9.30833e+06) (121980 -5866.24 -9.30833e+06) (121980 -5866.24 -9.30833e+06) (122759 -227886 -9.65412e+06) (122759 -227886 -9.65412e+06) (122759 -227886 -9.65412e+06) (122759 -227886 -9.65412e+06) (122759 -227886 -9.65412e+06)
2400          (121980 -5866.24 -9.30833e+06) (121980 -5866.24 -9.30833e+06) (121980 -5866.24 -9.30833e+06) (121980 -5866.24 -9.30833e+06) (121980 -5866.24 -9.30833e+06) (121980 -5866.24 -9.30833e+06) (122759 -227886 -9.65412e+06) (122759 -227886 -9.65412e+06) (122759 -227886 -9.65412e+06) (122759 -227886 -9.65412e+06) (122759 -227886 -9.65412e+06)
2450          (121980 -5866.24 -9.30833e+06) (121980 -5866.24 -9.30833e+06) (121980 -5866.24 -9.30833e+06) (121980 -5866.24 -9.30833e+06) (121980 -5866.24 -9.30833e+06) (121980 -5866.24 -9.30833e+06) (122759 -227886 -9.65412e+06) (122759 -227886 -9.65412e+06) (122759 -227886 -9.65412e+06) (122759 -227886 -9.65412e+06) (122759 -227886 -9.65412e+06)
2500          (121980 -5866.24 -9.30833e+06) (121980 -5866.24 -9.30833e+06) (121980 -5866.24 -9.30833e+06) (121980 -5866.24 -9.30833e+06) (121980 -5866.24 -9.30833e+06) (121980 -5866.24 -9.30833e+06) (122759 -227886 -9.65412e+06) (122759 -227886 -9.65412e+06) (122759 -227886 -9.65412e+06) (122759 -227886 -9.65412e+06) (122759 -227886 -9.65412e+06)
2550          (121980 -5866.24 -9.30833e+06) (121980 -5866.24 -9.30833e+06) (121980 -5866.24 -9.30833e+06) (121980 -5866.24 -9.30833e+06) (121980 -5866.24 -9.30833e+06) (121980 -5866.24 -9.30833e+06) (122759 -227886 -9.65412e+06) (122759 -227886 -9.65412e+06) (122759 -227886 -9.65412e+06) (122759 -227886 -9.65412e+06) (122759 -227886 -9.65412e+06)
2600          (121980 -5866.24 -9.30833e+06) (121980 -5866.24 -9.30833e+06) (121980 -5866.24 -9.30833e+06) (121980 -5866.24 -9.30833e+06) (121980 -5866.24 -9.30833e+06) (121980 -5866.24 -9.30833e+06) (122759 -227886 -9.65412e+06) (122759 -227886 -9.65412e+06) (122759 -227886 -9.65412e+06) (122759 -227886 -9.65412e+06) (122759 -227886 -9.65412e+06)
2650          (121980 -5866.24 -9.30833e+06) (121980 -5866.24 -9.30833e+06) (121980 -5866.24 -9.30833e+06) (121980 -5866.24 -9.30833e+06) (121980 -5866.24 -9.30833e+06) (121980 -5866.24 -9.30833e+06) (122759 -227886 -9.65412e+06) (122759 -227886 -9.65412e+06) (122759 -227886 -9.65412e+06) (122759 -227886 -9.65412e+06) (122759 -227886 -9.65412e+06)
2700          (121980 -5866.24 -9.30833e+06) (121980 -5866.24 -9.30833e+06) (121980 -5866.24 -9.30833e+06) (121980 -5866.24 -9.30833e+06) (121980 -5866.24 -9.30833e+06) (121980 -5866.24 -9.30833e+06) (122759 -227886 -9.65412e+06) (122759 -227886 -9.65412e+06) (122759 -227886 -9.65412e+06) (122759 -227886 -9.65412e+06) (122759 -227886 -9.65412e+06)
2750          (121980 -5866.24 -9.30833e+06) (121980 -5866.24 -9.30833e+06) (121980 -5866.24 -9.30833e+06) (121980 -5866.24 -9.30833e+06) (121980 -5866.24 -9.30833e+06) (121980 -5866.24 -9.30833e+06) (122759 -227886 -9.65412e+06) (122759 -227886 -9.65412e+06) (122759 -227886 -9.65412e+06) (122759 -227886 -9.65412e+06) (122759 -227886 -9.65412e+06)
2800          (121980 -5866.24 -9.30833e+06) (121980 -5866.24 -9.30833e+06) (121980 -5866.24 -9.30833e+06) (121980 -5866.24 -9.30833e+06) (121980 -5866.24 -9.30833e+06) (121980 -5866.24 -9.30833e+06) (122759 -227886 -9.65412e+06) (122759 -227886 -9.65412e+06) (122759 -227886 -9.65412e+06) (122759 -227886 -9.65412e+06) (122759 -227886 -9.65412e+06)
2850          (121980 -5866.24 -9.30833e+06) (121980 -5866.24 -9.30833e+06) (121980 -5866.24 -9.30833e+06) (121980 -5866.24 -9.30833e+06) (121980 -5866.24 -9.30833e+06) (121980 -5866.24 -9.30833e+06) (122759 -227886 -9.65412e+06) (122759 -227886 -9.65412e+06) (122759 -227886 -9.65412e+06) (122759 -227886 -9.65412e+06) (122759 -227886 -9.65412e+06)
2900          (121980 -5866.24 -9.30833e+06) (121980 -5866.24 -9.30833e+06) (121980 -5866.24 -9.30833e+06) (121980 -5866.24 -9.30833e+06) (121980 -5866.24 -9.30833e+06) (121980 -5866.24 -9.30833e+06) (122759 -227886 -9.65412e+06) (122759 -227886 -9.65412e+06) (122759 -227886 -9.65412e+06) (122759 -227886 -9.65412e+06) (122759 -227886 -9.65412e+06)
2950          (121980 -5866.24 -9.30833e+06) (121980 -5866.24 -9.30833e+06) (121980 -5866.24 -9.30833e+06) (121980 -5866.24 -9.30833e+06) (121980 -5866.24 -9.30833e+06) (121980 -5866.24 -9.30833e+06) (122759 -227886 -9.65412e+06) (122759 -227886 -9.65412e+06) (122759 -227886 -9.65412e+06) (122759 -227886 -9.65412e+06) (122759 -227886 -9.65412e+06)
3000          (121980 -5866.24 -9.30833e+06) (121980 -5866.24 -9.30833e+06) (121980 -5866.24 -9.30833e+06) (121980 -5866.24 -9.30833e+06) (121980 -5866.24 -9.30833e+06) (121980 -5866.24 -9.30833e+06) (122759 -227886 -9.65412e+06) (122759 -227886 -9.65412e+06) (122759 -227886 -9.65412e+06) (122759 -227886 -9.65412e+06) (122759 -227886 -9.65412e+06)
3050          (121980 -5866.24 -9.30833e+06) (121980 -5866.24 -9.30833e+06) (121980 -5866.24 -9.30833e+06) (121980 -5866.24 -9.30833e+06) (121980 -5866.24 -9.30833e+06) (121980 -5866.24 -9.30833e+06) (122759 -227886 -9.65412e+06) (122759 -227886 -9.65412e+06) (122759 -227886 -9.65412e+06) (122759 -227886 -9.65412e+06) (122759 -227886 -9.65412e+06)
3100          (121980 -5866.24 -9.30833e+06) (121980 -5866.24 -9.30833e+06) (121980 -5866.24 -9.30833e+06) (121980 -5866.24 -9.30833e+06) (121980 -5866.24 -9.30833e+06) (121980 -5866.24 -9.30833e+06) (122759 -227886 -9.65412e+06) (122759 -227886 -9.65412e+06) (122759 -227886 -9.65412e+06) (122759 -227886 -9.65412e+06) (122759 -227886 -9.65412e+06)
3150          (121980 -5866.24 -9.30833e+06) (121980 -5866.24 -9.30833e+06) (121980 -5866.24 -9.30833e+06) (121980 -5866.24 -9.30833e+06) (121980 -5866.24 -9.30833e+06) (121980 -5866.24 -9.30833e+06) (122759 -227886 -9.65412e+06) (122759 -227886 -9.65412e+06) (122759 -227886 -9.65412e+06) (122759 -227886 -9.65412e+06) (122759 -227886 -9.65412e+06)
3200          (121980 -5866.24 -9.30833e+06) (121980 -5866.24 -9.30833e+06) (121980 -5866.24 -9.30833e+06) (121980 -5866.24 -9.30833e+06) (121980 -5866.24 -9.30833e+06) (121980 -5866.24 -9.30833e+06) (122759 -227886 -9.65412e+06) (122759 -227886 -9.65412e+06) (122759 -227886 -9.65412e+06) (122759 -227886 -9.65412e+06) (122759 -227886 -9.65412e+06)
3250          (121980 -5866.24 -9.30833e+06) (121980 -5866.24 -9.30833e+06) (121980 -5866.24 -9.30833e+06) (121980 -5866.24 -9.30833e+06) (121980 -5866.24 -9.30833e+06) (121980 -5866.24 -9.30833e+06) (122759 -227886 -9.65412e+06) (122759 -227886 -9.65412e+06) (122759 -227886 -9.65412e+06) (122759 -227886 -9.65412e+06) (122759 -227886 -9.65412e+06)
3300          (121980 -5866.24 -9.30833e+06) (121980 -5866.24 -9.30833e+06) (121980 -5866.24 -9.30833e+06) (121980 -5866.24 -9.30833e+06) (121980 -5866.24 -9.30833e+06) (121980 -5866.24 -9.30833e+06) (122759 -227886 -9.65412e+06) (122759 -227886 -9.65412e+06) (122759 -227886 -9.65412e+06) (122759 -227886 -9.65412e+06) (122759 -227886 -9.65412e+06)
3350          (121980 -5866.24 -9.30833e+06) (121980 -5866.24 -9.30833e+06) (121980 -5866.24 -9.30833e+06) (121980 -5866.24 -9.30833e+06) (121980 -5866.24 -9.30833e+06) (121980 -5866.24 -9.30833e+06) (122759 -227886 -9.65412e+06) (122759 -227886 -9.65412e+06) (122759 -227886 -9.65412e+06) (122759 -227886 -9.65412e+06) (122759 -227886 -9.65412e+06)
3400          (121980 -5866.24 -9.30833e+06) (121980 -5866.24 -9.30833e+06) (121980 -5866.24 -9.30833e+06) (121980 -5866.24 -9.30833e+06) (121980 -5866.24 -9.30833e+06) (121980 -5866.24 -9.30833e+06) (122759 -227886 -9.65412e+06) (122759 -227886 -9.65412e+06) (122759 -227886 -9.65412e+06) (122759 -227886 -9.65412e+06) (122759 -227886 -9.65412e+06)
3450          (121980 -5866.24 -9.30833e+06) (121980 -5866.24 -9.30833e+06) (121980 -5866.24 -9.30833e+06) (121980 -5866.24 -9.30833e+06) (121980 -5866.24 -9.30833e+06) (121980 -5866.24 -9.30833e+06) (122759 -227886 -9.65412e+06) (122759 -227886 -9.65412e+06) (122759 -227886 -9.65412e+06) (122759 -227886 -9.65412e+06) (122759 -227886 -9.65412e+06)
3500          (121980 -5866.24 -9.30833e+06) (121980 -5866.24 -9.30833e+06) (121980 -5866.24 -9.30833e+06) (121980 -5866.24 -9.30833e+06) (121980 -5866.24 -9.30833e+06) (121980 -5866.24 -9.30833e+06) (122759 -227886 -9.65412e+06) (122759 -227886 -9.65412e+06) (122759 -227886 -9.65412e+06) (122759 -227886 -9.65412e+06) (122759 -227886 -9.65412e+06)
3550          (121980 -5866.24 -9.30833e+06) (121980 -5866.24 -9.30833e+06) (121980 -5866.24 -9.30833e+06) (121980 -5866.24 -9.30833e+06) (121980 -5866.24 -9.30833e+06) (121980 -5866.24 -9.30833e+06) (122759 -227886 -9.65412e+06) (122759 -227886 -9.65412e+06) (122759 -227886 -9.65412e+06) (122759 -227886 -9.65412e+06) (122759 -227886 -9.65412e+06)
3600          (121980 -5866.24 -9.30833e+06) (121980 -5866.24 -9.30833e+06) (121980 -5866.24 -9.30833e+06) (121980 -5866.24 -9.30833e+06) (121980 -5866.24 -9.30833e+06) (121980 -5866.24 -9.30833e+06) (122759 -227886 -9.65412e+06) (122759 -227886 -9.65412e+06) (122759 -227886 -9.65412e+06) (122759 -227886 -9.65412e+06) (122759 -227886 -9.65412e+06)
3650          (121980 -5866.24 -9.30833e+06) (121980 -5866.24 -9.30833e+06) (121980 -5866.24 -9.30833e+06) (121980 -5866.24 -9.30833e+06) (121980 -5866.24 -9.30833e+06) (121980 -5866.24 -9.30833e+06) (122759 -227886 -9.65412e+06) (122759 -227886 -9.65412e+06) (122759 -227886 -9.65412e+06) (122759 -227886 -9.65412e+06) (122759 -227886 -9.65412e+06)
3700          (121980 -5866.24 -9.30833e+06) (121980 -5866.24 -9.30833e+06) (121980 -5866.24 -9.30833e+06) (121980 -5866.24 -9.30833e+06) (121980 -5866.24 -9.30833e+06) (121980 -5866.24 -9.30833e+06) (122759 -227886 -9.65412e+06) (122759 -227886 -9.65412e+06) (122759 -227886 -9.65412e+06) (122759 -227886 -9.65412e+06) (122759 -227886 -9.65412e+06)
3750          (121980 -5866.24 -9.30833e+06) (121980 -5866.24 -9.30833e+06) (121980 -5866.24 -9.30833e+06) (121980 -5866.24 -9.30833e+06) (121980 -5866.24 -9.30833e+06) (121980 -5866.24 -9.30833e+06) (122759 -227886 -9.65412e+06) (122759 -227886 -9.65412e+06) (122759 -227886 -9.65412e+06) (122759 -227886 -9.65412e+06) (122759 -227886 -9.65412e+06)
3800          (121980 -5866.24 -9.30833e+06) (121980 -5866.24 -9.30833e+06) (121980 -5866.24 -9.30833e+06) (121980 -5866.24 -9.30833e+06) (121980 -5866.24 -9.30833e+06) (121980 -5866.24 -9.30833e+06) (122759 -227886 -9.65412e+06) (122759 -227886 -9.65412e+06) (122759 -227886 -9.65412e+06) (122759 -227886 -9.65412e+06) (122759 -227886 -9.65412e+06)
3850          (121980 -5866.24 -9.30833e+06) (121980 -5866.24 -9.30833e+06) (121980 -5866.24 -9.30833e+06) (121980 -5866.24 -9.30833e+06) (121980 -5866.24 -9.30833e+06) (121980 -5866.24 -9.30833e+06) (122759 -227886 -9.65412e+06) (122759 -227886 -9.65412e+06) (122759 -227886 -9.65412e+06) (122759 -227886 -9.65412e+06) (122759 -227886 -9.65412e+06)
3900          (121980 -5866.24 -9.30833e+06) (121980 -5866.24 -9.30833e+06) (121980 -5866.24 -9.30833e+06) (121980 -5866.24 -9.30833e+06) (121980 -5866.24 -9.30833e+06) (121980 -5866.24 -9.30833e+06) (122759 -227886 -9.65412e+06) (122759 -227886 -9.65412e+06) (122759 -227886 -9.65412e+06) (122759 -227886 -9.65412e+06) (122759 -227886 -9.65412e+06)
3950          (121980 -5866.24 -9.30833e+06) (121980 -5866.24 -9.30833e+06) (121980 -5866.24 -9.30833e+06) (121980 -5866.24 -9.30833e+06) (121980 -5866.24 -9.30833e+06) (121980 -5866.24 -9.30833e+06) (122759 -227886 -9.65412e+06) (122759 -227886 -9.65412e+06) (122759 -227886 -9.65412e+06) (122759 -227886 -9.65412e+06) (122759 -227886 -9.65412e+06)
4000          (121980 -5866.24 -9.30833e+06) (121980 -5866.24 -9.30833e+06) (121980 -5866.24 -9.30833e+06) (121980 -5866.24 -9.30833e+06) (121980 -5866.24 -9.30833e+06) (121980 -5866.24 -9.30833e+06) (122759 -227886 -9.65412e+06) (122759 -227886 -9.65412e+06) (122759 -227886 -9.65412e+06) (122759 -227886 -9.65412e+06) (122759 -227886 -9.65412e+06)
4050          (121980 -5866.24 -9.30833e+06) (121980 -5866.24 -9.30833e+06) (121980 -5866.24 -9.30833e+06) (121980 -5866.24 -9.30833e+06) (121980 -5866.24 -9.30833e+06) (121980 -5866.24 -9.30833e+06) (122759 -227886 -9.65412e+06) (122759 -227886 -9.65412e+06) (122759 -227886 -9.65412e+06) (122759 -227886 -9.65412e+06) (122759 -227886 -9.65412e+06)
4100          (121980 -5866.24 -9.30833e+06) (121980 -5866.24 -9.30833e+06) (121980 -5866.24 -9.30833e+06) (121980 -5866.24 -9.30833e+06) (121980 -5866.24 -9.30833e+06) (121980 -5866.24 -9.30833e+06) (122759 -227886 -9.65412e+06) (122759 -227886 -9.65412e+06) (122759 -227886 -9.65412e+06) (122759 -227886 -9.65412e+06) (122759 -227886 -9.65412e+06)
4150          (121980 -5866.24 -9.30833e+06) (121980 -5866.24 -9.30833e+06) (121980 -5866.24 -9.30833e+06) (121980 -5866.24 -9.30833e+06) (121980 -5866.24 -9.30833e+06) (121980 -5866.24 -9.30833e+06) (122759 -227886 -9.65412e+06) (122759 -227886 -9.65412e+06) (122759 -227886 -9.65412e+06) (122759 -227886 -9.65412e+06) (122759 -227886 -9.65412e+06)
4200          (121980 -5866.24 -9.30833e+06) (121980 -5866.24 -9.30833e+06) (121980 -5866.24 -9.30833e+06) (121980 -5866.24 -9.30833e+06) (121980 -5866.24 -9.30833e+06) (121980 -5866.24 -9.30833e+06) (122759 -227886 -9.65412e+06) (122759 -227886 -9.65412e+06) (122759 -227886 -9.65412e+06) (122759 -227886 -9.65412e+06) (122759 -227886 -9.65412e+06)
4250          (121980 -5866.24 -9.30833e+06) (121980 -5866.24 -9.30833e+06) (121980 -5866.24 -9.30833e+06) (121980 -5866.24 -9.30833e+06) (121980 -5866.24 -9.30833e+06) (121980 -5866.24 -9.30833e+06) (122759 -227886 -9.65412e+06) (122759 -227886 -9.65412e+06) (122759 -227886 -9.65412e+06) (122759 -227886 -9.65412e+06) (122759 -227886 -9.65412e+06)
4300          (121980 -5866.24 -9.30833e+06) (121980 -5866.24 -9.30833e+06) (121980 -5866.24 -9.30833e+06) (121980 -5866.24 -9.30833e+06) (121980 -5866.24 -9.30833e+06) (121980 -5866.24 -9.30833e+06) (122759 -227886 -9.65412e+06) (122759 -227886 -9.65412e+06) (122759 -227886 -9.65412e+06) (122759 -227886 -9.65412e+06) (122759 -227886 -9.65412e+06)
4350          (121980 -5866.24 -9.30833e+06) (121980 -5866.24 -9.30833e+06) (121980 -5866.24 -9.30833e+06) (121980 -5866.24 -9.30833e+06) (121980 -5866.24 -9.30833e+06) (121980 -5866.24 -9.30833e+06) (122759 -227886 -9.65412e+06) (122759 -227886 -9.65412e+06) (122759 -227886 -9.65412e+06) (122759 -227886 -9.65412e+06) (122759 -227886 -9.65412e+06)
4400          (121980 -5866.24 -9.30833e+06) (121980 -5866.24 -9.30833e+06) (121980 -5866.24 -9.30833e+06) (121980 -5866.24 -9.30833e+06) (121980 -5866.24 -9.30833e+06) (121980 -5866.24 -9.30833e+06) (122759 -227886 -9.65412e+06) (122759 -227886 -9.65412e+06) (122759 -227886 -9.65412e+06) (122759 -227886 -9.65412e+06) (122759 -227886 -9.65412e+06)
4450          (121980 -5866.24 -9.30833e+06) (121980 -5866.24 -9.30833e+06) (121980 -5866.24 -9.30833e+06) (121980 -5866.24 -9.30833e+06) (121980 -5866.24 -9.30833e+06) (121980 -5866.24 -9.30833e+06) (122759 -227886 -9.65412e+06) (122759 -227886 -9.65412e+06) (122759 -227886 -9.65412e+06) (122759 -227886 -9.65412e+06) (122759 -227886 -9.65412e+06)
4500          (121980 -5866.24 -9.30833e+06) (121980 -5866.24 -9.30833e+06) (121980 -5866.24 -9.30833e+06) (121980 -5866.24 -9.30833e+06) (121980 -5866.24 -9.30833e+06) (121980 -5866.24 -9.30833e+06) (122759 -227886 -9.65412e+06) (122759 -227886 -9.65412e+06) (122759 -227886 -9.65412e+06) (122759 -227886 -9.65412e+06) (122759 -227886 -9.65412e+06)
4550          (121980 -5866.24 -9.30833e+06) (121980 -5866.24 -9.30833e+06) (121980 -5866.24 -9.30833e+06) (121980 -5866.24 -9.30833e+06) (121980 -5866.24 -9.30833e+06) (121980 -5866.24 -9.30833e+06) (122759 -227886 -9.65412e+06) (122759 -227886 -9.65412e+06) (122759 -227886 -9.65412e+06) (122759 -227886 -9.65412e+06) (122759 -227886 -9.65412e+06)
4600          (121980 -5866.24 -9.30833e+06) (121980 -5866.24 -9.30833e+06) (121980 -5866.24 -9.30833e+06) (121980 -5866.24 -9.30833e+06) (121980 -5866.24 -9.30833e+06) (121980 -5866.24 -9.30833e+06) (122759 -227886 -9.65412e+06) (122759 -227886 -9.65412e+06) (122759 -227886 -9.65412e+06) (122759 -227886 -9.65412e+06) (122759 -227886 -9.65412e+06)
4650          (121980 -5866.24 -9.30833e+06) (121980 -5866.24 -9.30833e+06) (121980 -5866.24 -9.30833e+06) (121980 -5866.24 -9.30833e+06) (121980 -5866.24 -9.30833e+06) (121980 -5866.24 -9.30833e+06) (122759 -227886 -9.65412e+06) (122759 -227886 -9.65412e+06) (122759 -227886 -9.65412e+06) (122759 -227886 -9.65412e+06) (122759 -227886 -9.65412e+06)
4700          (121980 -5866.24 -9.30833e+06) (121980 -5866.24 -9.30833e+06) (121980 -5866.24 -9.30833e+06) (121980 -5866.24 -9.30833e+06) (121980 -5866.24 -9.30833e+06) (121980 -5866.24 -9.30833e+06) (122759 -227886 -9.65412e+06) (122759 -227886 -9.65412e+06) (122759 -227886 -9.65412e+06) (122759 -227886 -9.65412e+06) (122759 -227886 -9.65412e+06)
4750          (121980 -5866.24 -9.30833e+06) (121980 -5866.24 -9.30833e+06) (121980 -5866.24 -9.30833e+06) (121980 -5866.24 -9.30833e+06) (121980 -5866.24 -9.30833e+06) (121980 -5866.24 -9.30833e+06) (122759 -227886 -9.65412e+06) (122759 -227886 -9.65412e+06) (122759 -227886 -9.65412e+06) (122759 -227886 -9.65412e+06) (122759 -227886 -9.65412e+06)
4800          (121980 -5866.24 -9.30833e+06) (121980 -5866.24 -9.30833e+06) (121980 -5866.24 -9.30833e+06) (121980 -5866.24 -9.30833e+06) (121980 -5866.24 -9.30833e+06) (121980 -5866.24 -9.30833e+06) (122759 -227886 -9.65412e+06) (122759 -227886 -9.65412e+06) (122759 -227886 -9.65412e+06) (122759 -227886 -9.65412e+06) (122759 -227886 -9.65412e+06)
4850          (121980 -5866.24 -9.30833e+06) (121980 -5866.24 -9.30833e+06) (121980 -5866.24 -9.30833e+06) (121980 -5866.24 -9.30833e+06) (121980 -5866.24 -9.30833e+06) (121980 -5866.24 -9.30833e+06) (122759 -227886 -9.65412e+06) (122759 -227886 -9.65412e+06) (122759 -227886 -9.65412e+06) (122759 -227886 -9.65412e+06) (122759 -227886 -9.65412e+06)
4900          (121980 -5866.24 -9.30833e+06) (121980 -5866.24 -9.30833e+06) (121980 -5866.24 -9.30833e+06) (121980 -5866.24 -9.30833e+06) (121980 -5866.24 -9.30833e+06) (121980 -5866.24 -9.30833e+06) (122759 -227886 -9.65412e+06) (122759 -227886 -9.65412e+06) (122759 -227886 -9.65412e+06) (122759 -227886 -9.65412e+06) (122759 -227886 -9.65412e+06)
4950          (121980 -5866.24 -9.30833e+06) (121980 -5866.24 -9.30833e+06) (121980 -5866.24 -9.30833e+06) (121980 -5866.24 -9.30833e+06) (121980 -5866.24 -9.30833e+06) (121980 -5866.24 -9.30833e+06) (122759 -227886 -9.65412e+06) (122759 -227886 -9.65412e+06) (122759 -227886 -9.65412e+06) (122759 -227886 -9.65412e+06) (122759 -227886 -9.65412e+06)
5000          (121980 -5866.24 -9.30833e+06) (121980 -5866.24 -9.30833e+06) (121980 -5866.24 -9.30833e+06) (121980 -5866.24 -9.30833e+06) (121980 -5866.24 -9.30833e+06) (121980 -5866.24 -9.30833e+06) (122759 -227886 -9.65412e+06) (122759 -227886 -9.65412e+06) (122759 -227886 -9.65412e+06) (122759 -227886 -9.65412e+06) (122759 -227886 -9.65412e+06)
