0 	30.7276 	999.933 	999.933 	0.00672836 	516.565 	0.98691
0.000444444 	30.8499 	999.863 	999.863 	0.00672793 	516.562 	0.981565
0.000888889 	30.9848 	999.769 	999.769 	0.00672736 	516.557 	0.977202
0.00133333 	31.1197 	999.675 	999.675 	0.00672678 	516.553 	0.972838
0.00177778 	31.2578 	999.575 	999.575 	0.00672616 	516.549 	0.96873
0.00222222 	31.4114 	999.446 	999.446 	0.00672535 	516.544 	0.965821
0.00266667 	31.5323 	999.32 	999.32 	0.00672456 	516.54 	0.962912
0.00311111 	31.6462 	999.195 	999.195 	0.00672376 	516.537 	0.960003
0.00355556 	31.7601 	999.07 	999.07 	0.00672297 	516.533 	0.957094
0.004 	31.8471 	998.948 	998.948 	0.00672218 	516.53 	0.954185
0.00444444 	31.9467 	998.814 	998.814 	0.00672132 	516.527 	0.950804
0.00488889 	32.0993 	998.65 	998.65 	0.00672028 	516.522 	0.94644
0.00533333 	32.2518 	998.486 	998.486 	0.00671924 	516.517 	0.942077
0.00577778 	32.418 	998.315 	998.315 	0.00671816 	516.512 	0.937459
0.00622222 	32.6489 	998.109 	998.109 	0.00671688 	516.504 	0.931641
0.00666667 	32.8547 	997.84 	997.84 	0.00671515 	516.498 	0.925824
0.00711111 	33.0552 	997.558 	997.558 	0.00671334 	516.491 	0.920006
0.00755556 	33.2556 	997.276 	997.276 	0.00671153 	516.485 	0.914188
0.008 	33.4354 	996.943 	996.943 	0.00670936 	516.479 	0.90837
0.00844444 	33.613 	996.581 	996.581 	0.00670699 	516.473 	0.903025
0.00888889 	33.8066 	996.207 	996.207 	0.00670456 	516.467 	0.898662
0.00933333 	34.0001 	995.833 	995.833 	0.00670213 	516.46 	0.894298
0.00977778 	34.1977 	995.457 	995.457 	0.00669968 	516.454 	0.89019
0.0102222 	34.4148 	995.067 	995.067 	0.00669715 	516.446 	0.887281
0.0106667 	34.6054 	994.635 	994.635 	0.00669433 	516.44 	0.883172
0.0111111 	34.7904 	994.194 	994.194 	0.00669145 	516.433 	0.878809
0.0115556 	34.9753 	993.753 	993.753 	0.00668856 	516.427 	0.874445
0.012 	35.1385 	993.277 	993.277 	0.00668544 	516.421 	0.8691
0.0124444 	35.3026 	992.762 	992.762 	0.00668204 	516.415 	0.863755
0.0128889 	35.4901 	992.197 	992.197 	0.00667833 	516.409 	0.859392
0.0133333 	35.6776 	991.633 	991.633 	0.00667461 	516.402 	0.855029
0.0137778 	35.8711 	991.055 	991.055 	0.00667082 	516.395 	0.85092
0.0142222 	36.0933 	990.419 	990.419 	0.00666664 	516.387 	0.848011
0.0146667 	36.3357 	989.759 	989.759 	0.00666231 	516.378 	0.843902
0.0151111 	36.5822 	989.095 	989.095 	0.00665796 	516.369 	0.839539
0.0155556 	36.8288 	988.431 	988.431 	0.0066536 	516.36 	0.835175
0.016 	37.0918 	987.749 	987.749 	0.00664913 	516.351 	0.82983
0.0164444 	37.358 	987.01 	987.01 	0.00664428 	516.341 	0.824013
0.0168889 	37.6145 	986.173 	986.173 	0.00663877 	516.332 	0.818195
0.0173333 	37.871 	985.337 	985.337 	0.00663326 	516.322 	0.812377
0.0177778 	38.1249 	984.474 	984.474 	0.00662758 	516.313 	0.806559
0.0182222 	38.3669 	983.492 	983.492 	0.00662108 	516.304 	0.800742
0.0186667 	38.6433 	982.47 	982.47 	0.00661433 	516.293 	0.796124
0.0191111 	38.927 	981.439 	981.439 	0.00660753 	516.282 	0.79176
0.0195556 	39.2107 	980.408 	980.408 	0.00660073 	516.271 	0.787397
0.02 	39.5225 	979.345 	979.345 	0.00659373 	516.259 	0.784016
0.0204444 	39.8296 	978.233 	978.233 	0.0065864 	516.247 	0.780634
0.0208889 	40.0987 	977.053 	977.053 	0.00657859 	516.236 	0.776271
0.0213333 	40.3679 	975.873 	975.873 	0.00657079 	516.225 	0.771907
0.0217778 	40.6271 	974.675 	974.675 	0.00656286 	516.215 	0.767289
0.0222222 	40.84 	973.395 	973.395 	0.00655435 	516.206 	0.761472
0.0226667 	41.1108 	972.007 	972.007 	0.00654514 	516.195 	0.756854
0.0231111 	41.3937 	970.596 	970.596 	0.00653579 	516.183 	0.75249
0.0235556 	41.6767 	969.185 	969.185 	0.00652643 	516.172 	0.748127
0.024 	42.007 	967.686 	967.686 	0.00651651 	516.158 	0.744746
0.0244444 	42.3675 	966.116 	966.116 	0.00650613 	516.143 	0.741364
0.0248889 	42.7435 	964.487 	964.487 	0.00649536 	516.127 	0.737001
0.0253333 	43.1194 	962.859 	962.859 	0.0064846 	516.11 	0.732637
0.0257778 	43.4994 	961.215 	961.215 	0.00647373 	516.094 	0.72802
0.0262222 	43.8982 	959.498 	959.498 	0.00646239 	516.077 	0.722202
0.0266667 	44.2866 	957.558 	957.558 	0.00644954 	516.059 	0.716384
0.0271111 	44.6729 	955.57 	955.57 	0.00643636 	516.042 	0.710566
0.0275556 	45.0591 	953.582 	953.582 	0.00642319 	516.025 	0.704748
0.028 	45.4369 	951.411 	951.411 	0.00640877 	516.008 	0.698931
0.0284444 	45.8384 	949.103 	949.103 	0.00639345 	515.99 	0.693586
0.0288889 	46.2979 	946.695 	946.695 	0.00637749 	515.968 	0.689222
0.0293333 	46.7573 	944.287 	944.287 	0.00636153 	515.947 	0.684859
0.0297778 	47.2318 	941.852 	941.852 	0.0063454 	515.925 	0.68075
0.0302222 	47.7771 	939.296 	939.296 	0.00632849 	515.899 	0.677841
0.0306667 	48.2445 	936.542 	936.542 	0.00631021 	515.877 	0.673733
0.0311111 	48.6955 	933.747 	933.747 	0.00629164 	515.856 	0.669369
0.0315556 	49.1465 	930.952 	930.952 	0.00627307 	515.834 	0.665006
0.032 	49.5339 	927.995 	927.995 	0.00625338 	515.815 	0.659661
0.0324444 	49.94 	924.864 	924.864 	0.00623252 	515.795 	0.654316
0.0328889 	50.4486 	921.529 	921.529 	0.00621036 	515.769 	0.649952
0.0333333 	50.9572 	918.195 	918.195 	0.00618819 	515.743 	0.645589
0.0337778 	51.4924 	914.807 	914.807 	0.00616569 	515.716 	0.64148
0.0342222 	52.153 	911.172 	911.172 	0.0061416 	515.682 	0.638571
0.0346667 	52.8343 	907.287 	907.287 	0.00611583 	515.645 	0.634463
0.0351111 	53.52 	903.349 	903.349 	0.00608972 	515.609 	0.630099
0.0355556 	54.2058 	899.411 	899.411 	0.0060636 	515.572 	0.625736
0.036 	54.9085 	895.269 	895.269 	0.00603613 	515.534 	0.620391
0.0364444 	55.6255 	890.809 	890.809 	0.00600652 	515.495 	0.614573
0.0368889 	56.3551 	885.893 	885.893 	0.00597384 	515.454 	0.608755
0.0373333 	57.0847 	880.978 	880.978 	0.00594117 	515.413 	0.602938
0.0377778 	57.8176 	875.944 	875.944 	0.0059077 	515.371 	0.59712
0.0382222 	58.566 	870.353 	870.353 	0.00587048 	515.328 	0.591302
0.0386667 	59.4986 	864.293 	864.293 	0.00583023 	515.272 	0.586684
0.0391111 	60.4703 	858.134 	858.134 	0.00578934 	515.213 	0.582321
0.0395556 	61.442 	851.974 	851.974 	0.00574844 	515.154 	0.577958
0.04 	62.5644 	845.431 	845.431 	0.00570506 	515.085 	0.574576
0.0404444 	63.7237 	838.434 	838.434 	0.00565864 	515.012 	0.571194
0.0408889 	64.8085 	830.879 	830.879 	0.0056084 	514.942 	0.566831
0.0413333 	65.8932 	823.324 	823.324 	0.00555816 	514.873 	0.562468
0.0417778 	66.9587 	815.624 	815.624 	0.00550692 	514.803 	0.55785
0.0422222 	67.9332 	807.241 	807.241 	0.00545102 	514.738 	0.552032
0.0426667 	69.2961 	797.912 	797.912 	0.00538899 	514.642 	0.547414
0.0431111 	70.7414 	788.382 	788.382 	0.00532567 	514.539 	0.543051
0.0435556 	72.1867 	778.852 	778.852 	0.00526235 	514.436 	0.538688
0.044 	73.9497 	768.548 	768.548 	0.00519402 	514.307 	0.535306
